1
200.401062,115.703606,36.752239,98.980339
200.315353,114.845253,37.176376,98.516434
200.705124,114.353760,37.457607,98.799660
200.931610,113.767982,38.428967,99.225510
200.971725,113.686058,38.715420,99.344711
200.778793,112.841507,38.964634,97.176033
198.721268,110.378296,39.070786,95.252892
198.663513,110.134178,39.342770,95.542717
198.753418,110.108009,39.360447,96.052811
200.417175,106.693169,39.344925,100.731033
202.604767,108.234238,39.373634,100.141693
205.459671,110.393776,39.641548,95.142334
205.836014,110.599121,39.949936,95.572876
205.035736,111.078644,41.776466,95.093826
203.628082,111.585106,44.129913,94.641144
203.431168,110.889954,44.566830,95.125381
203.558517,110.594337,45.720539,95.461014
203.512314,109.536629,45.964485,95.086449
202.243866,108.948578,45.944809,94.982513
202.135971,107.368797,45.811157,95.075943
202.580887,104.049355,44.163960,94.595047
202.856247,103.007118,43.757061,94.938583
200.837326,103.480988,45.553951,96.563866
200.198380,103.259949,45.543270,99.472603
200.487030,102.911133,46.000946,99.587013
200.778732,101.537125,46.814442,99.937813
198.950134,101.569458,49.244827,98.715500
197.317093,98.687675,52.541519,99.713524
197.928482,98.244919,51.767456,99.676277
198.656204,94.393326,50.506931,100.125214
200.237717,91.732590,50.318550,101.264900
201.681015,90.606079,48.624203,101.768959
205.664810,90.815887,47.270996,98.620468
206.740433,91.600090,47.374458,98.146118
206.769730,94.475250,46.738983,99.876320
206.880737,95.046989,47.393570,99.819290
206.933090,95.790245,47.914379,99.871979
207.474518,96.577614,49.068836,100.088821
208.372177,96.459869,50.171066,101.116684
208.869415,96.657921,50.354130,101.445435
209.039108,99.376343,50.981667,100.656754
209.075119,103.694183,50.960552,103.151367
210.588974,106.051674,50.760056,102.528564
211.407684,107.277824,50.633553,103.074715
211.484726,107.764198,51.004406,103.423332
208.699875,108.156586,51.444691,103.183937
204.608200,111.392517,51.619213,101.880409
203.507370,111.556412,53.543224,101.768013
199.011887,112.658661,54.028622,100.527626
198.452286,112.727951,54.599926,100.697411
194.399414,113.266098,54.676624,98.119415
190.713684,108.810638,53.148441,99.254875
187.343933,107.707260,49.047001,96.570793
186.556335,104.424477,45.962727,97.016098
187.216354,101.277130,43.170574,97.769028
187.423813,101.467056,43.416000,97.724052
186.324890,100.932152,44.173649,101.937561
186.276611,104.857185,42.523167,98.900185
186.792969,105.532326,43.603161,99.243973
187.573517,106.418991,45.274120,100.515495
189.100143,104.909325,46.349918,104.473404
190.512772,106.802498,46.631416,103.679794
191.106903,107.354195,47.037708,103.928925
192.815811,107.713692,46.157665,103.230118
192.998306,107.805679,46.311672,103.304710
193.448776,106.890472,42.811218,100.832344
193.620438,107.293953,42.909870,99.601013
193.730270,107.455986,42.906422,100.159210
194.773422,108.142258,41.969608,100.047935
201.556366,109.309273,43.450760,98.972107
209.410614,109.077286,45.361507,97.414825
214.483704,103.272919,44.295486,93.580032
214.359650,102.458961,44.900070,94.168716
210.900879,102.815872,47.537529,92.245682
205.110031,102.553108,46.905815,90.169250
200.501251,102.595665,44.661915,90.007172
193.021851,104.084076,43.397480,87.711182
189.550674,100.556503,39.736198,88.132607
188.814102,101.872391,40.031868,87.519203
187.833328,97.825752,40.452389,88.550491
187.627472,92.770050,40.205326,88.303375
188.335129,88.029556,40.827019,87.257545
191.440659,84.204987,41.044136,86.821358
192.659134,81.114105,41.368145,87.525009
194.076279,76.446121,40.970520,91.765373
194.926132,75.098320,40.938007,90.841324
195.771393,75.122589,40.813309,90.066124
196.424606,75.489059,40.642639,91.105843
196.656906,82.062851,40.298565,89.106285
197.241730,84.850502,39.354382,90.648071
196.422287,91.782585,38.528015,94.003792
198.365463,98.438934,35.242134,91.260284
198.320557,100.040871,35.426338,91.302521
196.119308,103.439804,38.171642,91.520409
196.528839,105.548363,40.826473,93.565178
202.512283,104.553963,40.627041,100.360474
202.907333,109.614571,42.086689,102.415062
203.129532,114.080139,42.383266,100.731995
200.340073,121.723465,43.227081,96.489555
200.799149,124.639496,43.094929,92.614281
200.263840,126.471710,43.465542,91.621780
199.727295,129.069183,42.619209,90.608521
200.101624,129.827057,42.319283,91.238846
198.284927,134.950882,41.053722,93.883774
198.932343,135.201202,40.627583,93.813515
198.638672,135.957153,41.033600,95.522629
198.660507,134.773010,41.574135,99.127975
199.046631,134.249161,41.975594,100.544296
199.214508,134.588852,42.656227,103.288994
199.065292,131.566513,44.586288,109.203308
199.071915,131.445526,45.159313,110.877586
198.710846,130.434280,45.583717,112.896576
199.006760,130.517746,45.902721,112.992271
199.088394,130.554718,45.990788,113.011383
200.201370,130.724915,46.324650,113.764908
204.114594,134.448837,46.918880,111.937332
206.838974,136.894455,47.671062,110.812675
211.097763,139.572113,47.686989,111.573402
213.958267,143.894852,49.411167,110.661575
215.730255,148.535538,50.085621,109.933578
219.815475,157.169662,53.300362,103.332451
220.036194,161.893570,55.493744,101.028549
223.355957,169.575790,57.193619,97.428558
227.554184,172.905548,58.488461,95.112968
233.025131,175.747406,59.793743,94.234314
235.811951,178.693924,61.702133,93.300980
238.520432,180.173203,65.713623,92.393211
243.071136,181.598770,66.188148,91.303932
246.045715,182.166931,70.697449,93.356285
2
0
0
0
0
1
226.878845,124.312874,29.040712,86.823303
227.249557,126.240379,30.210939,86.978859
227.590500,126.742241,30.508394,86.554588
229.736710,127.725105,30.580479,86.284904
231.110626,128.294373,30.665113,86.318977
232.577774,125.668900,30.583738,86.843887
233.688217,124.051193,30.647625,87.637848
233.149109,119.344826,30.507849,88.266693
233.220596,119.463875,30.966879,88.241249
233.092621,119.517570,31.023731,88.437370
231.051208,121.112152,31.765303,89.513336
229.113480,121.147278,32.239418,90.590195
229.601929,120.645805,32.475124,91.538559
229.862793,120.223030,32.381123,92.225594
229.929626,120.319466,32.477245,92.488129
230.062363,115.215782,32.161640,91.920799
229.807114,112.983261,32.569683,92.196579
229.778061,111.110947,32.656757,92.516998
230.010696,111.342186,33.093616,92.914726
228.726547,110.295174,33.630760,93.565727
229.013077,110.308716,34.053799,93.823776
229.072983,110.344482,34.547466,93.754242
229.088364,109.962143,35.039654,93.901428
229.559799,110.970749,35.760361,91.351051
229.438126,108.909279,35.669239,90.300270
229.844742,107.864777,35.435524,89.743698
230.166000,106.780235,35.371876,88.636681
230.578094,104.830154,35.140491,88.676781
230.574020,105.427940,35.168968,86.650192
230.663467,107.419739,35.849342,85.761848
229.697357,108.186142,37.933243,87.078125
229.269104,110.675980,39.558716,87.475273
229.397568,111.415459,40.209076,87.333069
229.317123,111.103592,40.657551,86.871376
228.994675,111.296341,41.102062,86.598206
227.853348,110.193314,40.029140,87.306564
226.065643,108.954300,39.212265,87.196068
224.236969,108.400139,38.428028,87.576164
220.670425,108.686981,37.918110,84.785561
220.431854,108.960777,37.671097,85.253166
217.795227,108.953598,39.899162,85.778336
214.979507,109.669853,39.408787,84.655846
213.244431,109.171318,39.423618,85.042526
211.089676,108.316399,43.172871,85.874817
211.235382,108.362549,43.503654,85.958084
210.703079,108.017891,44.805477,85.955696
210.709885,107.763084,44.890808,86.265137
211.055222,107.318161,44.184841,87.880226
210.721375,107.236794,44.200668,87.822983
208.776886,106.194183,43.400455,89.597321
208.903198,105.550613,42.441517,89.178864
209.082764,106.192642,41.520172,90.341515
210.452316,107.772881,39.587307,90.615417
211.727936,107.908348,37.891487,91.388062
212.097061,107.902153,37.542667,91.679024
212.370514,109.707184,37.818859,95.312836
213.561920,109.006599,37.345551,97.184547
214.068512,110.881516,37.678707,98.587654
213.744308,110.189583,38.018547,98.746498
213.831223,110.683311,38.417439,99.287170
213.667877,106.912956,38.696072,100.783424
213.826813,105.912125,38.990105,100.878998
214.387772,105.871399,38.818584,101.765663
214.622086,105.985764,40.337402,105.439812
215.452301,110.066650,41.218430,106.753075
215.475281,111.607597,42.056156,108.566696
214.505844,115.125046,43.447803,105.660858
214.784500,114.951920,43.442802,106.462532
216.392151,122.220543,44.020275,103.352531
216.129395,122.127045,46.240730,103.250496
217.590134,122.825806,47.954220,101.373322
218.762146,133.421005,51.658298,94.211243
219.428421,135.738724,53.381256,91.137894
220.707428,138.297760,55.155895,89.828590
222.006210,144.885864,56.617992,85.417305
223.430222,147.685593,58.757339,80.251175
226.765106,153.315796,59.522205,80.163033
230.227005,159.144012,60.007702,79.061073
2
0
0
0
0
1
200.286545,131.778595,33.455730,89.560852
201.113037,133.605255,33.784840,89.020676
202.217545,135.134888,34.529205,89.561371
202.539902,136.044846,34.981632,90.004364
202.544159,135.818130,34.964016,90.844170
202.743622,135.561966,35.006218,90.928238
203.797272,133.841095,35.612404,90.934700
205.026535,130.820358,36.123909,91.356102
205.218262,130.855209,36.502430,91.436935
204.714035,132.639099,37.738987,90.235023
204.846161,132.811752,37.979168,90.436943
203.872772,132.162003,37.801914,91.558022
202.870209,132.006607,37.683189,91.201912
199.524628,131.140411,38.092514,92.638138
197.276703,130.703354,38.299164,92.600952
195.496643,130.530426,38.279419,91.348030
192.407166,131.665588,38.153625,90.502144
190.845230,132.822891,38.726753,90.502106
189.959732,132.738220,39.005104,90.202499
187.875000,135.743607,41.813377,88.788025
187.225098,137.243469,42.409592,87.986008
186.797134,138.143478,42.200310,86.718391
186.962997,138.403931,42.480618,86.978218
187.098328,138.764679,42.407219,86.725098
188.671326,138.349487,42.019943,86.732117
195.271286,140.421997,41.412132,86.594734
200.159317,139.603317,38.362263,88.383492
201.625458,139.034760,37.969868,89.417274
202.830460,138.062363,37.213524,89.224434
204.281250,137.985397,37.414551,89.357704
206.413086,137.025955,38.321281,88.535187
206.523224,137.205734,38.481178,88.968987
206.626663,136.146744,38.536415,88.565422
207.319626,135.697342,39.018745,88.111107
208.900803,132.562073,38.524700,89.245903
209.509186,131.443863,38.986412,87.212311
208.599167,130.944260,38.994900,87.124878
207.575775,129.975388,39.094589,88.930397
207.205490,128.744415,38.193676,88.586769
207.163040,128.326401,38.499710,89.173828
207.329391,128.439743,38.208054,89.355553
207.928391,127.612175,37.669876,88.130882
208.069565,127.579140,37.959839,88.454140
208.069504,127.593048,37.980972,88.489983
205.587601,127.383507,38.351269,86.989204
202.731552,130.555511,38.468159,85.205307
201.913818,131.351410,38.216759,84.886375
200.224701,133.957306,37.521564,83.152519
199.208344,135.694016,37.649948,81.430290
198.300674,135.604172,37.877514,80.322083
197.894821,135.897369,37.634460,80.881844
198.225922,135.841507,37.687275,80.121590
198.508484,135.000427,37.518665,79.943687
198.802246,135.598633,37.858704,78.150681
198.899536,135.274612,38.075630,77.713936
197.108414,135.162247,38.141300,77.223953
195.852493,133.158432,38.163776,76.302078
194.120468,132.696762,38.167679,73.999435
193.007965,131.699173,38.609371,71.297333
189.665176,130.609924,38.807606,67.765160
185.960831,130.609650,38.827568,66.549004
185.357101,127.826286,38.592991,66.125648
181.844482,125.529289,38.088615,67.357552
179.671707,121.404373,37.457664,68.671364
176.702942,121.085777,37.275463,69.159508
176.143433,118.346184,37.337456,70.136734
176.234207,117.799469,37.229259,71.110374
176.200012,117.331680,37.366302,72.017403
174.037643,113.821152,37.313709,74.609543
170.322464,112.965378,37.157631,74.778198
168.413605,108.053490,36.789780,75.780159
167.955154,104.478401,37.120842,74.886971
168.272873,100.395401,37.196335,74.403702
169.050629,96.989899,36.603432,73.317802
167.856476,94.775192,36.271862,73.355331
167.138763,93.048370,36.679024,71.619286
167.048752,92.704964,36.834282,71.875839
166.174164,91.974350,36.738480,72.123268
164.021896,91.605492,36.618107,71.682777
163.248505,91.310165,36.720760,71.134438
159.964340,90.126793,36.529263,71.101097
157.260727,88.905190,36.679863,70.716896
155.136780,87.935478,36.474075,70.898003
155.015457,87.968567,36.355473,71.020256
154.861542,88.123215,35.972286,71.347961
154.089859,88.280663,35.967777,71.337479
152.189697,87.869255,34.283554,69.847496
149.721207,88.571709,35.125366,69.187340
149.577576,89.063026,35.204418,69.544472
149.325577,90.368683,35.392490,69.564827
146.068359,94.308960,34.962852,68.492493
144.668839,96.756737,34.890076,68.266571
142.230072,98.160316,33.924599,69.437614
142.036484,98.451065,33.935265,69.618752
141.908722,98.848404,33.320488,70.103683
142.026886,99.002426,33.413673,70.540230
142.075775,99.144859,33.416103,71.011749
141.992889,99.427834,33.519779,71.415726
142.163742,99.369965,33.380531,71.318413
141.957016,99.487793,33.560940,71.340599
139.035141,98.293495,33.055595,71.275368
138.851929,98.689301,33.832436,71.266853
138.417267,98.865570,33.966095,71.329193
137.492310,99.030724,34.043442,71.466255
136.864548,99.028809,34.188896,71.369843
136.789001,97.572166,34.077599,73.539146
136.427444,97.742477,34.119465,73.893127
136.178772,97.322754,33.910645,74.029114
135.627823,97.110268,33.099953,74.419601
135.657288,96.922592,32.686146,74.467316
135.885895,95.380989,32.855953,78.897049
136.274094,100.441200,32.714825,80.348442
136.466934,101.400612,32.883125,80.411301
136.946411,100.720840,34.111034,84.795357
137.080963,101.655182,34.720001,85.520187
138.312912,106.159157,34.966705,86.173737
138.967178,106.415459,35.157684,86.686531
142.331650,108.866722,35.556107,87.094879
149.382324,105.550957,37.800419,87.066551
159.026978,104.884018,36.630650,88.147850
169.224548,103.851074,34.082760,89.648689
169.674240,103.985977,34.807316,90.321922
170.207947,101.942245,33.250183,90.461945
170.560486,103.967072,33.420406,90.682602
169.319107,103.368019,34.109974,90.865639
168.217453,102.948196,34.247787,90.814354
166.455505,104.102509,34.708454,90.520775
164.654785,104.704498,34.952774,89.801598
160.428879,103.926437,35.406643,88.970428
156.411575,104.906593,34.404854,88.991959
152.057144,107.454147,32.962032,87.089218
150.194519,108.025223,32.965237,87.406563
148.279785,108.936020,31.637838,86.911057
146.298965,108.942513,30.847071,87.209541
145.795929,108.744675,31.848684,88.525475
146.228027,109.033943,31.501400,89.172089
146.492188,109.347389,31.985649,89.464928
146.514374,108.734688,31.874966,90.350021
146.591476,108.843857,31.988029,90.450195
146.398361,107.988754,31.681461,90.625168
145.920074,104.428650,31.795429,92.628731
144.752899,103.799797,31.689526,94.130783
144.965958,104.313759,32.191456,94.629448
145.294418,103.748238,32.133347,94.676872
143.774231,105.318970,32.114361,94.706985
144.053589,104.124619,32.617043,94.678513
145.814209,95.695267,33.265068,94.984314
151.105453,89.923241,33.133099,90.050774
157.788010,90.932465,33.439713,88.671280
157.475189,92.617363,33.453613,87.574356
159.026016,94.448715,36.825760,86.334892
159.388489,95.174477,37.177292,86.272598
159.186020,97.402100,38.123085,84.050636
159.396713,97.736557,38.482525,84.448929
159.228806,100.207069,38.529419,83.978409
159.757324,105.898758,38.840607,83.124718
159.943420,107.274605,39.009655,83.040474
160.837265,111.608604,39.174252,83.091530
160.984009,114.772202,39.320301,82.475388
159.476608,115.352921,39.014729,82.378151
158.403168,118.140129,39.640106,81.693504
156.994965,119.682518,39.872437,83.006096
153.518143,123.175224,40.287498,82.516495
150.911179,122.083580,40.250950,83.076759
149.023056,120.864136,41.653450,81.291176
148.570435,116.757706,41.607567,79.021744
149.275330,112.585953,40.908646,78.292267
148.575241,109.034882,39.354622,75.713745
148.395905,101.775749,39.258682,75.081879
150.293671,98.388725,38.789654,75.730011
151.902420,93.699699,38.768761,74.133842
153.757812,89.188110,38.410461,72.631859
158.475891,88.968506,39.076401,71.409798
161.728363,87.460915,38.878418,70.473824
161.819397,87.359886,39.091702,70.438576
162.067474,87.421570,39.455280,70.470963
162.471542,89.045891,39.370594,69.739784
162.664810,89.890564,39.336731,69.957413
162.778671,90.823662,39.338852,70.559212
160.860443,96.640289,39.068550,70.731529
157.853592,99.454353,37.121853,72.182381
155.566803,100.718636,36.409992,73.633629
152.369797,103.856827,35.488297,73.835526
148.401093,106.023994,34.996067,74.943466
143.907211,110.996719,34.217037,75.237823
140.442612,117.620094,33.966038,75.389854
139.084961,118.864059,33.834888,77.033562
137.417343,120.932747,33.374516,78.125908
137.594543,122.226929,33.002151,79.688950
138.195312,122.160606,32.705658,82.997566
139.581802,122.871178,32.154762,84.552574
142.592072,124.575150,31.082998,85.310898
143.829178,125.211739,31.377092,85.501610
145.965942,124.972443,31.429094,87.106239
146.192093,124.198257,31.167240,87.511192
146.895248,122.046219,32.706341,87.379295
151.514740,117.557693,31.181349,86.961060
152.948212,116.033913,31.110531,87.592789
153.428787,115.958916,31.437414,87.744949
154.702774,114.504814,30.978611,88.230591
155.537720,111.433983,30.633732,88.020691
155.757904,111.591560,30.971418,88.507965
156.443741,110.708786,30.878542,88.402939
156.992706,109.892021,30.807636,88.267441
157.274963,108.320091,31.293135,89.309998
159.265381,104.506935,30.451851,92.116669
159.306152,104.651642,30.372911,92.450638
159.198685,103.659546,29.931324,91.911171
156.544556,98.671638,29.768774,95.145020
154.795242,95.563004,30.381905,95.311615
154.781464,95.634827,30.537443,95.426353
152.959198,94.514313,30.897444,95.468216
149.312653,91.104675,30.617567,96.803314
146.896835,90.633698,30.660643,97.659431
144.662384,88.414101,30.055809,98.242180
143.166977,90.040009,30.302263,97.867630
142.641968,90.064621,29.852222,97.771629
142.627182,90.125587,29.920456,98.007988
142.646484,90.245384,29.957592,97.906540
143.803772,86.644417,28.558573,99.879944
144.612686,85.252953,28.880957,94.205643
144.849152,82.577911,29.307228,92.607819
145.827545,82.840233,28.735264,92.208931
146.239044,82.705032,28.998793,91.948112
146.757416,82.076851,28.903143,91.773018
147.060837,81.625092,28.855122,92.479271
147.251755,82.074066,29.378807,89.861046
148.005630,81.129944,30.697807,89.698738
151.868820,78.532074,31.378166,90.248535
158.520157,73.679398,29.439655,90.600266
161.092728,70.672836,29.814617,98.396698
163.140976,79.887558,29.130005,97.384476
163.203476,81.745201,30.266951,97.015327
165.873444,84.462975,29.741604,98.479095
165.528137,86.555878,30.202335,97.310738
165.638779,86.936699,30.496721,97.239990
165.637299,87.443680,30.461878,97.333435
165.480988,87.258133,30.316721,100.080582
165.592758,87.573631,30.455608,100.424118
165.731873,89.239403,30.307852,100.185036
165.922653,91.714516,30.616682,100.004852
166.445206,93.157539,30.816269,101.260506
166.325562,94.855835,30.770622,100.603683
163.699417,94.715027,30.567595,100.414833
163.251999,96.266533,31.159563,99.301613
162.730698,96.218025,31.336723,99.488899
161.445175,98.206421,31.341127,99.557228
158.475281,99.732269,31.547543,100.009445
158.565659,99.924141,31.946812,100.480370
158.590347,99.997253,31.985470,100.441589
157.045639,102.137718,31.997139,99.241524
154.003113,105.075294,32.292389,96.981262
150.705566,107.619568,32.633995,95.880898
150.888458,107.690727,32.975574,95.905487
150.836960,107.938644,32.911354,95.934921
151.168442,108.226562,32.490078,95.725830
151.214493,108.499931,32.538307,95.959068
151.453186,108.571465,32.983696,95.912102
151.473373,108.661217,33.012981,96.071518
151.715500,109.098045,33.481129,96.275101
151.660339,109.328842,33.561890,96.355011
151.878738,109.401260,33.982616,96.455315
151.815247,109.278549,33.955097,96.261070
151.638763,109.954155,33.983578,94.879471
151.583160,109.859802,34.126900,94.253441
151.892761,107.564102,33.861107,93.580368
151.813919,107.235947,34.109825,93.437546
151.907333,105.566246,36.104507,91.766716
154.416199,101.634094,35.643738,88.771294
158.578720,101.269485,34.578503,85.535950
159.864426,101.009422,33.922470,84.738762
161.009491,99.454071,33.599960,84.145576
161.312317,99.468491,33.960972,84.552361
161.615555,99.353493,33.789558,84.771698
161.886169,99.304306,33.851963,84.772079
161.997238,99.347115,33.939804,84.826614
162.020615,99.374763,33.984280,84.988556
162.311447,98.902878,33.337307,84.586189
162.736069,96.911095,32.448269,85.079834
163.020920,97.014137,32.099831,85.397499
163.218323,97.064346,32.483276,85.462753
163.237244,97.044090,32.496433,85.428955
163.254974,97.062477,32.478760,85.442604
163.316162,97.026199,32.460873,85.347900
163.695587,96.956367,32.388107,85.103798
163.787903,97.146729,32.464138,85.281837
164.637146,95.324654,32.152046,84.602150
164.814301,95.510223,32.516003,84.927605
165.083359,95.511787,32.936825,84.805023
164.097626,95.543892,32.531124,82.851082
162.087524,95.027145,32.779034,82.299149
159.113785,95.542717,32.701408,80.012474
156.511841,95.078743,32.009056,78.677269
155.906006,95.022018,32.142418,78.500862
153.004288,95.916344,31.278906,76.314987
149.960236,95.831055,31.039003,76.680031
146.922623,97.537903,31.294928,75.813866
144.076218,97.069122,29.831226,75.496033
141.178436,96.730835,30.199646,74.397011
139.045151,92.632004,29.062494,77.071274
138.225281,92.807755,27.797504,77.889900
137.940659,92.887711,27.716343,77.520004
137.564774,92.669304,26.116823,77.990440
137.211227,92.329773,26.615141,78.145576
134.983124,89.760307,28.146456,79.572296
134.826004,89.706680,28.479195,80.049332
134.301407,89.513618,28.354101,80.614708
133.224655,90.059639,27.787621,80.124611
132.293961,89.285522,27.914085,81.202972
132.289902,89.305328,26.514536,80.897003
131.052170,90.294083,27.225418,80.634071
131.433746,90.582253,27.105482,80.954872
132.269531,90.950813,26.415092,81.597740
131.679977,96.350761,28.415119,79.868828
135.591583,101.314285,27.306637,79.847229
139.455475,107.461411,26.369621,80.958786
141.637970,113.595367,27.156010,78.298546
145.273239,121.885033,29.614056,74.471367
151.623260,123.296791,28.451593,74.045166
152.757309,125.087372,30.587519,74.530518
153.289230,125.320923,30.134579,75.445282
153.507858,125.322624,30.320276,75.468407
151.862183,121.003143,32.174797,74.620941
150.433167,117.347038,29.430534,74.400902
150.634857,116.005455,29.299274,75.450439
151.864975,113.418045,26.874458,75.249557
151.783890,108.654266,25.855381,75.483101
151.327469,104.943825,26.253994,74.787392
151.044617,103.965057,27.001425,75.442116
150.048172,97.426735,27.420149,76.982117
149.892105,96.915138,27.428751,77.110245
149.891434,96.835205,27.455053,77.340096
148.836258,94.844231,27.536457,77.802353
143.783707,95.559395,30.716385,78.673523
137.501907,95.832352,28.962946,77.939178
129.760513,92.759560,29.764397,82.188477
124.901482,92.254135,30.627554,82.498535
118.885315,90.561874,32.307312,83.737389
113.166824,84.927475,35.730503,90.437286
111.283562,83.533897,38.860348,89.554008
132.604523,77.521820,39.232376,90.317650
153.099960,71.926147,39.530739,90.560028
180.789688,64.817131,40.062279,92.329643
209.691360,53.854263,40.823414,91.840462
234.600082,50.475048,40.626240,92.433189
221.862076,49.524006,46.210407,89.437767
216.567474,53.689751,44.513809,93.683083
233.903702,48.782001,47.521561,94.914711
246.427658,42.996315,45.560555,101.868828
244.283829,40.013664,45.979927,105.704926
239.494598,46.004730,45.033585,107.497131
238.345871,45.084309,45.604286,107.445251
229.468796,43.747536,46.723907,114.833672
230.873856,60.610909,48.084641,109.966385
236.340271,63.347500,46.641106,111.023170
237.509933,72.520607,46.838360,118.401093
224.085953,80.541069,52.522293,117.287827
212.711334,102.893311,56.465485,116.418900
197.895645,110.390877,51.399143,116.495659
188.423325,117.288658,49.314373,119.702980
183.873123,118.901237,48.345505,119.680954
180.188034,119.939743,48.245319,118.073059
173.778183,117.501045,47.843662,122.681351
169.885742,117.311821,48.110550,122.541054
171.063461,113.742470,48.119804,120.850464
175.325790,111.593498,47.510326,123.331238
176.152466,109.414871,48.251293,122.287544
180.908432,105.334892,47.626362,123.206497
187.661194,101.912804,46.059166,125.548439
188.648132,103.638008,46.310928,121.882668
188.156601,103.120506,46.495296,121.146706
188.849930,100.852974,46.151653,130.637817
187.435745,107.549896,47.477287,126.591507
183.770157,111.614197,44.717186,126.373428
178.792160,114.468391,44.688541,125.067581
178.778076,114.283340,44.522018,125.424828
169.689560,120.183418,54.232658,121.389832
