1
203.014938,114.943466,35.030678,103.402733
202.366119,112.378624,35.997795,101.964874
202.341858,112.125099,36.080021,101.518501
202.606552,112.045723,36.777676,100.941551
201.235382,111.652992,38.517742,97.626602
201.310287,111.964508,38.851788,95.840805
199.020493,109.772743,38.734894,95.132164
198.913330,109.583328,38.868752,95.674263
199.074966,109.432442,38.317898,96.120316
200.778259,108.314194,38.797535,97.871643
202.167297,109.569008,38.843239,97.939362
205.269226,111.269310,39.296120,95.436462
205.496994,111.345024,39.545055,95.522133
205.459412,111.269432,40.955872,96.368011
204.982132,109.623955,42.031567,97.313202
205.056915,109.528580,42.535473,97.605408
205.555405,108.938217,43.242008,97.081017
205.600220,107.168335,43.411278,96.828308
204.362045,107.223549,43.611755,96.263206
204.033569,106.679688,43.946175,96.298729
204.295715,103.659332,42.432178,94.967728
204.139267,103.225037,42.196491,94.576981
203.476471,103.358833,42.934433,95.869019
202.043381,103.776001,42.896145,98.767105
202.508698,102.275604,43.363712,99.304222
202.699417,100.585945,44.234272,98.212990
200.593872,100.504608,46.057907,97.470360
197.112320,96.886131,51.171783,98.091843
197.485413,96.133896,50.796246,98.980904
198.966156,94.125610,49.141651,97.474045
200.975906,91.167351,49.229237,99.139145
203.064774,90.295647,46.946430,100.677139
207.215851,90.646111,44.216240,97.859291
208.793488,91.840469,44.553619,96.865738
208.767090,94.321266,44.074459,97.829521
208.649368,95.685532,45.345238,97.978630
208.765656,96.058662,45.767403,98.201485
209.031464,96.883385,47.549244,99.637688
209.357742,96.909073,48.782928,100.899185
209.940567,96.759415,49.019501,101.236549
210.587311,99.763885,49.579632,99.712563
210.365921,103.804703,50.237926,102.167076
211.286682,104.848381,51.464569,102.146416
211.948853,106.970634,51.042126,101.302620
211.926788,107.215218,51.472210,101.463997
207.307236,108.543709,51.211281,101.400169
204.340805,112.743492,51.580578,99.267082
202.066025,112.230499,54.631012,99.891891
199.016739,112.583817,55.091454,98.914597
197.308868,112.312233,55.882000,98.520058
194.307571,113.133781,55.790100,97.176338
190.558517,110.313179,54.110931,97.661507
186.995361,109.164680,50.500648,94.984840
185.794418,106.380135,47.432426,94.822571
186.638489,102.114532,43.399597,96.230011
187.708313,101.790710,42.215981,96.833733
186.975372,101.053215,43.088768,100.790787
186.883881,105.135956,41.508354,98.081291
187.526886,105.607986,42.716255,98.706749
187.545029,106.008850,44.876369,100.434296
188.405533,105.077484,45.715179,103.290047
190.335678,107.328491,46.057446,102.606071
191.185608,108.017349,46.698231,102.732086
192.387222,108.225616,46.263477,102.502075
192.502625,108.458496,46.466915,102.964836
192.940674,107.393105,42.636021,100.198799
193.226349,107.694160,42.931755,99.693581
193.473557,107.913750,42.912041,100.629471
194.177017,108.286385,42.457676,100.466927
201.139755,109.048103,43.674332,99.038368
209.046341,106.585594,45.158268,99.669106
214.541183,101.970375,44.448177,94.832283
214.328064,101.689224,44.915924,95.012726
210.716385,102.574409,47.592491,93.045341
206.182632,102.155296,46.899105,91.616966
200.311386,102.319298,45.013466,91.815971
193.734680,102.908829,43.420616,89.616142
189.554092,98.995415,40.259472,90.703354
188.774094,99.594948,40.290295,90.344467
187.992722,96.031197,40.144516,90.102722
188.183456,92.793350,40.289402,89.381584
189.060898,87.286224,40.432495,87.521858
191.767593,84.623589,40.783844,86.807938
192.748444,80.878036,41.047199,86.963028
194.093552,75.962555,40.853340,90.702446
194.890320,75.120926,41.091763,90.317665
195.498184,75.030777,41.331917,90.137321
196.300018,74.902603,41.044304,93.042328
196.663437,78.887817,40.695126,93.140045
197.093460,80.407944,39.814507,94.425461
196.118942,88.616226,39.193054,97.384064
197.350143,94.840912,36.698956,94.786530
196.361359,99.384605,37.159500,94.390144
195.588272,101.324883,39.302330,94.977852
198.502655,104.761986,40.384216,96.609673
203.357040,104.224236,40.004417,101.192665
203.323639,108.229057,40.967934,101.974251
203.092957,115.046234,41.192886,98.786827
200.352036,122.451668,42.462704,93.869324
200.361679,124.638390,42.060158,91.564163
200.377594,128.395477,41.980282,92.368126
200.746201,129.108582,40.739845,91.497589
200.604584,130.035324,39.937347,93.476791
199.625961,132.400803,39.656479,95.576408
200.127823,132.899292,39.283394,95.632973
199.756241,133.594421,39.614204,96.319061
199.410416,134.029541,40.244514,99.902344
199.650162,133.953247,40.512264,100.130188
199.974991,134.198349,41.371311,102.534790
199.946365,133.294907,42.139168,107.142548
200.262054,130.864792,42.927921,110.841049
199.264984,129.403809,43.461163,114.416077
199.766068,129.232025,43.337219,114.752060
201.311691,130.117142,43.558681,115.642937
203.006668,130.377457,44.227398,116.170151
206.232666,135.635696,45.264389,113.240356
208.625626,140.140167,46.094311,110.102577
211.982407,145.259781,47.965332,111.173119
215.177963,151.239395,49.666069,108.530327
213.551178,154.588150,55.121899,110.498489
214.562180,158.837769,57.107956,106.394455
216.005280,161.572601,59.319935,104.723419
218.732285,163.689468,61.908859,104.185555
221.732773,166.508286,65.889404,102.734947
229.050720,169.620667,65.081238,101.045685
232.845551,173.860703,67.165916,100.832451
235.084244,175.812164,70.224854,100.814339
239.521271,177.831360,70.693672,99.451256
243.611725,180.208481,73.687584,98.279686
2
0
0
0
0
1
221.465088,127.487343,37.215336,99.665581
222.088501,129.599106,37.533112,101.086143
222.592133,129.951050,37.861908,101.417290
224.753830,132.787857,37.503227,100.028954
225.894669,133.297256,37.681816,100.742363
227.270248,132.344696,37.568806,101.833786
229.619308,132.147110,37.602745,102.049393
229.337250,129.157639,37.401993,102.847931
227.823196,125.706917,37.195210,104.116051
227.947113,124.078529,37.379166,105.264610
226.530487,122.563629,37.498215,106.378578
226.165237,122.418686,37.644661,106.703781
226.143539,122.491943,38.362289,106.999779
226.218628,122.493813,38.479130,106.955940
226.272934,122.269691,38.628471,107.220146
227.665665,117.522285,40.353153,106.308640
228.118240,113.401955,41.610115,106.337631
227.991531,112.768356,41.788326,106.699043
228.146057,112.258804,42.049351,106.460167
227.736420,111.871170,42.351963,106.288727
227.393829,111.783386,42.523403,106.336952
224.621918,112.026863,42.589516,106.058250
224.812195,112.258224,42.990330,106.437614
224.959915,112.718857,42.955292,106.383537
225.766617,110.883995,42.464996,107.354301
226.835129,109.939415,41.258976,105.602303
227.479279,106.154053,40.772793,105.357109
227.798553,102.104050,39.682789,104.692329
227.964081,102.268745,39.960346,104.921082
227.996994,102.286911,39.962742,104.958771
227.704636,102.471786,40.728115,104.594467
226.795074,104.341072,42.275883,104.275856
226.937286,104.412338,42.494171,104.497192
225.366104,103.086906,43.652279,102.490822
225.466949,103.047920,44.003914,102.394424
225.597702,102.447708,43.866375,102.076218
223.786087,100.930946,42.610416,100.450531
222.061996,100.973328,42.346016,100.057755
219.809967,100.809212,41.729839,99.473534
218.448685,100.688499,40.794659,98.884766
215.933136,101.185608,42.067284,98.258690
213.493591,102.036667,42.096169,96.793022
212.086639,102.067451,42.614716,97.848595
211.521454,102.099197,43.988075,97.453102
211.279465,102.483337,44.240788,96.310036
211.195496,102.399017,44.665894,96.234222
211.308624,102.476440,44.980400,96.475456
211.318329,102.492950,44.975925,96.461006
210.775513,102.452362,44.476505,96.109001
209.295898,102.303627,43.916489,96.413666
208.723511,102.926292,43.506882,94.545601
206.794586,106.508385,44.121193,95.752197
208.055588,107.184059,43.232529,94.572319
209.855774,107.294533,40.596355,95.240189
210.711777,107.288635,40.070724,96.340279
211.564056,108.844269,39.917904,97.797066
212.391968,109.075241,39.175278,99.541191
212.489182,111.753433,39.774040,99.458931
211.977097,111.012779,40.390572,99.639275
211.836761,111.242241,40.573784,100.881340
212.104172,108.091614,41.068054,103.900566
212.180405,106.709091,41.693359,104.527161
212.547302,106.836754,41.814037,106.169983
212.757309,106.292274,42.750866,110.592751
215.979996,112.679489,41.871395,111.607780
214.968597,115.539284,45.183914,115.953239
213.971710,119.542564,47.412144,113.933426
214.465393,121.776871,47.680878,113.256882
216.332825,122.107513,48.218204,113.478516
217.322281,124.326447,50.030273,111.517418
217.226501,128.997833,53.606113,109.186066
218.284302,142.387299,57.134071,102.033173
216.971405,141.940155,60.452953,103.001968
217.434769,147.115387,61.434517,103.125732
217.552078,150.342606,62.272755,102.518700
219.635666,157.530685,62.803780,99.219864
221.030746,162.264481,64.303780,98.905502
224.277573,169.216568,63.971481,94.286293
228.104462,173.640244,63.721157,90.985420
229.835999,179.575348,65.054932,86.052353
2
0
0
0
0
1
198.404602,129.181931,37.779915,100.460625
199.659790,135.534409,38.719475,97.373405
199.834183,135.550568,38.994350,97.436310
200.036514,135.249191,39.013817,97.213127
200.413940,134.731842,39.599422,97.308792
201.646561,134.838638,40.398724,97.321098
201.807861,134.890778,40.575397,97.578880
202.023438,135.532578,41.047440,97.703499
203.523209,134.118729,41.219486,98.477509
203.258881,132.803940,41.253891,99.527451
202.483826,133.113190,41.228790,99.761932
199.528427,134.320648,41.541504,100.363434
197.495972,135.297607,41.748505,99.689201
196.784988,134.441055,41.832043,99.469078
195.156418,134.786362,41.449867,99.579643
190.905182,136.013824,42.844593,99.907806
188.206131,135.616959,43.097569,98.646431
186.971451,137.209915,44.184292,98.180641
186.428055,138.286606,44.791245,97.487549
185.144180,138.620544,44.601692,96.688477
185.348969,138.885071,44.941708,96.693962
185.709625,140.082748,44.685173,95.038712
186.934265,139.539047,44.531799,94.635490
194.007965,141.893494,44.216076,94.648544
197.935989,141.004700,42.324661,95.779037
199.522278,139.265244,41.597614,97.191978
200.550095,138.152390,41.348110,97.053223
202.249863,138.031631,41.173176,97.172173
205.095657,137.668808,42.124725,94.911156
205.282776,137.709457,42.478348,94.958092
205.273605,136.889023,42.881367,93.793480
205.671936,136.490982,42.905384,93.101868
206.136566,136.189606,42.754971,93.034904
206.226257,135.574905,42.329594,93.157188
206.155212,135.838013,42.451477,93.583878
206.017334,135.894669,42.337906,93.814880
206.557983,135.169647,40.948551,92.764282
206.347260,132.318909,40.657604,92.556572
206.871506,130.518158,40.191090,92.308624
207.228012,130.724945,40.163456,90.898849
207.208008,130.492508,40.401951,90.826691
207.081909,129.069778,40.336575,90.033531
204.484512,128.346161,40.608006,88.954811
202.239410,130.615585,40.740234,86.912224
200.208160,132.296890,40.691917,85.104362
198.063568,136.752213,40.013573,82.088188
197.501953,139.620255,39.603745,80.216576
196.160599,139.720383,39.426933,79.185349
196.790039,134.857712,37.612885,81.069084
197.823730,134.797150,37.635448,79.573997
198.089447,133.776260,37.616184,79.593430
198.338104,134.820221,37.843204,78.383621
198.383469,134.819244,38.001961,78.404747
196.300385,134.699432,38.261555,77.275871
195.137390,131.399796,38.146698,76.080872
194.132843,131.643143,38.314899,74.149292
193.805740,131.191116,38.394146,73.704063
191.107315,130.471771,38.279839,71.191872
187.202240,129.058731,38.269852,69.925415
184.290695,126.158829,38.077488,69.233864
180.925919,123.803726,37.779797,69.614143
179.237915,119.513306,36.909122,71.776817
177.160568,119.107376,36.908691,72.055710
177.052399,116.969162,36.812912,73.171089
176.923096,115.988831,36.705124,75.128059
176.689972,115.354668,36.796932,76.138817
173.941284,113.601570,36.793484,77.228317
170.453674,112.019188,36.735092,77.380508
167.593246,106.847763,36.363461,78.900185
167.614731,103.019958,36.343662,78.759033
167.502747,101.203926,36.574833,77.449875
167.935959,97.508667,36.662083,75.343887
167.329086,93.443123,36.413231,74.848740
166.824265,92.562012,36.574806,73.901115
166.884354,92.353561,36.868771,73.996208
165.633774,91.044334,36.908459,73.808128
163.341873,90.631058,36.858154,73.283585
162.489243,90.442581,36.660912,72.463783
158.937714,88.210617,36.578697,72.330894
157.426147,87.605629,36.948456,72.117668
155.172485,86.492348,36.379299,72.726784
155.175339,86.585350,36.331028,72.976631
154.909592,86.621063,36.345078,72.885857
154.215546,86.814018,36.390598,72.811020
151.455811,86.512131,35.226498,72.006248
149.372284,87.667122,36.182835,71.992310
148.741333,88.363243,36.294884,71.731049
148.536652,89.599808,36.481747,71.692619
145.307251,94.401390,36.209602,69.958855
143.337601,96.961288,36.428368,69.144157
141.590576,97.762909,35.649757,70.244148
141.587082,98.074417,35.906761,70.723297
141.589630,98.250465,35.230255,71.112152
141.801880,98.378433,35.230858,71.576347
141.945587,98.542076,35.422943,71.998077
141.702164,98.748833,35.589161,71.720627
141.908752,98.833809,35.714115,71.933113
141.368408,99.054031,35.961906,71.716644
137.874969,98.434494,35.417530,71.814644
137.347397,99.397644,35.812672,71.213387
137.224457,99.538994,35.899200,71.425781
135.685303,99.588570,35.970528,71.794197
135.625427,99.676407,35.960396,71.941017
135.354675,98.622040,35.793701,73.123878
134.893814,98.012627,35.059208,73.416222
135.021103,97.868935,35.327168,73.540619
134.952499,97.662369,34.500858,73.937050
135.388992,97.728165,34.073654,73.988800
135.382599,96.382088,34.420029,79.021942
136.021317,99.736290,34.032001,81.493797
136.243347,100.171059,34.405167,81.306274
136.507309,101.586105,34.854763,83.104713
136.615311,104.570366,35.305569,83.206070
138.438416,110.510376,35.651844,83.289398
139.145172,110.216476,35.968021,84.206734
142.337997,110.203514,35.815544,83.893585
148.994186,106.639282,38.025684,83.122849
159.455643,105.627289,36.752579,84.030701
168.709122,105.424202,34.013584,85.746223
169.048401,105.455841,34.751190,86.051682
170.408875,104.920982,33.092064,86.419228
170.739777,106.592789,33.526443,86.773827
170.509766,105.790092,34.119362,87.441803
168.752396,104.967216,34.127628,87.302864
167.218109,106.309593,34.752136,87.072235
164.094009,106.658661,34.848423,85.710190
159.522781,106.042465,34.836273,84.845413
156.397568,106.861534,33.933582,85.344940
152.353668,108.386559,32.863682,83.956909
150.186691,108.398819,32.685719,85.002357
148.488037,109.747612,30.975918,85.275703
145.574142,109.353928,30.278433,86.913498
145.677811,109.299042,30.558811,87.202011
146.676422,109.150322,29.742777,88.304588
146.828659,109.568840,29.999084,88.446999
146.832596,109.536240,29.978029,88.506783
146.847427,109.752831,29.983446,88.954002
147.064377,107.972992,29.260136,89.564423
145.548492,100.177444,29.405088,95.093552
144.671082,100.617874,29.139282,95.552788
144.283325,101.272430,30.213175,95.344971
144.604523,99.380600,29.995419,95.013664
144.382385,99.453438,29.955559,95.527878
144.490341,98.897240,30.069572,95.635735
145.550064,93.448982,31.377039,95.161850
152.936081,90.258751,31.176052,91.672501
159.075027,87.589859,31.277420,90.766006
158.681152,91.771446,32.640835,88.533058
158.659134,93.138344,36.225544,87.180305
159.030777,94.993820,36.670132,87.143730
159.041977,95.751884,37.304176,86.599106
159.174011,95.984177,37.471169,86.980530
158.812256,102.177986,37.601677,85.429176
158.791702,104.107399,37.919781,84.998833
159.159500,107.666298,37.810574,83.758141
160.430069,113.268661,37.553520,83.338593
160.759491,114.274109,37.796345,83.357857
160.640625,114.777451,37.767330,83.562599
159.393585,116.955521,38.043068,83.346756
156.791275,119.612968,38.523014,83.627647
155.301910,121.705627,39.280869,82.954758
152.059464,120.143532,39.301636,83.662727
149.052338,118.676628,39.870663,82.608650
149.247314,116.433426,39.745117,80.024750
149.602646,112.917114,39.113907,79.520020
148.533371,106.688019,37.904320,77.629601
149.093628,104.102379,37.844006,76.721909
149.949051,96.276642,37.136707,77.172897
152.236542,93.596581,37.339565,76.002930
153.981232,89.630623,37.267380,72.769470
158.067429,88.343849,37.949749,71.753487
162.538940,86.237129,37.100277,71.068031
162.810822,86.368591,37.729420,71.487480
163.040253,86.408875,37.932770,71.508690
163.469421,89.437912,37.877838,70.356255
163.598267,90.242195,37.967506,70.522186
163.615112,90.979187,37.839050,71.541214
162.276367,97.885429,37.405151,71.441551
159.985001,99.821594,35.117817,72.063942
156.315323,102.304848,34.634041,73.718987
153.407013,104.251419,34.568134,73.833374
148.175232,106.632034,34.354218,74.202911
143.830597,111.984512,33.711735,74.904900
140.866440,117.901817,33.341873,75.377121
139.680161,119.261337,33.457424,75.936752
138.562241,120.905243,33.115837,76.577469
137.617691,122.253479,32.852062,78.649315
138.193588,122.445625,32.286114,81.712685
139.193390,122.456070,31.760153,84.267395
142.349670,123.852425,30.589825,84.905670
144.818771,125.880791,30.597525,85.005852
147.002823,125.044838,30.905209,88.100365
147.052673,125.221611,30.970568,88.438683
147.050064,123.457382,32.546318,87.390663
150.970108,120.120705,31.565231,86.693916
151.914352,118.283195,31.646053,87.251793
152.566833,117.676865,31.776312,87.255836
154.604248,116.101608,31.297983,87.257805
155.526611,114.138359,31.216019,86.599815
156.044434,113.936417,31.374886,86.913689
156.862900,111.935738,31.359322,86.614220
157.409592,110.539925,31.292110,86.997528
157.986465,107.796036,31.586023,88.550201
159.462540,106.546692,31.182415,89.848778
159.670685,106.155357,30.990747,90.074867
159.349670,104.208954,30.223692,89.891441
156.588760,100.120483,30.160793,91.712990
154.546722,96.944313,30.755020,92.194084
154.069153,96.446564,31.104561,92.490738
153.128006,96.388443,31.878389,92.454231
148.657333,92.487930,31.234980,95.003510
146.985519,91.698128,31.104071,96.374878
144.593445,90.372742,30.169659,96.519119
142.943344,91.215126,30.330471,96.694901
142.926956,91.809822,29.986658,96.721596
142.604401,92.074066,29.945713,96.789963
142.641510,92.100975,29.951971,96.836205
143.839401,89.386162,28.670542,97.732155
144.668533,88.135284,28.499327,93.822723
144.952240,84.167961,28.669928,91.107651
146.173553,84.856636,28.493456,89.735786
146.435410,84.612549,28.469151,89.658791
147.146515,83.718857,28.384819,89.921547
147.594604,83.543770,28.430775,90.126801
147.512054,82.424782,29.175425,89.643188
148.367615,81.589584,30.697807,89.698738
151.581223,79.334991,31.380695,90.103218
159.126511,75.822723,29.638294,90.257759
161.869431,75.911163,29.709393,92.981659
163.612854,83.591812,28.734013,93.704643
163.546204,84.468582,29.584511,93.874710
166.488480,87.159218,29.548328,95.631912
166.258957,89.240692,30.342625,95.160820
166.213989,89.402672,30.455534,95.642700
166.225006,90.098282,30.431606,95.880821
166.237396,89.985542,30.435181,96.435387
166.270203,90.022949,30.483971,96.456482
166.179688,95.237877,29.974594,95.536705
166.172272,96.246910,30.024389,95.734940
166.664642,97.641327,30.320642,96.681709
166.008865,99.649506,30.273817,96.342270
163.247574,98.705086,30.113363,95.863014
163.245575,100.487396,30.727304,95.347313
162.841782,100.966919,30.928715,95.232300
162.317474,101.620369,30.780739,95.737488
159.999969,102.397232,30.862583,95.932419
160.010559,102.206215,30.898891,96.548599
160.001312,102.437683,30.972368,96.889282
158.580872,104.499214,31.093748,95.899361
156.402420,106.939468,31.801716,91.637115
152.032822,111.992142,32.141346,91.563553
152.218689,112.347542,32.457394,91.662262
152.223373,112.487411,32.453762,91.948601
152.284866,112.536469,32.380089,91.897469
152.343094,112.585907,32.483669,91.961761
152.350494,112.605278,32.483952,91.960358
152.353806,112.719711,32.480015,91.881500
152.197052,113.239456,32.417240,91.689911
151.926575,113.540062,33.042732,91.904884
152.171417,113.524017,33.452194,91.829727
152.082687,113.164848,33.484749,91.814438
151.766983,112.257751,33.220108,91.744202
151.818848,111.680984,33.494534,91.187920
151.805359,110.777267,33.392319,90.649872
151.512894,109.162880,33.688339,90.144012
151.641830,107.609779,36.071262,89.171867
154.394516,102.176041,35.997150,87.443970
158.339096,101.063202,34.405987,85.048241
159.273254,101.004059,33.995132,85.030235
160.614273,98.702583,33.423454,84.373398
161.234863,98.705994,33.497990,84.389244
161.449081,98.429344,33.216557,84.407234
161.644791,98.438438,33.450420,84.456413
161.805771,98.012100,33.328430,84.272255
161.901138,97.980873,33.461063,84.646637
162.223114,97.235130,32.855545,84.835144
162.551941,96.509201,32.533531,84.915123
162.961838,96.339165,32.725933,85.004807
162.998840,96.708549,32.952057,85.280716
163.019043,96.762703,33.010643,85.414337
163.273788,96.784767,33.478146,85.427818
163.365326,96.728081,33.438507,85.307602
163.641724,96.787567,33.455585,85.078888
163.681122,96.975403,33.475441,85.396797
164.753464,95.077240,33.025944,84.954811
164.971588,95.103203,33.549889,84.902306
165.136612,95.028275,33.645901,84.519157
163.717514,94.226593,33.354767,83.312622
161.114883,93.591599,33.865639,81.946442
158.297836,93.718185,33.601460,79.875031
155.582291,93.762535,32.530411,78.506966
154.958771,94.263840,32.330708,78.494133
152.181290,94.890633,32.057125,76.621429
149.714539,94.987503,31.750938,77.062569
146.889801,96.486938,31.622509,76.571686
143.496368,96.913864,30.608835,76.342621
140.980331,96.267548,31.096130,75.414192
138.690369,93.248856,30.189379,77.413834
137.853104,93.207771,28.606937,77.874825
137.800125,93.100716,28.586632,77.376923
137.537338,93.115059,27.484324,77.843361
137.181351,92.884827,27.573002,77.804466
134.418823,90.372086,28.315750,79.772346
134.070236,90.385292,28.540369,79.999222
134.247772,90.371742,28.927105,79.954338
132.687515,89.594337,28.490931,80.188271
131.318848,88.419701,28.371490,81.415077
131.441483,89.002594,27.524710,81.043755
130.154633,89.622711,28.687212,81.372070
130.690399,89.710297,28.415504,81.587196
131.307922,90.649635,27.353083,82.870728
131.176773,96.062431,29.936464,81.049911
135.012375,101.887505,28.303871,81.522789
138.118622,108.868538,28.143972,81.027267
140.391525,113.606522,29.465445,79.345772
144.555649,120.960876,31.187614,74.815277
151.402496,122.982094,29.206312,74.302521
152.801559,125.414116,31.815536,73.547874
153.335815,125.504677,30.838066,75.088417
153.514709,125.672569,30.796616,75.508713
152.308838,121.999565,31.726202,75.618935
150.529877,118.264519,29.244356,75.250580
150.908920,117.021576,29.173620,76.351524
151.803009,114.364075,26.928127,76.177704
151.735916,109.350029,25.676020,75.467209
151.508713,104.926857,26.176350,75.169220
151.197769,103.715538,26.949600,76.130302
150.419846,98.524017,26.961508,76.965050
150.363205,98.079559,27.014971,76.900665
150.545685,97.847366,27.477989,76.889488
149.534866,95.986565,27.564642,77.321510
144.895035,97.270111,29.528128,76.867088
138.192429,97.729820,28.203012,75.798767
130.358032,93.073341,30.005671,83.457573
125.092178,89.605331,30.822926,86.007881
119.323868,87.778954,32.256866,87.563255
113.364334,81.833939,36.277756,96.291374
111.000908,80.041832,39.963108,95.513382
131.244537,74.301857,40.190094,96.687988
151.011108,68.055801,40.357471,96.819595
181.129684,58.961895,40.730831,98.103088
212.082932,51.461502,41.426517,97.844955
233.943512,48.260414,40.807045,98.961357
221.227829,47.076939,45.594524,95.226303
215.501450,51.746243,44.211761,98.112320
232.477768,46.960575,47.339169,98.606575
246.373398,40.086269,45.168510,105.853050
244.056107,34.939743,45.313610,111.030136
237.624680,40.101627,44.654053,115.583977
236.763519,41.977177,45.249146,117.425659
226.557434,36.833687,48.171116,128.666946
227.743530,56.868420,51.102894,123.357651
233.887695,59.173950,50.992920,125.384331
234.194748,64.107956,50.972675,134.020981
223.123840,76.767273,53.802612,131.759537
210.257858,96.205498,58.643837,126.923874
196.191727,105.558723,53.739201,125.740082
187.957977,111.779236,51.126385,123.686821
182.895630,115.758186,49.381973,121.582184
178.692047,117.395317,49.678833,119.980331
173.466827,114.945442,49.132977,122.369141
167.681305,112.215790,50.522865,122.674469
168.090591,110.122162,50.835449,122.551476
174.498322,108.221718,47.758472,127.001167
175.146317,107.320549,47.922791,126.385246
180.317627,103.173096,47.631107,125.319382
188.306229,103.443512,46.141987,126.982689
188.552231,103.799133,46.457447,125.965492
188.340805,103.504852,46.496422,125.872993
188.524261,103.013977,46.411247,128.872330
187.317581,108.953957,47.190548,125.169670
184.277603,112.835022,44.395962,126.155952
179.370651,115.149300,44.182823,125.778702
179.327164,114.962708,44.232624,126.053505
171.293365,120.967461,53.452934,122.754990
