1
155.104034,53.001984,90.279419,85.239464
168.601288,50.286240,86.927551,84.273415
179.601593,48.028122,82.709290,83.347397
183.144028,48.183331,82.646835,82.491249
167.779556,52.721973,86.307495,85.078728
153.914734,57.368099,84.557365,86.680679
150.178802,63.007389,85.108406,87.713768
131.108582,67.611832,89.202133,85.600159
117.787811,70.329979,85.928406,85.262718
121.257912,79.633293,82.320740,85.656937
125.565575,80.890869,81.333992,86.819473
131.440384,70.020729,81.225693,84.268494
154.051910,68.301765,81.710388,81.429047
178.360107,63.896187,80.039680,80.655243
189.192184,55.776169,79.195854,78.554565
183.554871,50.399654,76.788452,78.640770
184.659607,49.246449,76.308838,79.079857
197.969208,52.432812,75.976669,79.652809
212.515671,48.320866,74.715103,78.810150
227.811584,52.679924,73.283707,82.712669
256.486572,64.517937,74.378792,82.397957
280.338348,70.462517,74.017151,82.555183
271.197876,73.053680,72.223839,83.370964
268.109467,82.508865,73.728615,85.537102
281.355652,86.386360,73.392677,86.726532
280.429657,88.173302,74.115181,86.493584
252.545975,84.269745,77.060677,87.487244
225.613647,76.800438,76.206108,88.046112
218.421234,69.495529,78.573479,86.376076
210.670105,62.000462,79.684143,86.964981
200.261826,65.864861,78.482803,86.885780
193.286148,76.754112,79.968819,90.113174
196.464691,87.027618,80.755127,86.138519
193.983337,87.964478,80.587769,85.975609
194.629791,98.569267,79.198425,85.474487
201.663651,107.795280,78.350082,84.716705
196.485489,110.278473,75.986649,85.919624
217.954742,121.252380,76.178009,87.757225
243.255768,136.939957,77.313652,86.646225
258.596527,143.740631,76.006142,87.874016
267.462097,146.664627,74.850784,87.780266
278.697174,148.447433,74.040779,88.489395
272.347137,140.478653,75.888992,90.882584
264.925690,132.699890,72.942802,90.714134
257.927246,127.805168,73.951904,90.290604
253.873337,128.410706,73.907867,89.548782
248.056717,128.199783,73.289703,89.583611
233.032928,121.828613,73.232368,88.089012
214.824265,121.061600,71.849052,85.896027
198.957947,115.696121,73.179085,83.909760
186.828018,112.189850,74.885170,82.273926
171.144196,113.254295,74.026413,81.090721
161.792267,117.077660,71.278824,81.113876
154.901291,125.379494,72.990646,82.999336
149.522095,130.300674,74.437553,80.844048
145.415024,131.458740,74.283951,79.675003
145.922897,131.549149,74.793365,79.604767
146.027847,131.745422,74.964676,79.963821
146.050552,131.759659,74.968994,79.957718
147.318954,131.486572,74.835045,80.214096
147.812363,131.546677,76.001717,80.472031
148.271683,131.585129,77.367371,79.941879
150.264511,131.441925,77.353996,80.325714
151.999893,132.625641,78.210213,80.488724
158.258209,135.324768,78.046646,82.277176
159.170212,137.601944,78.948166,82.220818
158.930008,138.105560,79.619392,83.006920
161.315430,140.013077,80.585732,83.213570
166.498947,145.983124,80.882164,88.571014
167.122421,147.990204,81.855309,89.787338
167.401688,147.945007,84.089447,89.869331
165.980087,148.194229,85.555687,89.410400
159.682236,148.247009,90.398987,90.804176
158.856689,148.973587,90.810005,92.389366
161.598038,154.495499,89.175003,93.786263
164.103073,159.330353,90.646904,99.429558
163.118591,162.888504,91.801880,98.460648
157.743500,165.441940,95.383980,97.963539
151.475327,165.203613,95.632103,97.518684
142.654099,163.420685,97.160095,97.731583
142.745361,163.583313,97.491089,97.929604
141.333054,165.365662,98.789268,98.475105
135.711823,168.704498,102.571747,99.474419
131.821213,172.480362,105.070343,99.675423
125.930107,175.410828,106.501823,100.936356
119.350761,182.382965,107.131935,103.492172
113.346313,189.824173,108.815216,106.539154
108.144188,198.017181,110.554146,109.515213
104.325943,201.658096,113.007744,109.230392
102.896797,202.507324,114.118362,108.973495
100.420425,203.533936,114.860596,108.053497
99.601028,204.176788,115.280243,108.327583
99.722191,204.298767,115.435616,108.445000
99.769562,204.398346,115.433250,108.422401
99.799950,204.455750,115.442619,108.449394
97.162300,204.307709,116.237854,108.388618
97.839409,204.212936,116.263206,107.862617
105.203156,196.017990,117.278206,107.600586
109.864334,185.595367,118.340630,107.767792
110.996620,179.475189,118.075684,108.389748
109.469658,175.766357,116.791275,108.058510
104.384056,169.311752,119.259209,109.847275
102.258171,171.293060,119.270607,106.654831
94.752213,172.608093,119.615898,106.025246
87.257034,175.085678,116.995071,108.977226
82.782661,180.071350,119.238998,109.304146
80.859085,181.098068,118.994850,108.395821
74.662384,181.813126,118.236801,108.097771
74.063416,182.017914,118.321442,108.521904
74.149925,182.257263,118.441483,108.953033
74.161667,182.284882,118.419449,108.936966
75.673721,181.039398,118.589554,107.102432
86.852516,168.960861,117.575829,109.550232
90.964890,151.655197,113.706406,115.124176
90.350616,138.590927,113.284561,116.244652
95.817207,132.826553,114.855949,112.091362
108.052116,126.822960,115.545906,108.593452
113.811050,122.357330,114.740112,109.314674
120.190750,117.669258,114.774925,109.765450
132.529816,111.210274,115.109413,109.729706
142.619980,107.138260,110.159790,109.021072
142.707016,107.362068,110.456406,109.433311
142.738312,107.402191,110.481171,109.430260
148.401474,107.308891,111.782372,108.894600
152.126984,106.825317,113.990791,108.506279
153.131531,106.908905,114.459061,108.786613
156.589035,105.202904,113.701782,107.678444
158.136047,104.825386,113.766212,107.388763
158.381027,104.792137,113.964973,107.358482
158.427032,105.239014,113.876488,106.838860
158.486130,105.319878,113.943703,106.953896
157.638000,106.085281,114.148216,106.850708
158.690109,111.951424,113.743309,108.309082
160.648056,117.188110,112.225380,109.766350
160.818176,117.592819,112.422203,109.907013
161.218201,118.434113,112.509346,110.182587
161.626968,118.975945,112.992073,110.286453
161.630386,119.095810,112.942024,110.446442
161.662552,119.154358,112.939835,110.411240
163.207657,119.493347,112.750450,109.552979
165.209290,119.772446,112.477966,108.848038
166.845123,118.934044,110.658951,109.000549
166.121780,118.663269,112.943108,109.104980
166.322784,118.077431,113.045189,108.707321
166.518951,118.186882,113.460037,108.932495
166.536270,118.220932,113.443954,108.953033
166.552124,118.238800,113.446640,108.950012
166.576141,118.264099,113.443954,108.953033
166.606903,118.320114,113.438370,108.938072
166.641479,118.439217,113.437584,108.972061
166.686188,118.866264,113.523346,108.928734
167.147903,119.338829,113.835999,108.770828
167.314957,119.601250,113.949196,108.976982
167.825684,120.342667,113.937309,108.400467
169.356995,120.517044,113.938995,108.373817
170.909424,120.736618,113.965996,107.916328
173.761856,120.496681,114.989265,108.101677
180.950821,120.610298,116.648941,106.432594
192.632507,119.040802,115.934799,105.780334
203.003265,118.888710,116.609985,102.648598
210.840851,118.394890,113.941124,103.083275
210.867477,118.617760,113.939583,103.470383
201.005997,123.414879,114.866096,103.694954
199.010056,124.330383,113.312714,103.491241
199.025955,124.412262,113.560432,103.041420
202.512695,123.848663,113.049049,103.674179
202.762650,123.979523,113.382797,103.955238
201.961105,123.484543,112.573814,103.893013
202.153870,123.532425,112.947426,103.950287
202.177521,123.557564,112.944199,103.955193
202.181015,123.559654,112.953102,103.944443
202.199982,123.587105,112.944534,103.954674
202.237900,123.609413,112.948616,103.954697
202.260941,123.632355,112.944199,103.955193
202.286209,123.655045,112.944199,103.955193
202.311462,123.677742,112.944199,103.955193
202.194321,123.695045,112.988235,103.953209
202.199020,123.741348,112.938744,103.961945
201.147919,124.193428,113.095833,103.687569
200.333878,125.131195,113.722435,104.314499
199.581879,128.382065,113.089096,104.292213
199.584671,129.173370,113.358238,104.299957
198.682938,130.890366,113.661751,104.412361
198.250687,131.767624,114.467926,104.419434
198.254639,131.816895,114.450127,104.453438
198.234085,131.875168,114.471260,104.444374
198.245789,131.903275,114.443459,104.454971
198.271378,131.926071,114.443459,104.454971
198.314285,131.945770,114.449883,104.456619
198.401855,131.954376,114.418869,104.460358
198.708359,131.725037,114.653603,104.088676
198.759735,131.688675,115.381401,104.512062
198.922501,131.819763,115.494568,104.985161
200.815704,131.544098,116.321365,104.828911
201.905975,131.301987,117.752914,105.318588
203.196930,131.654816,118.688957,105.784950
204.308792,131.790894,118.972900,106.143494
205.322327,132.968384,119.297668,107.021004
205.541901,133.469330,119.430542,107.392639
203.833572,136.461533,122.211784,108.271645
