1
155.261353,59.433109,83.713921,82.463409
168.557556,53.509296,83.688950,82.817787
179.574097,49.659256,80.921539,82.682655
182.327515,48.999878,80.484573,81.888046
165.880142,52.794704,85.231956,85.043015
153.454880,57.630585,83.432755,86.210938
149.293091,63.459229,84.538017,87.504524
130.049103,68.205559,89.158867,85.421898
117.214943,70.476059,86.521233,85.289330
120.674538,79.998428,83.679382,85.544777
124.652946,81.014015,82.720123,86.445663
130.610504,70.532806,82.478096,83.595078
153.633514,68.382698,81.956612,81.628014
177.864685,63.526791,80.420547,81.363472
188.309891,55.434002,79.202744,78.630493
182.828247,50.309940,76.875580,77.297302
183.215088,50.113632,77.019310,77.489861
197.715561,53.360504,76.095993,77.269043
211.468430,48.630722,76.265541,76.514412
226.660339,53.739735,74.921173,79.824944
256.079315,66.408119,75.726341,80.157425
279.738647,72.226387,75.944878,80.764732
271.152527,74.821793,72.724518,81.440559
269.076660,84.531296,74.004288,83.178459
280.690460,88.052612,74.757866,84.281181
279.532074,89.998306,75.749367,84.015533
251.200623,85.861420,78.778084,85.338310
222.454666,77.081665,78.613777,86.501877
214.923981,69.787148,82.089531,85.260727
207.941803,62.689064,82.264488,84.585548
198.665634,67.480919,81.219711,84.809677
192.910904,78.460014,80.755180,87.330666
195.841324,88.529495,81.602036,82.517639
192.984436,89.615562,80.855721,82.808815
194.063797,100.574585,78.693115,81.764061
200.774185,109.861336,79.206261,82.297333
195.229294,112.720200,78.031380,82.667747
218.330551,124.373055,77.427452,83.804260
243.787918,140.201508,77.910194,83.389061
259.676941,146.152832,76.888275,84.929359
268.798035,148.417908,75.052956,85.940765
279.345428,149.146149,73.862434,85.023079
272.082336,140.954239,76.939880,87.141182
263.751160,132.983917,74.623146,87.101402
258.255829,128.443497,74.829300,86.848053
254.367218,128.749802,74.362747,86.456932
247.930206,128.328003,73.503403,85.726585
232.608627,122.127625,73.683235,83.978973
215.761826,121.531799,71.045830,81.729546
199.745056,116.201584,71.770546,80.261147
187.198334,111.916260,74.118690,78.990639
172.237976,112.778801,72.550247,78.782295
163.008255,117.162186,69.719513,78.288460
156.437653,125.941597,71.195938,79.383919
151.488495,129.942596,72.294525,77.590240
147.904861,131.041245,72.273186,76.601967
148.050232,131.245544,72.503700,76.929924
148.343079,131.281372,72.993317,76.950485
148.344711,131.306351,72.963951,76.966820
148.711304,131.208969,72.983147,77.127617
149.025986,131.360123,73.843224,77.423332
149.300079,131.430267,74.525177,77.245049
151.788559,131.420242,74.711983,77.872261
154.483078,132.856018,76.117134,78.362549
159.924088,135.994400,76.712952,81.404427
160.725784,138.187286,77.652016,81.351288
160.891327,138.264999,77.980530,81.493256
162.599808,139.446594,78.504570,81.719772
168.586731,144.709579,79.330200,87.320648
168.707123,146.599915,80.537781,88.088539
168.477280,146.675980,82.514610,88.647003
168.113037,146.901443,83.206734,88.850258
161.059006,147.399643,88.613617,89.854172
160.008469,148.378403,89.362587,90.881973
162.174896,153.363266,88.739265,92.217674
166.180634,158.902023,91.760941,99.090721
164.311081,163.635986,93.460526,98.306976
158.209793,165.695511,95.983231,98.385239
151.646118,165.512268,95.862129,98.186142
142.624542,163.121582,97.507156,98.362175
142.604370,163.261688,98.138374,98.324295
140.674637,165.567200,100.556335,99.171791
134.589691,168.700867,103.504204,100.798172
131.522659,171.744278,105.103569,101.037155
126.184097,175.137177,106.776871,101.320930
119.255226,180.679916,107.669624,105.219467
113.629349,189.266006,108.280396,108.584145
108.364220,197.156265,110.290138,111.102158
105.256371,201.200134,111.622826,110.387077
103.823456,202.210831,112.564278,109.829575
101.548737,203.178513,113.331024,109.180054
100.530807,203.907425,113.906998,109.266205
100.583199,204.053421,113.938011,109.441689
100.631927,204.213638,113.942917,109.404259
100.643875,204.338333,113.950241,109.449623
98.972672,204.404373,114.454483,109.270935
100.130264,204.320343,114.075996,108.216736
107.683640,197.538818,114.330460,107.632301
112.776207,186.334061,114.278816,108.575333
113.966301,178.947357,114.263092,109.327156
111.872421,175.922958,113.899590,109.054367
106.985039,169.584305,115.946388,109.857918
103.365654,171.435364,116.618889,106.618256
96.387352,173.043533,116.833084,105.759468
89.999336,175.916153,113.981850,107.412674
84.779274,181.556717,115.740074,106.104881
83.537697,182.086563,116.312401,106.169662
77.573280,183.188492,116.787971,106.164635
76.387108,183.415054,115.991882,106.853256
76.383667,183.493454,115.953117,106.927940
76.385025,183.525513,115.939133,106.945648
76.862259,182.277115,116.240509,105.130623
87.401344,170.824722,115.871979,106.211136
92.479782,153.521027,111.691299,112.194511
91.291389,140.298309,112.219719,112.211754
94.477959,134.186356,114.207291,107.270912
106.382507,128.228104,115.497658,103.581650
113.284554,123.536560,114.780304,104.928520
118.912453,118.233360,113.878227,105.099388
132.396698,112.005699,114.350746,105.669014
140.286697,108.203575,110.446068,105.698982
140.311081,108.354378,110.445435,105.954330
140.343567,108.380936,110.464722,105.942383
145.929794,108.361069,112.013466,105.747269
149.324783,108.159096,114.296455,105.292061
150.918060,108.011681,115.448662,105.384674
153.897644,106.163597,115.037453,104.655930
156.330933,105.891945,115.430099,104.339783
156.653824,105.771805,115.515411,104.114670
156.895081,105.974167,115.940651,104.445503
156.923828,106.011726,115.940872,104.450325
156.276077,106.556534,115.994392,104.442558
156.985733,112.159966,115.671028,106.937431
158.419785,117.394402,115.194389,109.428574
158.692093,118.135696,115.404701,109.462273
159.443237,118.974854,115.158035,109.767807
159.932800,119.456932,115.417847,109.880150
159.992767,119.621048,115.411385,109.873100
160.034378,119.684807,115.442963,109.952606
160.907104,119.959908,115.393730,109.160172
162.487045,119.903748,114.930305,108.902718
163.772369,119.634575,113.451492,108.835152
163.279800,119.085327,115.048523,108.791710
163.600754,118.992584,115.424706,108.652893
163.585953,119.051399,115.486473,108.858910
163.637299,119.255348,115.377075,108.572174
163.696060,119.469566,115.442963,108.953033
163.721878,119.493347,115.442963,108.953033
163.756897,119.572266,115.434883,108.933876
163.789948,119.624435,115.439651,108.944298
163.837158,119.902313,115.468803,109.100670
164.869797,121.528603,114.943588,109.064545
165.125046,122.018188,115.062164,109.218018
165.804993,122.297058,115.503082,109.398819
167.907074,122.535248,116.316963,109.149757
170.665833,122.860634,116.455238,108.737732
173.164001,122.749443,117.368202,108.426628
179.794846,122.191605,117.980949,106.935326
191.004822,120.793167,117.241753,103.801537
202.108643,119.736290,117.223679,102.155388
210.566010,118.939957,114.350822,103.145149
210.637878,119.118851,114.443100,103.456856
201.462830,123.363594,114.976585,103.901451
199.411652,124.175858,113.312714,103.491241
199.427551,124.257736,113.560432,103.041420
202.914291,123.694130,113.049049,103.674179
203.137100,123.857330,113.443954,103.955193
202.694473,123.374603,112.871284,104.052574
202.684631,123.549614,112.926048,104.436295
202.688446,123.557114,112.955833,104.441696
202.676926,123.559410,112.956100,104.442245
202.696228,123.588577,112.944199,104.454971
202.723053,123.611702,112.944748,104.454575
202.748047,123.634705,112.944199,104.454971
202.766876,123.655350,112.945374,104.453186
202.791550,123.679047,112.944199,104.454971
202.712448,123.715965,112.981277,104.453857
202.714676,123.743530,112.947372,104.454239
201.330673,124.442726,113.037460,104.252373
200.335815,125.641350,113.697762,105.172440
199.199936,127.652176,113.782532,106.655579
198.992508,128.467041,113.971291,106.890350
198.576218,129.552933,113.797012,106.551666
198.338943,130.532623,114.177460,106.610428
198.482056,130.748001,114.455643,106.947502
198.469772,130.803253,114.464897,106.942474
198.484650,130.832321,114.443459,106.953896
198.510254,130.855667,114.443459,106.953896
198.536911,130.878799,114.443871,106.954010
198.647446,130.898270,114.434700,106.944443
198.778076,130.896988,114.485596,106.898552
198.511322,130.544342,116.415634,106.913338
198.578156,130.584061,116.448639,106.954857
200.506561,130.188797,118.087799,106.896873
201.530563,130.226349,118.777313,106.972260
202.685577,130.611450,120.562469,107.285576
203.355743,130.751572,120.928574,107.493401
204.052856,131.376968,121.134964,107.916100
204.700302,131.989288,121.415466,107.961075
203.103241,135.980057,124.139084,108.502869
