1
155.804108,47.664970,91.092949,94.721420
168.115356,46.608582,89.538231,92.517303
178.425385,45.067490,87.406181,89.906227
182.862854,45.721687,85.997330,87.108337
167.509369,49.722439,89.250908,89.733017
154.539948,54.383030,85.386871,91.722870
151.749008,59.968971,84.680229,92.180367
134.545471,66.180016,85.751572,88.130249
120.309013,69.054367,82.253410,87.594391
123.394379,78.193214,78.982277,88.351418
127.021721,79.166916,78.444931,88.582069
133.646103,69.276733,77.498398,86.385513
156.434830,67.120445,78.780334,83.861229
179.709595,62.497570,77.762161,82.867950
190.130859,54.660561,77.278412,79.507294
184.527969,50.045933,73.924232,79.750748
185.414154,49.310848,73.743973,80.129410
199.036469,52.817707,74.281799,79.836456
213.017471,48.306210,73.978180,78.727844
228.426575,52.561207,72.290421,83.147522
258.127197,65.612869,73.707420,83.002312
281.817871,71.312988,73.319420,84.183464
272.438293,73.701599,70.820633,84.456276
269.275635,83.455963,71.930779,86.535889
282.146667,87.017349,71.482635,88.040451
281.277435,88.518654,71.832489,88.155960
252.910873,84.828537,76.027321,87.574829
225.493988,76.409569,75.552078,89.036568
218.866943,69.173157,77.750458,86.854294
211.723175,61.939880,77.896614,86.705406
201.109100,66.303017,77.255096,86.576782
194.650558,76.997849,77.523064,90.141701
197.673843,87.748764,78.776482,84.663116
194.654541,88.804169,78.628593,84.359947
195.771149,99.815948,77.007057,83.679482
202.362869,109.159042,77.699211,83.096581
196.775055,111.589287,75.880737,84.189499
218.759521,122.787186,75.846771,85.596603
243.869446,139.202072,76.400261,84.952484
258.753082,145.643158,75.692238,86.186470
268.172455,149.255112,73.494278,87.548584
278.540405,149.705399,72.670639,88.531853
272.377869,142.131409,74.998634,90.960136
264.001038,133.775787,72.897293,91.587402
257.166656,128.565872,73.598846,92.201912
253.202606,128.332153,73.614586,91.891487
247.618744,127.739807,73.322731,91.665947
233.642517,122.179123,72.276054,90.199066
215.023636,120.447563,72.278763,88.380730
199.102875,114.941643,73.066986,86.958931
186.753128,111.296349,75.184044,84.856201
170.950729,113.079521,75.166573,84.227745
161.562210,117.099449,72.559952,83.782005
155.309830,125.331718,74.039658,83.893883
150.688324,129.872742,75.133263,81.750938
146.327744,131.248260,75.786438,80.059532
146.570847,131.412506,77.697746,79.819046
146.726639,131.502823,77.959938,79.965775
146.765717,131.506607,77.973648,79.929474
147.109833,131.471054,77.795341,80.002380
147.404602,131.721603,78.126045,80.365868
147.753235,131.831360,78.733772,80.142723
149.220856,131.870224,78.997849,80.684311
152.185394,133.305023,79.892090,81.149292
157.907303,136.784317,80.032402,83.507935
158.386887,137.570709,80.852661,83.791534
158.442932,137.785934,81.016769,84.016212
160.939972,139.548141,82.042160,84.175697
166.152100,145.713959,82.254295,88.335815
166.377228,147.618286,83.496613,89.163437
166.628693,147.617859,85.041550,89.362679
165.813995,147.741043,85.838051,89.237549
159.031921,148.105957,91.534363,90.753082
158.482452,149.033035,91.962219,92.051468
160.564270,153.834351,90.695259,94.267761
164.174652,159.471054,92.730118,101.264153
162.239868,164.255997,94.390816,100.024200
155.952362,166.087250,98.316566,100.158379
148.744476,166.470932,99.530731,98.997261
139.410507,163.246674,101.716621,99.380089
139.497711,163.332672,102.000298,99.386612
138.643936,164.824783,103.477928,99.926552
133.392975,167.757553,105.812065,100.608940
129.350616,170.917709,107.800461,101.287933
123.392525,175.650879,110.268349,101.220619
116.400887,181.544830,110.635658,103.935448
109.635231,189.629715,112.543938,106.391403
104.859543,198.171616,115.038155,108.794487
100.428513,202.686478,117.528534,108.704216
100.166489,203.117645,118.204384,108.749687
98.286659,203.867004,118.445580,108.379295
97.944847,204.078171,118.550995,108.388367
98.191391,204.190903,118.933670,108.445396
98.264252,204.401825,118.919411,108.410828
98.304298,204.462936,118.936699,108.448387
96.164703,204.359253,119.527618,108.433922
97.887680,204.434006,118.995163,106.293602
104.639771,196.229675,119.646652,106.903946
109.373444,186.181229,120.937637,106.353371
110.864059,179.835495,119.725937,106.628433
108.885475,176.652618,119.419067,108.051804
104.620644,170.625168,120.917465,109.060883
101.248955,171.435349,120.530334,107.537727
93.187454,173.158188,120.561104,106.524666
86.676491,176.495880,116.554779,109.282387
82.043396,181.664917,118.759209,108.929733
81.432564,181.918655,118.999222,108.723396
76.572441,182.432495,118.472351,108.677971
75.376114,182.569092,118.115402,109.178444
75.580666,182.794022,118.415703,109.319466
75.559280,182.873154,118.426483,109.429298
76.219727,181.253326,118.469978,108.113098
86.071854,169.449692,118.191055,109.939224
90.831055,152.690094,114.512375,114.376701
90.546768,139.424088,114.436111,114.864159
95.123451,133.953781,115.591248,109.762131
107.199593,127.330254,115.767151,106.688110
113.408432,123.339088,114.977348,107.544487
119.165924,118.313385,113.989189,108.735023
131.523148,111.744400,114.908272,108.250755
140.925095,107.489601,110.016762,108.278801
141.164124,107.600502,110.445435,108.453247
141.218079,107.625671,110.473816,108.439880
147.452698,107.748169,112.493935,107.780945
151.306091,107.373627,114.996124,107.510300
152.491318,107.409950,115.170441,107.838387
155.882599,105.414101,114.964127,106.654602
157.768265,104.629425,114.380791,106.181038
158.019897,104.641357,114.486458,106.183655
158.035324,104.874466,114.426208,106.341629
158.067627,104.973320,114.443642,106.442871
157.614136,105.403702,114.460228,106.521461
158.510239,111.434471,113.743309,108.309082
160.468185,116.671150,112.225380,109.766350
160.744629,117.662506,112.427620,110.162498
161.107895,118.502808,112.361076,110.544678
161.247101,118.925941,112.454720,110.835152
161.267426,119.010567,112.444130,110.951302
161.298843,119.058037,112.439590,110.919701
162.715668,119.422813,112.165970,109.842987
164.604462,119.383865,112.186127,108.977554
165.602219,119.020683,111.269447,108.815880
165.318573,118.591553,112.354614,108.681473
165.479263,117.987564,112.518768,108.128761
165.708252,118.163086,112.949005,108.449036
165.731110,118.188866,112.944199,108.453247
165.756378,118.212540,112.944199,108.453247
165.781631,118.236214,112.944199,108.453247
165.811371,118.286705,112.939552,108.440796
165.845749,118.408859,112.942802,108.451118
165.825974,118.697784,113.263145,108.499672
166.204422,119.189240,113.365456,108.606110
166.351303,119.506630,113.454033,108.953239
166.855881,119.863556,113.497391,108.895409
167.808670,119.963463,113.407913,108.954704
171.337906,120.575829,112.997650,107.875656
174.193405,120.468239,114.522240,108.114571
181.615875,120.575409,116.648941,106.432594
192.844299,120.274162,115.816231,103.978722
203.174347,118.934288,116.313843,102.101677
210.372787,118.597176,113.573402,102.164368
210.583771,118.778214,113.940186,102.465584
200.858917,123.024910,114.687569,103.233917
199.039383,124.024963,112.925514,103.190361
199.046661,124.209175,112.988266,103.316376
202.900360,123.238823,112.447899,103.798134
202.923782,123.340042,112.444443,103.955193
202.562958,122.943695,111.921623,103.993988
202.568878,122.935333,111.949348,103.946960
202.583496,122.959427,111.946167,103.952927
202.591843,122.974503,111.948883,103.950378
202.614792,122.999603,111.944695,103.955193
202.646011,123.022118,111.946640,103.954773
202.670074,123.045013,111.944695,103.955193
202.695114,123.067711,111.944695,103.955193
202.720154,123.090401,111.944695,103.955193
202.664948,123.113533,111.974144,103.950455
202.674988,123.147606,111.942032,103.966087
201.901672,123.489441,112.093491,103.768478
199.312225,126.496704,113.927650,104.741295
198.624146,127.627571,114.028976,105.369759
198.671875,128.537079,114.288086,105.144852
197.656494,130.924973,114.770782,105.473206
197.462234,131.936234,115.173180,105.046654
197.544434,132.255188,115.538307,105.413559
197.738510,132.327530,115.965149,105.445885
197.753235,132.354874,115.942719,105.454544
197.779160,132.377899,115.942719,105.454544
197.824066,132.401443,115.962929,105.446266
197.889038,132.403687,115.934097,105.463226
198.199402,132.224945,115.892273,105.366264
198.474640,132.097382,116.654434,105.272583
198.669189,132.163589,116.964745,105.442810
200.460846,131.889481,117.478050,105.351418
201.863098,131.684891,119.127632,105.642700
203.280151,132.211517,120.709641,105.943115
204.323517,132.265976,120.650711,106.000511
205.371582,133.119003,121.266571,107.263474
205.688461,133.693649,121.405075,107.436340
205.029999,135.724060,122.925056,108.275337
