1
85.685577,94.951637,35.974384,46.748638
91.448830,97.882446,35.537376,44.112034
97.345055,98.238960,35.044525,44.568527
102.409813,98.906723,34.357792,44.290688
109.225090,101.123207,34.730713,42.416500
115.539375,102.787193,34.404057,41.272625
122.288521,104.430305,33.018940,40.970726
129.359055,104.183418,31.739855,44.068340
134.275391,102.689857,31.967121,46.229393
139.837402,100.705154,31.344891,46.883785
144.480103,102.143692,31.419437,44.049995
150.576187,102.813004,30.519726,42.463936
157.237915,103.883865,30.111074,43.199455
164.328903,103.993660,29.484003,43.740906
170.270706,101.712753,29.006647,47.236584
176.169876,100.239227,29.476042,47.789738
181.982117,97.809166,29.056393,49.881569
188.151001,97.138138,29.228765,49.833183
193.274139,96.932152,28.625584,49.854507
198.740387,97.773827,28.988594,49.966061
202.757324,100.713783,28.638718,48.756607
205.185211,101.116203,28.793684,48.981571
204.716125,99.999756,29.118589,49.520260
203.573975,99.339752,28.707268,49.855545
201.612000,99.230232,29.615513,48.727898
198.175369,97.439972,31.311777,50.482929
193.600418,96.926537,31.868675,50.277737
187.193893,96.252266,32.775059,50.529869
181.053589,95.427704,32.733067,51.547573
172.524475,93.906685,33.405350,55.209290
164.888611,95.069916,32.607658,54.988766
155.256073,96.678688,32.393982,53.557907
142.718018,97.917236,33.242947,52.674736
131.718124,99.035553,33.136684,52.540878
123.172905,99.104713,32.751019,52.936424
117.246216,98.090698,32.789459,52.317177
111.072845,97.099747,33.738739,51.804020
107.613579,97.391449,33.862202,50.833088
107.298332,97.396759,33.964321,50.759747
108.659615,96.181267,32.401512,51.052692
112.201263,97.491333,31.580469,51.467411
116.674477,98.788010,30.652876,50.486290
122.494225,98.487999,30.933662,49.501987
128.108658,98.766411,30.793556,48.712349
135.356644,98.491570,30.909348,48.529739
141.638382,98.931747,31.041351,47.619530
149.937561,100.951378,30.821602,45.711235
159.523071,103.380409,31.294308,44.046562
169.015457,103.802353,31.086765,43.206123
178.916611,103.173576,31.700294,43.084732
188.070557,102.550880,31.712112,46.404099
196.061935,101.224571,31.804550,47.861927
202.973801,100.851227,31.337589,49.575367
206.500061,101.502609,30.491236,50.540451
205.181198,103.032326,30.419107,51.133430
202.730240,104.404976,30.171246,51.443104
196.408020,105.658646,30.322439,51.136688
188.458511,104.186607,30.251324,51.761845
177.139328,104.031013,30.458046,51.778915
163.919434,103.662003,30.954762,50.901535
148.801315,103.090302,31.093243,50.368614
136.908493,103.782974,31.299822,50.804993
121.164711,106.977837,32.773872,48.176064
112.533295,106.794380,32.287724,48.877018
104.377274,106.731628,32.649387,49.665409
96.705185,108.843109,31.673409,50.833084
93.063141,109.215042,31.540810,52.787140
89.120796,110.202744,32.095314,52.518036
86.843636,110.200806,32.649277,52.508228
84.254944,111.226692,33.667038,52.450867
82.263855,112.155785,34.487762,51.206772
80.426521,112.626602,35.104027,51.115513
80.598129,112.803879,35.492867,51.469761
81.433052,112.683609,35.024357,51.572968
83.741364,113.656059,35.367592,51.234497
86.490479,113.415413,35.370823,49.840466
93.275749,112.791557,34.889820,50.352169
101.669014,111.249405,34.024212,49.381550
112.402275,110.150551,35.498337,46.830620
124.079338,107.293404,34.499390,45.666149
139.824570,99.213585,32.890617,52.387875
154.872131,99.422646,34.561756,51.094002
171.112564,98.136383,35.552544,50.678539
185.167267,99.089600,35.002750,51.954674
197.348221,100.032166,34.586002,55.434654
204.785492,104.230446,34.066101,56.536705
209.757111,108.276314,33.087303,55.717960
210.480042,110.027405,32.083763,55.600483
209.010437,111.484581,32.655159,55.196804
206.535400,113.864807,33.693047,53.774418
204.251831,112.807938,33.862877,54.305515
201.593582,111.703316,33.333965,55.355072
197.825989,112.373947,32.996151,55.720509
192.603439,114.663383,33.138706,55.745766
184.801666,116.313232,33.644836,57.854134
176.498306,118.539688,34.429028,56.323227
164.552078,115.948807,35.186848,55.668648
151.569641,108.839218,35.656097,55.692055
135.148026,104.815384,35.950668,56.144806
118.287270,104.217323,36.313499,56.229042
93.920395,115.123550,39.050594,52.021332
81.396812,113.648758,38.407978,58.228977
71.162102,113.602554,37.053215,60.116104
65.194122,111.624100,36.031143,61.328522
59.151920,113.469856,37.742638,60.492004
51.562336,114.342339,38.929466,59.103477
44.348240,114.245644,38.061420,57.250347
36.875736,114.375229,37.157726,57.343956
27.609089,117.350517,37.158291,56.881676
19.913342,114.170403,37.505573,57.722679
14.377478,109.102409,38.200508,56.184776
3.087873,98.346176,40.104019,54.254627
0.000000,95.415268,39.353050,56.316242
0.135751,100.094604,37.275425,56.938168
1.235639,115.177864,38.326752,54.722031
7.505327,127.264252,38.610806,56.645641
14.320433,133.939682,40.489742,56.781456
21.592922,135.500031,42.185284,59.177849
31.013733,136.588211,42.388100,59.166084
34.673466,136.249786,41.339149,58.245335
39.506058,133.916565,39.721516,59.092712
43.537170,130.447525,39.692398,57.992119
48.632751,129.171616,39.131584,55.442337
51.546688,129.090210,39.294964,53.889427
55.215862,129.242218,39.467953,53.531296
60.085781,130.001968,39.013332,52.562870
66.935303,132.226273,38.967564,50.112129
74.956512,129.924973,37.641102,51.303177
81.662086,124.784370,37.149963,51.505161
90.192459,116.633179,37.174118,52.499172
98.808006,106.094437,36.648891,55.398495
105.642014,99.551514,36.738636,55.414169
107.525215,94.797455,37.315014,55.551937
107.505943,94.707809,37.428722,55.612652
105.546783,95.530548,36.610996,55.389336
99.418045,97.068710,36.388573,55.552502
93.367874,99.270149,35.637585,56.036346
88.195778,100.815964,35.433781,56.072948
83.671295,101.280457,34.391106,56.467484
79.576004,99.390594,33.910259,56.896969
76.601929,99.616974,33.292271,56.142738
74.786880,98.206596,33.165558,54.966869
74.948654,98.463333,33.403141,54.424007
75.032005,100.045830,34.009525,52.762203
76.936089,101.313545,34.562641,51.221195
80.865547,102.718040,35.261002,50.942112
87.303078,104.288963,35.917885,48.911819
93.754227,108.518341,34.959335,47.290527
102.675095,109.602097,34.310883,47.182098
110.389839,104.925148,35.990005,50.230244
118.746902,105.618820,34.566048,49.616791
126.186913,103.073349,35.366859,49.799286
131.101105,103.138100,34.373737,48.184151
134.845169,100.968575,32.279076,50.178967
137.077652,102.970451,34.025261,51.231659
137.627365,103.011703,33.946091,53.574070
133.633072,103.140274,36.035835,52.527538
130.687897,105.313187,36.546955,52.371944
127.002907,104.836952,35.743084,53.219276
123.328735,103.930138,35.232635,53.069668
119.891373,103.038254,35.507927,51.229340
117.895599,99.120506,35.917862,51.088352
119.029915,99.753548,35.014164,50.778217
121.914452,97.754662,33.955658,52.080788
127.272339,99.067635,33.995060,50.924755
132.869232,97.971840,33.189583,52.376427
139.561798,99.007462,33.238411,53.627651
149.077911,96.481377,33.655659,58.279350
155.648651,96.202072,33.536831,58.018749
163.262405,93.594002,33.032104,61.257809
168.199356,95.456367,34.465305,59.640411
