1
81.516472,94.498375,37.311459,49.329735
89.157959,96.334305,36.597424,47.912075
97.035980,97.061539,34.705650,47.754494
101.599625,96.457062,34.111591,47.594620
108.514290,99.858025,35.019573,44.679150
114.967247,101.526176,35.605663,43.513409
122.020721,102.936142,34.137817,43.308296
128.391708,99.715721,33.722435,51.306999
133.160309,97.958496,34.513405,53.237366
139.207138,96.318977,33.262402,52.550629
143.571747,99.218285,33.544445,48.326572
149.988586,101.369995,33.608242,44.709866
157.068375,101.845596,32.285576,45.769379
163.979568,103.018456,31.297432,45.785446
170.162964,100.511780,30.729527,48.614822
176.255707,99.283012,30.449806,49.071533
182.434387,98.666885,28.994486,49.905693
188.244476,97.784859,29.121222,49.838676
193.421387,97.576126,28.625584,49.854507
198.705063,98.121925,28.743397,50.047459
203.339676,100.528908,28.376263,49.579823
205.512146,100.622734,28.557711,50.479061
204.573013,98.873276,28.735455,50.869907
203.313522,98.248100,29.009476,51.336975
201.582108,98.414352,30.079653,49.540169
198.090851,96.894104,31.227947,51.286545
193.672699,96.565613,31.751724,50.900612
187.554886,95.532227,32.657364,50.854546
181.120987,95.513840,32.712124,51.073322
172.669846,94.638618,33.235291,53.397961
163.588760,97.500870,34.009449,52.115467
154.203827,97.794724,33.869934,51.748173
142.043762,98.951324,34.316212,51.041756
132.101379,100.027115,33.816605,50.274532
123.035736,101.355431,33.135422,49.747406
116.011894,98.198547,33.866528,50.780254
109.942711,97.618797,34.514946,50.518902
107.512756,98.950630,34.599277,49.431980
106.806870,97.133598,33.691254,49.691753
109.095245,96.459534,32.616875,50.615993
112.569595,97.427017,31.877262,51.613930
117.200592,99.065056,30.858906,51.058842
122.823624,98.830315,30.605278,50.836647
128.724442,98.869972,30.998289,50.260315
135.256592,99.148689,30.982639,48.938869
141.501678,99.384300,31.041351,47.619530
150.760818,101.220016,30.944180,45.859844
159.642853,103.271057,31.249292,44.355801
168.279221,103.660294,31.059587,43.809204
178.423569,103.132446,31.456009,43.568306
189.109146,103.324013,31.416553,45.966629
197.119965,101.308884,31.303474,47.732079
203.831619,100.905930,30.709929,49.989491
206.891479,101.862381,30.626637,50.842102
205.676285,103.621071,30.668348,51.001213
202.463379,104.292755,30.657249,51.758053
195.584549,105.774460,30.993269,50.973598
187.369202,104.366364,30.535530,51.936840
176.575623,103.491104,30.698839,52.341858
163.272888,103.050491,31.526602,51.437275
148.701843,102.705650,32.078468,51.218758
136.943268,102.323494,32.144917,51.880829
120.495453,106.319557,34.679520,48.026508
111.427139,105.902786,33.774548,49.011448
103.468430,106.552727,34.800804,49.392727
95.771759,108.283051,33.172390,49.933975
91.814209,108.441422,32.051231,51.044102
87.887611,111.348030,32.779900,50.229961
86.191101,110.848953,33.031197,50.598400
84.085495,111.530380,33.717392,50.997547
82.349426,112.174255,34.186649,50.159912
80.525558,112.446754,34.999672,50.311256
80.435249,112.743080,35.023605,50.295658
81.498940,113.099579,35.030544,50.569786
83.858170,113.748741,35.103649,50.285046
87.165627,113.597664,35.108288,49.940147
94.047630,112.704254,34.367905,50.345268
101.734428,110.446259,33.797615,49.729736
112.386536,109.179977,34.623520,47.557137
123.866714,107.112129,33.939793,46.091522
139.375793,98.788544,32.291058,53.449532
154.991028,99.806244,33.767986,51.912067
170.335922,98.947914,34.698853,50.381481
184.680420,101.603493,34.574577,50.404987
196.537094,103.070572,34.093708,52.843719
204.522400,107.189819,33.355530,54.163227
209.621216,109.988213,32.212051,55.236546
210.418076,110.666748,31.570023,55.291870
208.862610,111.746613,32.192585,54.665646
206.075989,113.543770,33.694485,54.001755
203.621750,112.540451,34.060646,54.729790
200.845978,112.019135,34.100937,55.243668
197.275620,112.889435,33.872196,55.629505
192.452408,115.469635,33.549088,54.942001
185.325409,117.250191,33.903976,56.605995
175.789169,118.657059,35.324001,56.538639
163.696213,116.259773,36.306229,56.155914
151.138367,108.992310,36.027657,56.868500
134.584976,103.469406,36.273365,57.790092
118.236710,102.844398,36.714466,58.076649
93.707016,114.171371,39.936909,53.817001
81.230560,113.722031,39.201813,59.037224
71.093758,114.064934,38.188038,60.548309
64.908234,112.147736,36.976368,62.188694
59.524677,114.707138,37.522873,59.978394
52.118893,115.988289,39.294872,57.543976
45.049217,116.469872,38.466507,54.887699
37.344311,115.623573,37.688320,55.309246
27.597153,118.988113,37.485695,54.393345
21.358484,115.940979,37.300449,54.633015
15.877748,110.164146,37.100391,54.400394
4.578287,99.233589,38.391964,52.653240
0.720744,96.038574,38.032967,55.812202
1.001457,100.797211,36.720947,56.016693
2.110295,115.470665,37.443546,54.641273
7.577082,127.299713,37.748615,57.087620
14.304916,133.767166,41.181664,58.409164
21.628225,135.734436,43.634247,59.134789
30.591312,136.777771,43.765553,57.834938
32.572376,138.016876,43.303482,54.982639
39.603767,135.546417,40.864223,55.708755
43.259781,132.310913,40.209503,54.522953
48.440842,130.786835,40.778709,53.128071
51.898960,130.414154,40.669868,51.973713
54.642437,130.692780,40.724289,51.653732
59.828415,130.854233,39.958618,51.961765
66.683006,132.761856,40.014454,49.188446
74.229614,130.349396,39.431370,49.559059
82.646233,125.665497,37.667053,50.625870
91.149063,116.942307,36.905708,51.919197
99.968201,107.254021,35.367336,54.269325
105.899315,101.936562,35.069691,53.207840
107.974396,97.693825,36.041546,52.821159
107.892776,96.808823,36.269241,53.188496
105.315460,97.235809,35.867111,53.041317
100.049164,99.013283,35.049793,53.915974
94.381058,101.528351,34.945148,53.129387
89.272346,102.437950,34.442688,53.355240
83.695961,101.837830,33.660061,55.148106
80.137169,100.938370,33.160732,55.827244
76.713997,98.995499,32.960083,55.973988
74.762619,98.214844,32.838585,54.884449
74.824692,98.705315,32.983513,53.980804
74.970383,100.625298,33.461151,52.055389
77.352066,101.500839,34.008949,50.327980
80.140297,102.401993,35.014553,49.499283
87.447540,104.321098,35.373787,48.296757
94.271500,108.160477,34.937614,46.998177
103.307999,108.420631,33.994198,46.668247
111.874138,103.763496,34.137463,48.900284
120.159615,104.981758,33.812828,47.043232
127.343102,102.706223,33.264153,47.131119
132.342682,103.066460,32.229465,46.645969
135.358612,101.230881,30.292070,49.467045
137.798080,102.730927,31.371071,50.674801
139.521469,104.223709,31.500032,51.936924
134.792099,103.838173,35.146442,50.593384
131.077606,105.151497,35.268921,50.670609
127.128075,106.339615,34.277733,51.549324
124.194931,104.512459,33.557659,52.588268
120.375572,102.992149,34.019741,51.154858
118.547279,98.237587,34.615723,51.864174
118.576538,98.352516,34.852264,51.767437
122.285370,96.547768,33.368038,53.829376
127.084747,97.761192,33.546604,53.383476
132.991364,96.472183,33.143284,55.166004
139.859726,97.172546,33.365936,57.455887
148.421539,94.959496,33.056759,61.037708
155.900391,95.028069,33.588860,61.200603
162.423813,95.622192,33.970894,61.170799
167.824966,96.835533,34.466667,59.832470
