1
82.531799,94.635300,36.780895,50.056854
88.678413,96.559654,36.623734,47.983692
96.543282,97.251076,34.705650,47.754494
101.106918,96.646599,34.111591,47.594620
108.021584,100.047569,35.019573,44.679150
114.744156,101.498589,35.623898,43.261024
122.271332,102.240372,34.191582,42.783707
127.966347,99.881065,32.700741,49.254448
132.684341,98.514587,33.222954,50.938068
138.283951,97.522232,33.117027,50.971878
143.346161,99.050735,33.817055,47.815876
149.636246,101.740692,33.600147,43.767803
156.705414,103.169975,32.196953,44.117405
163.594757,103.439674,31.302422,44.526272
169.760025,100.857521,30.795034,48.144711
175.891434,100.169838,30.267921,47.989738
182.050949,97.693520,29.653244,49.970280
188.148285,96.680199,29.791039,49.645184
193.153687,97.082779,28.913916,49.518066
198.475754,98.092667,28.988594,49.966061
203.260117,99.906013,28.483860,49.539913
205.378784,100.019798,28.557711,50.479057
203.859863,98.886864,29.167973,51.166954
203.120056,97.447037,29.205303,51.553284
201.167862,98.152504,30.664822,50.394367
197.747528,96.965637,32.192238,51.536652
193.576233,96.299751,32.901936,52.079235
187.142822,95.941536,32.988400,51.841961
180.889114,94.409416,33.082069,53.145443
172.256943,93.800858,33.703564,55.705971
164.279724,94.957443,33.447701,55.664848
154.355484,95.032707,32.962589,55.356274
142.611481,95.284271,33.633255,55.205574
131.442566,96.692924,33.661377,55.200249
123.237328,96.959862,33.224297,55.108833
116.942169,96.704567,33.253689,53.920082
110.560318,97.023590,34.036304,52.150093
107.645927,97.729965,34.222408,51.539364
107.369102,97.693275,34.276375,51.429230
107.844086,96.493965,33.710293,51.606632
111.446220,96.802864,32.924217,52.828663
116.435402,98.833527,31.569670,51.926865
121.631760,98.707954,31.531984,50.158215
127.042419,98.638931,31.698345,47.871750
134.006836,98.793167,31.968700,47.866261
139.580780,99.417137,33.124104,46.141529
147.181046,101.518211,32.991940,44.907051
158.401627,102.625687,33.023388,43.783001
167.032776,104.738853,32.972553,41.589142
177.481216,104.832695,32.923710,41.493469
188.061356,103.304970,32.506088,44.906013
196.040771,101.862381,32.435234,46.972977
203.137436,100.279961,31.506603,49.269253
206.793884,100.853371,31.441628,50.870945
205.563644,102.922462,30.742361,51.197842
202.348343,103.586700,30.618011,51.787029
195.489792,104.951759,30.757172,51.718742
187.705902,103.565605,30.403021,52.671566
177.093857,103.535706,30.469900,52.465759
163.988373,102.936676,31.040955,51.699589
148.818863,102.626839,31.629440,51.573616
136.644104,102.409615,31.630556,52.494534
121.519936,105.119820,33.449295,49.340496
112.075317,104.915886,32.652851,50.486141
104.699875,105.759949,32.917805,49.416279
97.081627,107.618889,31.369938,50.898064
92.568504,106.274620,30.928169,55.076092
88.073692,109.275803,31.415100,54.069187
86.343025,109.268715,31.976805,54.317982
83.369453,109.822380,32.649101,54.023243
81.393181,110.889618,33.516907,53.707737
81.007805,111.294609,34.175522,53.748367
81.218750,111.523979,34.449429,53.912830
81.689537,112.033020,34.421585,53.616203
83.120132,112.370049,34.942799,53.376392
87.527740,111.724609,34.328358,53.619614
94.170158,111.298531,33.721054,53.581573
100.988922,109.717186,33.922268,52.710976
111.342056,109.179611,35.025581,51.101234
123.782188,105.561691,34.735260,51.468029
139.628220,97.395012,33.534294,58.910698
154.156891,99.229355,36.246761,56.567204
169.736526,96.718506,36.437050,56.032009
183.797607,97.637207,36.110176,57.308144
196.270981,99.198753,35.421104,59.311760
203.956696,103.059357,34.358829,60.678143
208.913284,107.692902,32.764549,59.835861
209.747543,108.470772,32.168354,59.397182
208.531326,109.438644,32.445068,58.844940
205.904510,111.951355,33.462231,56.098713
203.210327,112.004402,33.841846,55.612305
200.477280,111.674751,33.618034,55.842350
197.052490,112.528183,33.703426,55.704170
192.084839,114.875389,33.756168,55.722256
184.898956,116.176796,33.807377,58.055309
176.832443,118.115799,34.081696,57.280945
165.070923,115.317467,35.040993,56.925358
151.567291,107.963394,35.148647,57.428726
135.579971,102.955719,35.357300,57.861652
119.056732,103.000023,35.903824,57.480831
93.045357,114.127357,38.943359,53.158169
82.274109,116.178543,37.584690,55.220379
71.476944,117.321655,37.100189,56.796780
66.050484,115.986549,35.729137,56.629131
60.383839,118.394028,36.524254,55.082912
52.492149,118.592827,37.742802,55.290478
45.461330,117.606613,36.499088,54.100540
37.589859,117.007050,35.398674,54.879940
28.396946,119.721809,35.506802,54.667271
20.360050,114.699150,37.029663,57.378498
15.209801,108.707733,37.302605,55.712791
3.978647,98.915123,38.892773,54.562057
0.984727,96.838821,36.898247,57.284054
0.922486,102.241653,35.569889,57.171906
1.868656,117.176659,38.822620,55.836071
7.383605,128.018600,38.818218,57.136150
14.022475,134.275497,41.295002,58.372276
21.586145,136.447433,42.911743,58.703247
31.506248,137.276215,42.702679,58.280045
32.864895,137.422653,41.967911,57.438900
39.743847,134.833130,41.318684,57.737385
43.094986,131.647400,41.565842,55.590263
47.699360,130.941025,41.756374,52.712471
51.406982,130.491333,42.382210,51.940529
54.451851,130.428009,41.926811,51.534416
59.459015,130.510056,40.746254,52.121174
66.319717,130.777939,40.316463,51.020836
74.042610,129.473480,38.371513,51.750923
82.110886,124.651825,38.378513,52.796211
90.443123,116.637970,38.002396,53.732147
99.343163,106.738045,37.409191,55.514385
105.052071,100.748779,37.469471,54.953583
107.260719,95.783478,37.525791,54.139057
107.182213,95.518402,37.824860,54.360416
104.521370,96.572189,37.040501,53.760727
99.266411,98.646782,36.817856,53.584263
93.741936,100.431091,36.225136,53.735588
88.115105,101.544159,36.067814,54.571835
82.848076,100.844444,34.830635,56.611309
79.212021,99.951729,33.716927,57.079617
76.271240,98.759682,33.012859,57.075378
74.491989,98.203697,33.418228,55.016624
74.612953,98.507591,33.407337,55.056595
75.387848,101.369057,34.777973,52.594555
77.253769,102.158470,35.385437,50.904037
80.182175,102.521828,35.602982,50.881569
86.731888,104.029114,37.315804,48.683483
92.993942,108.628281,36.381081,47.379902
102.613464,109.076340,35.667572,47.825695
110.214211,104.313240,37.260040,50.408497
118.552704,104.669991,35.598167,49.779530
126.596748,103.160789,35.444096,49.447296
131.313644,102.896362,34.380276,48.030579
134.877686,101.071312,31.493101,51.336014
137.193542,101.506187,32.852741,52.894981
139.487061,103.310875,33.101864,53.093742
135.089691,103.658043,35.291843,51.885220
131.275787,105.334526,35.403934,51.451092
127.345558,105.892982,34.329391,51.442043
123.628387,105.737869,34.286163,50.592381
119.626862,103.695305,34.987228,49.241177
118.191727,99.007149,34.613060,49.931179
119.146996,99.117935,34.392670,49.914982
123.095840,98.102058,32.860310,50.814053
127.775093,98.613014,32.546307,50.503342
133.350021,97.567856,32.595257,52.745846
140.169174,99.138855,32.713703,53.512798
149.182800,96.452614,33.291103,58.604118
156.428192,95.620583,33.118591,59.190907
163.353317,95.005722,33.141731,60.074528
168.336502,96.575920,34.522247,58.735031
