1
82.899277,94.723930,39.371853,51.887749
89.279953,96.468185,38.978264,49.495697
96.582253,97.451340,36.994431,49.259804
101.057045,97.016090,35.926434,48.025333
108.214188,99.883011,36.382320,45.485619
114.599304,101.117477,36.384151,44.235165
122.110207,102.272377,34.421535,44.084961
128.909302,100.300095,33.674164,51.267189
133.061874,99.253860,34.438957,52.304531
138.619827,97.509300,33.034996,52.044037
143.364761,99.807487,33.138042,48.423901
149.587860,101.622192,32.969383,45.171505
156.355515,101.987389,31.304672,45.670605
163.773911,102.657639,30.473782,46.196770
170.071030,99.823051,29.764717,50.370296
176.229019,98.826118,29.511415,50.692566
182.128311,97.864784,29.751123,51.543549
188.148636,96.828934,30.214787,51.284409
193.310501,96.022675,29.229097,51.916473
198.187820,96.971054,29.524771,51.476357
202.847748,98.933975,29.951162,50.711254
205.112701,99.510361,30.002625,51.231403
203.123779,98.592911,30.965088,52.119141
203.189163,98.235023,30.433041,52.090702
201.735123,98.062477,30.998507,51.032333
197.930557,97.423935,31.815540,51.138130
193.313431,97.321800,32.227375,50.747959
186.904343,96.691177,32.952473,50.358017
180.677216,94.864723,32.863712,52.031227
172.145828,93.568626,33.094082,55.243229
164.865372,95.247597,32.452976,54.694138
155.324493,96.519928,31.616447,53.627403
143.260635,98.187820,33.078320,52.367077
132.386169,99.054893,33.160027,51.639412
124.032875,99.251923,32.457432,52.061909
117.392616,97.116409,33.133839,52.840355
110.986214,97.266174,34.156975,51.397896
108.000824,97.987915,34.310467,50.537502
107.579353,97.817558,34.061546,50.501282
108.272835,96.049171,33.334755,51.714169
111.901886,97.205132,32.646194,52.330879
117.046196,98.769501,31.331778,52.361233
122.455215,98.754257,31.041723,51.299450
128.504974,98.562347,31.796391,50.201691
134.683151,98.487595,31.821003,49.008030
140.537216,99.349541,32.664635,47.550743
148.503342,101.337761,31.724527,46.200386
159.376434,102.641724,32.259235,45.299377
167.939087,104.214539,31.819809,43.662022
177.894821,102.881699,31.730642,44.019863
188.032394,102.991234,32.053993,46.423626
196.157455,101.106293,31.708750,48.169090
203.195618,101.209900,31.309864,49.323200
206.662613,101.021515,30.444025,51.244984
205.454483,103.027184,30.484272,51.117619
202.540634,104.035851,29.888309,51.407818
196.450012,105.526924,29.857250,50.803547
188.326065,104.039207,29.613783,52.045956
177.544449,104.273697,30.056253,51.785172
164.039246,103.771698,30.992914,50.778351
148.902054,103.261581,31.093243,50.368614
136.941284,103.360062,31.304396,50.584339
121.195221,106.665260,32.773872,48.176064
112.563805,106.481796,32.287724,48.877018
104.407776,106.419044,32.649387,49.665409
96.735695,108.530525,31.673409,50.833084
93.093643,108.902466,31.540810,52.787140
89.151299,109.890160,32.095314,52.518036
86.874138,109.888222,32.649277,52.508228
84.285454,110.914108,33.667038,52.450867
82.654510,111.592491,34.112511,51.670349
81.116493,112.044250,34.805210,51.690594
81.186325,112.555687,35.032200,51.633469
82.091927,113.377419,34.903286,51.821110
84.243126,113.860420,34.784157,51.456772
87.547218,113.003365,34.723221,50.564381
93.808922,111.882744,33.757210,51.582943
101.598526,110.431290,33.688805,50.799011
112.218140,108.217033,34.909492,49.482704
124.104584,104.178268,33.740177,49.489162
139.228638,94.966461,32.384762,55.597939
153.823807,97.328842,33.970284,53.869469
170.184326,97.737549,34.898052,52.109444
184.272125,100.081596,34.716187,52.146488
196.623154,103.305664,34.205406,53.284538
204.606537,107.458015,33.595009,53.811096
209.526245,110.664162,32.964199,54.059036
210.091324,111.114960,31.918661,54.777359
208.505493,112.147194,31.869370,54.398972
206.190140,114.067482,32.776611,53.143223
203.902451,113.793709,33.146973,53.003983
201.381149,112.691277,33.088638,54.338024
197.660751,113.529984,33.072750,54.731716
192.334534,115.824280,33.405674,54.669331
185.242859,117.692795,33.616455,56.344322
175.975739,118.076103,35.224144,56.815617
164.089325,115.995621,36.090137,55.844315
150.710938,107.796913,36.178112,57.392597
134.900574,102.554863,36.234570,58.760799
118.409737,102.045349,36.782257,59.003510
93.773544,113.696014,39.376469,54.945923
81.477699,112.921654,38.295498,59.557056
71.712219,112.865105,36.783897,61.883617
65.572449,110.844376,36.024773,63.506016
59.932671,113.558731,37.481445,61.356506
52.496620,115.831451,38.152130,59.020557
45.090378,115.332787,37.448528,57.735611
37.100727,114.033051,36.616257,58.501453
28.288168,117.605606,36.363419,58.588120
20.313507,112.341026,36.989880,61.431622
14.559621,104.455139,37.113605,61.554913
3.537690,93.746300,38.868633,59.751560
0.874569,92.764847,36.246613,61.243362
1.066068,95.952209,35.094872,62.014477
2.141966,113.062950,37.146370,58.324253
7.821403,125.065094,37.564228,59.417755
13.896805,132.047394,39.753052,59.110764
22.025442,134.511963,40.768959,59.340069
32.076653,136.473022,39.052078,58.392967
35.114159,135.484848,38.092205,57.460621
40.993694,134.188034,37.841682,57.020241
45.014473,131.627579,37.803535,56.466805
48.489414,131.270630,37.487373,54.436939
53.167336,130.932755,37.621906,53.249802
55.280827,130.960678,37.915169,52.168747
60.618877,131.103165,37.469051,52.203354
67.845856,131.756500,36.678288,51.213543
75.109962,128.880264,36.471806,52.750664
82.477654,124.747162,36.136215,52.580357
91.097191,117.084618,35.963360,53.645176
99.795303,108.587799,34.475357,55.570511
106.237793,102.401535,34.850674,54.863052
108.462448,98.711533,35.883755,53.677368
107.447243,96.275795,35.980762,54.250412
104.863853,96.502739,35.263760,54.239571
100.316780,99.087921,34.339417,53.936398
94.261269,101.519730,34.166328,52.929668
88.392342,101.930183,34.344948,53.180653
83.618538,101.983063,33.882370,53.833122
79.798347,101.155792,33.279324,53.848854
76.453247,99.939278,32.506695,54.357086
75.081787,99.690338,32.879913,53.906330
75.120850,99.696960,33.012207,53.798859
75.334167,100.868980,33.943714,52.646473
77.777153,102.220039,34.661934,50.311176
79.808762,102.757492,35.296432,50.068005
87.066528,104.339226,35.579891,48.900429
93.686684,108.574303,34.959335,47.290527
102.607552,109.658058,34.310883,47.182098
110.322296,104.981110,35.990005,50.230244
118.679359,105.674782,34.566048,49.616791
126.119362,103.129303,35.366859,49.799286
131.033569,103.194061,34.373737,48.184151
134.777618,101.024536,32.279076,50.178967
137.010117,103.026413,34.025261,51.231659
139.243042,103.334328,33.696209,52.972385
134.407867,103.739464,35.797607,51.624100
130.808136,105.543442,35.928082,51.467041
127.538048,106.615814,34.493568,50.960693
123.504517,105.331573,34.213150,51.003876
119.929169,104.350090,34.445583,48.890396
118.926056,100.117882,34.317291,48.988625
119.140610,99.629082,34.035152,49.271442
121.946968,98.231285,33.217461,50.514648
126.743034,99.036415,33.443821,50.426968
132.649048,97.150986,32.827339,53.414890
139.656082,97.730377,32.985794,54.797539
148.414581,95.607986,32.790455,58.435131
155.271332,94.398643,32.710484,58.999374
162.494507,92.873825,32.738033,60.921406
167.686096,95.370827,33.192780,58.617054
