1
382.592316,128.422150,110.225327,103.518524
382.651581,128.443039,110.527016,103.704399
379.417572,120.232414,109.398827,99.825836
379.459961,120.329239,109.446327,99.944923
379.470917,120.332924,109.431953,99.937637
377.131226,110.885521,105.509605,98.218781
377.371796,111.031685,105.948097,98.459999
377.345978,111.117455,105.966141,98.385460
372.049561,108.080406,105.452431,96.344765
372.070862,108.158287,105.447906,96.458420
372.094452,108.179344,105.447906,96.458420
369.289307,102.827385,103.424011,96.235275
369.309845,102.953987,103.422112,96.465248
369.346375,102.971634,103.448891,96.458420
362.919922,96.789467,103.290909,94.249039
363.005737,96.916367,103.417252,94.452393
362.902283,96.773735,103.180290,94.546638
358.987366,95.394264,103.083221,90.280205
359.189484,95.505295,103.439445,90.457375
359.204712,95.539886,103.418442,90.436089
355.754364,95.451805,102.359383,88.542435
355.626038,95.675926,102.310776,88.863754
354.904083,95.219902,101.320747,88.514229
350.163452,93.609383,97.255196,86.700089
350.258453,93.760498,97.417458,86.937523
349.917206,93.266945,97.132545,86.542122
343.489746,90.513405,96.082855,84.922195
342.592560,90.373825,96.508644,83.151604
342.833740,90.793297,96.888000,82.928307
339.873993,85.570885,94.051384,81.568611
340.065552,85.779839,94.435417,81.938225
340.097382,85.811050,94.450439,81.960953
332.332733,78.587891,92.614815,82.120865
332.543518,78.773071,92.930389,82.409874
332.576172,78.818359,92.954079,82.464455
328.986542,77.128258,92.180206,80.999771
329.138977,77.129501,92.454895,80.960625
329.160522,77.216286,92.409180,80.776878
320.288300,76.632645,91.820992,78.025314
320.263397,77.211830,91.970383,77.840469
320.270935,77.312462,91.953102,77.943916
318.464081,77.073174,90.403046,74.987228
318.522339,77.061127,90.232178,74.770927
318.656952,77.174820,90.446655,74.955086
316.164581,73.991531,89.320549,74.570786
315.983429,74.276344,89.156700,74.692184
316.009552,74.487556,89.224182,74.849167
310.816895,73.550720,87.237312,72.047485
310.899963,73.774529,87.387146,72.415726
310.782532,73.890991,87.211533,72.006424
307.976105,72.742668,87.735748,71.527199
307.634308,73.181046,87.571190,71.829262
307.740479,73.302101,87.826347,71.909645
300.009277,72.023788,84.866516,69.063324
300.121765,72.402573,84.900238,69.322876
300.384094,72.645813,84.891685,69.304092
293.121124,72.391632,84.938301,68.129059
293.085114,72.583122,84.943794,68.455154
293.042816,72.625656,85.024780,68.434036
293.169525,72.599106,85.460472,68.446419
293.087097,72.614914,85.513725,68.388725
293.262878,72.886322,86.012863,68.093575
293.586151,73.166855,86.233711,68.414169
293.711609,73.203087,86.384483,68.479156
293.720520,73.212646,86.347275,68.475761
292.830505,73.415955,87.078049,68.071960
292.996643,73.640770,87.444695,68.424110
292.996063,73.661873,87.432343,68.444824
292.802216,73.466789,86.918480,68.702248
292.809937,73.611732,86.924019,68.964050
292.834900,73.620369,86.947784,68.963318
292.883301,73.632492,86.828865,68.974281
292.901276,73.650269,86.878143,68.958748
293.635864,73.893272,86.302147,68.822594
293.368530,74.001022,86.293800,68.886292
293.400482,74.113953,86.414207,68.937302
293.684937,74.308990,86.283424,68.882652
293.744019,74.446053,86.380844,68.923019
293.780182,74.507812,86.441360,68.953316
293.786957,74.535385,86.367783,68.973824
293.872131,74.541527,86.342636,68.975914
293.863159,74.643135,86.393044,68.898788
293.789612,74.691513,86.366264,68.945793
293.764771,74.658371,86.307297,68.928612
293.775940,74.697906,86.397812,68.958710
293.376434,74.713608,86.276299,68.960617
293.289581,74.768623,86.356270,68.941185
292.556671,74.746033,86.305428,68.783730
292.777740,75.322807,86.183640,68.845940
292.766449,75.380630,85.539162,68.944405
292.961182,75.424179,85.941216,68.950760
293.024658,75.451225,85.938362,68.960861
293.046021,75.480179,85.914711,68.950264
293.052399,75.489761,85.926537,68.950920
293.020142,75.520966,85.886093,68.915451
292.825165,75.546028,85.956619,68.833237
292.718597,75.616661,85.924728,68.833145
292.644562,75.693130,85.939072,68.881744
292.675110,75.813606,85.899086,68.809174
292.735352,75.918045,85.959785,68.940125
292.744385,75.966461,85.963730,68.950302
292.741150,75.949661,85.919739,68.945282
292.728516,76.016792,85.975327,68.937714
292.745972,76.107338,85.935493,68.914635
292.528076,76.317696,86.072067,68.685211
292.647491,76.565079,86.388771,68.726784
292.329407,76.462051,85.811157,68.180481
292.430023,76.651649,85.879852,68.373779
292.451141,76.747246,85.881607,68.346909
292.197540,76.734764,85.757942,67.971138
292.246582,76.767052,85.988396,67.895699
292.226868,76.835091,85.941879,67.944878
292.227112,76.867638,85.910179,67.909752
292.176300,77.026779,85.866371,67.671799
292.040588,77.280304,85.855476,67.446396
291.803802,77.376846,85.771843,66.964088
291.788269,77.391403,85.833755,66.889183
291.819763,77.448296,85.873978,66.936134
291.833252,77.459091,85.867615,66.923409
292.013763,77.441330,85.924065,66.429680
291.963074,77.467293,85.904877,66.370552
292.078827,77.500420,85.838615,66.396202
292.196075,77.519073,85.484428,66.410011
292.304962,77.549095,85.088356,66.325058
292.483398,77.586075,85.335892,66.416145
292.847229,77.632454,85.449608,66.388100
292.856812,77.669113,85.391792,66.443810
292.923431,77.694893,85.244522,66.401344
293.529266,77.716827,84.706131,66.438232
293.745300,77.755661,84.673981,66.422523
294.005585,77.781845,84.670837,66.454994
294.222717,77.787933,84.949516,66.469749
294.278290,77.790863,84.937370,66.465591
294.344574,77.784103,84.935966,66.477516
296.242249,77.267113,83.686676,66.759048
296.580658,77.111435,83.727242,67.021317
296.720734,77.339363,83.953514,67.471992
298.931061,77.389648,83.374199,67.656425
299.009247,77.546379,83.385643,67.949524
299.076691,77.563538,83.417480,67.953621
306.271698,77.301224,80.875671,67.619843
306.342285,77.486305,80.902153,67.949997
306.401001,77.499786,80.898888,67.957008
306.450378,77.520470,80.941673,67.971069
306.612305,77.471306,80.883965,67.937836
306.645630,77.470924,80.829826,67.961555
306.722076,77.501457,80.958641,67.967216
306.740784,77.518402,80.909805,67.965805
306.783966,77.535690,80.959999,67.970703
308.983215,77.747978,80.242149,67.815933
309.110260,77.840195,80.460251,67.970703
309.248505,77.856773,80.384766,67.957161
312.499115,79.293526,79.580406,66.019981
312.724152,79.532944,79.948639,66.469826
313.694977,79.576347,79.118004,66.434402
314.650848,79.659370,79.230103,66.249199
314.786346,79.784164,79.459023,66.471886
316.907623,79.881821,77.073082,66.655869
320.473450,80.280869,75.279839,67.819420
320.842072,80.401695,75.138039,67.956833
321.295044,80.404144,75.231255,67.947845
323.828125,82.326706,73.086357,67.380859
324.036957,82.386742,73.462860,67.470322
324.053802,82.401772,73.463707,67.470917
325.160675,83.072990,72.867973,67.128784
325.601959,83.283775,72.725327,67.446159
325.742279,83.324120,72.959625,67.458061
326.214050,83.625145,72.478081,67.019630
326.603210,83.929802,72.271484,67.384201
326.724854,83.987946,72.462158,67.469780
327.457397,84.616646,72.269173,67.372742
327.895569,84.812729,72.261307,67.345215
328.046570,84.898491,72.446625,67.472221
331.478882,85.945396,70.418182,67.156090
331.521332,86.118866,70.463821,67.469879
331.599121,86.190826,70.413742,67.455467
333.085724,86.747765,69.584923,67.607941
333.498077,87.042465,69.780678,68.010994
333.633423,87.297508,69.948479,68.473099
333.986023,87.759216,69.733536,68.351219
334.170441,88.033615,69.930817,68.256622
334.341309,88.605698,69.720268,68.142227
334.604187,90.967804,69.346260,68.158760
334.678009,91.226379,69.459450,68.416252
334.703735,91.411041,69.418167,68.421883
334.683746,91.651962,69.691956,68.449837
334.854004,91.909973,69.863441,68.390800
334.927063,91.984032,69.959358,68.468727
334.789978,92.904121,69.271004,68.362534
334.097412,93.584732,69.678589,68.181648
334.255096,93.794846,69.963898,68.450226
333.656555,94.400276,69.101585,68.442368
333.635529,94.691643,69.391014,68.372002
333.437592,94.901825,69.440231,68.479774
333.483582,96.161728,69.359535,68.549057
333.552979,96.399544,69.460304,68.969696
333.562500,96.410973,69.464058,68.964828
333.914734,96.942848,68.869011,69.254402
333.978638,97.065865,68.965881,69.470055
333.984528,97.044456,68.952866,69.582008
327.951721,98.712654,73.724709,70.410049
328.148529,98.825905,73.933861,70.510269
328.203583,99.110298,73.968765,70.990509
328.167175,99.112206,73.867668,70.994705
328.291077,99.222015,73.821663,71.268936
328.377808,99.342476,73.965080,71.468681
326.635254,99.934517,73.846657,72.331680
326.707001,100.032249,73.968437,72.467003
326.720245,100.048706,73.963669,72.468590
323.890045,101.233467,75.592377,73.860672
323.981812,101.264519,75.947205,73.982170
323.929871,101.248123,75.963303,74.018059
321.082550,104.838005,75.729454,76.408371
320.306152,104.262001,76.007088,77.843597
318.759613,103.573463,76.474731,78.836716
314.678925,108.216034,76.732574,79.274193
314.348999,108.343140,77.222237,79.934608
313.190826,109.926865,77.920174,80.190781
307.941315,114.245316,81.383255,80.927917
307.900330,114.191338,81.572319,81.191277
307.533325,114.051865,82.094650,82.169952
300.119324,124.738426,84.566620,81.932289
300.286163,124.764542,84.981018,81.929253
300.144257,124.843109,85.058540,81.982361
289.059082,131.648560,87.275726,82.522705
289.115784,131.995438,87.513451,82.996384
288.788605,132.587524,88.243660,83.177223
281.835297,138.540939,89.608612,85.457245
281.687836,139.538361,90.637535,85.707527
280.621887,141.017014,92.095398,87.459740
268.995941,148.148392,95.762215,89.428223
269.043823,148.612701,97.177078,90.462975
269.153656,149.794693,99.098907,92.247414
265.126556,156.579407,98.158989,93.462471
264.627930,156.229568,99.498566,93.943878
263.049164,155.863815,100.962906,95.529770
248.160736,166.194168,106.541954,98.289566
248.341675,166.327835,106.969063,98.452904
248.202286,166.366165,107.244865,98.490410
241.981506,168.230820,109.841217,99.602257
241.691376,168.518494,110.906227,100.801903
240.007568,168.157806,112.494637,102.084564
233.126770,170.739105,113.441017,102.591919
232.967850,171.102036,113.770180,103.193169
232.726303,171.294632,114.364815,103.750412
231.139267,173.141449,114.971214,104.427116
231.123489,173.181778,114.953323,104.456169
230.777969,173.142792,115.690620,104.754517
224.334534,179.218079,116.806656,105.444061
224.354324,179.261139,116.955696,105.435478
224.035278,179.337112,117.228821,105.400848
222.046326,179.255051,118.564980,107.280991
220.561630,180.197754,119.347763,107.323944
220.442291,180.423248,119.525108,107.445908
216.979446,182.616501,122.031914,108.736214
216.792389,182.839828,122.546120,108.947914
216.663269,182.869461,122.984283,108.964096
216.609924,182.912964,122.957352,108.947975
216.063171,183.050537,122.997505,108.966599
215.770264,183.067947,122.971252,108.979706
215.612000,183.094284,122.974068,108.956917
214.946823,183.180283,123.018555,108.940460
215.164169,183.220703,123.449493,108.947601
215.125351,183.276321,123.466782,108.936134
215.018051,183.351868,123.473656,108.940552
214.972168,183.380020,123.457565,108.980812
214.785065,183.435791,123.473717,108.939285
214.604401,183.543594,123.529976,108.907829
214.776703,183.621231,123.998154,108.935486
214.746597,183.672867,123.954620,108.942184
214.752396,183.711731,123.947212,108.945839
214.724060,183.774460,123.986717,108.927116
214.616608,183.858749,124.152061,108.911453
214.719391,183.943665,124.472961,108.926155
214.634964,184.045242,124.532890,108.912964
214.792542,184.138123,125.021759,108.932388
214.867950,184.265472,125.573677,108.926308
215.054169,184.319748,125.952293,108.940994
214.991394,184.400604,126.000580,108.936134
214.931168,184.574692,126.614525,108.943436
215.078949,184.616379,126.962730,108.928314
214.978119,184.684982,126.979958,108.922440
214.929886,184.741852,127.001984,108.925980
215.125671,184.803833,127.461082,108.934662
215.142151,184.836792,127.437042,108.953033
215.127396,184.878601,127.460648,108.940315
215.063034,184.927231,127.454613,108.931755
215.040085,184.977676,127.449463,108.940018
214.983597,185.024094,127.452240,108.939934
214.795883,185.057938,127.467110,108.921326
214.761871,185.111618,127.456673,108.943764
214.659470,185.152679,127.439842,108.944565
214.652206,185.192917,127.446342,108.944679
214.637726,185.229706,127.444115,108.947456
214.612061,185.258423,127.438133,108.943817
214.602173,185.294510,127.441826,108.946785
214.490265,185.334625,127.498497,108.915504
214.321243,185.363342,127.460762,108.937019
214.282959,185.394928,127.447304,108.944771
214.125595,185.432571,127.604836,108.943329
214.294174,185.474091,127.962601,108.946945
214.267899,185.505508,127.949188,108.948311
214.258865,185.537216,128.002563,108.958153
214.496857,185.560715,128.459747,108.956291
214.507477,185.584305,128.467178,108.958328
214.352097,185.623322,128.989517,108.991600
214.343369,185.628296,128.958023,108.958298
214.261063,185.711700,129.200333,109.029114
214.391098,185.912720,129.455078,109.453354
214.392883,185.940308,129.443359,109.454277
214.364899,185.930023,129.506500,109.532036
214.496185,185.174438,130.503784,111.656647
214.732376,185.295990,130.958740,112.015083
214.742432,185.526367,130.941193,112.461624
215.309998,183.983688,132.020248,113.564758
215.538696,184.177124,132.453568,113.977280
215.393173,183.910400,132.690018,114.707664
215.855652,179.797714,133.491241,118.765961
215.856903,179.915070,133.434082,118.948723
215.886749,179.941025,133.434082,118.948723
215.974945,179.540955,133.503616,119.391579
216.227142,179.586533,133.936935,119.458443
216.260330,179.553558,134.035736,119.512512
216.504166,179.757172,134.465698,119.973022
216.531204,179.767960,134.437424,119.949677
216.576889,179.783249,134.441696,119.957329
216.575668,179.818024,134.428818,119.906921
216.601425,179.856705,134.461212,119.948883
216.585083,179.876038,134.497925,119.960381
216.554916,179.879013,134.507950,119.946220
216.771530,179.889679,134.981949,119.955215
216.730911,179.877716,135.040588,119.972099
216.967514,179.887115,135.436279,119.949120
216.966141,179.908447,135.488068,119.950424
216.966278,179.932373,135.437836,119.948257
216.961761,179.944931,135.492371,119.952950
216.903854,179.941879,135.541611,119.962166
217.047028,179.937836,136.123352,119.976761
217.232117,179.949799,136.432556,119.948296
217.259476,179.974579,136.438263,119.948250
217.273178,179.993225,136.457596,119.948883
217.166336,179.937332,136.423569,119.945038
217.201370,179.965149,136.432602,119.948296
217.213684,179.986725,136.464706,119.951401
217.189697,179.981705,136.503372,119.963165
217.413712,179.994049,136.975052,119.959572
217.421951,180.011322,136.936111,119.949677
216.430099,179.614426,139.545547,120.791916
216.653412,179.716568,139.932190,120.949005
216.684799,179.733536,139.936630,120.952354
216.708649,179.742599,139.946594,120.959915
216.732071,179.762985,139.930862,120.947868
216.759720,179.787170,139.929077,120.949051
216.681839,179.782394,140.273224,121.024818
216.789307,180.020447,140.435867,121.448944
216.576553,179.977951,140.838791,121.514130
216.630447,180.185272,140.978302,121.972481
216.591766,180.181091,140.987289,121.975456
216.491852,180.139023,141.019089,122.000191
216.712631,180.374802,141.423035,122.454918
216.646713,180.293350,141.486221,122.525902
216.362061,180.287354,141.465591,123.307373
216.258942,180.302856,141.578888,123.545090
216.448822,180.526947,141.924896,123.946587
216.458908,180.528793,141.961456,123.964195
216.398010,180.484650,142.033997,123.953613
216.559586,180.430008,142.482178,124.000710
216.333008,180.570526,142.599030,124.517632
216.447220,180.691345,142.977997,125.016182
216.387863,180.847153,142.963074,125.480972
216.238251,180.666000,143.133957,125.565430
216.293854,180.783981,143.469070,125.964890
216.169495,180.713943,143.574539,125.968414
216.243469,180.684555,143.918518,125.942787
216.063416,180.479126,143.978806,126.133827
215.953735,180.585754,144.046967,126.507286
216.131027,180.779999,144.441437,126.959435
216.117294,180.762604,144.432312,126.962051
216.058426,180.698669,144.453522,126.986336
215.949860,180.599594,144.584167,127.020927
216.099319,180.813507,144.984390,127.454987
215.786179,180.540054,145.380966,127.686226
215.135696,180.460083,146.584427,128.188019
215.200073,180.444702,147.146255,128.597610
215.232376,180.506821,147.617905,129.033554
215.089417,180.528885,148.210205,129.603470
215.130737,180.643570,148.495346,129.963547
214.986572,180.507706,148.604172,129.987167
214.852142,180.235367,149.167419,130.036636
214.500244,180.243729,149.575012,130.578583
214.185776,180.174805,150.501801,131.184067
214.113098,180.107025,151.089981,131.578217
213.672150,180.010651,152.258270,132.129623
212.723587,179.730713,153.031235,132.724838
211.672974,179.088730,154.308472,133.380188
211.346680,179.139252,154.840500,133.383942
211.204697,179.144440,155.129440,133.444733
211.086777,179.117203,155.610367,133.352280
209.975266,178.848083,156.330017,133.637817
210.038101,179.023346,156.432800,133.942245
209.998779,179.032822,156.481232,133.949173
209.929153,179.041809,156.404587,133.951797
209.674255,179.015182,156.729553,133.991043
209.731323,178.998764,156.958984,133.947678
209.240341,178.949432,156.844452,134.052307
209.139923,179.158478,157.002258,134.418686
208.951340,179.063171,157.599548,134.636795
206.656921,179.266129,158.744705,134.653030
206.566803,179.394608,158.924438,134.937943
206.417938,179.383102,158.907272,134.940582
200.718506,180.552200,158.816971,134.676743
200.183304,180.626694,159.032486,134.914413
199.823669,180.523132,159.342682,135.033478
198.171097,180.873260,159.538788,135.356171
196.983109,180.915817,159.808441,135.297501
196.246948,180.940231,159.739456,135.508606
195.996155,181.168900,159.929108,136.076950
195.716263,181.323761,159.951172,136.436356
195.572052,181.321854,159.874451,136.450912
195.569366,181.331314,159.949142,136.426712
195.519745,181.352798,159.930405,136.427948
195.485733,181.381790,159.943497,136.421036
195.510254,181.421646,159.920990,136.441193
195.546021,181.451431,159.920990,136.441193
195.581787,181.481216,159.920990,136.441193
195.617554,181.511002,159.920990,136.441193
195.653320,181.540787,159.920990,136.441193
195.689087,181.570572,159.920990,136.441193
195.724854,181.600357,159.920990,136.441193
195.760620,181.630142,159.920990,136.441193
195.796387,181.659927,159.920990,136.441193
195.758438,181.682495,159.914948,136.425186
195.771942,181.717453,159.915161,136.438690
195.717529,181.732513,159.928467,136.426575
195.733749,181.767960,159.918549,136.440338
195.721283,181.791260,159.916443,136.436707
195.649704,181.800522,159.907837,136.445984
195.629303,181.816345,159.928955,136.437561
195.580215,181.831955,159.914917,136.444107
195.507401,181.840012,159.912445,136.445206
195.414459,181.845337,159.899078,136.440018
195.385590,181.862213,159.913574,136.441574
195.352325,181.878372,159.914001,136.441345
195.377457,181.903580,159.928955,136.441528
195.395203,181.928741,159.928894,136.441528
195.404099,181.951080,159.933899,136.441742
195.272232,181.943863,159.928452,136.449448
195.197662,181.948471,159.920380,136.442963
195.135406,181.959869,159.911102,136.441238
195.104874,181.978256,159.905869,136.438751
195.110703,182.001099,159.929474,136.440750
195.053467,182.012833,159.922729,136.443741
195.084549,182.041306,159.920471,136.439850
195.078247,182.063873,159.932175,136.434830
195.089340,182.094070,159.916382,136.439301
195.127411,182.124802,159.920990,136.441193
195.163177,182.154587,159.920990,136.441193
195.175858,182.177811,159.937042,136.442734
195.203598,182.206833,159.920990,136.441193
195.239365,182.236618,159.920990,136.441193
195.275131,182.266388,159.920990,136.441193
195.310898,182.296173,159.920990,136.441193
195.346664,182.325958,159.920990,136.441193
195.382431,182.355743,159.920990,136.441193
195.418198,182.385529,159.920990,136.441193
195.453964,182.415314,159.920990,136.441193
195.486938,182.444214,159.922562,136.441254
195.521912,182.473969,159.920990,136.441193
195.557678,182.503754,159.920990,136.441193
195.593445,182.533539,159.920990,136.441193
195.626068,182.565475,159.923141,136.438934
195.659027,182.597580,159.922180,136.439941
195.694214,182.627975,159.920990,136.441193
195.729980,182.657761,159.920990,136.441193
195.754883,182.695007,159.928436,136.433441
195.784912,182.730042,159.922363,136.439758
195.815170,182.763855,159.924286,136.437744
195.836365,182.798782,159.925690,136.436279
195.869781,182.831024,159.920990,136.441193
195.900452,182.864319,159.924500,136.437546
195.934464,182.895920,159.920990,136.441193
195.970230,182.925705,159.920990,136.441193
195.998474,182.954987,159.919525,136.441620
195.984100,182.971878,159.914474,136.446701
195.948868,182.982101,159.914185,136.446869
195.988037,183.009033,159.920990,136.441193
195.991882,183.030975,159.910095,136.444870
196.028915,183.057587,159.923340,136.441284
196.063507,183.087311,159.920990,136.441193
196.099274,183.117096,159.920990,136.441193
196.121567,183.142609,159.928574,136.441513
196.120407,183.163925,159.912354,136.444473
196.119400,183.181992,159.922302,136.442886
196.114685,183.200638,159.918152,136.443039
196.072098,183.224609,159.917450,136.432480
196.096191,183.253891,159.916565,136.442276
196.134171,183.283127,159.920990,136.441193
196.169937,183.312912,159.920990,136.441193
196.204025,183.341690,159.920166,136.441727
196.240204,183.371201,159.920990,136.441193
196.275650,183.400787,159.920822,136.441284
196.310684,183.430023,159.920593,136.441452
196.346512,183.459595,159.920929,136.441238
196.382309,183.489349,159.920990,136.441193
196.413849,183.516708,159.918915,136.442490
196.426559,183.539047,159.911957,136.444107
196.414719,183.554413,159.905289,136.446228
196.451675,183.578964,159.918472,136.441895
196.478699,183.603439,159.916504,136.444016
196.516068,183.631424,159.920685,136.441391
196.513138,183.649750,159.906403,136.445908
196.433060,183.648895,159.908752,136.446655
196.377884,183.655533,159.893402,136.445587
196.378036,183.671494,159.905075,136.445496
196.362579,183.685699,159.903809,136.445770
196.282898,183.688766,159.882538,136.449509
196.255493,183.696365,159.897247,136.446701
196.158691,183.697891,159.875549,136.444321
196.162689,183.712280,159.902771,136.444077
196.191437,183.735764,159.915588,136.441299
196.205170,183.759140,159.912766,136.440704
196.140976,183.768524,159.890320,136.444183
196.170044,183.790741,159.913498,136.441360
196.124008,183.800507,159.896973,136.441498
196.136566,183.821701,159.909882,136.441299
196.117584,183.836960,159.902786,136.443954
196.099915,183.850037,159.900146,136.443924
196.047379,183.856461,159.890503,136.449387
196.015656,183.862854,159.894745,136.447739
196.057220,183.885605,159.917633,136.443314
196.050674,183.900131,159.902924,136.450500
196.038956,183.909241,159.899033,136.452133
196.024796,183.917084,159.897232,136.452942
196.072449,183.940979,159.920990,136.441193
196.108215,183.970764,159.920990,136.441193
196.142975,184.000412,159.920685,136.441330
196.178909,184.030121,159.920990,136.441193
196.214676,184.059906,159.920990,136.441193
196.250443,184.089691,159.920990,136.441193
196.285538,184.118454,159.920715,136.441711
196.321442,184.147964,159.920990,136.441193
196.342484,184.173050,159.915741,136.441666
196.710327,183.785934,159.823639,136.620560
196.793549,183.971771,159.923553,136.943146
197.088165,183.815231,159.923462,137.028732
197.425369,183.939346,159.976685,137.414352
197.484802,183.955475,159.944641,137.459961
197.661072,183.921280,159.942444,137.461563
201.596970,180.678223,163.291443,138.218445
201.824005,180.658875,163.681137,138.513947
202.129181,180.792160,164.074799,138.979050
202.210739,180.197235,164.918808,139.282822
202.309509,180.268967,164.963425,139.453476
202.342575,180.287949,164.929794,139.437546
202.373825,180.319565,164.918518,139.439896
202.410706,180.349991,164.918518,139.439896
202.446548,180.288528,164.993423,139.525574
208.929794,178.632599,164.034882,140.693130
209.710068,178.497726,164.637558,141.162308
210.040436,178.488617,165.001907,141.524307
219.325821,179.032654,162.894287,142.044006
220.129333,178.650406,162.931351,142.824173
220.665787,178.469131,162.839478,143.092316
225.091461,177.966827,161.475510,143.286743
225.203430,178.054932,161.370834,143.427277
225.406433,178.058914,161.365646,143.427826
236.917572,178.611664,155.983215,143.991638
237.352615,178.457550,155.932114,143.946136
237.541962,178.453186,155.814316,143.936539
250.699921,177.661209,151.125549,144.372314
250.895203,177.707397,151.414536,144.457596
250.936981,177.729065,151.424347,144.437225
251.280563,177.670074,151.601028,144.574203
251.482193,177.874496,151.919708,144.947296
251.522110,177.901337,151.923843,144.936874
251.612518,177.921173,151.933197,144.940506
251.654312,177.948349,151.928452,144.938873
251.764877,177.973495,151.895432,144.929367
253.050568,177.761642,150.644638,145.020401
253.256256,177.991730,150.917511,145.448654
253.301910,178.017258,150.925278,145.436768
253.396042,178.055466,150.868423,145.417099
253.485992,178.098434,150.891983,145.429367
253.576111,178.135742,150.877563,145.425949
253.933060,178.030960,150.342819,145.515427
254.071106,178.179108,150.356705,146.025787
254.438263,178.264282,150.210007,146.515549
254.585831,178.497192,150.420090,146.947357
254.720276,178.461639,150.259277,146.972092
254.846237,178.464569,150.403107,146.945618
254.891159,178.492172,150.425674,146.936661
254.924805,178.524246,150.425674,146.936661
255.024200,178.555908,150.324875,146.913544
255.152222,178.588669,150.369324,146.922348
255.228394,178.605011,150.412491,146.961838
255.538452,178.502884,150.052216,146.923218
255.868484,178.436707,150.185333,146.975266
256.097412,178.426392,150.277481,146.894684
256.478027,178.351761,150.117218,146.955124
256.824890,177.759598,150.098404,147.121429
257.081451,177.844986,150.199966,147.480804
257.274536,177.711502,150.348099,147.550125
257.379547,177.859299,150.307770,147.973770
257.465851,177.803833,150.372604,147.978241
257.532806,177.706573,150.361511,148.000900
257.543091,177.907715,150.402847,148.437149
257.570648,177.922195,150.418930,148.433945
257.596191,177.944092,150.421432,148.434540
257.621155,177.970795,150.424438,148.434357
257.655426,178.004028,150.425674,148.436020
257.689087,178.036438,150.425674,148.436020
257.700897,178.108948,150.425171,148.397629
257.736664,178.160156,150.410141,148.431183
257.789154,178.177094,150.415482,148.455673
257.837067,178.184250,150.417236,148.452332
257.874420,178.207687,150.424942,148.436325
257.902893,178.236847,150.425583,148.435272
257.910797,178.228012,150.426834,148.413559
257.930878,178.263321,150.422134,148.437653
257.955780,178.282120,150.419037,148.438782
257.952637,178.272125,150.409225,148.436584
257.964172,178.259796,150.406006,148.434296
257.973267,178.267105,150.415848,148.436813
258.123627,178.016968,149.985886,148.473618
258.104950,177.935776,149.892410,148.436417
258.120911,177.880203,149.881653,148.450027
258.122894,177.863297,149.906967,148.440994
258.147797,177.872223,149.918839,148.438354
258.179596,177.893082,149.923157,148.436340
258.207855,177.906036,149.923950,148.429108
258.215729,177.918045,149.917847,148.437546
258.205139,177.898849,149.908340,148.437149
258.211273,177.900681,149.911804,148.440948
258.209717,177.886902,149.908051,148.439972
258.195862,177.871140,149.896683,148.447357
258.217896,177.871292,149.912323,148.440887
258.248047,177.885864,149.920273,148.437424
258.244141,177.870010,149.870758,148.446564
258.264862,177.859482,149.906631,148.442627
258.258270,177.837479,149.902344,148.441498
258.275177,177.833405,149.915085,148.432327
258.175873,177.808640,149.780563,148.444031
258.233521,177.787323,149.907257,148.439178
258.236694,177.771210,149.910141,148.437134
258.262482,177.736115,149.883270,148.434250
258.261444,177.727020,149.907013,148.441864
258.263580,177.716461,149.908051,148.440216
258.241058,177.689774,149.908432,148.439285
258.248596,177.687302,149.912643,148.439301
258.241058,177.676620,149.909775,148.439545
258.263275,177.690125,149.913315,148.442001
258.273926,177.693130,149.913513,148.441772
258.288116,177.694901,149.914520,148.439316
258.322144,177.720367,149.923233,148.437653
258.325836,177.718460,149.913254,148.438431
258.332611,177.710739,149.912201,148.437317
258.343170,177.695938,149.913162,148.428833
258.341553,177.676468,149.908463,148.430740
258.342651,177.654694,149.906403,148.432907
258.368835,177.664139,149.918900,148.430603
258.376099,177.668152,149.914841,148.437332
258.367340,177.659088,149.907852,148.441071
258.368896,177.657761,149.910843,148.442429
258.365967,177.654907,149.910736,148.442413
258.368011,177.647156,149.913055,148.438416
258.370880,177.641083,149.912537,148.437897
258.389160,177.647293,149.916779,148.438156
258.386108,177.642776,149.910110,148.440521
258.383881,177.639221,149.909409,148.441696
258.381866,177.640198,149.908630,148.444214
258.365692,177.626648,149.902039,148.445496
258.377777,177.620544,149.913925,148.437820
258.387512,177.624084,149.916092,148.436035
258.368286,177.624084,149.919510,148.442169
258.542816,177.503387,149.393723,148.384979
258.574493,177.544708,149.419571,148.437851
258.552765,177.533386,149.401901,148.445343
258.602814,177.543045,149.398239,148.438141
258.637573,177.560455,149.417130,148.439804
258.644653,177.558868,149.406143,148.442093
258.687439,177.586639,149.425720,148.435028
258.663666,177.562317,149.381485,148.451797
258.682526,177.553864,149.406113,148.443375
258.704163,177.558334,149.418259,148.437225
258.707550,177.559769,149.412079,148.440689
258.701752,177.479996,149.337219,148.485825
258.765472,177.462524,149.417923,148.435684
258.743622,177.436935,149.399414,148.442719
258.766479,177.399719,149.399979,148.438477
258.777618,177.396484,149.412018,148.440826
258.796783,177.381729,149.415436,148.431366
258.813690,177.373978,149.417068,148.430298
258.813782,177.371490,149.407104,148.442581
258.813507,177.350586,149.409027,148.435471
258.814026,177.339737,149.406601,148.441055
258.823395,177.337204,149.413605,148.439468
258.821960,177.303970,149.404236,148.435165
258.852173,177.243011,149.408356,148.418655
258.864594,177.258850,149.415787,148.439865
258.872833,177.216461,149.401443,148.439606
258.906219,177.220932,149.414337,148.445648
258.915894,177.216415,149.416046,148.438004
258.942505,177.197311,149.404160,148.454193
258.963959,177.104767,149.378586,148.469330
259.020264,177.078323,149.411270,148.437637
259.038452,177.078064,149.415787,148.436188
259.097504,177.040024,149.399094,148.439148
259.131714,177.043381,149.421448,148.427170
259.132294,177.028610,149.404007,148.443054
259.122681,176.910583,149.330963,148.425674
259.191650,176.932877,149.419739,148.438202
259.220032,176.937820,149.420258,148.428543
259.238129,176.946686,149.415985,148.438248
259.182587,176.875473,149.369659,148.467621
259.206512,176.831894,149.388397,148.461670
259.176514,176.782349,149.381485,148.455139
259.184265,176.687286,149.374359,148.479324
259.203186,176.617371,149.410843,148.428238
259.195129,176.574875,149.407639,148.429459
259.211823,176.531967,149.401749,148.409683
259.213409,176.515182,149.404221,148.433197
259.313965,176.477036,149.241135,148.342148
259.412872,176.527359,149.415390,148.439102
259.430908,176.534149,149.415604,148.440674
259.451599,176.544678,149.418625,148.438873
259.498962,176.511292,149.397324,148.484283
259.532654,176.498123,149.418320,148.438431
259.558777,176.514297,149.420105,148.438858
259.581909,176.529572,149.419128,148.439804
259.607941,176.521774,149.408493,148.454163
259.635193,176.527695,149.418274,148.440079
259.653839,176.534393,149.416138,148.440125
259.672211,176.540573,149.415512,148.440201
259.690735,176.545090,149.415329,148.440659
259.713684,176.557114,149.417831,148.440460
259.729370,176.562164,149.413376,148.441772
259.759216,176.582687,149.421097,148.439377
259.746979,176.568680,149.415649,148.434677
259.729065,176.543198,149.391373,148.447632
259.741760,176.532547,149.411591,148.440002
259.750977,176.529755,149.408401,148.442688
259.776459,176.540771,149.417404,148.440247
259.759338,176.508316,149.384644,148.445969
259.785614,176.513245,149.416351,148.439606
259.788055,176.513916,149.413864,148.440247
259.761719,176.484985,149.364914,148.460892
259.784698,176.476151,149.410217,148.443802
259.789825,176.477554,149.409058,148.443634
259.790588,176.476273,149.410797,148.442703
259.794373,176.474991,149.412613,148.441925
259.803070,176.476746,149.415634,148.440491
259.817413,176.482697,149.416183,148.440826
259.825592,176.482635,149.415085,148.440475
259.843140,176.488602,149.417969,148.438782
259.851044,176.487595,149.416687,148.438080
259.870361,176.498962,149.417923,148.439987
259.888397,176.504959,149.416794,148.440094
259.908661,176.513077,149.418518,148.438675
259.933258,176.531250,149.419617,148.440002
259.939667,176.531021,149.409317,148.444687
259.951355,176.534729,149.414185,148.442917
259.966248,176.542114,149.416183,148.441574
259.985443,176.557571,149.416641,148.443085
260.008179,176.571960,149.418274,148.441116
260.023315,176.576660,149.406616,148.447708
260.021637,176.553329,149.378891,148.461288
260.025238,176.536850,149.430313,148.434494
260.012207,176.516235,149.351883,148.455627
260.067230,176.525833,149.418350,148.441437
260.081238,176.523407,149.403763,148.447632
260.127991,176.495621,149.327927,148.439804
260.192322,176.499756,149.414474,148.440659
260.210938,176.491104,149.399734,148.447861
260.230804,176.455872,149.373337,148.457489
260.230896,176.398651,149.305832,148.461044
260.303192,176.390289,149.414673,148.441483
260.315796,176.393524,149.412308,148.443985
260.336884,176.395828,149.415726,148.440842
260.350952,176.399887,149.413345,148.443314
260.358246,176.396393,149.406082,148.447006
260.375092,176.399384,149.412491,148.444260
260.393097,176.399506,149.414261,148.441971
260.407593,176.406067,149.413437,148.444107
260.425507,176.412567,149.414886,148.442947
260.441742,176.415512,149.414169,148.442673
260.440247,176.402374,149.428040,148.429230
260.457092,176.417618,149.417740,148.440063
260.460968,176.417694,149.402328,148.443634
260.356506,176.327713,149.385269,148.406311
260.379791,176.343353,149.411835,148.443771
260.398041,176.342560,149.414124,148.441803
260.408081,176.056503,147.515472,148.424591
260.459106,175.954849,147.560501,148.406631
260.562897,175.888779,147.872162,148.478424
260.590424,175.884247,147.910706,148.447311
260.488831,175.806961,147.652908,148.454880
260.691620,175.551331,146.737244,148.405029
260.725983,175.485962,146.674149,148.475479
260.723053,175.365814,146.556488,148.350250
260.894196,175.389450,146.816299,148.411621
260.913177,175.379150,146.944931,148.421341
260.891693,175.368866,146.895752,148.440247
260.807404,175.366119,146.848465,148.441345
257.488739,175.991867,148.766876,148.403030
257.537354,176.018311,148.897766,148.455612
257.568817,176.035645,148.918533,148.441437
257.045319,176.064331,149.054749,148.226059
257.214752,176.186722,149.405975,148.448944
257.183502,176.210358,149.419983,148.430130
256.876984,176.198792,149.314545,148.443817
256.863831,176.192657,149.367340,148.443268
256.755981,176.290558,149.425568,148.374557
256.737152,176.938889,149.474564,148.281403
256.746399,177.048599,149.426178,148.436020
256.672913,177.276154,149.559006,148.425369
256.761017,179.679306,150.163544,147.389313
256.925079,179.743668,150.426254,147.430054
257.574646,179.952332,150.726318,147.174789
257.631256,180.632950,151.029724,146.868668
257.820465,180.770981,151.477921,146.888153
257.734558,180.930862,151.533844,146.873703
256.407867,181.621201,154.464020,147.434372
256.432434,181.774048,154.486374,147.379303
256.337708,182.005295,154.572510,147.364014
256.240387,184.054504,156.791550,147.776810
256.091919,184.259796,157.342438,147.857544
255.529587,184.365692,157.789780,147.911942
256.933197,186.911865,159.804565,147.027069
256.720154,187.309372,160.463516,147.398239
256.317596,187.795166,161.496201,147.265213
258.213470,189.636368,165.426025,146.363632
258.237305,189.748169,165.481888,146.251831
258.034637,189.947723,165.691437,146.052277
254.995056,191.940063,169.921280,144.059937
254.976425,192.170502,170.005783,143.829498
255.224655,192.273270,170.462479,143.726730
254.794724,192.772568,171.424454,143.227432
254.629074,192.948761,171.688660,143.051239
254.565720,193.298538,172.220108,142.701462
252.202850,194.252945,178.069336,141.747055
251.934479,194.514343,179.197342,141.485657
248.756104,195.728073,183.709991,140.271927
248.089966,196.915939,184.902603,139.084061
247.949265,197.204376,185.150497,138.795624
248.033783,197.386856,185.611633,138.613144
248.168060,198.001419,185.990570,137.998581
247.829697,198.091721,186.334152,137.908279
247.289337,198.282440,187.278046,137.717560
242.897125,200.818832,193.965363,135.181168
240.274780,201.218460,196.796829,134.781540
238.719193,201.669754,199.203735,134.330246
237.545471,210.169312,206.785477,125.830681
237.594925,210.270691,206.976166,125.729301
237.620224,210.428787,206.906738,125.571205
232.588593,211.611588,215.975266,124.388420
232.513000,211.768921,215.990921,124.231079
231.996048,211.991074,216.612762,124.008926
231.092712,212.510391,218.459183,123.489609
231.024323,212.561813,218.490280,123.413811
231.038467,212.667374,218.386490,123.332626
230.795151,215.166428,219.387085,120.833572
230.807053,215.271225,219.459045,120.728775
230.565048,215.477402,219.931473,120.522598
226.562469,218.989273,224.853455,117.010727
226.478867,219.293121,225.067276,116.706871
226.322433,219.493347,225.690170,116.506653
225.982941,221.174500,227.191238,114.825508
226.117264,221.264099,227.394547,114.735909
226.141266,221.393219,227.398315,114.606773
226.093658,221.878418,227.458557,114.121582
226.109055,222.067947,227.387665,113.932060
226.159912,222.102234,227.387665,113.897774
226.478317,224.091553,227.383423,111.908455
226.531296,224.137634,227.387665,111.862373
226.588287,224.208679,227.384018,111.791321
227.538925,225.522217,227.831619,110.477783
227.617844,225.552032,227.882187,110.444160
227.990891,225.645737,227.980835,110.354263
229.112946,226.139328,227.920273,109.860680
229.161194,226.227890,227.935883,109.772110
229.171539,226.410782,228.133987,109.589226
238.112488,228.840683,225.356201,107.159317
238.179123,229.011322,225.388641,106.988678
238.278488,229.065857,225.362350,106.920280
238.343567,229.111084,225.387360,106.888916
238.422653,229.194458,225.375275,106.805550
240.085434,229.672745,224.538528,106.327255
240.355057,229.831711,224.858154,106.168297
240.529938,230.072418,224.914093,105.927589
240.709732,230.269211,224.912720,105.730797
241.284027,230.588684,224.827744,105.411316
242.125900,230.881577,224.610580,105.118416
242.697052,231.189621,224.860397,104.810379
242.770920,231.298401,224.894989,104.701599
242.853180,231.471115,224.890976,104.528893
242.923218,231.733139,224.905350,104.266853
243.014862,231.904037,224.863190,104.095970
243.396759,232.301910,224.786285,103.698097
243.598312,232.504791,224.899445,103.495216
245.481720,232.966965,224.218414,103.033035
245.718231,233.379929,224.355865,102.620064
245.781219,233.586761,224.394608,102.413239
245.858704,233.687866,224.383224,102.312134
246.045914,233.905411,224.386932,102.094589
246.262619,234.263123,224.365631,101.736877
246.364059,234.451660,224.367615,101.548347
246.643661,234.817734,224.323593,101.182266
246.777756,235.049728,224.395569,100.950279
246.956757,235.172226,224.356827,100.827782
247.232391,235.425674,224.447495,100.574326
247.262344,235.673340,224.424149,100.326660
247.320282,235.855133,224.387360,100.144867
247.373627,236.046906,224.400543,99.953094
247.469513,236.157028,224.361130,99.842979
247.577209,236.278641,224.403336,99.721359
247.681305,236.571381,224.370239,99.428612
247.745392,236.607697,224.441849,99.392303
247.866211,236.713440,224.393539,99.286560
247.943176,236.852798,224.407394,99.147202
248.176773,237.195831,224.343399,98.804169
248.389969,237.405136,224.349045,98.594872
248.530121,237.698029,224.362198,98.301979
248.748413,237.933395,224.346970,98.066605
249.020859,238.255814,224.308304,97.744179
249.363068,238.505753,224.293945,97.494240
250.004288,238.553284,224.330994,97.407326
250.561859,238.759735,224.131836,97.240257
250.757675,238.907028,224.376053,97.092964
250.821503,239.112427,224.392151,96.887573
250.949951,239.200089,224.402130,96.799904
251.163361,239.323959,224.449005,96.676041
251.553436,239.591431,224.351974,96.408569
251.623138,239.637970,224.388565,96.362022
251.682800,239.707581,224.385239,96.292419
251.734940,239.811630,224.389145,96.188362
251.785126,239.967712,224.389145,96.032280
251.835419,240.203613,224.389450,95.796379
251.960724,240.312241,224.392700,95.687752
252.346451,240.571716,224.248032,95.428284
252.578247,240.657959,224.391403,95.342049
252.725372,240.802399,224.357956,95.197601
253.139557,241.148483,224.244629,94.851509
253.466385,241.368256,224.317749,94.631744
253.585724,241.549606,224.370071,94.450386
253.939087,241.752411,224.244843,94.247589
254.163651,241.960938,224.334930,94.039062
254.891769,242.473389,223.980865,93.526619
255.018723,242.723404,223.837494,93.276596
255.129684,242.837524,223.871872,93.162483
255.371857,242.983444,223.760193,93.016548
255.559189,243.242783,223.851562,92.757217
255.673920,243.351562,223.858093,92.648438
255.741440,243.527710,223.891708,92.472282
255.839752,243.532745,223.859726,92.467262
255.961838,243.551453,223.866776,92.448547
256.138153,243.579041,223.875824,92.420952
256.301788,243.625977,223.886993,92.374023
256.408844,243.708359,223.889969,92.291634
256.560822,243.833588,223.872192,92.166405
256.644958,244.007904,223.907318,91.992104
256.717041,244.013138,223.874695,91.962730
256.775024,244.040833,223.892303,91.957542
257.027222,244.073029,223.799789,91.926964
257.278595,244.099808,223.817932,91.900192
257.436157,244.145004,223.851334,91.854988
257.742920,244.220749,223.770844,91.779251
257.933044,244.328842,223.852737,91.671150
258.047882,244.493637,223.868530,91.506363
258.212860,244.733322,223.840500,91.266678
258.292877,244.850433,223.886658,91.149574
258.344299,245.025894,223.889389,90.974106
258.395294,245.039062,223.889847,90.960762
258.445129,245.058929,223.889389,90.941071
258.495209,245.088654,223.889389,90.911346
258.618988,245.123154,223.856125,90.876846
258.686371,245.184952,223.889709,90.815041
258.822266,245.270950,223.849121,90.729042
258.898682,245.406906,223.886307,90.593102
258.967896,245.609299,223.885574,90.390709
259.052979,245.657379,223.868103,90.342621
259.127686,245.736801,223.882431,90.263199
259.185089,245.853592,223.886261,90.146400
259.242065,246.027130,223.884476,89.972878
259.348602,246.031616,223.859711,89.968384
259.422699,246.047089,223.884293,89.952911
259.483307,246.060349,223.883438,89.939651
259.580078,246.091354,223.873276,89.908646
259.652008,246.137726,223.882812,89.862274
259.720123,246.204239,223.880173,89.795761
259.782349,246.306854,223.885620,89.693146
259.874420,246.456329,223.866623,89.543678
259.981812,246.674225,223.859482,89.325775
260.081696,246.762756,223.872101,89.237251
260.165039,246.895309,223.883682,89.104691
260.402374,247.083145,223.854675,88.916855
260.571442,247.103806,223.819748,88.896194
260.685760,247.147171,223.883026,88.852821
260.777008,247.219284,223.871872,88.780716
260.879120,247.323563,223.869507,88.676430
261.008331,247.486359,223.879745,88.513641
261.077911,247.729034,223.885483,88.270966
261.190460,247.843536,223.883652,88.156464
261.291595,248.009521,223.868683,87.990486
261.405975,248.012741,223.877182,87.966187
261.538971,248.014816,223.851425,87.982140
261.630676,248.022827,223.886902,87.963646
261.696411,248.040665,223.886551,87.959328
261.770508,248.061203,223.880371,87.938797
261.873169,248.082794,223.864609,87.917206
262.257721,248.082916,223.730423,87.917076
262.389191,248.124771,223.889694,87.875229
262.549255,248.185593,223.858871,87.814415
262.653442,248.279175,223.881897,87.720825
262.703003,248.419342,223.897217,87.580666
262.861694,248.624420,223.869797,87.375587
262.926697,248.686508,223.889282,87.313484
262.793213,248.736969,224.217743,87.263031
262.937836,248.854538,224.389099,87.145462
262.988037,249.032059,224.389145,86.967949
263.164307,249.071091,224.352448,86.928909
263.243073,249.105667,224.388428,86.894333
263.549622,249.043457,224.179733,86.956535
264.332428,249.000275,224.542953,86.999725
264.665436,248.990601,224.881699,86.973381
264.967468,248.840988,224.999084,87.093216
264.849213,248.712753,224.864502,87.287247
265.006683,248.797836,224.886871,87.202164
265.151855,248.877518,224.782608,87.122482
265.388000,248.972794,225.098709,87.027206
265.811859,249.190826,225.414886,86.809174
265.738983,248.983841,225.988464,87.016159
266.663055,248.427917,224.833420,87.572083
266.944244,248.612991,224.901642,87.387016
267.227325,248.335510,224.641525,87.647835
267.099701,247.365097,225.395813,88.634903
267.212738,247.424973,225.376694,88.575027
268.394989,245.375275,226.150696,90.624725
268.345215,245.136230,226.688324,90.863777
268.365326,244.346985,226.860687,91.653008
267.715576,243.260132,227.731247,92.739868
268.179443,240.228561,227.315659,95.771439
268.247742,240.262848,227.410049,95.737152
268.400543,240.381638,227.380447,95.618370
266.599121,236.744156,226.157135,99.255836
266.699615,236.847916,226.414917,99.152084
266.361969,235.839615,227.751495,100.160393
266.442566,235.991791,227.890076,100.008217
266.548004,235.994522,227.881409,100.005486
265.674896,234.674683,227.958435,101.325317
265.811432,234.645599,227.769058,101.354393
265.874756,234.665161,227.916214,101.334846
265.238861,234.592453,228.019119,101.407555
263.891205,234.460907,228.963943,101.539085
263.822388,234.614334,228.934982,101.385658
263.098022,233.887497,228.855225,102.112503
263.029236,234.025452,228.995560,101.974548
262.930359,234.007797,228.915649,101.978310
262.785370,233.898193,228.953934,102.047020
262.751434,234.121338,228.895996,101.878662
262.640076,234.141632,228.919601,101.858376
262.449951,234.150162,228.953171,101.849838
262.376343,234.213791,228.915543,101.786209
261.811798,234.070724,229.280380,101.929276
261.840729,234.102585,229.405884,101.897415
261.774048,234.137833,229.420227,101.862160
261.720673,234.196808,229.415314,101.803200
261.726959,234.296021,229.391129,101.703987
261.642578,234.407944,229.432388,101.592056
261.343048,234.349640,229.451065,101.650368
261.358826,234.524551,229.384094,101.475456
261.193054,234.338226,229.478516,101.661781
261.187805,234.488235,229.396652,101.511772
261.175781,234.714966,229.411407,101.285034
261.147705,234.736191,229.420273,101.263802
260.971130,234.691315,229.504166,101.308685
261.181458,234.765259,229.905930,101.234749
261.104889,234.853943,229.929291,101.146057
261.112732,234.996719,229.893051,101.003281
261.102875,235.227188,229.904022,100.772820
261.034058,235.212143,229.951355,100.787857
260.996643,235.299301,229.913788,100.700691
260.975739,235.426926,229.904892,100.573082
260.945953,235.565170,229.909851,100.434837
260.893585,235.502884,229.913605,100.497108
260.832031,235.425980,229.927292,100.515274
260.521545,235.391739,230.147827,100.608261
260.651245,235.571854,230.406479,100.428139
259.854828,235.296432,231.011948,100.703568
258.986298,234.808472,232.375504,101.191521
258.854950,234.871002,232.489288,101.128990
256.360077,234.546783,234.121735,101.453224
255.621246,233.993790,235.200150,102.006203
255.555832,234.133377,235.468552,101.866631
254.857193,233.960953,235.629517,102.039047
254.835022,234.027344,235.955048,101.972656
254.684280,233.929947,235.948013,102.025208
253.204330,233.614502,236.348831,102.385498
252.682678,232.876923,237.000259,103.087189
252.475876,232.968063,237.507935,103.031929
252.532516,232.891968,238.026138,103.108025
252.740463,233.081436,238.382339,102.918571
252.654526,232.727249,238.399536,103.272758
247.275986,228.595474,238.928070,107.404526
246.038681,228.416336,239.116791,107.528061
245.941666,228.003876,239.157272,107.996132
244.913940,226.114197,240.143982,109.885803
243.301620,224.672440,239.118088,111.327568
242.800446,224.412079,239.406723,111.587929
228.332809,219.124023,242.107834,116.875977
228.261459,219.114487,242.560440,116.885513
227.703781,219.058777,243.577011,116.941216
225.375977,219.105057,247.101685,116.894936
222.970291,217.701080,246.733459,118.298920
222.438538,217.736191,247.131622,118.263817
222.088242,217.661819,247.788269,118.338181
220.338547,217.381577,247.817627,118.618431
219.508514,217.256363,248.264709,118.743645
213.601898,215.278900,250.524139,120.332184
213.287674,215.052200,250.435364,120.690475
212.480637,215.080765,250.695877,120.919243
211.583618,214.939896,251.256790,121.060112
209.914536,214.762878,251.557159,121.237122
209.565063,214.788513,251.975037,121.211479
203.347214,212.808167,254.098724,122.611900
202.144211,212.533966,254.871628,123.332703
200.606400,212.109406,255.456833,123.887024
195.854950,210.787048,256.847351,124.679512
195.870956,210.909012,256.855286,124.950172
195.770599,210.872360,256.847809,124.964813
195.615814,210.581085,256.905396,125.192795
194.806458,210.784637,257.182709,125.215370
193.611740,210.823471,257.624329,125.176537
193.315201,210.797745,258.190277,125.202255
193.282425,210.938095,258.299866,125.061905
192.965561,211.049332,258.496674,124.950668
192.727921,210.989700,258.499390,125.001442
192.252487,210.925354,258.516144,125.074654
192.456238,211.128036,258.868835,124.871964
192.539474,211.193619,258.845306,124.806374
192.565475,211.271255,258.869049,124.728737
192.624893,211.407242,258.872101,124.592766
192.678802,211.600967,258.866028,124.399033
192.735809,211.641815,258.866150,124.358177
192.793076,211.703857,258.866608,124.296135
192.853729,211.806137,258.872101,124.193863
192.911621,211.959549,258.872101,124.040451
192.964706,212.177383,258.864777,123.822617
193.025009,212.263214,258.870178,123.736794
193.079391,212.383804,258.865295,123.616203
193.136841,212.566208,258.866211,123.433784
193.035400,212.536026,259.115448,123.463974
193.131683,212.505295,259.437561,123.469688
193.146332,212.507858,259.365295,123.446625
193.198074,212.511322,259.367065,123.454826
193.253586,212.521912,259.364380,123.446854
193.310593,212.536865,259.364655,123.446846
193.367676,212.507553,259.378326,123.492439
193.422440,212.511688,259.371857,123.446785
193.438599,212.519073,259.427887,123.457146
193.468597,212.540848,259.371857,123.446785
193.519653,212.533173,259.368835,123.464989
193.547546,212.483383,259.421814,123.501717
193.576950,212.723709,259.366333,123.276299
193.629333,212.789932,259.354553,123.210068
193.690826,212.904968,259.358032,123.095032
193.544144,213.052429,259.862091,122.947571
193.607025,213.078979,259.871613,122.921013
193.665146,213.118820,259.871613,122.881180
193.564316,213.154739,260.120544,122.845253
193.747955,213.232452,260.371368,122.767540
193.804749,213.345505,260.370728,122.654503
193.867981,213.515259,260.375519,122.484734
193.722641,213.499222,260.613739,122.493454
193.896530,213.494461,260.868927,122.448196
193.851501,213.513885,261.009918,122.469208
194.090439,213.529617,261.370880,122.447220
194.014099,213.543442,261.556244,122.456558
194.001938,213.454437,263.282501,122.545570
193.858139,213.703140,263.854523,122.296867
193.912430,213.802567,263.912933,122.197433
193.981323,213.952271,264.085297,122.047722
194.185974,214.178619,264.371124,121.821381
194.228058,214.269485,264.375671,121.730507
200.290390,215.301559,264.228363,120.698433
200.420044,215.452682,264.369385,120.547318
200.394424,215.692810,264.446869,120.307182
202.002594,216.380142,266.025543,119.619865
204.170990,216.620590,264.484650,119.379417
204.159729,216.682663,264.376251,119.317329
203.948196,216.866470,265.767212,119.133530
208.706802,217.659180,262.472137,118.340828
208.756683,217.742889,262.412231,118.257103
206.556610,218.036469,270.059204,117.963539
207.476944,218.136307,269.333893,117.863686
207.553711,218.204788,269.366913,117.795204
207.750229,219.074234,269.536621,116.925758
208.175354,219.391464,269.718872,116.608536
208.334106,219.654480,269.850037,116.345520
208.577698,220.438934,269.645721,115.561066
209.261658,220.847443,269.449432,115.152557
209.286819,221.034805,269.355896,114.965202
208.797043,222.087601,269.865997,113.912399
216.164078,225.348511,266.639771,110.651497
216.337936,225.523071,266.868164,110.476936
217.391556,225.974625,267.056793,109.991524
223.856323,226.296219,258.225342,109.703789
223.997101,226.446594,258.341919,109.553406
225.849182,226.853363,257.998444,109.146637
233.638535,226.884781,248.376175,109.115219
