1
380.457764,136.567337,108.234337,89.952103
380.700623,136.451675,108.486458,89.802605
375.938934,127.646568,107.956329,88.295090
376.051361,127.719719,107.969566,88.321686
376.165344,127.666824,107.828827,88.252388
374.579834,120.532990,105.085213,87.612892
374.798859,120.645096,105.451347,87.903580
374.820984,120.651886,105.443176,87.928490
371.801331,118.644180,103.831970,86.069954
371.887268,118.836929,103.950981,86.444244
371.910492,118.845245,103.950218,86.451591
369.270782,109.937836,101.403870,86.516716
369.297852,110.184166,101.411125,86.959877
369.339905,110.204468,101.449875,86.962517
364.209015,105.801781,99.864922,85.262291
364.274200,105.920876,99.950623,85.463158
364.296570,105.939529,99.950623,85.463158
359.903687,100.145340,98.884567,82.933517
359.956055,100.171730,98.921547,82.958725
359.967255,100.187721,98.890862,82.959106
355.716400,100.167419,98.769089,80.701622
355.759521,100.330360,98.896614,80.916153
355.530762,100.094368,96.999504,80.459297
352.003296,98.835732,94.674622,79.558754
352.057495,99.048592,94.936165,79.918938
351.719330,98.819061,94.722137,79.878685
345.079773,95.491409,93.945107,78.379936
344.621002,95.632050,93.998711,77.428322
344.616394,95.690170,93.948051,77.383911
339.443512,90.224770,91.565300,76.981003
339.659210,90.228722,91.943985,76.952316
339.685059,90.252777,91.954567,76.966820
332.785217,84.405174,90.403236,76.959862
332.838989,84.425865,90.442894,76.951187
332.865448,84.450485,90.455307,76.966820
329.609131,81.556374,89.598480,74.542282
329.807770,81.785439,89.955559,74.967682
329.798309,81.804962,89.928932,74.942467
322.250519,80.870834,89.142693,72.855278
322.411591,81.004005,89.478325,72.857193
322.416199,81.076645,89.464645,72.944977
321.107544,79.843285,86.877457,69.350395
321.147675,79.858910,86.717499,69.336105
321.287781,79.939354,86.955734,69.470329
317.721985,76.333672,85.600235,69.761337
317.815735,76.470963,85.775024,69.862755
317.959778,76.537651,85.725052,69.873039
311.041809,75.017906,85.379250,67.831795
311.100189,75.102196,85.457779,67.970703
311.108612,75.134560,85.355095,67.892113
309.389008,74.649132,85.708336,67.385254
309.398682,74.742287,85.784859,67.447769
309.415894,74.805382,85.821152,67.453636
301.127136,74.001869,84.569244,65.837067
301.458496,74.128792,84.570534,65.985229
301.695038,74.159149,84.952896,65.966309
294.338013,74.192711,86.298401,64.810738
294.312988,74.282860,86.374397,64.978035
294.315704,74.300751,86.453476,64.972298
293.943756,74.233505,86.396347,65.006638
293.952087,74.482727,86.467445,65.468430
293.904816,74.526924,86.479912,65.420525
294.027405,74.594734,86.150269,65.481361
294.186157,74.603149,86.424957,65.477127
294.182953,74.617996,86.407501,65.477074
293.851471,74.778885,86.716888,65.246712
293.974243,74.902809,86.948082,65.466812
293.981720,74.909737,86.942154,65.466469
293.110382,74.443451,86.281319,65.976067
293.214874,74.455818,86.454750,65.971779
293.236481,74.468033,86.447327,65.972992
293.268799,74.468239,86.270294,65.988548
293.336670,74.464371,86.326775,65.989418
293.754364,74.503563,86.291649,65.976402
293.770355,74.513329,86.391266,65.968864
293.807434,74.533974,86.451424,65.973061
294.003418,74.620766,86.349220,65.951836
294.061981,74.663849,86.424614,65.980972
294.083984,74.682198,86.448975,65.974556
294.091309,74.708542,86.441154,65.978073
294.150787,74.737228,86.406258,65.981346
294.159058,74.914902,86.444611,65.887047
294.137573,74.981247,86.426239,65.970848
294.132294,74.987785,86.379272,65.976189
294.139832,75.011597,86.445457,65.966278
293.980072,75.040268,86.362846,65.979980
293.979034,75.058868,86.400002,65.968071
293.872650,75.091324,86.368370,65.944229
293.902191,75.247940,86.311935,65.978661
293.973053,75.201653,86.047531,66.044090
294.075470,75.468239,86.391830,66.435699
294.170288,75.482803,86.353462,66.475800
294.257141,75.497940,86.442612,66.470726
294.270844,75.508759,86.445908,66.471336
294.264587,75.522598,86.421288,66.469810
294.123962,75.522514,86.435562,66.435387
294.032379,75.547836,86.425728,66.423485
293.979340,75.590691,86.457169,66.438995
293.977295,75.566978,86.186012,66.441872
293.934082,75.523628,86.382950,66.457329
293.852203,75.520073,86.455841,66.434677
293.711761,75.489540,86.409325,66.449890
293.616119,75.488319,86.463432,66.449028
293.549194,75.542595,86.393890,66.442749
293.344757,75.650520,86.481934,66.368515
293.282074,75.737556,86.414200,66.434097
293.303467,75.747757,86.191833,66.441956
293.415649,75.788162,86.418053,66.464569
293.423340,75.817749,86.433266,66.464088
293.382324,75.811142,86.403191,66.453178
292.789276,75.693123,86.436066,66.390450
292.807800,75.751015,86.452103,66.466370
292.789307,75.747467,86.411613,66.452698
292.839355,75.783722,86.445847,66.450859
292.842804,75.810715,86.375694,66.438293
292.808929,75.808632,86.277519,66.391182
292.746338,75.818237,86.281700,66.412231
292.769409,75.836632,86.276932,66.445168
292.833466,75.839264,86.346519,66.440582
293.041779,75.734024,86.481865,66.137688
293.013885,75.909676,86.423248,66.455376
293.163727,75.900337,86.294189,66.466812
293.647064,75.770340,85.643509,66.507683
294.026062,75.934242,85.711166,66.970085
294.149872,75.922905,85.918221,66.964531
295.233154,75.832321,85.903343,66.639214
295.359100,75.941223,85.836258,66.994164
295.765442,75.910210,85.431473,66.937187
296.584747,75.987747,84.044800,66.859505
296.847412,76.104195,84.358009,66.823341
297.143127,76.151573,84.094864,66.943611
297.346893,76.178284,84.455841,66.971809
297.397339,76.118408,84.381683,66.909454
297.477020,76.120407,84.413635,66.978432
298.658203,75.852211,83.554550,67.133492
298.976593,75.897896,83.760063,67.491470
299.168030,75.872482,83.736954,67.465714
299.311218,75.886299,83.952400,67.472260
299.338379,75.897812,83.877617,67.457977
299.403656,75.917801,83.924522,67.463272
305.029144,75.401039,81.135239,68.016975
305.234802,75.644981,81.357872,68.446556
305.350769,75.673050,81.305801,68.456490
305.607697,75.724327,81.204491,68.471962
305.781647,75.720993,81.428185,68.474533
305.868683,75.714417,81.307457,68.400269
305.970551,75.772369,81.445717,68.474602
305.995789,75.785255,81.459755,68.470482
306.014008,75.800201,81.459755,68.470482
307.345001,76.009438,80.698524,68.547127
307.493835,76.236069,80.959999,68.970268
308.455536,76.216507,80.200600,68.896461
311.722382,78.462822,79.888046,66.264847
311.790436,78.594261,79.951920,66.458794
312.964050,78.712158,79.072746,66.379967
313.646027,78.741394,79.099449,66.442299
313.858856,78.772156,79.456398,66.471100
315.019348,78.889717,78.244965,66.648781
320.255890,79.804001,75.385307,67.368729
320.815430,79.952431,74.722572,67.486427
321.145264,79.977425,74.809601,67.451767
323.237091,82.056854,73.038193,66.692856
323.628906,82.250809,73.350250,66.959953
323.941315,82.344917,73.237091,66.955070
325.419647,83.601341,72.804909,66.393143
325.613129,83.657852,72.902893,66.474304
325.661743,83.677406,72.961914,66.466431
326.149078,83.998009,72.579582,66.007988
326.458679,84.240631,72.916138,66.473091
326.514008,84.254692,72.960236,66.469612
326.954773,85.216377,72.979607,66.508591
327.956909,85.669312,72.434181,66.790688
327.995087,85.774261,72.462639,66.970222
331.751434,86.892532,70.356194,66.499763
331.828156,86.896217,70.461258,66.470535
331.902679,86.965813,70.414879,66.461876
333.102966,87.337601,69.684364,66.595551
333.323914,87.613014,69.894493,66.971321
333.462189,87.707481,69.887047,66.983971
333.924347,88.693428,69.672966,66.679016
334.146667,89.095573,69.923683,66.734093
334.332581,89.693810,69.755028,66.735489
334.204926,92.644302,69.817772,66.380722
334.289001,92.744850,69.961662,66.449776
334.303162,92.917366,69.926300,66.414993
334.060638,93.626648,70.552017,66.180275
334.272125,93.863144,70.932892,66.443466
334.304016,93.891594,70.964943,66.471344
334.289124,94.561333,70.278297,66.348892
333.841644,94.897705,70.649582,66.406700
333.997223,95.000450,70.956841,66.458794
333.033661,95.680573,69.880508,66.785019
333.063690,95.907211,69.850433,66.981995
332.910126,95.948715,69.861450,67.035263
333.109131,96.583138,69.753906,67.588539
333.230164,96.806496,69.951599,67.969803
333.238129,96.809868,69.954811,67.959213
333.595673,97.373985,69.341599,68.219017
333.674927,97.516373,69.462074,68.470924
333.685730,97.493523,69.454025,68.550613
330.710022,98.709801,71.045311,68.779991
330.942169,98.825562,71.469475,68.975220
330.942627,98.832809,71.466728,68.966591
330.454254,98.796242,71.465340,69.058937
330.480225,99.059097,71.451393,69.501930
330.481934,99.304466,71.470261,69.968071
328.205597,99.592216,71.461868,70.518471
328.173065,99.879189,71.501640,70.965698
328.378723,99.903770,71.955101,70.955681
323.313965,102.338348,75.348961,72.166763
323.363892,102.464142,75.464706,72.490013
323.369629,102.426437,75.466759,72.528503
320.434082,106.329979,75.178078,74.889305
320.124268,106.226700,75.394966,75.651108
318.971893,106.083748,75.570976,76.383507
315.391541,111.225952,76.253792,76.227272
314.916840,111.328964,76.707794,76.543831
312.554169,113.094429,78.311867,76.949921
308.619476,116.215073,80.959251,77.774178
308.521790,116.293922,80.893394,78.156265
308.294159,116.340218,80.860062,78.739922
302.434479,125.788437,81.402710,79.448616
302.375671,125.820396,81.514099,79.431602
302.106262,125.893539,82.313248,79.572670
290.144897,132.336212,84.061691,80.471603
290.348694,132.386063,84.488518,80.480881
289.901459,133.035110,84.755280,80.827820
284.639282,138.051346,86.719505,82.115547
283.604706,139.688095,88.250229,83.112236
282.857208,140.481522,88.807274,83.777336
271.599762,147.937988,92.534264,85.046814
271.725861,148.834183,94.176857,85.968811
270.948303,150.127563,95.444847,87.150185
263.781708,156.880142,94.275833,91.120499
263.469513,156.239624,96.947441,93.575455
263.106812,156.019943,98.647530,95.178551
247.454666,165.587875,103.804092,97.009941
247.538071,165.836136,103.953445,97.458481
247.477524,165.837097,103.982246,97.437233
240.818283,168.522079,108.738403,99.705368
240.329269,168.930313,110.013474,100.835327
239.235519,168.232727,111.972572,102.334625
232.277618,171.264145,112.265915,101.839249
232.331680,171.365540,112.561249,101.988861
232.050674,171.433197,113.559135,102.481163
228.328033,174.130310,114.102562,103.258865
228.386124,174.250458,114.811890,103.576988
227.367233,174.227646,117.087769,104.668892
222.643692,179.207825,116.786377,104.752075
222.630493,179.386780,117.121391,104.960739
222.472305,179.417755,117.809799,104.935165
218.837173,179.258057,120.859711,110.261803
218.782120,179.417267,120.939827,110.441299
218.798218,179.454956,120.953026,110.448761
216.405762,181.063095,122.935387,111.537590
216.341202,181.334839,122.983055,111.928215
216.329056,181.377792,122.945358,111.946518
216.343460,181.411499,122.944481,111.946785
215.999908,181.486664,123.016731,111.958038
215.678391,181.587341,123.536873,111.997070
215.885437,181.600784,123.948151,111.940811
215.586823,181.679367,124.003830,111.941574
215.741928,181.729156,124.463745,111.945801
215.426010,181.849030,124.545250,111.895111
215.437515,181.952576,125.029526,111.917999
215.461548,181.998627,125.500893,111.993011
215.603043,182.031570,125.970917,111.932930
215.483582,182.099945,126.000343,111.915947
215.535446,182.178787,126.534134,111.921112
215.662323,182.271332,126.988869,111.903275
215.360077,182.341400,127.086311,111.898148
215.332245,182.454941,127.559975,111.918022
215.299103,182.550034,128.096191,111.904266
215.407166,182.626801,128.516190,111.932419
215.501404,182.695740,129.073944,111.932396
215.695053,182.731094,129.467361,111.959061
215.672470,182.765778,129.480927,111.949173
215.676559,182.791611,129.440857,111.952942
215.661118,182.831787,129.487823,111.951172
215.461777,182.910645,129.559830,111.931328
215.526581,182.979080,130.048401,111.921379
215.648254,183.038788,130.527710,111.952782
215.818069,183.083817,130.994659,111.937721
215.762650,183.132004,130.971634,111.940781
215.752991,183.174316,130.953384,111.940422
215.686523,183.230408,131.015884,111.939728
215.828598,183.281357,131.509232,111.940056
215.999542,183.338821,131.988785,111.939430
215.922058,183.391937,132.005753,111.948029
216.045593,183.437729,132.469498,111.922760
216.011734,183.489105,132.473358,111.948349
215.965439,183.531143,132.455139,111.942970
215.945740,183.569977,132.443497,111.938766
215.936172,183.611862,132.455612,111.942085
215.905045,183.649338,132.444229,111.935211
215.878098,183.703201,132.448685,111.934715
215.364639,183.788849,132.768936,111.882683
215.213867,183.850616,133.056824,111.930397
215.334122,183.895477,133.481094,111.940125
214.943848,183.902115,134.067734,112.085693
214.935425,184.120392,134.527771,112.470734
214.797318,184.246857,135.242523,112.450043
214.738159,184.280121,135.642624,112.455811
214.909821,184.302933,135.944916,112.453896
214.929520,184.326675,135.945480,112.454163
214.952896,184.350571,135.946045,112.453369
214.976700,184.374207,135.932846,112.451530
214.980331,184.402893,136.007767,112.466927
215.152054,184.356720,136.488037,112.423180
215.137131,184.392731,136.433365,112.458977
215.019333,184.381775,136.411942,112.502251
215.144073,183.972534,136.324066,113.516457
215.215515,184.182800,136.453735,113.978897
215.233810,184.191605,136.431198,113.955429
215.149918,183.831772,136.856247,114.341156
215.215881,183.908691,136.932144,114.452148
214.992279,183.697464,137.345352,115.201706
215.588120,178.141571,137.855942,119.130318
215.637756,178.328079,137.978165,119.459045
215.601624,178.349503,138.010284,119.491859
215.887131,178.153412,138.578964,119.490807
216.101639,178.151459,138.928085,119.455673
216.087296,178.151581,139.085907,119.481682
216.344254,178.089218,139.443314,119.530304
216.381683,178.321625,139.434738,119.949562
216.429855,178.331802,139.443512,119.955582
216.260315,178.589951,139.500549,119.680733
216.506775,178.749924,139.930862,119.948296
216.538071,178.776108,139.930862,119.948296
216.524796,178.754059,140.048035,119.890030
216.747498,178.809372,140.430618,119.948296
216.778900,178.835556,140.430618,119.948296
216.810303,178.861740,140.430618,119.948296
216.829620,178.885880,140.453537,119.951462
216.849564,178.910477,140.430618,119.948296
216.868134,178.931122,140.453491,119.948112
216.886765,178.956818,140.433014,119.948280
216.912643,178.975006,140.457825,119.949051
216.930450,179.000809,140.430618,119.948296
216.961868,179.026993,140.430618,119.948296
216.964035,179.036087,140.492157,119.954750
216.964676,179.059052,140.430618,119.948296
216.996078,179.085236,140.430618,119.948296
217.000366,179.104477,140.480988,119.952927
217.006577,179.128342,140.430618,119.948296
217.018051,179.153748,140.473145,119.960167
217.028198,179.173996,140.430618,119.948296
216.548920,178.852936,141.489792,120.610001
216.550720,179.048264,141.430130,120.947868
216.542053,179.047928,141.528290,120.982719
216.748077,179.051331,141.994522,120.969597
216.747498,179.066864,141.929886,120.947868
216.764954,179.087799,141.925308,120.950821
216.654480,179.093262,142.329956,120.989410
216.725983,179.099335,142.449860,120.952789
216.405624,179.056320,142.955719,121.007874
216.424423,179.302719,142.929382,121.447647
216.365738,179.292374,143.063904,121.471336
216.531189,179.280823,143.489380,121.462410
216.522781,179.293839,143.424042,121.450943
216.533798,179.302246,143.468613,121.462883
216.491135,179.295151,143.406494,121.466537
216.471329,179.280090,143.505844,121.468834
216.714417,179.296005,143.928802,121.447433
216.712906,179.313171,143.974136,121.457443
216.700714,179.325958,143.938797,121.443405
216.676941,179.341324,143.988831,121.457619
216.415237,179.299042,144.263306,121.478966
216.458954,179.276962,144.498810,121.463348
216.400208,179.282471,144.485123,121.454262
216.314240,179.282623,144.562042,121.461578
216.514877,179.299149,144.942429,121.447670
216.488602,179.308945,144.994629,121.455658
216.474030,179.326431,144.929550,121.448318
216.466751,179.323700,144.934509,121.452507
216.458954,179.338089,144.970917,121.453392
216.446625,179.350357,144.928528,121.444252
216.379868,179.337784,144.908539,121.466980
216.394821,179.344971,144.945328,121.450790
216.367935,179.345093,144.971634,121.467018
216.372345,179.362198,144.941055,121.450684
216.260178,179.315323,145.092926,121.522842
215.606979,179.348846,146.958252,122.183350
215.576584,179.504486,147.001892,122.463417
215.697891,179.456345,147.665939,122.544548
215.796402,179.639175,148.007233,122.987595
215.959396,179.619598,148.545914,122.976898
216.097763,179.611038,149.044266,122.972923
215.914734,179.409470,149.923965,123.136398
215.781082,179.567490,150.052521,123.469856
215.858322,179.535019,150.574234,123.485504
215.748703,179.465729,151.159241,123.503380
215.743515,179.670975,151.597748,123.979156
215.678940,179.598267,152.143890,123.999290
215.327744,179.475464,152.777084,123.990059
215.299957,179.506409,152.964905,124.026390
215.070419,179.712891,153.173508,124.478073
215.039169,179.712616,153.616882,124.415970
214.262665,179.414886,154.262054,124.774086
214.221588,179.496811,154.539093,124.960899
214.239243,179.477905,155.085449,124.969727
214.165344,179.551437,155.479309,124.947006
213.422699,179.304169,156.427872,125.554649
213.356552,179.505600,156.448624,125.945602
212.963257,179.444443,156.438080,126.020966
212.952682,179.678513,156.458908,126.451355
212.871902,179.689407,156.493988,126.464981
208.733017,179.782898,157.830612,126.380074
208.299561,179.811508,157.936554,126.470688
207.987442,179.804581,157.901779,126.446167
202.992477,180.219467,156.812988,126.980423
202.322052,180.134033,156.889084,127.038628
201.669998,180.196167,156.563339,127.641167
199.902557,180.562775,156.735397,128.234512
199.148956,180.679001,156.643280,128.421295
198.887299,180.674759,156.753693,128.504791
198.789658,180.919876,156.958420,129.034958
198.616089,181.105453,156.934845,129.502365
198.484116,181.322128,156.885117,129.974411
198.264313,181.286011,156.897964,129.959061
198.022186,181.240082,156.855942,129.980591
197.777481,181.164337,156.855087,129.989120
197.841187,181.169205,156.920013,129.945343
197.877518,181.196884,156.922470,129.943985
197.884552,181.221649,156.958725,129.951080
197.886490,181.243286,156.910095,129.947952
197.927780,181.269684,156.922470,129.943985
197.878189,181.285965,156.899246,129.953384
197.859772,181.303223,156.899139,129.944244
197.841629,181.324844,156.900375,129.946228
197.801620,181.338043,156.901428,129.959991
197.689682,181.336166,156.824707,129.960999
197.649429,181.335938,156.880859,129.958694
197.572617,181.336823,156.893677,129.953110
197.472610,181.330933,156.883530,129.976212
197.359299,181.318878,156.880173,129.956589
197.308685,181.319809,156.891602,129.966476
197.285873,181.326584,156.905579,129.948853
197.281738,181.342972,156.906311,129.959610
197.192505,181.330719,156.903778,130.014374
197.149536,181.560959,156.895096,130.457382
197.127762,181.568512,156.902054,130.465622
197.110565,181.576385,156.901138,130.455276
197.151352,181.598175,156.920044,130.445129
197.186035,181.625671,156.921692,130.444214
197.207108,181.651596,156.916626,130.446869
197.151718,181.657074,156.948425,130.495361
197.123077,181.652634,156.904190,130.450882
197.134232,181.672302,156.909454,130.450623
197.052887,181.689453,156.849686,130.469864
197.049973,181.689667,156.922821,130.466248
196.932022,181.683777,156.917007,130.475632
196.920563,181.689041,156.903900,130.451843
196.907852,181.703110,156.912048,130.452469
196.862732,181.720825,156.882660,130.457657
196.903549,181.739975,156.916443,130.447006
196.882278,181.753998,156.905685,130.466858
196.891739,181.765610,156.952835,130.464951
196.880402,181.779053,156.923111,130.453049
196.897064,181.800079,156.915588,130.447372
196.918930,181.824295,156.916550,130.446793
196.945663,181.849457,156.917999,130.446121
196.971451,181.874908,156.917923,130.446167
197.000046,181.900757,156.918884,130.445679
197.035934,181.928085,156.921982,130.444046
197.060440,181.954590,156.917786,130.446304
197.092087,181.980881,156.920197,130.444977
197.069824,181.997345,156.901581,130.462250
197.088821,182.012497,156.912506,130.448944
197.040573,182.025482,156.880402,130.455902
197.079788,182.045212,156.915833,130.447266
197.118210,182.071930,156.922470,130.443771
197.149841,182.099899,156.921234,130.444412
197.185562,182.128052,156.922470,130.443771
197.209091,182.154816,156.918381,130.445862
197.241882,182.181580,156.920868,130.444611
197.277771,182.209641,156.922470,130.443771
197.289139,182.234390,156.913300,130.448547
197.312088,182.255722,156.916138,130.447281
197.316010,182.274139,156.908905,130.450729
197.357895,182.299149,156.922470,130.443771
197.380280,182.323471,156.917618,130.446533
197.344574,182.332184,156.894257,130.458069
197.377991,182.349915,156.917984,130.446426
197.379166,182.367630,156.908676,130.451340
197.378403,182.380905,156.905716,130.452728
197.358414,182.389282,156.898041,130.454361
197.383453,182.406387,156.914474,130.448135
197.409454,182.428116,156.917343,130.446716
197.423218,182.447647,156.914856,130.448532
197.418976,182.462296,156.906982,130.451157
197.452194,182.484726,156.919144,130.445557
197.427719,182.498367,156.903946,130.451218
197.465622,182.520889,156.919952,130.445221
197.380920,182.530472,156.898697,130.445679
197.399963,182.550095,156.917831,130.447418
197.433792,182.575974,156.921295,130.444397
197.455383,182.600845,156.917664,130.446320
197.487595,182.627350,156.920898,130.444534
197.433716,182.640350,156.891052,130.454575
197.474014,182.662018,156.919479,130.445251
197.389328,182.669525,156.881516,130.453018
197.431366,182.690475,156.918686,130.445984
197.468353,182.717850,156.922470,130.443771
197.365112,182.723663,156.876892,130.453278
197.394241,182.739899,156.919220,130.447891
197.399261,182.758301,156.914688,130.449326
197.435822,182.783691,156.921753,130.444107
197.466110,182.811310,156.920944,130.444519
197.472916,182.834015,156.914093,130.447433
197.457413,182.847290,156.905289,130.448364
197.326981,182.826797,156.880524,130.452087
197.305222,182.837585,156.892990,130.448547
197.338272,182.861359,156.917221,130.446060
197.323700,182.877502,156.916428,130.445999
197.303864,182.893173,156.902237,130.450943
197.285980,182.905762,156.901108,130.449265
197.255737,182.917664,156.895996,130.448212
197.260498,182.935562,156.909409,130.445114
197.292007,182.962677,156.920319,130.442657
197.318771,182.991013,156.920380,130.442993
197.315399,183.012131,156.909973,130.447479
197.337601,183.035706,156.917007,130.444824
197.344269,183.058670,156.913940,130.443588
197.360016,183.083755,156.916275,130.443314
197.369888,183.107346,156.914383,130.444565
197.381622,183.131073,156.915024,130.443771
197.383270,183.152954,156.910980,130.445862
197.388489,183.174026,156.910950,130.446899
197.419327,183.199615,156.919510,130.445190
197.431000,183.223846,156.914154,130.447937
197.427704,183.243698,156.907074,130.451263
197.340149,183.245544,156.856201,130.467361
197.401886,183.261368,156.920547,130.444702
197.410019,183.284973,156.911804,130.448776
197.408218,183.304276,156.906311,130.451462
197.444717,183.327927,156.920120,130.444962
197.480988,183.355804,156.922470,130.443771
197.516083,183.384293,156.922470,130.443771
197.591278,182.776657,157.265335,131.001968
197.704391,183.024231,157.423325,131.444275
197.739059,183.052460,157.422226,131.443344
197.988312,182.616867,157.434555,131.710632
198.017242,182.761536,157.422455,131.943329
198.099014,182.682327,157.489395,132.018448
198.100647,182.923477,157.422226,132.442917
198.141449,182.947723,157.427887,132.446777
198.200241,182.959290,157.439117,132.455063
200.705612,178.764709,163.127518,134.840439
200.917816,178.819077,163.451126,134.959244
200.976639,178.816132,163.452499,134.962891
201.173935,178.036957,164.129700,135.370743
201.400574,178.078552,164.448792,135.459900
201.690781,177.969559,164.729111,135.611389
202.217209,178.039810,164.303665,136.029190
202.311523,178.275589,164.418762,136.441193
202.435883,178.282181,164.454071,136.503113
206.340942,176.743607,164.732574,137.871994
207.836884,176.241104,164.696274,138.361694
208.482101,175.675003,165.211395,138.947510
223.895828,175.249725,158.169403,139.174667
225.810486,173.844879,158.136185,140.122772
226.297867,173.934341,158.372833,140.487564
232.256119,174.367310,156.284470,140.286896
232.398819,174.429016,156.403442,140.480865
232.443451,174.438965,156.422714,140.439468
239.423325,174.857544,153.289459,140.832077
239.562454,174.939331,153.425278,140.944916
239.635498,174.965317,153.425034,140.935196
254.592102,175.904587,145.913330,141.040665
254.636276,176.127930,145.924011,141.446411
254.670853,176.155121,145.927902,141.439026
255.228821,175.813187,146.276230,141.741425
255.350037,175.922653,146.415924,141.961044
255.388657,175.942520,146.427658,141.938812
255.551956,175.960495,146.378128,141.929794
255.648376,175.989960,146.427444,141.938080
255.760605,176.013367,146.415222,141.932587
259.689728,175.083496,141.603973,141.610840
259.902435,175.263290,141.925644,141.954330
259.945801,175.285477,141.930786,141.938629
259.977081,175.316559,141.929886,141.938812
260.008820,175.347534,141.929886,141.938812
260.040558,175.378525,141.929886,141.938812
260.072296,175.409515,141.929886,141.938812
260.112274,175.427032,141.922302,141.953613
260.151520,175.444580,141.926468,141.945465
260.163757,175.458359,141.931290,141.936188
260.199554,175.482880,141.925491,141.947372
260.233490,175.509598,141.929886,141.938812
260.265228,175.540573,141.929886,141.938812
260.296967,175.571564,141.929886,141.938812
260.328705,175.602539,141.929886,141.938812
260.353394,175.627197,141.925293,141.939041
260.392456,175.649857,141.925262,141.947845
260.434937,175.662582,141.922150,141.953934
260.446808,175.557465,141.878098,142.036240
260.515503,175.771133,141.919510,142.458893
260.566101,175.749100,141.914886,142.472794
260.604156,175.495804,141.881607,142.606506
260.657288,175.661804,141.915451,142.960175
260.699005,175.630936,141.918991,142.977753
260.745850,175.619980,141.918213,142.960663
260.794830,175.609879,141.914658,142.967514
260.826752,175.581543,141.911835,142.965683
260.856354,175.545120,141.899307,142.972015
260.892853,175.551544,141.928284,142.936829
260.925842,175.582794,141.929474,142.939194
260.815857,175.618240,142.147644,142.754623
260.988708,175.741318,142.429626,142.938385
261.020569,175.772522,142.429626,142.938385
261.052399,175.803726,142.429626,142.938385
261.084259,175.834930,142.429626,142.938385
261.120422,175.859085,142.425690,142.946136
261.154236,175.886414,142.429626,142.938385
261.186096,175.917618,142.429626,142.938385
261.204681,175.940048,142.425125,142.941208
261.237305,175.968979,142.431732,142.936417
261.268097,176.001160,142.429626,142.938385
261.305389,176.023453,142.424637,142.948196
261.330505,176.044342,142.428696,142.939926
261.362823,176.074768,142.429626,142.938385
261.394684,176.105972,142.429626,142.938385
261.428131,176.133453,142.427979,142.941269
261.460754,176.162170,142.429520,142.938232
261.491669,176.192749,142.429138,142.938766
261.523773,176.223770,142.429626,142.938385
261.555634,176.254974,142.429626,142.938385
261.587463,176.286163,142.429626,142.938385
261.619324,176.317368,142.429626,142.938385
261.650452,176.348099,142.429428,142.938614
261.672363,176.374176,142.424698,142.941971
261.706696,176.403580,142.429626,142.938385
261.738556,176.434784,142.429626,142.938385
261.757965,176.460785,142.423553,142.942703
261.792847,176.489838,142.429626,142.938385
261.824707,176.521042,142.429626,142.938385
261.856567,176.552246,142.429626,142.938385
261.888428,176.583435,142.429626,142.938385
261.920288,176.614639,142.429626,142.938385
261.933411,176.638580,142.441284,142.937134
261.909576,176.644089,142.395035,142.957169
261.957611,176.665100,142.429077,142.938812
261.989746,176.696091,142.429626,142.938385
262.021606,176.727295,142.429626,142.938385
262.049377,176.755630,142.427628,142.939926
262.082245,176.786072,142.429626,142.938385
262.090851,176.807465,142.430618,142.941757
262.120605,176.835846,142.428848,142.938995
262.143585,176.862534,142.432480,142.939438
262.174011,176.893204,142.429626,142.938385
262.204956,176.923767,142.429184,142.938721
262.237061,176.954803,142.429626,142.938385
262.261993,176.982437,142.430389,142.939621
262.282440,177.005249,142.424194,142.942566
262.309052,177.028748,142.425705,142.941406
262.339722,177.056229,142.428085,142.939575
262.356049,177.077530,142.428238,142.941818
262.377441,177.100479,142.428329,142.941208
262.408051,177.128937,142.428696,142.939102
262.437256,177.157867,142.429016,142.939270
262.469421,177.188629,142.429626,142.938385
262.501282,177.219833,142.429626,142.938385
262.533020,177.250961,142.429581,142.938416
262.563019,177.280823,142.428711,142.939102
262.595184,177.311615,142.429733,142.938385
262.626862,177.342728,142.429565,142.938431
262.652374,177.369415,142.426483,142.940796
262.684540,177.398514,142.429001,142.938873
262.712128,177.426270,142.427368,142.940125
262.730835,177.448074,142.422607,142.943634
262.694153,177.440964,142.413055,142.953323
262.714172,177.453339,142.422745,142.944412
262.709259,177.463394,142.438828,142.943359
262.667175,177.444366,142.301468,142.949005
262.748962,177.460724,142.424118,142.942154
262.726227,177.463211,142.410477,142.952423
262.742157,177.474472,142.417236,142.947403
262.769531,177.496155,142.424423,142.942154
262.799835,177.522842,142.427582,142.939926
262.832733,177.553284,142.429626,142.938385
262.838501,177.572617,142.417587,142.946793
262.861908,177.593414,142.422546,142.943420
262.894928,177.620407,142.428452,142.939285
262.910370,177.643661,142.421310,142.944336
262.920197,177.656326,142.417496,142.945450
262.958099,177.683990,142.429626,142.938385
262.984924,177.711746,142.427505,142.939926
263.008667,177.735794,142.425110,142.941849
263.042664,177.765182,142.429581,142.938431
263.074524,177.796371,142.429626,142.938385
263.106384,177.827560,142.429626,142.938385
263.132263,177.854553,142.426682,142.940643
263.159546,177.880356,142.426636,142.940689
263.186584,177.905945,142.426514,142.940781
263.216919,177.933807,142.428116,142.939545
263.223816,177.940460,142.418579,142.943527
263.214478,177.936172,142.423767,142.943497
263.211487,177.942062,142.417969,142.945801
263.177643,177.930161,142.413025,142.949615
263.195251,177.943298,142.419296,142.945770
263.211578,177.959091,142.422409,142.942871
263.182709,177.948547,142.408127,142.951904
263.194458,177.956253,142.418060,142.945740
263.199036,177.964813,142.417191,142.946365
263.227325,177.985229,142.425125,142.941742
263.220001,177.982071,142.413071,142.946091
263.228546,177.989380,142.420578,142.944168
263.202332,177.973816,142.403198,142.950989
262.814209,177.769043,142.399048,142.894226
262.797729,177.791748,142.413086,142.954102
262.778290,177.783997,142.413864,142.951035
262.775299,177.788483,142.420135,142.949371
262.677490,177.752533,142.401016,142.968170
262.662506,177.738068,142.394669,142.959045
262.494446,177.670837,142.399399,142.953278
262.423828,177.637146,142.416519,142.950134
262.355042,177.606064,142.413132,142.952499
262.280365,177.562714,142.398788,142.954697
262.314667,177.570877,142.422806,142.942230
262.283875,177.556671,142.424576,142.945587
262.288544,177.559235,142.416138,142.943802
262.296326,177.570251,142.428101,142.943893
262.308746,177.585907,142.424408,142.943069
262.303070,177.594696,142.437210,142.941910
262.316620,177.613510,142.424225,142.941742
262.326050,177.628967,142.427841,142.941956
262.338806,177.646912,142.428192,142.942261
262.360168,177.668289,142.424103,142.942627
262.372375,177.684433,142.427856,142.942734
262.389160,177.702301,142.422043,142.944138
262.413239,177.722488,142.423920,142.942764
262.428253,177.736633,142.421371,142.942749
262.442291,177.749817,142.419556,142.944366
262.434814,177.755585,142.424423,142.945007
262.457977,177.775024,142.424026,142.942184
262.492645,177.804321,142.429626,142.938385
262.469482,177.808014,142.449142,142.928970
262.469116,177.828903,142.422409,142.942108
262.496613,177.852615,142.425690,142.941422
262.523041,177.877106,142.425995,142.941193
262.553101,177.904343,142.427841,142.939758
262.579956,177.930695,142.426727,142.940628
262.598175,177.950424,142.425522,142.939758
262.617493,177.973404,142.431259,142.940414
262.605377,177.981705,142.415329,142.946869
262.526337,177.958038,142.429016,142.941849
262.526001,177.966797,142.419357,142.943359
262.483490,177.960541,142.440414,142.942017
262.490784,177.979675,142.423065,142.943710
262.506042,177.998474,142.431351,142.941345
262.470642,177.996643,142.439835,142.939331
262.431610,177.995697,142.430222,142.937607
262.444855,178.018066,142.422073,142.943420
262.447266,178.029968,142.431686,142.940353
262.445068,178.045288,142.423752,142.946762
262.460663,178.063263,142.426804,142.942963
262.491058,178.090149,142.428207,142.939484
262.499329,178.109589,142.417740,142.946930
262.494324,178.115356,142.422287,142.947052
262.498108,178.125015,142.416565,142.947189
262.509216,178.136963,142.422760,142.944748
262.522491,178.152954,142.418961,142.946198
262.552399,178.175125,142.426025,142.941147
262.561096,178.192917,142.418869,142.946106
262.563019,178.202301,142.413239,142.950043
262.564392,178.208313,142.440842,142.937531
262.579346,178.233536,142.424088,142.942505
262.613983,178.262680,142.429626,142.938385
262.632355,178.288696,142.427963,142.941544
262.663788,178.317429,142.429016,142.938858
262.690063,178.344894,142.428772,142.939941
262.706116,178.367722,142.428665,142.942032
262.737335,178.394302,142.428925,142.938416
262.719269,178.388626,142.374008,142.961411
262.760101,178.400589,142.420410,142.944916
262.777374,178.420746,142.420242,142.945023
262.804321,178.444595,142.424942,142.941727
262.817047,178.465057,142.419144,142.945862
262.824310,178.479797,142.415054,142.948776
262.841766,178.494843,142.418976,142.946136
262.868439,178.513229,142.424332,142.942093
262.879089,178.528992,142.417908,142.947067
262.886841,178.539841,142.420624,142.947479
262.899353,178.550293,142.418716,142.946503
262.853363,178.535995,142.458435,142.935440
262.858276,178.563980,142.436691,142.938751
262.869263,178.582397,142.421021,142.944702
262.827179,178.552322,142.444016,142.927612
262.838715,178.579498,142.424896,142.942642
262.855988,178.594955,142.421097,142.944244
262.405670,178.432053,141.836533,142.916321
262.431305,178.424683,141.869873,142.962891
262.444366,178.413910,141.924179,142.962463
262.393127,178.397659,141.891937,142.966125
262.348694,178.358307,141.842331,142.976410
262.323395,178.238373,141.586716,142.970215
262.498627,178.237640,141.915512,142.947952
262.483917,178.243164,141.905792,142.955246
262.498871,178.252151,141.915756,142.948624
262.493042,178.262405,141.930328,142.946960
262.493927,178.273712,141.914719,142.948624
262.365814,178.266602,141.942871,142.929001
260.513214,178.676941,142.558167,142.948746
260.699432,178.693054,142.914093,142.948883
260.710480,178.722488,142.928543,142.935822
259.498779,178.998520,143.271072,142.222626
259.586578,179.141861,143.428619,142.435455
259.583740,179.187927,143.435318,142.426361
259.444214,179.274750,143.587418,142.485062
259.580475,179.256912,143.899216,142.454666
259.593964,179.269379,143.912369,142.448288
259.447815,180.257233,144.313538,142.196991
259.529541,180.407394,144.425140,142.441238
259.523865,180.437164,144.450714,142.455109
259.481934,182.604034,145.257370,141.000259
259.588898,182.854843,145.449921,141.445099
259.644348,182.897614,145.615082,141.462708
259.768860,183.574158,146.022507,140.763916
259.945679,183.709366,146.548935,140.951645
259.878235,183.800385,147.216431,140.911179
259.267334,184.761780,148.134720,141.278046
259.494476,184.967957,148.533508,141.462997
259.913544,185.514099,149.611725,141.558258
260.804962,186.794189,150.627808,142.498581
260.982819,186.943359,151.266174,142.456039
261.053253,186.978958,151.581039,142.449493
262.826630,189.165817,152.802536,141.372986
262.471619,189.515869,153.763290,141.304810
262.678528,190.701035,154.663651,140.263916
265.636444,192.992584,157.857315,137.943268
264.912048,193.227142,158.689804,137.955475
264.303253,193.469757,159.532455,137.879349
263.913727,195.447327,161.599899,137.353149
264.050964,195.579651,162.032791,137.440735
264.094482,195.843674,162.672928,137.354385
263.939514,196.289749,163.512299,137.494339
264.068726,196.342041,164.037399,137.439529
264.063232,196.611893,164.669830,137.396149
263.630585,197.628784,166.240585,137.465118
263.640198,197.760971,166.505249,137.384506
263.033539,198.601837,167.914276,137.263626
262.431030,199.498581,168.725861,136.501419
262.577454,199.863434,168.935608,136.136566
262.612518,200.187805,169.162949,135.812195
262.490326,200.564346,169.584457,135.435654
262.327393,200.674927,170.446594,135.325073
262.012482,201.309830,171.988068,134.690170
258.321198,204.283691,178.942368,131.716309
257.242950,204.521729,179.944229,131.478271
253.945786,204.784271,183.791199,131.215729
251.808670,207.573151,188.702759,128.426849
250.903961,207.708450,190.232300,128.291550
250.415390,207.962708,191.720078,128.037292
249.164566,209.278107,193.606354,126.721893
247.845688,209.894791,195.759796,126.105209
247.050064,210.162857,197.070099,125.837143
242.952042,210.781937,202.759415,125.218071
242.762314,211.022766,203.152374,124.977242
242.287582,211.493256,204.258759,124.506737
241.004013,213.516022,206.796158,122.483971
240.734421,213.632523,207.501465,122.367485
240.271561,213.860306,209.048492,122.139694
237.248581,216.607986,212.555267,119.392006
237.213165,216.731781,213.114685,119.268219
237.235733,216.885086,213.470062,119.114906
237.303329,219.118073,213.926956,116.881927
237.054459,219.224701,214.164001,116.775307
236.819550,219.338470,214.690536,116.661522
235.606171,221.645065,216.855042,114.354935
235.672577,221.718842,216.894409,114.281151
235.707474,221.825256,216.910309,114.174744
235.839874,223.333786,216.445679,112.666214
235.856827,223.503159,216.396606,112.496849
235.903473,223.505035,216.393097,112.451530
239.367584,226.261017,217.221756,109.738991
239.501633,226.391815,217.392593,109.608177
239.620941,226.602173,217.433701,109.397827
240.400284,226.995193,217.346878,109.004807
240.471771,227.243088,217.392593,108.756905
240.518570,227.364532,217.431412,108.635468
242.621841,228.021820,216.554306,107.978188
242.846771,228.034485,216.951431,107.947098
242.878433,228.069931,216.896744,107.930069
242.898132,228.138153,216.958969,107.861847
242.940994,228.214020,216.965042,107.785973
245.514191,228.502441,216.200867,107.497559
245.694656,228.569809,216.361496,107.416039
245.816986,228.663040,216.432755,107.336960
245.864670,228.797958,216.500900,107.202042
246.277802,229.034698,216.988815,106.965294
246.686508,229.210587,216.674881,106.789421
246.984848,229.383133,216.856171,106.616859
247.062820,229.592575,216.887848,106.407433
247.142105,229.658752,216.882446,106.341255
247.231018,229.779327,216.885605,106.220673
247.325073,229.986267,216.869736,106.013725
247.876755,230.692459,216.699951,105.307541
248.159134,230.917557,216.895798,105.082443
249.718521,231.512146,216.350998,104.487854
249.868515,231.722565,216.592590,104.277443
250.026093,231.929901,217.024216,104.070091
250.279037,232.239456,217.401062,103.760544
250.379700,232.517792,217.435318,103.482216
250.581833,232.705124,217.491943,103.294876
250.587479,232.832916,217.392303,103.167091
250.734070,233.097412,217.398376,102.902588
250.828995,233.214233,217.395508,102.785759
250.897964,233.354294,217.394867,102.645699
251.060318,233.675735,217.482300,102.324257
251.067703,233.791672,217.407700,102.208328
251.130722,233.992188,217.396881,102.007812
251.185150,234.255264,217.434158,101.744736
251.244507,234.440323,217.371841,101.559669
251.312195,234.676880,217.399689,101.323120
251.429794,234.907623,217.390182,101.092369
251.485641,235.112091,217.400482,100.887909
251.646439,235.214325,217.399033,100.785683
251.698059,235.328247,217.400787,100.671761
251.747437,235.505798,217.402176,100.494194
251.814575,235.575226,217.443420,100.424774
252.092346,235.823532,217.347137,100.176468
252.190628,236.069489,217.427521,99.930519
252.224731,236.116669,217.397339,99.883339
252.321289,236.269485,217.375473,99.730515
252.232864,236.453552,218.007904,99.546448
252.557861,236.814438,218.335968,99.185570
252.651871,237.007278,218.382004,98.992714
252.706253,237.016068,218.391449,98.955856
252.802979,237.141006,218.369736,98.859001
252.875275,237.255630,218.393326,98.744362
252.994400,237.514603,218.355789,98.485390
253.061584,237.524780,218.391953,98.457100
253.110672,237.547577,218.392349,98.452415
253.159378,237.571655,218.392105,98.428352
253.208237,237.608704,218.392151,98.391304
253.262360,237.679855,218.389114,98.320137
253.331284,237.770020,218.391373,98.229980
253.471420,237.985458,218.343811,98.014549
253.545761,238.243744,218.390823,97.756256
253.596588,238.384521,218.392303,97.615479
253.762115,238.710007,218.328918,97.289993
253.859680,238.847931,218.382462,97.152061
253.913361,239.022690,218.392136,96.977310
253.998688,239.083847,218.373795,96.916153
254.059097,239.141190,218.390930,96.858810
254.253967,239.335815,218.352341,96.664192
254.486465,239.542816,218.372940,96.457184
254.728775,239.660202,218.353897,96.339790
254.862976,239.744217,218.369003,96.255783
255.024094,239.926468,218.361664,96.073532
255.200989,240.158920,218.361938,95.841087
255.375153,240.276901,218.414673,95.723106
255.485916,240.419144,218.390015,95.580864
255.737534,240.676758,218.358429,95.323242
256.215973,240.774368,218.201859,95.225639
256.497131,240.965302,218.379623,95.034706
256.637238,241.232407,218.389450,94.767601
257.008392,241.408829,218.408859,94.591164
257.089417,241.627289,218.416901,94.372711
257.203796,241.705032,218.402527,94.294968
257.262238,241.825897,218.432449,94.174095
257.568481,242.055847,218.368454,93.944153
257.765503,242.105972,218.372772,93.894028
257.848602,242.159332,218.401016,93.840668
258.432922,242.339890,218.259338,93.660103
258.605652,242.554779,218.412582,93.445229
258.805115,242.629089,218.366714,93.370911
258.906281,242.694382,218.411652,93.305618
258.958862,242.794632,218.400375,93.205368
259.007965,242.941269,218.389282,93.058723
259.068390,243.165314,218.395859,92.834686
259.116486,243.254730,218.390182,92.745270
259.166290,243.382355,218.392105,92.617653
259.236603,243.573822,218.391556,92.426178
259.310455,243.684311,218.377045,92.315689
259.369019,243.782288,218.389740,92.217705
259.419250,243.928040,218.392059,92.071960
259.471985,244.142181,218.394043,91.857826
259.523529,244.224823,218.388428,91.775177
259.585144,244.359055,218.382385,91.640945
259.638824,244.538834,218.392105,91.461159
259.724030,244.555588,218.379608,91.444420
259.788513,244.583771,218.387314,91.416229
259.839905,244.628830,218.392029,91.371170
259.888794,244.693497,218.392105,91.306503
259.937653,244.790497,218.392105,91.209503
259.986481,244.936005,218.392105,91.063995
260.035339,245.154251,218.392105,90.845741
260.084167,245.231644,218.392105,90.768364
260.133698,245.347733,218.391754,90.652260
260.182831,245.521866,218.392044,90.478142
260.231720,245.533035,218.392105,90.461006
260.293427,245.552628,218.385345,90.447372
260.382965,245.574661,218.378128,90.425339
260.475922,245.609283,218.371124,90.390709
260.599182,245.650940,218.348297,90.349068
260.669922,245.726654,218.392105,90.273346
260.741364,245.839874,218.380188,90.160133
260.824249,246.015121,218.377625,89.984871
260.910461,246.019928,218.376053,89.967377
261.018433,246.036316,218.378616,89.963692
261.108704,246.045090,218.369904,89.954910
261.353271,246.051712,218.323547,89.948280
261.560883,246.061386,218.333786,89.938622
261.670319,246.089157,218.379044,89.910835
261.784912,246.131638,218.399048,89.868355
261.858337,246.199615,218.378876,89.800385
262.008240,246.277283,218.326187,89.722717
262.226990,246.407639,218.328293,89.592361
262.314972,246.606812,218.385437,89.393181
262.394531,246.661346,218.379166,89.338661
262.472382,246.738220,218.378738,89.261787
262.528351,246.857269,218.391693,89.142731
262.632935,247.027740,218.370804,88.972267
262.771973,247.020447,218.341064,88.979561
262.846344,247.030899,218.392105,88.961655
262.896027,247.050201,218.392075,88.949791
262.944336,247.074463,218.392975,88.925537
263.084351,247.113129,218.358124,88.886864
263.159943,247.166443,218.386978,88.833565
263.664062,247.195908,217.982742,88.804092
263.803833,247.274780,217.957825,88.725212
263.961029,247.398132,217.833572,88.601875
264.288300,247.569687,217.905243,88.430305
264.589264,247.518997,217.723373,88.481010
264.890472,247.516190,217.852585,88.475235
264.967773,247.523804,217.886658,88.466118
265.229797,247.471786,217.855072,88.528221
265.710693,247.686310,217.827042,88.313690
266.114624,247.242691,218.571487,88.757301
266.781464,247.069763,219.080185,88.930237
267.226501,247.060364,219.385742,88.939629
268.784332,246.542572,217.947266,89.428719
268.776703,246.298584,218.019318,89.628761
269.148773,246.275925,218.306549,89.724075
268.270325,241.851654,221.951035,94.148354
268.039703,241.855240,222.265488,94.144760
268.140381,241.925461,222.478943,94.074532
267.049042,240.191299,223.526764,95.808708
267.484222,238.486267,223.558136,97.312607
267.633179,238.570862,223.909821,97.429146
268.483398,238.508133,224.618164,97.491867
269.347076,236.655838,221.763138,99.344170
269.156311,236.703949,222.062271,99.296051
268.748993,235.455582,223.754974,100.544418
267.379974,234.618469,224.283096,101.381538
267.511078,234.638245,224.405212,101.361763
267.544220,234.563171,224.551834,101.436829
267.809662,234.568527,224.870010,101.431473
267.851959,234.581009,224.902176,101.418991
267.416382,234.478302,224.857513,101.518829
267.096619,234.697052,225.119125,101.302940
267.035339,234.676483,225.598190,101.323509
267.117096,234.616608,225.891174,101.383400
266.247894,234.387390,226.562881,101.612617
266.342560,234.551071,226.922287,101.448936
265.792908,234.392075,227.352646,101.607925
265.287384,234.434525,227.603104,101.565468
265.044830,234.561142,228.013275,101.438858
264.404175,234.399139,228.917313,101.600861
263.653809,234.408707,229.261856,101.591293
263.065308,234.220764,229.703110,101.779236
263.146332,234.320953,229.894592,101.679054
262.824158,234.364883,230.027435,101.635117
262.736298,234.477951,230.511139,101.522049
262.896698,234.715881,230.904785,101.284111
262.305969,234.542374,231.159271,101.457634
261.791229,234.039948,231.511612,101.960060
261.947845,234.052872,231.908829,101.947128
261.874176,233.847397,231.894989,102.152603
261.938660,233.942062,231.856461,102.057945
261.822693,234.149216,231.937271,101.850777
261.839722,234.080307,231.868790,101.919693
261.811951,233.927414,231.907623,102.072578
261.879089,234.098953,231.863251,101.901047
261.916626,234.024826,231.884430,101.975166
261.993378,233.900803,231.844421,102.099197
261.897217,234.076172,231.933029,101.923828
261.848602,233.902435,231.902252,102.097557
261.865265,234.079880,231.890182,101.920128
261.917938,234.092911,231.871735,101.907089
261.920929,233.999008,231.882156,102.000984
261.829010,234.135147,231.908386,101.864845
261.677704,234.077194,231.941650,101.922806
261.587311,233.995544,231.915833,102.004448
261.582367,234.217468,231.910873,101.782532
260.889923,233.861725,232.357147,102.138275
260.273010,233.734955,232.883194,102.265045
259.976410,233.720642,233.010239,102.279358
256.911865,233.461792,235.064148,102.538200
255.775787,232.926819,236.193100,103.073181
255.743530,233.061920,236.442368,102.938072
255.244217,232.937622,236.665756,103.062370
255.065704,232.949783,236.983566,103.050224
254.970062,233.100250,236.926178,102.899757
253.810547,232.859818,237.063171,103.102791
253.601074,232.335175,237.590027,103.664818
253.384598,232.421219,238.001617,103.578789
253.230881,231.780624,238.580536,104.219376
253.379822,231.902878,238.893860,104.097115
253.195374,231.783295,238.875610,104.216705
250.620880,229.177490,237.372940,106.822510
249.473755,228.888412,237.406708,107.111595
248.398468,228.184464,237.357788,107.815536
246.193558,225.406464,239.461243,110.593536
243.010162,223.542328,237.709213,112.457664
242.358459,223.303787,237.909149,112.696205
232.138123,219.231247,241.912613,116.768745
232.000687,219.350479,241.933731,116.649521
231.116425,219.435196,242.261032,116.564804
226.947784,219.505783,246.757401,116.494225
223.366531,218.128204,246.545563,117.871796
223.064651,218.117294,247.113052,117.882698
222.332413,217.798691,248.569290,118.201302
220.023697,217.557281,248.591232,118.442719
219.555450,217.377808,249.094238,118.622200
211.226593,213.820145,252.032349,121.467567
209.418884,213.320709,252.401917,121.974991
208.492950,213.224899,252.626205,122.058670
208.206558,213.354691,252.990356,122.489128
206.848709,213.005280,252.970230,122.796646
205.790283,212.926926,253.365128,123.073074
198.694504,210.811035,258.942841,124.449371
198.505630,210.489502,258.648529,124.761200
197.870544,210.097488,258.948425,125.455093
196.511871,209.732925,259.010437,125.749657
196.011230,209.729263,259.427307,126.019493
195.492142,209.845383,259.420685,126.154617
195.446152,209.989075,259.360657,126.010933
194.370316,210.231384,259.735535,125.768608
193.534470,210.279907,260.095215,125.720093
192.760696,210.334137,260.771027,125.665871
192.808823,210.502441,260.884216,125.497566
192.700333,210.495605,260.912872,125.460075
192.589981,210.506760,260.942719,125.459404
192.451218,210.437302,260.970825,125.554718
192.423187,210.659164,260.878632,125.340836
192.477768,210.739090,260.871124,125.260910
192.471298,210.828644,260.854187,125.171349
192.537048,210.990662,260.869507,125.009346
192.596191,211.236328,260.871124,124.763672
192.654541,211.354843,260.871124,124.645157
192.707245,211.518295,260.862549,124.481705
192.769882,211.527786,260.871124,124.446358
192.826950,211.550110,260.874115,124.449898
192.880173,211.566360,260.865601,124.433647
192.944916,211.600113,260.869171,124.399895
193.001831,211.644455,260.867493,124.355545
193.059784,211.711441,260.867767,124.288567
193.057312,211.794876,260.934113,124.205124
192.907547,211.898438,260.985840,124.101562
192.892944,212.090652,260.869598,123.909348
192.896194,212.103348,260.881989,123.896645
192.922913,212.133469,260.861847,123.866539
192.959625,212.178940,260.862091,123.821060
192.938324,212.197495,260.929382,123.802505
192.962234,212.283218,260.863037,123.716782
192.884186,212.362366,261.012970,123.637634
193.099274,212.527527,261.364532,123.472481
193.006409,212.463028,261.500214,123.507477
193.154495,212.644684,261.908112,123.355309
193.176910,212.705505,261.876404,123.294487
193.207336,212.743927,261.863190,123.256073
193.251892,212.833344,261.854004,123.166656
193.296997,212.991058,261.929932,123.008949
193.321274,213.225342,261.863556,122.774666
193.365555,213.317368,261.870758,122.682625
192.975464,213.414032,262.516418,122.585968
193.208511,213.614929,262.866150,122.385071
193.266342,213.665497,262.865662,122.334503
193.327377,213.748581,262.870117,122.251419
193.290512,213.859070,262.997711,122.140930
193.281708,214.029556,262.864349,121.970444
193.083130,214.016785,263.236633,121.983215
193.218170,214.026154,263.373688,121.946449
193.259766,214.051926,263.392731,121.948082
192.322754,213.878647,266.367462,122.121353
192.456528,214.072708,266.405823,121.927292
192.513290,214.108765,266.376709,121.891235
192.693237,214.163452,266.439056,121.836548
192.752365,214.246109,266.384094,121.753891
192.806396,214.369415,266.369568,121.630585
200.203308,215.317612,265.668243,120.682388
200.354919,215.477356,265.871765,120.522644
200.272644,215.732941,265.995789,120.267067
201.392914,216.117020,268.173950,119.882973
205.521866,216.364334,264.239075,119.635658
205.646133,216.546844,264.369385,119.453156
204.854080,217.055496,268.495056,118.944504
210.549271,217.860931,263.992035,118.139069
210.595779,218.054199,263.937988,117.945793
209.191742,219.274658,272.131226,116.725334
209.369766,219.412323,272.365448,116.587677
209.433945,219.618652,272.367737,116.381348
210.031296,220.240936,272.567230,115.759056
210.592926,221.617111,272.623962,114.382889
210.774796,221.676575,272.864716,114.323433
211.000366,222.427170,272.855408,113.572830
211.082748,222.645798,272.855469,113.354202
211.148651,222.719009,272.865204,113.280991
211.459305,225.169952,272.635498,110.501411
212.579742,225.928696,273.044708,110.071304
212.800995,226.143356,273.364929,109.856651
213.801712,226.484909,273.777008,109.515083
222.688004,227.161240,262.945801,108.838760
222.708954,227.242157,262.870117,108.757835
225.038956,226.959290,262.946045,109.023643
235.976761,226.856689,249.573441,109.143303
