1
159.336044,168.297668,40.472328,85.291145
159.347076,168.410782,40.482056,85.444313
158.973404,167.090698,40.624435,86.631638
160.894379,164.268570,41.379932,88.348450
160.823929,165.363815,41.712208,87.907906
158.169891,168.903442,45.477486,82.991592
157.990692,170.746994,45.546032,82.766571
154.061722,172.307999,46.068237,82.905899
152.016785,177.215118,46.109562,80.570801
151.588974,177.741943,46.314091,79.963821
151.125244,178.245209,46.279037,79.664192
151.456955,181.985840,46.007004,77.593887
151.684326,182.212219,46.440884,77.907265
151.718597,182.629181,46.439339,77.268974
151.663483,182.883820,46.477840,77.206718
151.579208,182.921768,46.475475,77.390259
150.949875,182.678864,46.464600,77.486496
151.712509,184.744507,47.794827,74.299622
151.892471,184.821609,47.929943,74.497757
152.202087,184.398010,47.916546,74.185112
152.354721,185.016815,47.855160,74.417130
152.269653,187.063583,47.702717,74.095924
152.622879,189.214798,47.623051,74.088753
153.636017,191.143433,47.580891,71.849014
153.847626,191.227905,47.975731,71.967773
155.458588,194.466019,47.824730,69.007011
155.527176,194.691071,48.083771,68.703140
156.972015,196.523880,48.586384,72.023064
157.330307,196.868149,48.978256,72.727913
157.343521,197.002274,48.973305,72.966911
157.155899,195.040833,48.662525,78.875183
157.657043,194.607071,47.922829,82.091499
158.070969,194.296326,47.415462,81.296326
158.201370,194.408920,47.296844,83.890381
156.459610,192.592773,47.872334,81.135834
155.334000,192.909058,48.595928,79.161469
155.223373,193.538589,49.508766,79.295311
153.474976,195.496902,50.062466,76.478241
150.973770,196.440414,51.812115,72.909416
150.114838,195.209351,51.464802,72.374107
149.371933,194.407776,50.132809,71.849075
149.228851,195.835464,49.558853,70.753067
149.646866,196.354706,49.543159,70.269058
149.886230,196.462067,49.964996,70.448059
149.936417,196.505966,49.894756,70.459297
148.724243,196.272903,49.887886,73.250084
148.147049,196.375305,49.256847,74.493744
147.229370,196.929749,49.616409,74.550102
145.586243,198.619354,51.530800,73.048470
142.258194,196.766586,51.547195,75.113449
142.305252,194.566742,52.269760,77.081619
142.001007,193.423126,52.256531,77.786728
142.037903,193.545044,51.957531,78.770142
142.579697,190.482788,51.388428,81.112656
143.053406,190.814926,50.178097,82.608505
143.212280,191.076385,50.388645,83.071396
143.110809,193.947678,50.357025,78.467575
142.245468,190.338974,49.542618,79.787315
140.838058,187.060791,48.901058,80.927147
139.272552,183.464325,48.365765,82.603645
135.823853,182.139481,48.249950,82.668091
135.903366,182.285553,48.276245,83.420418
135.997055,182.956116,48.290249,83.422783
134.770889,183.127731,48.388309,83.066048
134.561127,183.373154,48.476944,83.750854
133.547165,183.449066,48.335590,83.756622
133.586090,183.580521,48.488903,83.840523
133.589539,183.662201,48.475567,83.978096
133.591202,183.668945,48.474091,83.955101
133.073914,181.304413,48.099857,83.888855
133.220383,181.293716,48.486794,83.965149
134.127411,179.843689,48.458683,85.353004
135.882874,180.303207,50.552624,93.128967
136.148346,182.146286,50.853703,91.426834
138.479782,178.557022,52.323738,91.854515
141.632797,182.471146,52.017391,94.988724
143.048538,180.007019,51.878223,96.363197
146.523468,175.038574,51.705330,94.531746
149.100601,176.445862,52.150482,95.422226
150.888580,175.492371,53.245411,94.077293
154.484375,176.712814,53.491962,92.568329
157.556381,182.149307,53.045135,90.412178
159.060013,182.074753,53.089451,90.686020
163.374939,185.666046,53.845547,89.327370
167.757111,186.028290,51.704353,90.425743
173.952576,181.020370,51.119373,96.213188
176.667603,182.303574,51.096390,96.372902
178.693314,182.649216,51.191765,95.707680
179.526947,179.262329,51.441841,95.520187
181.942169,179.013229,52.085587,94.590118
186.982590,176.847092,49.887543,94.041115
187.578949,175.979248,49.689419,94.484596
188.680191,177.716187,48.805614,92.665710
188.899567,178.137558,48.874355,91.674675
189.060822,180.931564,49.821911,86.402527
189.238754,181.386108,50.233120,86.171379
189.758286,181.394135,50.359180,85.354607
189.373428,181.586914,51.227283,85.473717
189.792862,182.032379,52.201424,85.186409
189.941711,182.172668,52.478565,85.490242
189.937119,182.254440,53.112049,85.482498
190.548462,181.436325,55.408627,84.881317
190.037003,180.344742,54.815849,85.011948
190.025421,178.971985,54.533306,85.619598
189.701096,180.005630,54.232201,87.359528
189.876129,180.031982,54.426060,87.418709
190.140762,180.104828,54.698425,87.400841
188.679993,179.193954,53.905701,87.803337
192.675003,177.158066,54.116730,88.841095
192.638474,173.880783,53.342007,89.083611
193.325775,173.062500,53.207600,89.714600
191.669128,170.753906,53.358559,89.469955
196.094971,168.343140,54.527431,88.597969
196.047745,167.159653,54.415596,89.214790
197.360916,165.943390,55.186214,88.572983
196.225098,163.929672,55.493202,88.401100
192.181976,165.251083,55.605564,87.697906
190.468964,165.187668,55.253994,87.598022
191.233170,166.412582,55.841419,88.066483
195.125259,166.457657,55.177399,87.733635
204.156464,165.833328,54.745674,87.103699
203.285995,165.311279,54.896984,88.277397
203.936676,163.926834,55.450626,87.986137
202.459671,162.828323,55.568195,87.443466
202.864685,163.020004,55.952988,87.329788
202.404541,162.793350,56.004448,86.767632
203.227707,160.320099,57.148685,86.572678
204.365921,158.571365,58.012928,86.640244
204.008224,157.836319,58.844147,86.593590
203.788544,157.473282,59.153946,87.002518
205.428040,155.554382,60.112942,86.256531
205.666077,155.144821,60.680977,86.476059
205.660797,154.675262,61.874718,85.110146
205.137726,153.542984,62.518799,84.204346
205.490509,153.631851,63.105328,84.333824
206.341568,153.489853,63.662590,83.963219
209.584549,154.139755,63.641068,82.663559
211.996124,156.009903,64.132912,81.738869
213.197861,155.098648,64.601021,81.043411
213.334076,155.467651,64.833511,81.319923
213.389862,156.865143,64.823524,80.923004
213.087814,158.014923,64.987961,80.601059
213.141098,159.069534,65.014153,81.018105
212.849701,159.355423,65.335938,81.087059
212.918182,160.212021,65.785370,81.327911
212.759995,159.890442,66.141731,80.731575
212.065994,160.712921,66.618729,80.680435
212.392700,159.747055,67.012337,80.455139
211.559006,158.691025,67.540436,80.299149
210.424652,156.516876,68.234093,79.791626
210.620758,156.739395,68.408836,80.039467
211.372040,156.604797,68.384727,80.444450
211.807648,156.355103,68.565079,80.225914
212.369873,156.457336,68.884178,80.522362
212.879852,157.695831,68.409775,80.478737
213.089844,157.602066,68.332687,80.132233
214.564560,161.489914,67.926514,81.224167
221.223236,177.267303,65.245522,82.583885
221.234848,178.613617,65.083794,82.956703
221.985992,180.302414,65.432686,83.295944
225.028381,178.538071,63.896816,84.405136
225.308746,178.865891,62.365017,85.804436
226.555374,175.460999,59.372559,92.337440
225.672531,172.434326,57.624123,95.356117
226.901321,165.726013,56.147266,98.225761
230.836929,161.042847,55.839058,99.203804
229.837631,159.409714,56.600418,100.299133
228.158478,156.766296,58.164215,98.638832
230.936310,154.537155,58.967602,97.757164
232.926132,152.626541,59.197277,97.654472
235.587524,151.292130,58.955120,98.472069
235.664764,151.139465,58.958889,98.414711
235.645386,151.213120,58.966343,98.523628
236.280899,151.088577,59.225803,98.709618
236.274719,150.982956,59.989265,99.007874
234.372787,151.832520,60.318192,100.653564
232.897842,152.471237,60.498920,101.056366
230.519241,159.608536,60.876404,103.756706
230.212875,160.896027,60.761871,103.805321
229.558136,161.545639,60.680592,103.878265
230.946991,163.155655,61.258015,103.281151
232.586060,166.917542,60.888752,103.385429
233.068848,165.402512,61.229637,104.790588
234.593338,161.704391,60.078537,107.241554
235.329498,154.290634,61.714478,112.044411
236.725006,156.013672,62.004314,112.319740
236.239716,154.681580,62.243069,112.067909
235.274765,153.814011,62.517979,112.017822
233.270508,157.065277,61.798069,114.405365
228.885406,158.043869,61.478237,113.896019
225.315186,158.041718,60.969212,114.291786
221.244934,160.303986,60.589493,110.839867
214.834351,161.676941,61.762676,108.006111
213.633850,161.300110,62.817791,106.616760
212.746185,162.003830,63.277443,106.193413
213.074631,162.897507,63.768135,104.863541
206.672745,159.425415,63.860104,102.934402
205.890808,159.885086,63.890396,102.494225
205.131729,158.722733,63.304943,102.807320
204.788147,158.982773,63.565586,102.955765
205.001038,158.728180,64.025749,102.988220
200.960678,159.634933,64.443054,102.481911
197.710098,162.896637,63.880726,101.807037
196.315201,163.933014,64.218346,99.363342
195.452988,163.628067,64.253258,97.716736
193.437653,164.539642,64.661850,96.748199
191.942749,163.548416,64.408569,96.979179
187.756882,166.713028,65.307060,94.974037
185.428497,167.723114,63.885918,96.208275
179.281906,166.116104,63.192745,97.688637
173.886902,172.736923,63.058556,97.673721
166.839157,178.960556,62.909023,98.709747
164.043610,179.509933,62.510178,101.098839
162.973862,177.800644,64.237297,101.562332
163.280563,175.236160,66.396866,102.347641
162.867035,175.345352,66.470329,102.409065
162.890121,174.241608,66.313713,107.481293
164.502151,172.564667,66.688461,108.078430
166.993179,170.880417,66.805923,108.097443
167.100357,171.045685,66.948227,108.457138
166.840714,171.357956,66.894371,108.165642
166.582703,171.281250,66.352173,109.104340
166.661331,172.448929,65.387993,112.632202
168.419235,168.602692,63.432827,117.337723
169.065826,171.062637,62.854355,118.200470
169.648987,172.774597,62.228394,118.411987
170.179703,170.378906,62.258095,117.204865
170.558762,170.393356,62.038422,117.370522
170.794098,170.402359,62.066124,117.898987
170.907669,170.791733,61.719982,116.740410
170.561432,168.742249,61.014786,116.652954
170.229065,168.059631,61.102333,117.493057
169.929947,166.676483,61.253635,117.888695
169.917099,165.349609,61.046246,117.435722
170.348068,165.055450,60.633125,117.523041
169.697220,163.987335,61.186054,116.599213
169.694702,163.895691,61.744087,115.737663
170.431656,160.833252,61.757622,114.662704
171.973480,158.708771,61.021927,112.105026
173.278595,157.996414,60.831791,111.941383
174.422607,158.197433,60.445614,115.071060
174.693970,157.776184,60.206230,114.823990
174.916183,157.748291,60.490330,114.785362
174.276291,157.044769,61.285156,114.720062
174.335388,155.072037,61.591709,115.494499
174.572372,154.815933,62.023945,115.324242
174.314133,154.351303,63.396877,116.496544
175.167557,152.423828,62.653755,117.695671
175.529816,150.899353,62.744938,119.034592
176.473480,149.231583,63.070660,119.376266
176.098709,143.505127,62.897182,134.369263
177.245651,140.624969,61.767784,139.241760
180.169373,140.262924,61.119755,138.072266
177.238388,137.477768,61.257874,132.198944
176.409515,135.083969,61.263615,133.230804
176.719162,133.322586,61.300724,134.643250
176.945694,133.214874,61.340824,134.699234
178.736725,141.052780,60.880852,131.584122
179.239853,141.787216,60.906101,131.414810
179.453995,141.362198,60.826233,131.732834
179.051926,141.161011,60.963768,130.717026
177.372330,147.277969,61.516834,120.568062
176.440460,141.553055,63.078789,114.877777
176.258545,144.446304,64.598053,105.216240
179.384384,147.661896,65.623543,108.804054
179.673248,142.705139,65.793388,108.815437
181.225800,141.148117,65.287041,107.947151
190.455444,144.437866,64.292885,115.810730
190.403824,145.074387,63.921623,116.351883
191.549576,149.760391,65.326515,111.680984
193.573166,153.086243,68.043999,107.208763
196.374542,156.511337,67.599754,107.856125
201.779190,157.514374,65.550888,109.804504
209.687073,155.120834,65.325058,109.893608
210.833618,153.078842,64.149864,110.919891
211.282547,152.620895,64.101723,114.013542
213.943130,159.381180,61.545330,121.007988
216.483261,160.630737,60.733559,127.004219
220.351669,162.653290,58.152157,127.603828
222.311432,164.047989,57.885265,127.480774
227.397736,171.121765,59.606468,122.765930
229.486954,178.068741,60.119389,117.071152
232.451019,182.094406,60.903862,113.972130
237.153381,185.288269,60.197445,116.426094
237.030334,185.205994,60.451351,116.580978
234.436737,184.159592,59.540470,115.818771
234.230957,180.202377,59.392990,116.257202
235.090912,176.112915,59.015701,115.587051
233.823227,170.277771,58.375515,115.300125
233.854355,169.404572,58.319706,115.928047
234.873581,169.288071,57.593521,117.317139
235.696533,167.281998,57.006134,123.359650
238.431992,164.995590,56.017075,123.117119
239.270920,164.928818,56.096043,123.906021
239.186005,160.186325,56.051365,127.157173
239.403793,160.304749,56.457256,127.328186
239.189957,160.993958,56.903286,127.219620
240.063004,161.538834,57.134575,127.444221
240.534485,160.530487,57.118752,128.044144
241.389999,151.822525,54.124619,135.222000
241.368561,152.370941,54.464008,134.082367
241.588989,152.426575,53.856743,133.239838
241.566986,155.053497,54.360710,130.437363
233.329636,153.088455,55.644325,124.924118
231.234360,158.171844,58.045952,114.862381
228.243530,164.247299,59.618973,111.649948
222.433609,175.533981,63.967964,104.807121
215.219986,178.559219,67.310440,99.124504
216.172226,181.168610,67.785263,98.009071
219.259079,184.999008,66.805550,100.139412
222.255356,188.536026,66.914024,98.815788
228.538055,186.028976,65.972771,100.324173
229.580826,192.170029,65.167641,99.226028
229.438217,194.860382,64.890694,98.292259
232.302612,193.970612,63.476871,97.034416
230.310120,193.335434,63.013596,96.775269
227.079575,186.579498,62.181290,98.681190
224.166031,185.273743,61.768162,98.949341
223.810028,185.409622,61.584904,99.493134
221.793762,185.817520,61.256245,100.633347
215.057266,184.779480,60.488628,101.339760
216.309921,186.519363,57.856457,103.649124
217.765015,177.319946,56.115723,110.967484
215.715042,172.174255,55.333900,111.937172
219.241440,160.837372,51.076336,119.363487
217.437820,161.408798,51.778084,114.451309
218.376602,159.724350,51.585358,112.586891
218.194580,152.981262,50.174488,113.855225
218.000824,152.795929,50.119717,109.576965
217.918762,154.187408,50.461342,106.417610
218.730499,155.610107,49.574902,105.052643
216.017822,162.085785,53.633778,99.271477
217.929916,163.010986,53.316113,97.316223
215.515976,164.358948,53.567329,92.082611
218.499420,166.432297,54.244106,90.469353
225.750549,166.370819,54.297535,88.102264
237.184601,165.606812,54.374115,86.541504
249.115662,166.511292,53.877575,88.263077
251.589355,165.007050,52.448643,91.527573
249.049133,164.210632,51.646671,92.906708
253.177200,169.838257,51.156345,95.122803
256.309723,173.787094,49.179001,96.722923
257.253998,174.232559,49.154930,97.478432
257.001801,175.636505,48.987911,98.912102
258.436981,185.986176,47.612820,99.364998
259.729492,184.820389,47.391048,100.353958
261.304565,192.897247,46.056683,100.088882
265.786926,193.803665,45.620224,102.672081
273.765625,194.979630,44.877308,104.085808
274.305481,191.228729,44.074093,104.122879
273.640167,187.060318,43.644852,105.820763
275.566040,187.238464,43.322334,108.309494
278.942017,202.243637,42.284451,104.737564
280.184326,196.199417,40.792522,109.829803
282.058563,196.530609,39.869446,115.452507
286.631744,199.293457,38.876900,116.518623
293.784790,205.542023,38.248497,118.601997
289.424530,204.491074,38.553127,116.881645
288.564362,214.581757,38.706451,115.515259
289.176361,223.352859,38.850937,115.107719
290.666016,231.486145,38.740959,119.670135
289.704224,232.084839,39.280018,117.912170
289.043365,233.616241,39.527012,114.986580
290.926941,236.729691,39.513783,114.670212
291.809357,234.106094,39.759209,114.052719
291.600800,229.971008,39.264908,112.472855
292.668945,227.566299,38.680202,113.067734
293.395996,227.824829,38.469414,113.621101
294.183624,227.432526,38.397388,113.141068
294.963531,225.725159,38.227161,112.246658
297.394470,221.060272,37.867008,111.585533
299.696320,221.295319,37.530178,110.349480
306.042908,217.955444,37.824825,107.315231
312.142578,216.711960,37.257385,104.654640
314.496918,225.532745,36.335125,101.704384
319.279999,229.089294,36.973728,95.888855
322.539246,238.233154,36.652748,94.349953
324.608856,251.069427,37.332031,89.451271
327.532684,250.723770,37.569118,88.528679
328.098328,248.001602,37.880211,88.061813
328.106842,252.571121,37.861752,86.194908
328.227234,252.953995,37.953434,86.125923
328.758240,252.420456,38.110359,85.172127
330.517029,250.731949,38.420773,84.615204
330.771301,250.103836,38.408600,83.739693
332.991486,250.476883,37.872490,89.044731
335.018799,247.136673,37.564014,90.789673
336.402710,244.117783,37.512230,92.212288
337.756317,245.715546,37.612949,92.746872
339.428864,246.641571,37.847607,93.009125
339.029968,252.696243,37.902851,92.506012
338.768524,253.446243,37.816669,93.068748
338.499268,258.373047,37.634075,92.686829
337.745850,258.943848,37.475071,93.133965
337.405304,259.309113,37.250046,93.324844
337.595062,259.111877,37.296494,93.390572
339.216461,261.352966,37.922474,91.056404
333.094818,262.756744,37.713188,89.978844
333.343903,262.305847,37.944241,89.828033
