1
316.089355,169.630127,44.068714,61.671188
311.510956,172.241043,42.615898,63.268002
305.882599,173.246109,42.562973,62.894440
302.713074,173.482071,43.032711,61.959671
291.427795,176.989685,42.039505,62.266888
284.352264,174.783646,41.563431,63.316246
2
0
0
0
0
1
297.411407,166.880493,51.038605,64.675751
300.295868,170.835892,50.843655,64.246490
307.597290,168.575317,50.377266,63.593948
309.682159,163.932571,48.892025,65.124130
309.799713,164.306198,48.735893,65.441620
307.338867,165.739044,48.875160,65.008865
303.463623,160.550980,48.560619,64.233757
295.772400,162.419357,49.208099,63.572392
290.030457,165.725372,50.218639,62.668964
290.926086,163.077240,49.702873,61.724476
285.221252,165.266083,49.879536,61.021851
283.617218,166.014282,51.389626,64.203102
274.200348,169.032471,52.837807,61.562019
274.049133,168.684372,52.977680,61.066181
277.273346,167.002869,51.887760,61.795811
277.417297,164.728500,48.516556,61.621246
278.531372,159.828079,48.795635,62.196369
275.968079,159.869370,48.908871,61.900917
2
0
0
0
0
1
324.624939,148.443237,39.363495,70.778786
324.691406,148.545105,39.472557,70.991791
326.233307,150.660446,39.569443,70.273575
330.670990,148.063004,39.937843,69.309669
327.161652,145.811142,39.171303,70.662468
326.821808,145.436386,38.890675,71.339249
325.977295,152.316879,39.336800,69.020790
323.028931,150.852859,39.074604,70.406395
326.364410,149.919266,38.610065,72.754700
327.550415,148.325790,38.545345,76.784531
324.869568,150.910080,38.179199,75.861900
326.284698,147.548141,38.911907,73.683144
325.244232,149.674728,38.490433,74.030609
325.337250,149.839264,38.594734,74.142220
331.984344,150.746887,39.303322,73.274620
336.344482,158.002884,38.673035,68.279358
335.280151,156.960556,39.150173,66.171013
330.108002,158.680832,39.362465,66.214226
336.354492,159.335144,37.436333,66.891060
335.203369,159.085297,37.197620,67.663994
334.999664,158.806885,37.111408,68.350830
334.269653,157.830582,37.234131,68.156151
332.592987,155.367935,36.669132,66.155525
331.046570,157.035980,37.437241,66.091652
331.455078,155.750519,36.810844,67.882370
333.074707,154.613342,36.468372,69.114700
328.660248,156.625061,36.306301,65.559425
322.817627,157.763046,36.252094,64.132484
320.759064,155.951981,36.314621,68.773331
321.085083,155.734634,36.560448,68.852295
322.480347,155.525757,36.767262,70.263420
322.680084,153.113998,36.437733,68.472672
320.653961,152.293137,35.707157,69.368294
319.171967,153.901077,36.122955,66.228165
323.472076,151.706802,36.506817,66.471497
324.606049,155.690994,36.486629,62.109020
328.404114,153.603546,35.752319,64.066284
320.539764,164.352432,37.498989,61.188786
318.895630,164.260803,36.180534,62.250561
320.911652,158.468521,35.737301,60.764278
322.667755,159.670944,35.624554,62.474823
325.199554,156.848648,35.969238,62.658043
325.216492,157.884323,35.727299,62.214867
323.585999,160.780853,35.987118,58.777958
318.601166,162.572250,35.978977,59.193661
319.638672,160.585052,35.034042,59.578644
321.872437,162.122620,35.668293,58.896412
323.702728,163.604462,35.073536,58.769630
323.374847,165.800079,35.102795,55.967503
315.765076,164.273224,33.922157,61.847771
323.042694,158.839935,33.924904,61.311497
323.259796,156.632080,33.627937,66.333267
326.221954,154.720123,33.870369,65.529205
325.923859,153.246933,33.604401,64.801842
325.619293,152.485458,34.759022,62.746498
327.528687,155.027176,34.923199,64.404991
329.448608,157.647690,35.103264,64.426056
332.020020,155.393555,34.657761,64.064339
332.737457,157.366913,33.945744,65.066788
331.741241,162.399277,34.209099,62.283386
336.841339,156.998810,34.001266,63.597782
338.385193,160.900177,35.229832,64.138199
341.922363,157.791092,35.508568,64.325783
342.475098,155.237762,36.238949,64.489868
341.234680,155.035110,36.959824,64.498009
340.087860,157.913330,36.893902,63.005230
341.107880,157.091492,36.404236,64.628159
342.912506,155.013153,35.663910,67.672203
340.291229,153.928589,36.665218,66.720581
342.184265,157.901428,38.261791,66.220711
340.818756,157.822266,38.207195,67.112114
341.648956,154.658737,38.008095,67.835655
344.954346,153.524292,38.881054,72.994644
346.274628,152.096771,38.433262,78.605171
344.864136,151.703430,40.120438,70.935402
346.295380,150.876968,41.052582,70.554451
350.054810,147.180038,41.016884,75.076584
350.731476,147.621307,41.090446,75.681396
351.429565,148.287216,39.912182,77.060394
352.522034,150.789429,40.295563,80.760544
357.539734,145.693039,40.489784,80.552460
356.752930,147.448959,40.401924,80.548187
358.723511,142.550690,39.506042,80.761032
358.817230,142.185989,40.024078,81.607368
358.478790,141.395737,40.972851,77.591003
361.238068,141.667603,41.298389,80.968185
360.804718,143.280472,41.513439,80.270920
358.618561,143.759705,41.529205,79.143501
359.385864,142.714722,41.808487,78.421631
356.474762,142.925873,41.696041,78.345253
355.223297,141.753372,43.055870,78.742172
356.486572,140.996796,43.024261,80.016350
355.997375,141.259171,43.261917,78.518585
358.226837,137.969818,43.797501,82.430855
359.773315,140.851135,44.157967,80.357056
361.031921,140.022247,44.726418,79.940361
360.520233,142.239227,46.834534,79.385979
361.574341,144.925766,48.991669,78.903671
361.721191,145.740784,49.330265,77.882698
359.495819,143.438126,50.972862,77.467957
356.540436,139.323166,49.958878,78.785591
360.101013,144.652054,48.537033,79.986893
358.289062,148.804825,48.474674,85.744919
359.196350,144.422684,48.760166,79.059608
356.732239,145.176620,49.796749,82.675537
359.601990,137.634277,51.635334,88.365173
362.897247,143.783722,52.926987,81.692413
360.219666,145.612228,51.950260,86.255806
355.675629,146.906631,50.498932,79.236946
2
0
0
0
0
1
410.854614,164.226913,30.568611,79.863106
410.340363,150.270355,30.937454,79.514786
410.150909,148.256500,31.434877,80.834152
410.323853,151.845825,31.862961,81.417534
408.129974,141.776047,32.064461,83.293938
406.307159,140.913757,32.357079,84.292107
404.029816,142.973663,33.474068,86.126686
402.718384,131.614456,34.192398,96.755814
401.161316,121.668137,34.657303,104.601280
394.514740,119.917664,35.315632,96.145081
394.512939,119.492546,35.395969,96.737144
394.179932,119.990318,35.616871,95.847641
392.289062,122.176041,37.704933,88.964043
392.193970,120.581268,38.048054,88.727737
391.856873,118.285278,38.321301,89.408264
2
0
0
0
0
1
455.084747,159.597672,35.357262,85.985222
455.862274,157.136063,36.244213,84.982635
456.325592,155.804367,36.391655,83.196175
458.024353,153.211548,37.231300,78.153000
458.760132,153.928131,37.690834,73.183502
463.134338,153.939224,38.394157,75.768646
462.696686,152.534592,37.674343,75.969482
461.542206,152.005432,37.792564,77.581108
458.471771,152.124054,38.402077,76.895798
463.793549,156.090057,38.596275,82.130478
464.621979,157.524887,39.541756,75.710999
462.964844,156.958878,39.954311,75.415352
464.167480,156.235626,40.412689,75.036812
463.731934,157.051910,40.314907,72.947906
463.241547,160.145187,40.629486,69.973869
463.613464,164.500076,41.370247,70.860771
464.277740,165.569687,41.327526,71.744911
461.644073,163.011719,40.156178,71.891655
458.302063,164.315170,40.148781,72.235222
456.852478,164.805099,40.638508,78.551529
455.052887,165.767517,42.139423,77.433510
453.225952,163.301834,42.377846,76.043350
447.826538,162.612762,41.515751,75.395187
446.135437,163.822372,42.798710,73.352890
446.008911,164.237457,43.138206,71.351166
445.947113,164.539871,43.476074,70.409325
445.763519,164.889252,44.692467,73.150208
446.386414,165.629181,44.871738,73.330849
446.331757,165.520935,45.002853,73.359978
447.567322,164.281006,44.452358,73.943802
441.691254,163.023209,44.923717,74.519493
444.454620,162.047272,48.554737,73.992805
445.613464,158.613983,48.270992,68.447044
445.612030,158.648468,48.390480,68.214790
445.652222,159.430359,47.684284,67.735840
443.659668,158.834412,48.387085,66.820976
442.811493,157.649017,48.066914,66.745697
439.268524,160.427948,49.570145,66.005951
438.760773,159.946579,49.977501,67.951988
438.264221,157.116074,49.569641,67.082970
440.747345,156.746613,49.031139,67.351974
435.902985,155.894226,50.551983,66.713707
433.217041,150.897156,52.631992,66.608902
431.530151,147.107437,54.516720,66.314575
439.471375,149.551956,54.021660,73.133858
439.658630,148.197678,53.329433,77.528839
437.748169,149.363724,54.138683,76.201279
432.417999,148.613068,52.150692,76.931908
431.333557,147.934677,52.312031,76.861221
428.840607,147.982300,52.682270,75.113777
434.326843,145.522858,52.756657,73.042671
439.923431,146.126816,50.527191,72.981369
439.239685,145.420258,50.341381,74.888710
440.678009,147.669540,49.910767,74.974770
440.525543,146.037582,50.384060,76.490242
442.607147,145.407196,50.240231,70.523827
440.551727,141.357864,51.580074,76.523216
444.741974,141.558456,51.627659,77.461044
442.286285,142.766739,50.502735,75.693550
440.669861,141.723740,53.310261,74.839539
442.911102,140.223938,53.913406,74.298264
448.726959,142.223114,54.126183,72.254135
449.703278,143.672256,53.600243,69.881516
457.006012,146.822098,53.980698,68.803864
455.062439,149.364731,55.092892,73.661270
448.975189,153.264725,58.796574,73.346359
442.463745,158.033524,60.174942,73.341797
440.405731,163.672272,64.306770,73.631935
2
0
0
0
0
1
531.182739,125.375259,33.207367,68.825752
530.301575,121.947029,33.532391,69.587212
530.877014,118.930725,33.721157,69.610565
530.935364,119.553940,33.836216,69.711060
529.047668,119.703865,33.818611,69.572510
528.677551,119.245689,33.889267,70.013725
525.832031,113.983383,33.123337,70.332382
526.075562,115.710831,32.982464,69.744774
523.386292,115.332932,32.697479,69.285942
521.693970,116.223015,32.776657,69.820816
520.312988,115.438095,32.937489,70.452545
519.272766,114.824120,33.047009,70.537697
515.001831,113.722694,33.707481,70.949043
508.937531,113.976723,34.284073,70.432381
508.363953,115.257599,34.964039,69.345375
508.990082,115.065987,34.582146,69.915970
504.767548,112.636620,35.048969,70.549568
503.369293,112.280075,35.793995,71.054108
501.629089,111.784180,35.915554,71.412354
496.574524,113.085808,36.225784,71.266800
492.448456,113.741104,36.548084,67.948082
487.707428,116.417877,36.712376,67.198273
486.351166,117.175179,36.505375,67.245285
486.316376,109.893990,36.109627,66.432808
483.214844,110.651047,36.703491,63.838478
482.169098,110.961678,36.483364,63.302757
482.446838,107.440712,34.821373,60.638939
484.138306,103.696022,33.505600,60.892845
484.161865,99.674400,33.601887,64.362022
484.543884,95.209251,33.592266,64.974525
483.139343,92.429756,33.490665,65.300018
482.344086,92.386665,33.164875,65.983566
482.139923,94.755821,33.156250,67.523674
481.899017,96.414322,32.950081,67.185692
480.820892,96.275383,31.791840,67.086891
479.246582,104.885765,32.674271,68.268822
479.829468,100.813988,32.606258,66.058891
483.389984,99.404213,32.133793,61.942200
488.338959,99.364677,30.427641,58.964649
488.700470,98.743134,29.231573,60.252083
490.843506,97.911903,28.861221,60.246124
493.312195,94.049286,28.898035,60.642353
494.984863,89.044571,28.870983,61.731461
494.704529,85.691345,28.880125,62.324421
494.296326,84.456261,28.957657,63.575130
494.186188,84.829361,28.959433,63.900200
489.485901,90.688866,28.782516,64.861488
489.397705,89.056732,27.768471,65.275444
488.408173,88.001228,28.554012,66.051758
486.145966,87.569809,29.192366,66.447929
484.865204,86.926369,29.561203,66.085701
482.242462,88.930908,29.580309,67.575806
480.636292,88.384499,28.700062,68.166687
477.108765,85.038559,29.365843,75.429153
473.117493,86.062965,30.189054,76.577019
467.687286,84.581436,31.223265,76.265717
465.406281,82.883797,31.733265,76.207840
461.211487,82.128807,31.963133,75.775429
457.105957,84.450226,31.793999,75.978203
450.350189,91.127724,30.934547,76.031303
446.763855,94.110863,30.215319,75.885139
440.018860,92.898911,30.122370,72.264381
438.205719,91.607155,31.062710,74.560043
437.718719,91.896942,31.487761,75.227028
435.951141,92.534798,30.868086,76.307022
431.595734,95.650558,32.195980,78.818161
431.039032,99.579170,32.211113,77.220261
430.383118,100.008888,32.199791,78.775833
430.479767,100.317474,32.468582,80.147522
430.572235,99.323868,32.437759,80.328979
430.546387,99.030327,32.160545,80.296440
430.355927,97.835320,32.582771,79.854378
429.553497,95.344055,32.618168,78.972717
427.535400,90.244080,32.023434,79.473434
426.969910,91.163429,32.295280,78.110756
425.968536,91.912804,32.530643,77.834381
426.202026,98.143692,32.387531,77.721642
425.710205,101.817062,30.742516,80.695030
424.431885,106.193481,29.906292,83.224976
422.761353,111.085289,28.479292,86.304535
421.074158,120.485519,28.723379,87.464432
419.578674,131.521484,28.773510,93.397247
416.939819,139.544846,28.989407,89.438072
415.917145,145.525238,28.149649,87.216980
2
0
0
0
0
1
404.739227,98.193481,32.554070,67.132278
401.091400,96.134232,31.876089,62.900974
399.170349,93.402351,31.337311,61.302792
398.250458,97.407021,30.843300,61.140240
397.820190,97.212372,30.774963,61.453876
396.869293,96.635307,31.796001,60.443005
393.530151,96.973785,31.408922,57.867065
389.871674,101.238945,31.694899,56.050430
382.269318,103.351486,32.675632,54.571751
379.826508,99.822922,34.153511,53.582355
377.223816,100.836288,34.378216,53.142841
375.002777,101.195930,34.579056,52.522591
374.539062,100.729683,34.953854,52.255432
