1
303.771179,160.971649,51.940769,71.580681
300.934479,164.201096,49.932945,72.164185
300.137115,163.344223,48.766293,72.659103
300.324432,163.334320,47.901024,71.786774
289.957184,165.219696,47.238232,72.991257
282.169556,165.237961,46.287750,73.256653
279.467773,164.910126,46.015633,72.778847
2
0
0
0
0
1
316.604828,165.051361,42.985622,70.814697
317.322571,164.213318,42.730972,71.190720
316.392609,158.742447,42.026428,75.097740
315.271332,158.743607,42.168732,75.336578
313.958710,158.854935,42.371639,75.144112
314.940857,153.605377,42.453526,73.432037
308.658997,154.243744,43.599911,71.352722
308.911255,155.079681,44.103951,69.175659
313.741058,159.578140,43.647633,67.696754
313.125275,157.240189,43.523663,68.061874
312.367554,155.004898,42.853580,71.228127
312.217377,154.231979,42.783756,73.754852
312.471802,155.937225,42.758812,73.002258
314.277893,159.133575,42.158821,71.618393
319.317719,165.516586,41.393452,66.614227
320.112122,156.326782,40.348183,67.872902
321.113464,154.440018,39.582699,68.925652
320.956573,153.850067,39.597603,70.359299
318.181213,157.927841,39.197807,68.015678
320.634399,156.097244,39.307968,68.098404
320.868774,155.226288,39.536449,66.228020
320.850739,156.524765,39.445618,66.771507
322.287750,154.803574,38.720829,67.967476
324.028503,149.339737,38.480751,71.161369
324.022247,149.466141,38.476978,71.489067
325.490021,150.314407,38.424091,71.162170
328.041565,148.961014,38.761299,70.253601
327.160370,147.028564,38.649208,70.168602
327.240936,146.823547,38.581577,70.549156
327.272491,151.728638,38.763973,68.102203
324.260315,150.550873,38.522877,68.848564
325.926147,149.294479,38.187004,70.776871
328.262787,149.669067,38.031357,74.920547
326.070099,151.040039,37.646412,73.541023
327.166565,147.447540,38.547256,70.137512
326.032379,150.614441,38.362854,69.777420
326.130646,150.768677,38.525867,69.996025
332.038696,150.807602,38.651855,70.048927
337.143280,159.321320,38.038422,64.917725
336.564667,156.709442,38.773399,64.092361
332.397217,156.867645,39.101952,64.444374
338.566315,157.864700,38.274849,67.848763
338.214691,157.932190,38.187347,69.774521
338.125732,157.291016,38.306458,69.424294
331.800812,156.761597,37.826088,67.028069
330.167358,155.839432,37.187870,63.833942
330.056152,158.371521,37.752522,64.551933
331.250610,156.850906,37.215137,66.212685
333.492828,155.478470,36.966808,67.165779
328.503113,156.982590,36.611542,62.825901
325.684326,157.505615,36.619247,62.349407
324.740753,155.493011,36.687080,65.369408
323.997620,154.824753,36.544956,67.980133
326.877563,154.940292,37.285240,70.044495
324.826752,152.995911,36.518784,66.995544
321.201691,152.824615,35.982769,68.171791
318.934692,152.854172,36.081367,66.498055
321.260468,148.722656,36.466064,68.643036
320.317871,148.819519,36.138222,67.266785
322.992096,148.720901,36.017010,67.160645
320.335846,159.320190,35.642467,65.244461
318.819489,160.780807,35.110023,66.546829
322.194366,155.538406,35.009045,65.820770
322.413055,156.367950,35.405785,66.294518
322.584137,156.733765,35.633671,65.531403
324.786774,157.745392,35.458458,65.308037
322.927582,158.172943,35.623913,64.660645
318.548920,162.121857,36.029285,63.022053
319.612579,160.983612,35.971024,63.980869
321.571564,162.478821,35.842049,63.459393
321.648468,163.426132,35.376595,63.307190
321.603882,165.059982,35.125008,59.854919
316.458252,166.605392,33.590858,63.648476
323.160492,161.278290,33.960346,64.708450
323.079102,160.149078,33.805477,68.271416
326.105927,157.226807,33.647526,68.338478
328.278961,154.925247,33.613670,67.273483
328.750092,153.413086,34.123581,65.491188
332.271027,154.990952,34.654194,66.356514
334.018707,156.230576,35.082993,66.770439
336.677155,153.515198,35.304443,67.191025
336.623077,153.401794,36.175331,68.568542
334.204254,158.635071,36.843842,64.661049
338.248840,149.504440,36.647320,68.108826
335.292938,149.703217,39.716511,67.970268
338.824951,147.021210,40.024464,67.894127
339.847046,146.618027,41.164017,68.397583
339.964844,146.866623,41.437679,68.137115
335.613556,150.077423,40.784172,68.163330
336.119965,149.185089,40.925919,70.318504
338.530151,146.860626,40.299683,75.894638
335.906769,145.019272,40.650471,73.033249
336.558746,148.333786,43.399254,73.665108
336.227478,148.843445,42.757839,74.118042
336.908386,147.502274,42.779907,74.346954
338.249786,148.362350,42.687328,75.649284
340.997070,144.484650,41.910980,77.426582
340.761871,146.423828,43.655300,71.637634
342.636505,146.958664,43.974819,71.113853
345.775818,147.077927,43.439880,72.796745
349.069397,147.066696,42.225201,74.017433
350.584106,148.521454,40.860363,75.111450
351.645416,150.019196,41.870651,76.932442
357.029907,148.556396,41.819443,76.303719
356.686584,149.304932,41.695133,76.423874
358.267914,142.056580,40.912727,76.922928
357.183441,140.926422,42.745995,76.587440
357.487762,141.757782,42.995197,73.836990
354.052734,140.375534,43.635445,77.485214
354.178101,141.487839,43.895325,76.282112
354.166107,141.523300,43.925129,76.521423
357.883087,140.968674,45.145298,77.679886
355.931671,141.690765,46.139343,77.063904
348.154694,141.846237,48.337299,76.874496
350.096680,141.751373,46.953934,80.585243
351.163055,141.506516,47.178764,80.073257
355.285736,135.800613,48.713982,83.738434
354.824646,137.215149,48.371952,84.086441
357.164856,137.128311,48.338238,82.018730
356.371765,138.028473,52.833553,82.229942
357.277069,140.044525,52.940338,81.981392
358.902161,144.289062,53.271320,78.995880
357.445404,141.781311,53.827766,79.173004
355.038513,137.210739,52.823566,83.652321
360.252380,131.389374,52.264820,91.795815
355.978943,138.675720,53.756432,100.044868
355.991760,129.192719,56.236820,92.466431
359.037445,136.096420,56.858639,89.435356
354.599152,138.865082,57.792953,90.942459
359.367523,142.945511,58.341660,87.178261
360.626404,143.394562,58.266979,91.426300
357.487610,144.647873,55.884148,84.483902
352.802582,147.718384,57.712036,80.080299
358.790497,149.647186,55.847008,77.543518
2
0
0
0
0
1
409.726135,151.604050,33.448887,88.298653
409.598694,144.253021,34.006794,90.464615
406.955719,138.567230,34.626583,94.074242
404.623718,134.204498,34.589634,96.952148
403.335693,138.913773,36.562668,100.682274
402.138153,131.457581,37.299595,106.089233
400.873474,126.619843,38.790176,112.753914
392.522186,116.546951,41.246635,108.295746
392.248413,115.958008,41.313156,105.829193
391.742218,116.394989,42.307968,105.473427
390.731567,119.333641,44.731312,98.203560
390.400146,117.799164,45.162254,96.898788
390.481232,117.737259,45.451946,97.085030
387.601624,116.552696,45.514416,94.887558
2
0
0
0
0
1
452.834686,155.142914,38.133327,89.861183
455.441406,154.772232,39.114922,85.376762
457.825745,152.761551,40.111755,80.906136
458.743378,153.207062,40.875996,77.540840
461.366211,152.673996,41.205650,79.863464
460.872833,150.862534,41.023823,80.419403
459.900970,150.928223,41.355930,80.953964
455.819824,150.707672,41.578682,81.110550
460.583405,156.691132,42.280678,85.671265
462.216675,160.876083,43.063454,78.352524
461.921844,159.216873,43.213924,78.394981
461.923828,158.400238,43.397167,79.157219
460.877258,155.077377,42.946903,76.872597
460.636627,157.473007,43.217415,74.844513
462.138123,163.226242,43.429142,74.019859
462.353943,163.795959,43.533485,74.544388
460.614563,162.165161,42.444435,75.865463
457.687134,163.883118,42.059124,75.116249
456.629974,164.809418,42.710289,80.021248
455.004913,164.583710,43.328617,79.985893
452.350708,161.690155,43.107887,78.456551
448.467987,162.003403,42.402847,77.897820
447.029358,161.988449,42.695972,75.824234
446.480347,162.066833,43.120293,75.179893
446.285461,162.490646,43.672829,74.055290
446.218323,165.354416,45.330948,76.506264
446.755676,165.078690,45.334438,77.851265
446.693451,164.014984,45.593208,78.529930
448.452820,162.570099,44.421421,80.632187
441.713684,160.718918,45.167130,77.817574
441.512421,162.981339,49.514172,74.247444
445.564209,158.363693,48.771843,70.869186
445.034119,158.224869,48.696571,70.623100
444.983337,159.056320,48.443386,69.292984
443.699860,158.556656,48.483692,68.814774
443.062744,157.989334,48.256496,68.870911
438.840179,159.782135,49.790108,68.606087
437.706085,159.609497,50.032814,69.076775
437.964325,157.285080,50.731464,68.361427
441.557983,157.108170,50.280273,68.315834
436.374115,156.646439,50.883461,67.789566
432.609955,152.446442,53.094223,67.991531
431.530487,149.799667,54.422863,64.881912
438.114441,149.724304,52.994228,69.941200
439.078888,149.658127,52.387695,70.862984
440.960815,150.779282,52.827866,69.228683
433.639313,150.458511,49.873150,68.673935
432.059723,148.411392,49.697006,69.873894
430.365021,148.981384,50.066353,69.026627
435.773285,148.594742,50.578861,67.184868
438.841278,148.642426,49.548180,66.479996
438.719421,147.845230,49.674198,66.948997
442.854370,151.996277,48.134254,66.122711
441.981232,151.842194,48.447258,69.320877
443.605743,148.423065,48.510532,64.914268
441.151245,145.467636,49.246075,68.405014
443.330627,144.579544,49.396759,69.570984
441.105682,144.135712,48.017399,69.193237
440.617310,143.970032,50.299824,66.510185
445.948792,142.888840,50.561176,65.729271
451.097595,144.363022,50.476818,65.489021
451.544373,145.179169,50.307186,65.297188
457.046295,149.625092,49.530663,63.034737
458.510437,151.137131,50.358929,64.494080
467.890747,151.528839,51.451229,64.290871
458.193085,151.953766,55.942627,62.327587
461.750824,153.688629,59.714420,64.483856
460.024200,155.505890,61.753639,63.659988
465.359192,158.485031,62.164352,63.071606
468.150940,159.539749,61.897011,62.584770
468.456665,160.418930,60.696617,63.498081
2
0
0
0
0
1
527.727417,120.512375,36.271214,79.719131
528.640930,119.011559,36.411922,77.959000
526.086182,111.447174,35.660652,77.837837
524.547974,114.208878,35.102318,77.689430
522.469482,114.169083,35.036373,76.336304
520.784607,116.274162,35.370815,76.535614
518.174744,114.991432,35.400841,77.070763
517.232178,111.610443,35.156296,77.416649
513.727112,110.125870,35.890209,76.523132
505.755280,111.461304,36.659920,76.362167
501.793640,113.387131,38.924835,75.986557
504.489716,113.828712,38.465633,75.452133
501.792206,110.432625,38.458115,75.834457
500.865906,110.798157,39.170296,75.845909
498.824127,110.905197,39.433353,75.706520
492.305603,116.018570,39.814045,77.120659
486.512878,117.077454,41.286312,75.668861
484.187378,117.742516,41.396130,75.827301
479.085999,117.674103,40.733906,76.294220
474.352875,115.007919,40.790504,75.966522
470.293121,121.557518,41.264717,70.452316
468.184937,124.897141,41.013821,70.022583
466.976349,124.624962,40.031521,71.530594
469.182587,118.534157,39.511749,73.763992
468.350708,116.981796,39.069908,72.685417
468.949280,125.146111,37.344616,75.997124
465.496765,130.808975,37.528824,71.297066
467.210693,122.629753,37.222935,68.741165
469.432190,125.609917,38.933323,68.668854
473.582886,122.991531,36.744423,69.846748
469.253174,125.592484,35.704517,72.483810
467.394318,137.217331,34.601635,72.525673
463.306030,139.907486,35.014782,74.980675
467.278870,132.218750,35.167114,73.611107
470.984711,130.549057,35.227020,71.338692
473.143036,131.994217,34.849503,69.423157
471.364319,132.494385,33.929394,67.434555
471.416351,136.238220,33.224335,67.123283
474.307526,131.830734,33.306946,78.498024
473.776337,131.452209,33.379181,78.128708
472.731934,128.852417,33.566093,77.906593
471.689087,126.360977,33.472031,75.976028
471.095886,127.766403,32.941174,73.903030
469.818878,127.742645,32.322437,71.395706
467.960449,129.769073,31.274879,72.870842
2
0
0
0
0
1
464.753601,87.480202,37.603497,69.887009
463.413757,85.107346,37.659237,70.460007
460.421448,84.928467,37.300076,70.309410
454.134521,88.784744,36.791580,71.594627
447.787750,96.181519,35.971901,73.135719
444.595490,94.596169,34.101013,74.046280
438.271790,93.980843,33.524448,72.198944
436.151520,91.863518,34.309551,74.588280
435.721649,92.440186,34.414696,75.897514
434.679077,92.935867,33.671173,77.643112
431.447418,95.458138,34.045036,80.821098
430.552185,98.757805,34.345707,79.864349
430.607971,99.062836,34.214764,81.199966
430.366119,100.552330,34.515076,83.219322
430.196381,98.993149,34.885773,82.435326
430.317902,98.629578,34.349899,82.441597
430.197754,97.468552,34.419262,82.162460
429.966309,94.828819,34.151546,80.609222
427.656158,90.541275,33.667892,81.869637
426.368683,91.658249,33.697262,80.557159
424.520050,93.256676,33.764851,79.866486
424.771637,96.906174,33.474899,79.518105
425.237946,98.354782,32.103725,81.735229
424.658417,98.967979,31.608894,82.700195
422.868988,102.192856,30.960590,84.404724
419.371429,113.028236,30.480261,88.039345
417.509888,133.042999,30.458914,92.820663
414.421295,142.725540,30.329649,88.688690
413.887207,149.176071,29.718378,86.690094
413.300842,158.163971,28.876171,84.816528
415.029877,157.108353,28.112314,84.770515
2
0
0
0
0
1
401.269196,97.367119,27.774048,56.918148
399.855621,101.850624,27.401472,56.521275
398.592560,100.476067,27.380848,56.900948
397.850708,100.276184,27.650578,56.243435
394.065582,99.851410,27.632957,53.020870
387.253418,102.485443,28.079924,51.362869
383.502472,104.369133,28.277699,50.431202
380.872437,102.897118,29.158007,48.909130
378.596252,103.591095,29.744864,48.397152
377.557587,103.719452,29.800512,47.862091
376.104462,103.229820,29.926132,47.397133
