1
311.540100,170.162216,50.049419,62.595699
311.474792,172.516083,48.744942,63.851173
305.517792,170.981750,48.469734,63.988449
310.555084,169.313477,47.476971,63.693001
297.839142,172.084106,46.649773,66.230759
287.803162,175.624146,45.356220,68.251465
282.779266,175.351624,44.487282,68.382957
2
0
0
0
0
1
312.121033,165.220428,45.383183,71.208168
315.802704,161.363785,45.039139,72.796623
315.830078,156.478149,44.267975,75.292084
314.109497,157.059814,44.027641,74.824310
311.544769,157.068024,44.595844,74.570496
310.529297,150.191650,44.858471,73.655090
309.351868,151.180817,44.802116,70.887802
305.695587,152.487396,45.480736,70.842361
312.673706,155.677444,44.491703,70.232681
315.817963,150.821274,43.977795,71.318451
313.115723,149.662064,43.068054,74.825150
312.720673,149.947311,43.479942,75.148056
310.615387,155.389511,43.543030,72.292854
314.790253,157.488892,42.988300,70.136917
316.075256,161.047852,42.208488,67.758759
317.418457,152.893951,41.399136,67.116257
319.674042,152.824722,40.419846,68.912361
319.434784,152.851746,40.072628,69.626778
318.622864,157.084488,39.716072,68.864052
321.455597,155.140549,39.918549,68.633682
321.595306,154.876648,39.980377,67.677277
321.801270,155.080902,39.726273,68.093262
323.289581,152.232895,39.104935,70.434036
322.347656,142.674652,39.464607,76.451370
322.386993,142.691589,39.469093,76.477196
324.836212,145.342560,39.675095,75.555389
326.709412,144.296982,40.061935,74.621269
326.769073,143.851944,40.037312,74.583488
326.213745,144.586380,39.805359,75.192284
326.025543,148.918015,40.095108,72.069679
322.591370,147.372955,39.966465,73.435379
322.951202,147.262146,39.800323,73.828545
324.813385,146.864151,39.976597,76.659828
322.632477,148.856354,39.442184,77.281105
324.782166,142.385880,40.141808,76.219185
324.896484,145.550949,40.432762,75.217514
325.092865,146.503235,40.538265,74.519806
330.474121,148.368195,41.413643,73.404007
332.432861,155.540741,40.511158,68.984268
330.493347,153.560074,40.354229,67.664566
322.554047,154.492081,40.176678,67.735054
331.133453,153.672684,39.502026,68.636856
329.914673,157.092026,39.449642,68.507080
330.755920,156.821030,38.714031,68.901184
329.644440,156.142227,38.770020,68.437347
329.660278,155.797836,38.035202,63.713448
329.566223,157.901581,38.587288,63.989521
330.274414,156.850235,38.282722,65.888054
333.007721,155.897095,38.009991,66.362297
329.662720,157.381912,38.267086,62.504887
325.239655,158.488510,38.258812,62.423164
323.869141,156.057114,38.219524,66.212959
323.908386,156.195847,38.432686,66.420967
324.577454,156.422058,38.270420,67.865677
324.732056,156.450714,37.938122,65.166550
323.773041,159.324463,37.678490,65.294533
320.732758,161.315720,37.306484,62.423466
324.704346,158.875107,37.377483,62.758038
325.556030,158.839859,37.046551,62.509670
327.239899,159.388000,36.844860,63.774040
324.942566,168.282135,36.654343,59.761196
322.842743,168.023483,36.059467,61.070080
324.520874,165.436218,36.055099,59.819965
324.524567,166.968460,36.384483,60.267696
325.591034,165.166687,36.544003,60.809353
325.887360,167.439453,36.858780,58.192009
325.373444,167.811951,37.184521,57.250248
316.383179,172.799896,36.882824,57.229431
318.015381,171.480408,36.206112,58.733101
322.530884,170.046707,35.969963,59.854683
323.680237,170.423004,35.282452,59.585251
323.473724,170.733490,35.386795,56.525356
315.393402,173.114471,34.825939,58.901730
321.779907,165.339767,34.945988,59.153984
323.006653,165.344757,35.035046,64.470711
326.120575,164.438232,35.307266,65.445198
326.484192,162.135193,35.441498,64.491814
326.249969,158.400085,35.634739,64.162987
330.223083,155.272919,35.959663,65.755501
331.920074,156.445801,36.076130,65.830444
333.759949,152.992035,35.951519,66.575989
334.047272,154.547943,36.077599,67.553650
332.359711,160.151810,37.094433,62.552437
341.000580,156.951584,36.345623,62.531639
340.184601,162.964172,39.704994,63.620296
342.562256,156.901596,40.327229,63.697182
343.280273,154.552658,40.870872,66.228287
342.695770,154.320343,41.018593,65.071754
339.063385,155.970505,39.970985,66.072128
339.394135,154.331360,39.376801,67.869560
341.038666,152.868362,39.061977,71.125374
338.321960,150.562378,39.400887,71.314659
338.312775,154.269821,41.464951,71.950592
338.007904,154.045502,41.638901,72.763512
339.147003,150.266968,40.838776,72.976959
343.308319,149.323517,40.913010,79.023300
343.994080,148.991653,40.535606,81.810394
344.593231,148.789917,41.349487,74.562347
345.344482,147.611832,42.240273,74.071083
347.185425,144.856415,42.477100,76.455994
350.119904,146.548843,42.246346,76.259743
351.488159,147.615036,40.182758,77.844345
351.960541,149.494858,40.625225,80.939438
357.189850,145.685059,40.845295,80.915764
357.285004,146.412491,40.974842,80.791862
358.375153,142.310669,40.209419,80.060188
357.836731,141.532608,40.991627,80.475418
357.454651,141.769196,40.860203,78.424934
358.267822,140.327103,41.934513,82.561264
355.983826,142.867111,41.887970,81.191376
355.291565,142.585999,41.884258,81.412666
357.223145,142.601974,42.426945,80.696945
356.596771,142.894424,42.488468,80.995049
354.843811,143.093704,43.089554,80.671150
355.212250,143.675308,43.086739,85.908195
355.642151,141.518326,43.479527,83.906731
356.991943,134.456467,44.984562,84.175903
355.686829,137.710724,45.219810,81.091423
357.141296,137.028793,45.308300,78.560501
357.296326,139.403137,47.327785,78.310417
357.830536,141.912811,47.353970,78.484962
360.495575,145.308304,47.768139,77.831627
359.893585,142.380966,49.114319,78.242683
359.737915,137.378372,48.911705,81.656158
364.110535,141.055969,48.372486,85.623726
361.032318,144.031158,49.854134,96.675110
360.511322,140.257935,51.740135,90.587730
373.276520,142.300797,54.048908,88.998528
372.749542,142.232483,53.642376,89.311584
371.195679,143.081848,54.438511,83.015663
369.353760,142.443588,54.111572,88.256821
365.351868,147.575638,51.658539,79.394028
358.030121,150.683121,52.398968,76.552597
363.069031,154.513840,51.033657,75.292587
366.039856,148.967178,50.795418,76.282036
357.273743,147.720657,49.827526,77.512184
356.302460,137.303207,50.739922,80.022774
2
0
0
0
0
1
405.805634,145.724747,34.114559,93.322311
403.978851,144.761276,35.042179,96.899506
402.608673,136.471924,35.931309,101.203827
401.479828,132.808075,36.800587,105.644356
394.345062,126.169868,38.214806,102.661636
393.685760,123.663551,39.195709,101.733276
393.055389,121.877312,40.493290,104.360413
391.365692,124.265518,42.980572,97.417221
391.267883,120.477379,42.554497,100.615448
391.237854,121.685799,42.699913,103.724350
388.077911,118.571869,43.773476,99.294792
2
0
0
0
0
1
455.686279,152.445343,34.524364,85.067322
457.076721,153.349274,34.843250,83.220360
459.131653,153.607910,37.185726,74.994049
459.490051,154.898071,37.972183,69.417854
461.986389,154.263153,38.198414,72.149719
462.293121,152.377579,37.732510,72.114098
461.565735,151.921494,37.749199,74.524391
458.187683,152.378937,38.162323,74.036705
463.445129,155.822220,38.480621,80.001106
464.238098,159.086670,39.361053,73.927673
463.560760,157.828217,39.172970,73.664520
464.051605,157.494049,39.703308,73.615959
463.966827,157.451584,39.883041,73.076164
463.357819,161.512253,40.067036,69.232742
463.655670,165.534592,40.636055,69.634071
464.057739,166.079178,40.884346,70.271255
462.393799,164.231979,40.204281,70.562706
458.236328,164.647537,40.143383,70.755104
456.477173,165.261017,40.670746,75.918144
454.388428,164.815170,42.130978,75.148384
452.315125,163.193604,42.008816,74.855598
448.720428,163.222763,41.114117,73.641663
447.132568,163.943710,42.227467,72.135811
445.968201,163.511200,42.606007,71.569893
445.995239,163.774170,42.981003,70.928879
444.848663,165.755310,45.200508,72.161209
445.266479,166.103592,45.395103,72.066460
446.321777,166.381165,45.612869,71.710754
447.522705,166.238159,45.062473,72.381577
439.317596,164.269730,46.673355,72.447502
440.231476,162.435364,51.389854,71.817062
443.751099,157.979416,51.216290,68.421150
443.319733,157.748032,51.237591,68.081291
443.248505,158.997696,50.974606,67.952660
441.477509,158.814178,51.351131,66.503586
440.862122,158.510406,51.157215,66.424728
436.731171,160.347549,52.837917,66.640488
434.318909,160.469574,54.021660,67.509102
434.738068,159.463348,54.521816,66.642303
438.958801,159.069519,53.864735,67.149597
435.286224,158.277557,54.585922,68.050026
431.766449,150.932816,55.633362,70.704422
428.899384,147.282028,57.701275,68.730507
437.114197,148.632172,55.541824,75.962410
438.174286,147.910355,54.719238,79.514908
436.395386,148.386215,55.426109,76.667549
431.796692,147.984879,52.514381,77.316032
430.665161,146.488922,52.430824,77.914444
429.503540,147.270355,52.859596,75.026817
434.923920,146.994064,52.931133,71.073784
436.683746,147.363678,51.525307,70.907074
436.942139,146.713608,51.555664,71.017319
442.013824,151.820862,50.402649,70.685127
440.798859,150.699509,51.740623,72.663635
442.807434,148.228394,51.719257,68.815834
440.742035,145.817459,52.145714,72.872673
442.723450,145.642822,52.780197,74.977814
441.230469,145.264832,51.643536,74.649109
440.337555,144.299271,53.095215,74.073387
444.259460,141.722290,54.287724,73.522690
448.393188,145.646149,54.196709,71.977562
449.368469,146.284760,54.392387,70.968842
459.334595,149.808945,54.460400,69.430885
455.572968,154.967667,54.302620,68.961784
452.873505,158.665131,57.866566,67.586121
450.702637,156.989212,60.326881,68.769630
452.792633,163.970688,61.201298,72.086403
453.979370,170.692261,62.395733,70.667511
466.044189,164.704102,62.028778,69.669365
469.572632,165.444244,62.569454,69.189857
2
0
0
0
0
1
530.763000,119.744217,31.948505,78.732697
530.522949,118.993950,31.882914,78.188622
529.606995,116.505692,31.659620,78.267937
528.688049,113.776558,31.610550,77.737198
527.557800,115.093307,31.336868,77.273514
525.336792,114.393311,31.164577,76.547073
522.578979,115.150833,31.453741,77.168709
521.216614,114.265709,31.634989,77.430801
518.318237,112.438194,32.416256,77.345566
514.883179,110.756477,33.157207,76.824799
507.927429,110.556290,34.183937,76.524170
506.491119,112.144821,35.115376,75.325615
508.435303,112.045204,35.136208,75.230515
504.399719,108.618629,35.376995,75.361511
504.296173,108.879166,35.594715,75.556648
502.064056,108.341522,35.938179,76.048317
495.315216,110.911987,36.480904,76.975266
490.843140,112.230919,36.906723,73.559433
485.848328,115.638512,37.213783,72.136322
485.494019,115.596634,37.040737,71.457382
486.331909,108.867767,36.476475,69.729263
483.297882,109.833275,36.631855,67.244827
482.240387,110.179008,36.369205,65.961945
482.817230,105.744446,35.174801,63.469135
483.501251,103.338531,34.702965,63.533958
483.284088,99.203995,34.598946,66.565224
484.811737,94.788727,34.585033,67.569252
483.567444,93.329697,34.684139,68.028854
482.571045,92.939674,34.397610,68.665268
482.216553,94.803535,33.624962,69.209351
481.610626,97.938904,33.100170,68.367264
476.967163,100.549133,33.026234,70.265099
473.153168,119.660133,33.719910,70.154633
469.201721,124.408730,33.040291,69.892227
467.908630,129.424667,33.636559,65.536514
469.358307,131.320831,33.684010,66.104576
470.457703,132.132034,33.932217,67.112679
470.543945,133.154831,33.258926,66.743690
470.942535,137.915329,32.952251,66.979126
473.758942,138.065491,32.264027,74.975983
473.744537,136.642120,32.399952,74.573288
473.313263,134.052399,32.090183,75.343628
472.297668,130.085480,32.004719,74.217537
471.591003,128.272812,32.165031,73.452202
469.884094,128.197678,31.719425,71.598480
468.058075,130.555389,30.732872,70.895103
2
0
0
0
0
1
464.454254,79.333176,38.522560,70.315781
462.439240,78.013008,39.052216,71.066345
460.025391,79.023102,38.779533,71.333893
453.832245,85.255859,38.164841,73.125305
447.402832,91.985268,37.054989,74.671371
443.972931,92.907219,36.209473,74.966286
437.852997,91.981239,35.159882,73.894264
436.419922,91.004593,35.371040,75.394661
435.306122,92.112167,35.312611,75.790512
434.168091,92.501427,34.724792,77.550972
431.249115,94.883286,34.903706,80.536499
430.615814,97.640152,34.838055,79.715279
430.291687,98.482796,34.836746,81.558739
430.576996,101.186806,34.817463,83.541809
430.708282,100.806885,34.789436,83.588814
430.341248,100.898628,34.084827,83.902092
430.400055,99.412910,34.236565,83.646149
430.366425,98.093674,34.498886,83.401299
427.585022,94.560165,34.033920,83.417336
426.780579,93.507294,34.364540,83.387451
424.761780,93.053909,34.365620,82.400200
424.650909,98.673660,33.874653,82.544800
425.558167,100.945488,32.894989,86.294952
422.128204,109.161629,32.469090,86.858749
418.536255,123.544418,32.161823,90.785103
416.348206,127.676903,33.232357,91.911118
417.247040,128.673477,33.080692,100.356667
413.608795,138.098953,33.828362,98.560356
412.306061,146.193497,33.272350,97.490356
411.612885,157.429581,32.904411,92.151649
2
0
0
0
0
1
398.604828,90.349167,32.404278,65.021317
398.668091,92.704567,32.046749,64.466316
398.323792,97.575584,31.758375,64.415367
397.487823,96.526001,31.885523,63.703457
396.024109,95.290672,32.778336,63.004341
393.544952,96.014717,32.870693,60.505436
389.120270,98.974098,33.198494,59.103043
379.313934,99.063751,34.534031,57.596275
377.386322,98.049179,35.702576,57.254826
375.612488,99.903854,35.883694,56.016697
374.586243,98.908920,36.042553,55.463493
373.950256,98.343849,36.495209,54.623390
