1
310.020599,163.920074,47.845375,63.597748
310.947388,166.589737,46.635357,66.061203
310.703735,167.212051,45.423569,67.349571
308.108521,165.170898,43.728878,69.326172
298.160583,166.412659,42.852978,70.389259
287.280334,168.587982,41.934456,70.224022
2
0
0
0
0
1
314.817566,162.299011,42.319767,72.968102
315.151489,163.127991,42.079506,74.406181
318.368530,160.218079,41.826572,74.600502
316.950287,157.752655,41.350292,75.035919
315.708313,158.491821,41.294312,75.100868
313.053497,158.537628,41.434032,75.132332
313.527435,152.454132,41.782284,72.320778
310.221893,154.829010,42.157909,68.817223
315.500824,158.670197,42.246925,68.610680
315.703949,159.316757,42.195087,69.280525
315.947784,157.515442,41.899673,69.577393
314.461823,155.995102,41.176926,73.121925
314.257935,153.693726,41.168766,75.520111
312.564301,156.427124,41.737881,73.503571
315.957306,159.427994,41.262417,71.871925
319.485687,162.542892,40.282646,66.734085
320.557983,157.033661,39.578251,68.295654
321.782928,156.164062,39.173306,69.640694
321.940216,156.073486,38.317818,71.769386
319.434540,160.306656,37.908737,67.440361
325.236572,157.897324,37.517914,67.887352
324.916595,156.796661,37.691307,64.498642
324.527435,156.357925,36.963062,65.390045
325.070160,151.231598,36.134415,67.099205
324.826752,145.342896,36.327320,69.076530
324.943329,145.533020,36.470505,69.459503
326.817200,150.686661,36.124947,69.932358
327.492279,149.504913,37.483120,68.283127
327.935303,147.455521,37.020527,68.189461
327.646423,146.668884,37.109982,68.557663
327.652008,151.748276,37.235790,67.826637
324.155670,150.091888,37.429298,69.780716
326.195892,148.428421,36.876549,71.503075
328.593353,149.155243,36.626179,73.603790
327.567108,149.830002,36.404308,72.341240
327.386749,147.774216,37.042606,70.067741
326.849457,151.575836,36.869316,70.358765
326.510010,151.569672,37.087292,70.954079
331.717896,150.059326,37.349686,71.790108
336.610626,156.814209,36.828354,67.723129
333.969330,156.423080,36.927223,65.491264
326.544189,156.632141,36.519070,65.401413
333.936401,156.706192,36.241638,66.874603
333.734009,156.006256,35.944351,67.937790
333.546783,155.363083,35.745167,67.922676
331.498077,154.324692,35.679031,66.290359
331.564514,153.008118,34.530750,63.292999
331.786804,154.601868,35.100853,65.237724
332.323792,153.709106,35.122421,66.258011
334.274780,152.376007,35.035278,68.497398
328.364777,155.770447,35.974449,61.931892
325.705994,156.637985,36.048416,61.135044
322.448395,154.710617,36.186527,64.014763
321.907715,154.003708,36.144642,66.763992
323.488312,152.904266,36.285015,68.280022
322.809509,152.156784,35.800880,66.774109
321.491455,151.038391,35.799042,65.666122
318.498962,151.434723,35.623425,65.925514
321.281219,147.313599,37.425850,66.551376
320.027466,147.073624,37.529984,64.934784
321.068695,146.096832,37.820423,64.774704
318.708221,155.966583,37.665672,62.037621
318.579437,156.560516,36.999104,63.591862
318.396484,155.167328,36.259586,64.255150
322.795380,156.848816,36.258186,65.407288
323.051270,156.857285,36.584648,65.195404
323.459930,156.774826,36.826782,65.378815
322.185577,158.745026,36.900116,63.834766
317.158844,161.327606,37.184273,63.292004
320.385376,159.970718,36.688858,63.585846
321.830353,160.139694,36.617065,63.678780
322.401947,162.540161,36.012753,63.423515
319.959229,162.705582,36.052162,59.508274
315.008087,164.145035,35.374516,61.152607
322.513397,160.210083,35.303913,61.516899
324.095947,160.148132,35.143250,66.949791
326.120941,159.176239,35.321854,66.414497
327.378052,155.618652,34.870571,65.900711
327.382904,154.738297,35.132183,63.184372
331.647552,154.854813,36.067749,66.107018
332.366791,155.276520,36.668835,66.259125
334.964203,152.643005,36.709156,66.685287
336.248474,152.314240,37.370861,70.747017
334.394287,157.022858,38.060711,64.915390
338.304077,151.986557,37.281376,66.665199
337.481995,152.381866,38.459816,67.541290
338.578918,149.274826,39.121204,66.458435
339.139801,148.534882,40.227859,66.224457
338.812866,148.266647,40.324192,66.571930
337.713928,151.833160,40.001846,67.032158
338.481140,150.437790,39.917568,68.784447
340.262878,150.704636,39.118336,73.013062
335.642029,150.159073,40.116791,70.985924
335.153839,156.294464,43.104027,70.638199
335.589569,156.401596,43.403355,72.163124
336.401215,152.017242,43.188488,72.134384
341.480682,153.192902,43.480991,77.412392
344.198700,152.216919,42.708199,80.454033
343.449921,151.974945,43.428448,73.511909
344.585114,149.079178,43.915646,73.156281
348.565491,145.604858,43.248760,76.368248
349.334717,146.321701,43.470760,76.630936
350.585449,147.549072,41.505413,78.314636
351.307281,148.816895,42.688511,83.309738
355.244537,146.948151,43.298985,81.769333
355.609406,148.184341,43.379356,81.763695
356.967896,144.282654,43.108631,81.800369
356.167023,142.909302,43.570637,82.132500
356.413177,141.532974,44.029682,79.757896
354.181824,138.192642,46.365650,85.988693
353.169525,140.704498,47.118095,83.676796
353.326538,140.883560,47.466942,83.832588
356.674713,139.172913,47.365692,83.004868
355.516296,140.791550,47.098064,79.995476
351.339630,139.923645,49.578140,80.158524
354.384003,138.115936,48.974880,82.425728
353.865051,136.721542,49.384312,83.155853
358.142548,133.097443,48.851608,87.758858
356.922272,133.694641,48.875206,87.596466
356.820862,135.045776,49.843159,82.576210
357.541718,136.944519,53.661575,84.207390
357.717743,137.764893,53.803814,84.812035
357.726654,139.886032,54.169327,81.350479
356.665833,138.731461,55.190327,80.908745
354.596069,136.201279,52.351006,85.294815
362.170502,134.189255,51.662418,90.575485
359.255493,137.039581,52.426502,101.251106
357.849854,135.634491,54.703297,95.481277
365.120056,136.135880,55.497787,95.018890
364.276978,135.514954,55.477440,98.052383
366.196075,140.902695,55.532574,88.359421
369.849121,141.501205,55.713093,94.824898
368.861206,140.276779,54.282486,88.847855
368.801331,146.208664,53.703465,86.587479
369.717529,150.259521,52.874233,86.214836
375.819519,147.463623,53.068573,88.719925
385.353851,148.481522,54.086082,91.497917
388.482025,135.048843,53.797901,91.539192
392.389465,129.943604,54.401814,95.783272
394.270477,129.856003,53.894981,97.524818
394.919525,130.006775,52.872284,98.383026
395.493103,126.047852,52.434448,99.363739
396.627991,125.084404,52.144585,101.137283
395.950928,121.059410,51.683811,113.026543
395.076172,118.190056,51.724911,113.438217
398.631683,127.269691,51.204208,118.040527
396.435059,123.462608,50.759182,117.821907
396.491852,121.196098,51.168568,119.359085
393.534943,122.383080,54.327385,113.323097
391.061371,119.768753,54.259090,104.676125
398.140991,131.599884,54.686897,105.281036
402.405334,142.507904,55.140961,97.489281
403.310181,143.634964,57.621365,93.974632
408.765533,149.429688,58.610348,91.181648
411.222137,152.487244,60.776428,83.751541
434.084534,157.044388,59.032066,87.680214
428.927673,153.255707,59.661156,84.945648
429.515625,154.392975,59.848812,82.492416
431.965637,154.582672,59.550957,87.998749
437.424683,152.435120,60.736435,82.027657
444.131500,155.753693,59.216301,81.154465
447.096741,154.330292,58.192844,82.723793
443.890747,153.007294,57.860493,77.417564
447.838074,152.371704,57.759865,75.843231
449.464569,153.130783,57.420696,75.106117
452.971863,153.292480,57.461861,75.141899
453.565643,153.536285,55.050262,75.368095
452.329590,154.972748,54.066921,75.766563
445.238647,154.748795,55.588474,74.594055
454.921204,160.962692,55.805046,79.955811
454.622894,161.186752,55.978607,79.704353
453.073059,159.396179,56.125618,77.695107
454.672180,156.874207,55.714317,79.382706
452.540405,155.289780,54.767269,78.064316
453.038483,159.010757,55.803509,74.754990
454.971924,166.846008,56.521599,71.826134
455.364807,167.902466,57.003460,71.864075
453.682526,167.012070,55.547504,72.237823
449.579926,167.493546,55.380222,72.044617
447.925110,167.212250,55.132015,79.793526
446.788025,166.442657,56.106503,79.285507
443.480865,163.909103,55.465523,76.985573
440.262573,163.487640,53.288929,75.175980
438.060425,164.727493,55.730644,72.519173
436.774048,166.105087,56.258255,70.244209
437.046936,167.103638,56.599480,68.564880
437.802490,169.030243,57.778992,71.710938
440.029724,168.451889,57.952461,73.893211
440.741547,167.931702,57.784367,74.539764
441.740082,166.826813,56.808174,76.082222
432.504700,165.993423,58.242592,75.008644
432.438202,166.012466,59.656475,74.694756
435.555023,162.121597,62.353123,70.584274
435.587463,160.171112,62.208179,68.321388
435.223572,161.340393,62.800922,67.218872
433.611267,161.369171,63.566425,68.003426
433.823425,161.421875,63.646702,68.501289
431.524933,162.123627,63.943771,68.725815
427.725311,160.985397,64.274498,70.187706
426.624603,161.675354,65.608574,67.722534
441.192078,158.788055,65.407425,74.313652
437.636719,157.218307,65.270607,73.177216
424.008392,150.197693,67.627373,76.083138
424.281250,144.769577,68.957016,75.494179
435.926147,148.192596,66.131439,76.746948
439.888641,148.204865,64.966873,79.407402
433.849823,148.797623,65.162910,76.126076
428.390839,148.997955,61.972450,75.871201
425.755005,147.533813,60.568367,76.670959
424.480621,147.790039,60.913761,76.569229
427.764374,145.588684,60.698334,75.341446
430.284393,146.176147,59.579582,75.239235
431.254089,145.829712,59.407394,75.307083
436.488159,150.352249,58.520649,71.260033
434.403809,150.571793,59.017540,72.422379
439.369995,147.998825,58.802612,69.232841
437.130554,145.507538,58.538853,72.445122
439.455353,145.289856,58.754494,76.824730
438.907806,144.471375,57.176411,75.812592
437.442200,144.086258,57.676891,75.000366
441.667419,140.800766,58.846745,74.617477
445.014374,145.728485,59.687477,72.289803
446.813538,147.120102,59.072510,71.760300
454.845978,153.266937,60.567661,70.106422
447.432953,154.931763,61.846565,72.336540
442.404205,159.965317,66.214218,69.734207
449.379883,159.614273,67.174728,71.091049
452.854950,160.794113,70.895103,73.525070
456.191101,164.303009,72.899582,73.172798
466.575775,158.668015,73.158051,72.869080
475.305908,156.859650,72.700188,74.902100
473.590118,158.652573,71.647316,73.930847
474.013885,160.500534,70.070290,73.041756
469.783966,161.788269,67.549210,69.648438
470.504608,161.710571,66.961906,69.693542
2
0
0
0
0
1
525.578552,116.165260,32.935562,79.235565
523.829407,115.764221,32.329395,77.406792
521.846191,116.573174,32.595840,77.851509
519.729431,115.595093,32.886055,77.665611
518.344666,112.683105,32.876556,78.101303
515.997131,111.512482,33.407558,77.749916
509.009064,112.089745,33.894409,77.509727
506.617828,114.495422,34.833710,77.123566
507.101410,114.218513,34.911240,77.241135
503.374634,111.808060,35.104820,77.372719
501.730682,111.273155,36.979740,77.473526
499.823975,110.713715,37.082287,77.392036
493.795715,114.802933,38.235271,78.581642
488.864471,115.618866,39.574589,75.962700
483.907593,118.203690,40.135689,76.032272
479.760345,117.097893,38.701176,77.452827
475.154968,114.160965,39.452610,75.066971
469.805664,122.172668,40.508747,70.133667
468.340424,125.141960,40.616913,69.863457
466.395752,125.611275,39.076202,70.959480
469.368164,118.159271,39.115700,73.681122
467.836884,120.611244,38.470787,73.890404
468.497498,128.593628,36.091576,79.363358
465.768127,133.295258,36.930923,75.681839
466.790466,126.583687,35.901375,72.229118
467.001068,132.182449,38.949047,69.321968
469.041840,135.996719,36.484722,68.267784
468.196533,135.724640,34.185028,70.457268
467.168427,137.337097,33.641830,74.205154
464.926025,141.043045,33.269047,76.463333
467.326080,134.535156,33.140030,74.409065
471.404755,131.045364,32.848259,72.577194
474.269684,129.672379,32.603748,70.738052
473.506958,129.757324,32.410149,69.367401
472.690979,131.989151,32.145325,69.194542
475.178375,124.734009,32.316418,82.005775
473.379425,129.315216,32.566422,78.497559
473.086975,126.634590,33.042324,77.946053
471.917999,124.324432,33.130917,75.054665
470.801666,126.522896,33.733654,73.007690
469.732422,126.566811,33.194675,71.047211
467.088776,131.051941,32.012215,73.309738
2
0
0
0
0
1
465.429291,89.111267,34.608070,75.062492
463.194366,84.339180,34.980820,76.412018
461.835449,83.106102,34.842319,76.413383
455.577362,86.912247,34.572777,77.862671
449.138031,91.489059,33.733036,78.161438
444.728851,93.062660,33.137215,76.944733
438.179504,92.510735,32.704468,74.577095
436.527618,90.655174,33.123112,76.329544
436.324158,91.243408,33.389378,76.679390
434.429291,93.290337,33.254578,77.873093
431.363281,96.135582,33.839203,80.889442
430.409760,99.626335,33.842697,79.619926
430.190002,99.880188,33.807961,80.634323
429.464020,101.140282,33.997250,83.200455
430.704987,99.747124,33.265999,83.419365
430.797363,99.717323,32.923412,83.078583
430.647614,98.809692,32.977425,83.013016
430.258148,97.749374,32.823143,83.217171
428.467712,93.112465,32.015434,85.202522
427.442932,91.593254,32.315990,85.072151
425.650818,92.701141,31.911531,83.995811
426.170319,95.177925,31.802868,84.039711
426.436768,98.184647,30.334440,86.943176
425.881439,100.913460,29.701593,87.505325
424.995605,101.966309,28.847221,89.380104
422.421204,104.932274,28.833340,90.062187
420.668823,111.431480,28.038557,92.360405
416.711090,113.784966,28.567806,90.369286
416.858826,113.792175,27.171858,92.446335
412.803131,133.040283,26.315273,91.413948
413.879944,135.599045,25.283810,91.873894
414.549561,139.051926,24.802824,90.553894
416.250061,149.042435,24.560259,88.599686
417.571381,155.195770,24.075682,88.706062
2
0
0
0
0
1
393.536194,92.333900,28.561567,67.096191
390.378845,92.044640,28.698048,64.477364
384.549561,94.134575,28.874750,61.613480
380.296295,94.178436,29.147038,61.068153
378.332184,93.845474,29.633963,60.862076
375.149445,94.913078,29.903502,60.748238
375.091370,94.907837,29.966127,60.605740
375.001953,94.973846,29.966127,60.605740
