1
311.094025,164.207504,45.593807,64.537613
312.810333,167.275192,44.469971,66.954712
313.079376,167.469269,43.077072,67.068451
310.940582,167.141617,42.325191,67.805336
298.541779,169.278595,41.097183,71.328056
290.773987,172.396698,40.601456,70.105515
284.492096,174.540771,40.216389,67.928085
2
0
0
0
0
1
319.035278,163.462952,40.954849,74.122665
319.676819,161.779510,40.634914,74.144432
318.703430,156.242249,39.747681,76.787392
316.584076,155.933777,40.053917,77.069481
313.865021,156.191788,40.472691,76.858131
310.738403,151.952438,40.635029,72.597984
310.916534,150.587112,41.223244,70.730049
315.998016,152.696442,41.791828,70.371902
319.136963,157.830322,40.361301,67.794807
314.007050,156.468994,40.277924,69.382645
313.571594,154.196350,40.105911,75.220833
314.100525,154.588501,40.418468,75.525085
313.645508,155.570023,40.393898,75.040443
320.222443,159.951523,39.252480,74.078117
320.702362,160.298416,38.102974,70.456352
321.183014,155.310867,37.837528,71.244736
321.627594,153.503494,37.364723,72.490662
320.954010,152.273727,37.119926,76.675476
319.748749,158.371918,35.990414,69.245781
324.855377,155.704437,35.427368,69.169235
324.501434,153.565628,35.517223,65.932701
325.172241,153.592010,35.466515,66.850502
325.631989,149.437744,34.921276,69.023743
325.206757,143.442917,34.930058,72.033867
325.515228,143.635559,34.913471,72.509422
326.551819,148.850555,35.257591,71.370064
327.369995,148.792770,35.989517,69.537033
327.650391,145.537842,35.500942,69.759529
327.647003,145.746399,35.877804,69.707840
327.446655,149.197098,36.051388,69.548279
324.689117,148.795441,36.386761,70.059258
326.853790,145.934647,36.243599,73.648811
328.604736,147.190796,36.281723,74.619591
326.595306,150.612549,35.955776,73.071487
327.885834,146.218491,36.042515,70.874184
327.766144,149.276917,36.288113,70.538063
327.627441,149.743073,36.514900,71.017647
332.680023,150.010162,36.967869,70.815857
336.257111,157.688828,36.417622,67.150421
333.692719,154.684158,35.847557,64.527969
325.804291,155.996597,35.747177,65.052147
334.062988,156.142166,35.618553,66.188217
333.904297,153.434601,35.376419,70.518654
334.315857,151.867065,35.279381,70.470177
332.296570,151.479630,35.271080,71.031433
331.144043,151.084625,34.796268,68.475868
331.521301,154.568832,35.641495,67.721878
331.880768,154.052750,35.690323,68.427223
333.908203,152.012558,35.708576,69.836441
329.532623,154.994324,36.534073,64.348312
323.903351,156.864792,36.831524,64.141815
322.469055,155.693649,36.639412,67.740440
323.599274,154.256180,36.815632,68.405182
325.058502,154.213501,36.941345,70.249008
323.290558,152.943329,36.251686,66.991966
321.385101,152.180374,35.443596,67.212433
318.957092,152.392670,34.867687,66.643715
321.361725,149.522888,35.193672,67.663002
319.075684,148.087433,35.289917,66.926888
320.292572,145.245850,35.166458,67.252525
318.959595,153.637131,34.218689,66.624077
317.491028,156.222687,33.865673,68.942093
318.371826,155.205490,33.735867,69.171486
324.468597,154.395432,33.473820,71.008965
324.841187,155.436600,33.534859,70.455002
324.794708,154.855667,33.873421,70.246536
323.590210,155.365051,34.344425,69.760788
319.562561,158.583862,34.095768,66.395241
320.468018,158.117737,33.899876,66.706306
319.879730,158.920212,32.503914,67.620987
320.298340,159.742065,32.644421,67.002502
320.150665,161.705200,32.580643,63.725567
315.871948,163.290024,32.009674,66.822624
325.277588,157.579208,32.405037,66.994423
324.597839,156.516449,32.215744,70.115593
325.186859,154.994934,32.372993,70.352272
325.385590,154.186829,32.184666,69.483185
325.433014,153.409515,32.435001,69.226753
328.505646,154.093628,32.885670,69.722221
331.431000,159.168762,32.870358,68.651596
332.545898,155.347702,32.461662,68.704353
332.709656,156.712982,31.858952,67.590126
333.453064,159.289108,31.974615,64.271194
336.484100,153.821564,32.001900,65.840927
337.673676,157.521408,33.152359,65.802414
339.466736,153.448013,34.023220,65.070671
340.931213,148.549194,35.849957,66.652130
340.290009,148.099869,35.915180,66.542168
339.469391,150.635986,36.026199,67.441971
340.436707,149.483948,36.051689,68.369873
340.718506,149.307571,36.452641,68.698006
338.719055,146.988708,36.888630,67.120384
340.951080,151.363037,38.903313,68.615448
340.791809,151.487076,39.024063,70.392677
341.495239,149.725525,38.905197,70.836487
342.470734,150.384598,39.839184,72.762711
343.314514,145.525116,39.352699,74.193207
345.382294,147.585419,40.757500,70.301231
345.487671,147.976471,41.486187,69.798691
348.835510,146.183319,41.279694,72.770767
349.919861,146.730804,41.675964,73.532318
350.290894,147.832779,40.888260,74.162247
351.507507,149.665176,41.846935,78.827042
355.753235,146.319901,41.963650,78.319244
355.429047,149.027359,41.298454,79.602623
357.660950,143.011810,40.827343,79.590759
357.319214,142.520142,41.455997,79.817444
357.327301,142.404144,41.469872,78.325027
359.120392,139.855392,42.575783,83.863449
356.767578,142.339478,42.935638,81.909691
354.973267,141.646149,43.044891,81.905807
355.922211,141.542465,43.570316,82.050087
355.687897,141.792435,43.829418,82.855728
354.204926,140.584091,45.175045,82.738991
356.678619,138.575378,45.078411,85.684509
356.292694,137.413742,45.217518,84.803429
358.990204,131.663071,45.949474,88.306168
357.359802,131.132401,45.965668,87.619308
356.271881,131.664597,47.777206,80.441002
356.078400,135.251083,50.542885,81.910553
356.327911,136.143219,51.080257,81.897705
357.220673,139.307663,51.586693,80.298805
356.194153,136.238663,53.734249,80.198074
354.571655,133.272659,51.467533,82.228043
359.258514,134.610962,50.048367,83.712631
356.132507,139.992142,50.416847,87.442413
351.780365,136.135681,52.341084,81.755859
349.451752,140.469040,52.823898,77.240150
2
0
0
0
0
1
396.094879,167.060638,42.451534,87.473419
404.638550,168.475540,42.916122,84.551003
412.910187,159.165451,43.681293,84.204643
409.503448,157.098343,43.900360,84.837784
406.563477,150.014709,43.769424,87.662018
403.684204,145.923523,43.367779,87.964432
403.661896,140.150970,43.384975,91.934448
405.370117,135.160370,43.144093,95.152382
403.289886,130.892380,43.120712,98.804291
402.170441,131.991730,43.230415,98.842949
401.120789,135.433945,43.436321,104.158401
398.685883,130.782242,43.732616,104.958275
398.488373,124.862770,44.381847,108.542755
391.499329,120.945473,47.781570,105.068344
390.811340,118.651344,47.705112,100.380028
397.792664,126.112373,47.976883,100.098999
401.837402,133.276199,48.006119,94.324287
403.737946,135.888794,48.414062,95.004967
407.468781,141.760834,49.796745,94.476051
414.740906,146.799957,51.374249,86.408928
432.565735,154.472717,50.246880,86.657761
429.088257,152.978943,50.804543,84.074394
432.060364,155.846176,51.064674,80.032928
438.100891,157.471909,50.821316,84.752655
444.128265,156.398178,50.896042,79.718376
449.741364,156.578796,50.387115,81.188156
450.161652,156.015930,50.109341,81.927238
452.065735,155.519394,50.255505,77.851936
452.959717,154.315674,50.973156,73.220978
452.081573,154.596649,50.730427,72.416641
456.281769,154.689209,50.943554,74.726593
456.331726,154.523392,49.274708,75.473984
455.544983,154.128845,48.792171,75.591003
449.460327,152.959930,49.195053,75.542007
457.470001,157.798111,48.691185,82.143410
456.982208,160.516953,49.169834,77.296814
454.734467,157.756256,49.100945,75.558693
458.352478,154.844223,49.473286,75.948685
456.132202,153.973511,48.894657,73.180870
456.159363,157.955566,50.042110,70.017616
458.187256,165.256271,50.551205,69.444626
458.621643,167.220718,50.818546,70.096581
455.674377,166.408173,49.844360,70.391083
452.118958,167.053452,50.370914,69.817986
450.253296,166.806824,50.816563,75.888992
448.723297,166.555389,51.839550,74.847359
445.452484,164.446854,51.494942,73.064026
442.870300,165.076431,49.941322,72.747459
440.876617,166.118683,51.652378,70.128265
439.616913,165.477722,52.009987,68.782196
439.892883,165.920914,52.482628,67.513481
439.450317,167.067719,53.069897,70.884735
440.336578,167.748428,53.582024,71.132324
444.129608,168.644348,54.044804,71.059517
444.643127,165.496796,52.950153,74.600067
434.946106,164.165253,53.230164,75.922432
436.172272,162.555878,56.272446,73.411476
439.752075,159.182266,56.730473,68.953354
440.298492,158.772110,56.412243,68.570290
439.053375,159.221954,56.250809,67.793289
435.743530,159.045807,58.324463,67.025787
435.874786,159.272507,58.238514,66.919746
434.163849,160.353546,58.402340,67.478333
431.381683,160.254639,59.176437,68.371819
431.197815,161.117538,60.784161,64.412689
439.149841,160.436005,59.767742,66.204529
436.682190,159.978287,59.995667,66.055893
428.114777,153.430374,60.837929,68.370056
429.321259,149.111450,61.541882,67.498672
436.250610,149.829208,59.096504,70.690987
439.448242,150.573380,58.345371,72.420822
436.935394,152.779861,58.562202,72.742554
431.171387,151.386215,56.417542,73.343033
428.790619,148.233963,55.024933,74.165215
426.722961,148.714630,55.795021,72.504753
436.557526,146.739975,55.371643,70.904694
438.563141,147.172531,52.421345,71.001434
438.193878,147.160217,52.187565,71.795692
440.233032,149.094727,51.699703,71.972633
439.913910,148.509293,51.698700,73.226349
441.537231,147.040665,51.568104,70.877426
440.087372,142.426163,51.965302,73.563293
445.184265,142.671951,51.569809,75.392853
442.950989,144.475952,50.625805,74.373734
440.395599,142.829346,53.194260,73.469383
444.773743,141.896179,53.531895,72.667206
449.547485,145.228745,53.334583,71.448914
451.376648,145.326706,53.189613,70.263565
460.878113,148.542725,52.500984,68.853844
458.106934,150.253250,52.406860,70.311432
454.857056,156.474503,57.093174,68.241005
447.825439,155.352478,58.106041,69.294044
453.451874,159.367661,58.265907,72.814056
453.096710,162.482956,59.627476,71.781479
462.456543,158.452896,59.585091,70.743919
464.192902,158.906723,60.106419,70.313110
2
0
0
0
0
1
531.005310,126.117409,33.496632,67.212601
529.025940,125.656441,33.400803,66.269356
528.579041,122.580849,33.491959,67.947731
524.163879,116.322998,32.845551,67.843246
525.507080,117.367035,32.374020,66.561363
523.342285,116.685043,32.203133,65.526932
521.029297,117.845589,32.543880,66.993286
520.378662,117.084312,32.968548,67.253479
518.947876,116.566811,32.963898,67.552536
514.386841,115.194687,33.428421,67.902412
509.513947,115.144913,33.932594,67.829796
507.825684,116.602852,34.720200,67.022964
508.351318,116.814629,34.675720,67.692734
504.794312,114.237473,34.809914,68.515976
503.541534,113.886559,35.208340,69.285515
503.196259,112.632607,35.408585,69.508980
497.820770,112.644073,35.144112,69.339905
493.021942,112.904297,35.945633,67.455231
488.575836,115.901131,36.047249,66.705093
487.314240,115.673050,35.668499,66.982994
488.574768,108.072495,34.673733,66.380486
484.731750,108.492485,35.345890,66.459938
482.622955,108.711288,35.398220,65.791313
481.906250,107.341499,34.268196,63.946617
484.256348,104.501663,33.435757,63.214851
484.170441,100.392342,33.132793,65.828156
484.478027,96.540863,33.361679,65.789719
483.489502,95.158318,33.392704,65.928810
482.863068,95.034874,33.259373,66.174477
482.333740,96.651756,32.814445,67.325081
482.469299,99.056366,32.294434,67.331100
477.466431,102.730270,32.626106,68.103584
474.698608,120.079750,33.464554,67.682533
470.353790,121.262596,33.450527,65.208145
465.932159,129.475403,33.743252,62.195797
468.583038,133.114578,33.995632,62.476845
470.065063,134.196381,33.586697,61.703320
470.117493,134.738754,33.761757,60.439827
470.218628,137.374466,33.556396,62.144054
474.246429,131.516800,33.469345,70.647552
473.937531,134.183380,33.159103,70.897820
473.072266,130.569580,33.245045,74.009216
470.691376,128.096603,32.954189,74.163132
470.532776,128.472534,32.355152,73.041481
470.117798,127.278908,31.843098,71.978485
468.117767,133.359100,30.706963,71.243645
2
0
0
0
0
1
470.055939,88.023178,28.835682,69.015236
466.929260,86.614647,28.723263,69.445068
462.926178,84.941872,28.696457,69.644737
458.370667,86.654915,28.518160,70.275444
452.151337,90.684578,28.359064,71.057892
447.494904,93.972885,28.156347,70.551140
440.552155,94.658867,28.458469,66.551277
438.887817,92.928490,29.399729,69.630394
438.184570,93.267715,29.429602,70.070251
436.948120,93.827614,28.962519,71.570732
434.368988,94.361961,29.318310,73.401543
433.684448,96.646896,29.293417,73.521378
433.806458,95.978096,29.511984,76.635376
433.296509,96.561218,30.097301,77.051582
433.164856,96.533081,30.574924,77.137016
432.751740,96.622704,30.556780,76.810791
432.709564,96.167252,30.798834,76.759224
431.195496,95.015198,30.466503,76.576523
429.239716,91.369049,29.661396,76.560257
428.099548,92.331696,29.732878,75.908714
426.189545,92.914131,30.457321,73.876396
426.958130,96.237953,29.944208,73.371513
427.833649,98.349510,28.609997,74.785851
426.922333,99.602211,28.357893,75.194733
427.000183,100.149239,26.922522,77.030464
424.721039,100.698936,26.444885,78.106415
424.269836,98.894455,25.874441,77.609100
422.440613,99.941444,26.123281,74.285812
420.282440,98.994957,25.897116,74.232101
414.326263,100.211357,25.299322,73.664375
413.649078,96.454300,24.996948,72.613922
413.286041,94.285522,24.479210,71.121132
412.287659,96.576050,24.731119,69.332489
414.069305,101.987907,23.982542,68.912125
413.325775,102.663002,23.741253,67.363037
413.547363,103.089264,23.974689,67.502869
409.677521,104.880135,23.744549,63.853085
406.364838,101.080437,23.425058,61.772205
402.886993,103.956459,22.823326,58.744312
401.397797,102.664337,23.015898,58.582699
401.087799,102.411064,24.027637,57.247749
393.194397,100.137131,25.302797,53.851280
388.255157,102.797409,24.599779,51.346474
384.932098,104.961624,25.011026,49.949543
382.969513,104.278893,26.073107,48.425743
380.710876,105.234772,26.547421,47.973038
379.195099,105.474701,27.116800,47.633224
378.843231,105.948532,27.258791,47.815407
