1
40.531960,63.965370,20.005651,47.082073
40.844955,63.318817,20.497528,48.061031
40.780434,62.529392,20.706110,48.091618
41.144028,61.081596,21.069391,47.466675
41.375771,58.723282,21.997272,46.406189
41.947929,55.705795,21.866301,45.666908
41.826721,54.226067,22.127117,45.635048
42.130615,53.251148,22.499287,45.976067
42.132660,53.259377,22.489826,45.971340
42.135174,53.290413,22.484360,45.974800
42.121662,55.175091,22.579891,45.477764
42.188541,57.273281,22.840376,45.197540
42.880322,62.378628,22.904480,44.354462
42.745441,63.871300,23.120861,43.850082
43.485195,68.115601,22.800642,43.739304
44.048706,70.985512,22.417311,43.817226
45.056805,73.425598,22.699503,42.947849
46.145470,74.563477,22.583275,42.928379
46.835514,77.566963,23.169744,41.151249
47.424080,79.461975,23.280777,40.964237
48.949799,81.601212,23.371565,40.412331
50.219322,82.892647,23.075079,40.720860
52.433186,83.547806,23.626774,40.261402
54.804001,83.340912,23.447382,41.367500
55.331928,83.615761,23.306047,41.463982
55.945831,84.779625,23.448372,41.540287
56.552551,85.419044,23.387817,42.005554
58.559799,85.536179,23.346277,42.495422
60.444687,85.533020,23.132038,43.516167
60.955688,85.693581,23.522497,44.002338
62.305134,84.650131,23.684891,44.799988
63.433994,83.399643,23.881546,43.992149
64.041779,82.583755,23.874105,43.964245
65.184166,81.646393,23.910919,43.516846
65.735756,80.273804,23.778149,44.148800
67.136276,80.039268,24.529522,43.309116
67.450348,78.914238,24.892967,43.137905
68.416466,77.427620,24.721289,40.859390
68.376358,76.735718,24.558508,40.808044
68.549286,76.404190,24.953075,40.740643
68.110283,75.547630,24.939394,40.782219
68.153290,75.641754,24.963499,40.815987
68.309219,76.018356,24.773087,40.289627
68.477997,76.382751,24.877150,40.208252
68.213768,76.840988,24.850582,39.982712
68.215614,77.057289,24.956108,39.815781
67.867264,78.069328,24.808737,39.495987
68.051674,78.287148,24.635092,40.131432
68.019920,79.359589,24.927380,40.350555
67.785118,80.387184,24.853096,40.385616
67.677765,81.356697,24.745415,40.499863
67.191612,82.374252,24.927258,40.349266
66.865067,83.915108,24.987324,40.094467
67.075714,86.307510,24.278294,40.749481
67.255737,86.645157,24.240614,41.195621
67.237274,86.907707,24.445213,41.480568
66.418633,86.955292,24.542477,41.474888
65.218994,86.530357,24.708679,41.398415
65.105759,86.277031,24.828384,41.643429
64.220322,86.238937,25.151567,41.970768
63.551929,85.050583,25.009411,42.549412
63.529545,85.099709,25.314981,43.054569
62.668201,85.191826,25.314674,43.552334
61.766178,83.350655,24.844927,44.809166
61.091759,82.637344,24.521353,44.767460
61.112995,82.276512,24.930843,45.029179
60.764244,81.785835,24.810894,46.173370
60.558956,81.066406,24.628769,47.010105
59.834690,81.018120,25.219963,46.813377
58.699665,80.025475,25.299967,46.499897
57.251316,78.806679,25.579941,47.153229
56.518497,77.605652,25.859545,47.933857
55.704910,75.224968,25.746754,48.211014
55.810200,75.100807,25.954311,48.320305
55.681099,73.923599,25.763453,49.145863
55.915451,73.419456,25.790340,48.898521
55.885574,72.946762,25.842033,48.598293
55.780304,72.585678,25.933760,47.126652
55.985825,71.285568,25.571575,46.232910
56.029247,68.986526,25.653803,46.127720
56.069462,67.939095,25.549891,44.930439
56.126926,67.695641,25.885227,44.980656
56.040840,67.239311,26.104116,44.369499
56.356709,64.674240,26.229712,45.089478
56.767075,64.430901,26.284534,44.637257
57.253811,63.251011,26.263292,45.033249
57.432426,63.705002,26.523359,45.247952
58.016003,62.408237,26.832668,45.386261
60.748226,60.667171,25.209187,45.564320
60.922459,60.698647,25.475082,45.986885
63.013123,59.759468,25.315830,47.693199
63.706966,59.057884,25.450195,48.023880
66.032341,59.856770,25.506247,47.826942
66.345062,60.104721,26.013023,48.027519
66.679207,60.363346,26.402092,48.501038
67.307976,60.986156,26.557425,49.650475
68.776749,62.006714,26.404438,50.496849
70.133835,62.823994,25.955513,50.588402
71.972069,63.533970,25.705849,50.659115
73.484131,65.084747,25.874666,50.490356
74.958305,65.317101,25.649467,51.172344
75.342171,65.483505,25.940769,51.556774
76.643181,66.166718,25.637768,52.251858
78.807152,66.806847,25.983849,52.028099
79.938438,68.757690,25.948532,52.589462
80.213882,68.797050,25.924194,53.190861
80.568008,68.902214,25.979095,53.486801
82.275993,69.399147,25.799026,53.132088
83.463516,71.512146,26.076138,52.886890
85.093002,71.929321,26.394510,53.166245
86.988167,72.608337,26.363850,52.812397
88.157211,72.838272,26.347000,52.977951
88.838371,72.525803,26.728615,52.943958
89.478951,72.093521,26.841906,53.115601
90.778648,72.448898,26.879333,53.558990
92.341835,72.275330,26.712826,54.462482
93.529716,72.659943,27.021631,53.519844
94.928497,72.422318,27.213690,54.462727
96.355835,72.876122,27.136995,54.449715
97.597427,72.283028,27.225397,55.965763
99.541763,73.049950,27.172585,55.357143
100.652046,73.200317,26.875338,56.052979
101.172295,74.526688,26.932692,56.135738
102.457619,74.796104,26.983942,56.790588
103.406044,75.412964,26.831099,57.465549
104.830727,75.882484,26.589052,58.502563
105.190086,76.190132,26.974947,59.053265
106.373695,76.224976,26.833971,59.764835
108.382416,76.341972,26.776653,59.056122
109.465721,77.131630,26.992859,58.633240
110.297394,77.232689,27.306688,58.175797
112.477631,75.906258,27.440390,58.373074
115.501053,75.126923,26.364315,57.412926
115.623940,75.012032,26.500870,57.641212
116.083855,75.054047,26.914274,57.660496
118.025055,73.711784,26.631920,57.909805
119.547821,72.379768,26.539846,59.793720
119.979446,72.127274,26.903225,60.500355
120.704758,72.536690,26.875851,60.379429
120.827873,72.383034,26.958963,60.628536
121.701897,72.400513,26.937468,60.142063
121.912689,72.166977,26.945749,60.434387
122.604004,71.472023,26.755939,59.763176
122.725929,71.590195,26.986843,59.974270
122.868607,71.494141,26.949184,59.742821
123.099815,71.413765,26.974117,60.129780
124.492462,71.965240,26.901129,60.581280
124.517487,72.208237,27.000778,60.992271
124.744705,72.180023,27.489834,61.014385
124.742966,72.500992,27.483358,61.400600
124.750481,72.548500,27.486744,61.470490
124.718605,72.634682,27.481609,61.617813
124.714714,72.927948,27.439322,62.102192
124.731033,73.252365,27.491234,62.414742
124.740547,73.331711,27.482269,62.430840
124.720177,73.462929,27.511690,62.502308
124.958702,73.730522,27.985985,62.961349
124.963882,73.794716,27.983576,62.923069
124.971436,73.833359,27.986174,62.972855
125.215157,73.761261,27.847250,62.927887
125.350090,74.048668,27.973019,62.775677
125.574364,74.605324,27.975075,62.542942
126.471664,75.487946,27.974619,62.607201
128.080063,76.642738,27.696747,62.368366
130.073853,77.495613,27.822668,61.541298
131.305618,78.109535,28.027555,61.627613
132.122147,78.583229,28.376913,61.611813
134.507538,78.886330,28.107595,61.434711
136.657867,79.266479,28.167320,60.139164
138.272446,78.971680,28.016823,60.547413
140.893143,79.225533,28.455797,59.987118
143.265472,78.754417,28.543865,59.032669
146.847412,79.053093,29.115622,57.702610
147.480209,78.993034,29.390484,56.459595
151.619965,76.994743,28.235086,55.645458
153.053864,77.279884,27.849075,54.660511
154.742844,76.975204,28.108360,54.528500
156.907013,76.171371,28.378857,54.165432
159.231628,72.723877,27.983894,53.147465
161.271194,73.366127,27.589855,51.237125
163.682281,74.340347,27.950109,50.321682
165.270096,72.230606,27.409100,50.413158
166.587143,71.741455,27.469437,50.370777
167.117416,71.554710,27.472418,50.716518
169.284210,69.380180,26.861372,50.603069
170.414337,67.452599,27.117699,51.311081
170.697327,67.003014,27.612173,50.903397
171.276077,66.326721,28.174675,50.313225
171.514847,66.845085,27.619301,51.402222
172.305893,66.164566,27.338146,50.597717
173.174210,65.337914,26.260643,51.056423
173.302414,65.495529,26.441463,51.448261
173.236420,65.497116,26.452047,51.469769
173.011581,65.328339,26.289396,51.422039
172.954178,65.260773,26.467674,51.556465
172.629028,65.388474,26.399540,51.881500
172.639145,63.272892,25.836470,51.722847
172.043198,62.685314,25.539112,51.711014
171.892334,62.785156,25.981777,51.743824
170.890976,62.317677,25.786127,52.182549
170.185501,61.668053,25.889921,51.497334
167.886032,59.822681,25.829012,53.151646
167.269608,59.906456,26.147745,52.871441
164.895355,60.660366,26.663849,52.120689
164.564865,60.709812,26.889097,52.263802
162.610153,59.897446,27.017776,52.425217
161.547791,60.316376,27.477718,51.976070
160.809082,60.262047,27.411030,50.597672
159.360840,60.938133,27.900364,49.854214
158.742462,60.831959,27.854240,49.901524
158.156906,60.468197,27.773657,50.279976
156.929520,60.407852,27.945206,50.299366
156.112015,60.055145,28.055027,50.191097
155.801315,59.678051,28.240774,51.138733
155.896042,59.754200,28.427439,51.582165
155.906586,59.925957,28.482166,52.034294
155.904526,60.007175,28.435848,52.566730
155.714630,59.760189,28.431017,53.537121
155.688431,59.339497,28.482523,54.794670
155.669800,59.322147,28.494295,55.083290
155.710358,59.469772,28.474998,55.469563
155.782074,59.352470,28.499126,55.492603
155.903564,58.412518,28.490191,54.808132
156.040527,57.941368,28.579063,54.637455
156.263977,57.948875,28.951054,54.970932
156.395416,57.593273,28.912987,54.509171
156.586288,57.017967,28.954546,54.771343
156.578506,56.753407,28.997286,54.855236
156.097534,53.938988,28.953655,55.495880
156.120331,53.886707,28.997976,55.448189
156.003082,53.279469,28.990952,55.590542
155.731094,52.522251,28.710855,55.877945
155.431702,51.414177,28.915476,55.530624
155.118271,51.841019,28.599159,54.891327
155.390335,52.874130,28.884384,53.136597
154.612488,53.318230,29.008686,51.943588
153.394623,54.873779,29.168818,49.861088
152.890991,54.982979,29.348698,50.104904
152.360764,54.990330,29.491468,50.672935
152.097198,55.472755,29.537411,50.787567
152.326004,55.650345,29.938705,50.916439
151.581375,56.420750,29.613873,49.109203
151.495529,58.061096,29.926247,48.060852
150.871277,59.706154,30.012917,47.707401
150.820953,60.664906,30.630259,47.691067
150.195709,61.340370,30.805359,47.799679
148.873154,64.008286,31.473186,46.951672
148.356506,65.782089,31.194126,45.338634
148.229279,66.013893,31.469595,45.222641
146.150360,69.446556,31.853874,43.121941
145.346451,74.064194,32.151913,41.123508
144.791733,75.307213,32.624256,40.736263
144.150208,78.739662,33.343235,39.578880
142.883072,80.872643,33.700783,39.120476
142.379410,84.218765,33.892063,38.528412
141.850189,85.864182,33.798477,38.895775
141.148865,88.875168,34.019703,38.521118
138.536499,91.599869,34.441315,38.822319
138.531693,92.456398,34.553673,38.709064
138.681061,93.778419,34.651833,39.308025
138.764847,94.791283,34.799957,39.677261
138.464066,95.725266,35.179077,39.467426
137.394135,99.621399,35.356522,39.333588
137.467941,99.797913,35.519650,39.431709
137.676956,99.852188,35.970547,39.477444
137.686203,99.910126,35.878067,39.586998
137.691284,100.379280,35.890865,40.071358
137.361313,102.401978,36.052334,40.520836
137.553848,102.711990,36.454906,40.971737
137.276947,104.575287,36.102917,40.681309
137.555130,105.024567,36.392380,40.901249
137.750443,106.664627,36.250774,40.842937
138.595993,109.456718,36.253254,40.380138
138.744247,109.655067,36.429417,40.460537
139.546799,110.310349,35.574718,40.380554
139.855362,110.714272,35.926384,40.359287
139.981552,110.927254,35.857735,40.575600
141.284927,113.115845,34.782730,41.071297
142.026230,114.696144,34.509548,42.608315
142.677078,115.177124,34.775177,43.122826
143.275070,115.453346,34.739182,43.509655
