1
146.993088,113.677757,83.809593,215.688690
147.007309,115.157913,84.005859,214.864090
144.559097,116.846352,84.776314,212.419083
143.821304,114.446091,84.877396,209.897934
142.189209,112.331612,85.126419,208.641190
139.895081,112.570633,86.194046,206.294556
139.916702,111.701462,86.311554,206.630280
139.257660,106.906532,85.636391,209.103287
138.983749,95.853149,83.567513,212.497025
130.491898,99.438454,82.404663,210.884903
120.809692,103.594437,81.256714,210.816650
120.891182,104.023308,81.403511,210.913818
120.219330,106.215279,81.333908,210.421646
118.038719,108.873489,80.633774,209.704666
117.580261,109.788124,80.366928,210.667130
116.233566,110.462540,79.972694,211.005356
114.513397,111.099953,79.214340,211.386475
114.240570,111.678696,79.303345,211.606644
113.638824,112.466881,79.159790,212.078033
112.695549,113.851067,79.305756,212.655060
112.503136,113.864700,79.280296,213.617691
112.180283,113.845680,79.339218,214.431702
111.781563,113.630981,78.871483,214.953430
111.499130,113.843567,78.815544,215.070221
110.899689,114.474869,78.777184,215.632706
110.727562,115.293587,78.852203,216.347061
110.522614,115.693260,78.917931,216.587189
110.226822,116.343506,78.791168,217.096954
110.072250,116.861015,78.875282,217.795532
109.674858,117.203773,78.922714,218.255798
108.977898,117.527786,79.050896,218.348358
107.676903,117.234024,79.471405,218.834900
107.408966,117.315872,79.522552,219.113007
107.549385,117.494286,79.976624,219.459259
107.045845,119.787354,80.004425,219.057678
106.766853,120.677444,80.722267,218.877808
105.667213,122.284668,81.839005,218.012238
104.813789,123.187958,82.638481,218.011520
103.530350,125.423485,84.499016,216.753632
102.388344,127.668358,85.846756,215.439850
100.720680,130.206528,88.546349,214.161575
99.987953,132.239822,90.450890,212.673431
98.679543,134.438141,93.147614,211.734344
97.956924,136.267624,94.993340,210.018097
98.073273,138.203079,97.275223,208.740433
98.218185,140.235138,101.021156,206.942398
99.453819,142.063400,103.032280,200.370621
104.196526,144.506744,108.588745,188.576187
105.354301,144.316742,110.792999,189.563980
111.073441,150.667877,118.107780,183.410950
125.480087,153.372849,117.638344,181.366974
135.420654,154.302933,115.064667,180.173264
138.026123,161.177826,118.587875,177.854065
135.786179,167.776031,122.767372,176.293869
135.523300,184.717880,127.516792,170.597672
135.875702,184.929749,127.772430,171.503281
144.505905,195.276169,135.268402,175.822800
138.163177,193.197479,137.408813,174.014923
134.824631,191.361435,136.496277,174.775635
131.496140,191.102219,139.218735,173.873108
128.499374,189.960419,139.444290,170.352921
124.933647,186.275375,140.465256,170.207794
123.466232,183.594162,139.048981,170.571701
129.081024,180.519531,141.031647,174.358047
130.584976,179.380096,141.689590,175.015778
129.800873,178.857788,142.220184,175.467712
129.746048,178.609085,142.443466,175.514160
127.952133,172.714554,141.808563,176.199051
128.629669,170.971878,141.576248,176.179276
128.375687,170.876755,141.843781,176.236740
128.452805,170.700455,141.862625,176.080261
128.893204,171.175781,142.712311,176.345535
128.789154,171.216644,142.980103,176.398102
128.828110,171.272812,142.969116,176.380264
128.225464,171.512436,143.304077,176.112900
128.264206,171.921127,143.731735,176.159805
128.980072,173.264572,144.328644,176.069931
129.948853,177.796158,147.315613,176.495712
131.836517,177.977295,147.529694,178.089310
136.786240,177.955078,148.239624,180.204132
134.312149,171.117340,147.707428,180.974838
131.353760,169.764481,147.946274,180.096588
130.564102,169.895630,147.982895,179.816238
129.536057,171.156281,148.712006,179.645248
129.418411,173.426804,149.776810,179.025848
128.724564,174.437805,150.548065,178.268860
132.467682,176.679916,152.039322,178.520401
130.479172,176.975403,152.798447,178.619370
128.372620,177.938156,153.366791,177.796890
125.882492,181.154114,156.330841,176.081894
126.504570,186.261810,158.654190,174.961777
128.397614,185.131287,158.125931,173.704926
128.739395,188.816681,161.201752,171.756134
128.509247,191.924011,163.067566,169.953522
126.158188,191.171249,162.616394,168.538345
127.198044,193.393234,165.443039,168.206680
124.043961,194.980530,167.854538,165.798187
118.778023,193.889404,173.940323,166.812912
116.950562,194.494003,174.195358,167.078781
120.138878,204.831238,178.208405,170.327744
120.211838,201.091370,181.777802,174.933151
121.459641,196.209732,183.543152,177.493851
126.363144,191.821869,186.959473,182.789032
136.977600,193.688141,190.635696,190.743301
133.832108,185.251999,191.712463,190.443802
141.741623,182.571579,194.990540,193.657959
140.533432,179.202103,194.062363,195.223145
140.693237,174.917938,197.687286,203.070984
143.322128,172.596497,201.294601,209.869080
143.771698,171.223175,202.024002,211.797089
144.152191,171.079987,203.384109,212.590408
143.059662,169.715515,204.255081,213.335541
145.563965,169.972427,206.630753,214.806824
152.110138,170.155746,210.358780,219.794724
151.047058,169.286148,210.858414,220.058502
151.697754,170.153168,211.297882,221.438690
151.856613,170.045807,211.225861,222.256378
152.168488,169.760208,211.235764,223.019241
150.842209,170.179001,210.473129,223.490799
150.379639,170.114853,210.432724,223.523743
150.637833,170.393845,210.677521,224.054321
150.653702,170.591827,211.039825,224.262848
149.873764,170.366623,211.330688,224.726639
148.589920,170.733978,211.952576,225.516602
148.487030,170.836166,211.919449,226.072342
145.933640,169.478409,213.140762,227.930374
145.857880,169.037521,213.497208,228.271072
147.036942,168.649506,213.880783,229.318756
151.306412,166.310547,214.484512,231.217377
151.807190,165.618240,214.485565,231.966736
151.910950,165.269302,214.463501,231.715271
152.041168,164.927139,214.549316,232.211990
152.325073,164.898575,214.880402,232.386215
148.692596,162.225769,214.748001,233.136353
148.232742,162.251511,216.009888,234.202301
144.033722,160.044510,217.295288,233.741516
142.961334,158.145370,217.626892,234.167191
142.611633,157.019958,217.974060,234.766602
142.538513,152.824463,217.421036,236.430252
146.999893,151.116196,217.688263,237.820984
154.034943,148.000183,219.170029,241.868103
161.234207,149.119629,219.071152,243.531082
162.491119,149.996719,218.823700,243.595840
160.588928,149.283707,219.997421,244.752731
160.842697,149.558334,220.700241,245.382843
156.547943,148.784546,220.994705,245.607697
156.468735,148.954544,220.871292,245.950180
156.570358,148.943954,220.897964,245.950989
156.518616,148.786758,220.953049,246.083298
155.343292,148.051193,221.325333,246.861893
155.737122,146.679199,221.737213,248.149185
155.221512,142.430557,221.440277,250.394547
156.241577,142.603027,221.575729,250.431396
157.565063,140.620407,221.201935,251.436142
163.208099,139.539993,219.545532,250.983490
174.398209,136.886353,216.795380,252.278656
181.867828,134.765427,214.180283,252.867767
185.015549,134.267700,211.716949,252.262970
188.572311,134.563919,209.759155,250.376495
192.646942,137.756516,206.913818,243.614319
193.257706,138.711578,205.910110,242.163300
199.829620,142.911255,201.291168,239.032837
201.278824,144.807297,199.989136,237.944000
200.569717,145.931671,199.561829,236.783676
199.054840,146.783127,199.063858,235.547058
200.307785,147.262436,198.234161,235.050018
201.925308,157.032715,193.902405,226.275391
192.910690,166.294342,189.939133,226.443390
190.340195,176.805969,187.351593,220.952957
189.604141,186.393860,182.499969,215.103607
2
0
0
0
0
1
75.197990,147.763000,85.143906,168.940628
64.732033,156.554382,95.974693,165.505646
64.475319,156.624771,96.576057,166.161774
62.084408,157.015457,100.904541,161.793900
55.320236,139.579544,99.180695,161.093552
52.533237,137.701767,97.068993,161.324722
50.099354,144.377563,105.792160,156.707626
47.680954,142.517288,114.584435,157.283615
41.352074,128.586945,113.572952,156.307938
42.314064,126.052078,114.393967,156.856049
38.824059,113.875267,111.003876,162.890244
44.024784,109.756004,113.663712,173.456375
42.111652,110.543846,115.580368,179.417053
42.089542,110.675812,115.509872,179.264282
38.949989,106.775948,116.300636,177.954620
39.750828,105.971970,117.645638,178.288910
39.923206,106.071533,117.943542,178.421280
51.825111,112.346664,125.325722,172.908356
39.523521,107.057953,144.170975,174.824738
40.103596,83.074074,142.145477,200.014969
40.957764,74.884285,134.297318,201.407455
41.055248,74.935524,134.433609,201.409927
45.487911,88.660172,139.939926,189.376724
45.504406,88.769791,139.884262,189.349182
45.593288,90.871376,139.744263,186.240875
45.815418,93.073685,139.275574,182.609604
46.642860,97.830124,139.019699,174.106628
48.012463,98.406700,137.996231,173.666336
48.310417,98.457863,137.654892,173.864944
49.623520,101.734375,137.774353,168.463257
49.781231,105.748512,137.649078,161.510468
49.015690,112.103775,139.557877,155.407593
48.565762,113.698128,140.441116,153.031982
52.318672,126.350929,141.858261,139.475922
62.255413,124.038216,139.138245,139.563690
64.531715,126.238632,136.019562,136.451645
66.731674,126.368675,134.398254,135.597427
67.160393,127.323624,134.113480,134.747284
68.332573,132.284805,134.605667,130.923416
67.378624,133.706772,138.716034,128.061737
67.534637,134.161102,139.147446,127.921036
67.615776,134.404358,139.485703,127.781113
67.663116,134.602997,139.397568,127.869835
67.609612,134.779510,139.360809,127.884102
67.350967,134.407715,139.642441,127.694824
66.767616,134.320999,139.923279,126.786949
67.072655,136.836609,139.688538,124.219154
67.428223,137.137192,139.785812,124.179596
68.700050,137.205750,139.513321,124.293884
70.813492,137.069016,139.826828,124.199364
73.505791,136.284714,138.901657,124.468185
74.704887,134.748566,140.188431,123.925781
74.923531,134.357346,140.918045,123.387535
79.130318,133.073761,142.085876,122.576912
81.695572,133.260666,141.242584,121.861557
85.714432,130.164993,141.631729,121.767357
86.173141,130.112274,142.003845,121.978493
87.224602,128.648376,142.068481,122.970184
87.440269,128.658768,142.431702,122.947449
87.453674,128.666306,142.432129,122.898590
86.136375,128.935135,142.544937,122.700203
87.108299,129.095139,142.885040,122.990852
87.232788,129.148758,142.876205,122.991249
87.771515,129.377563,143.021530,123.128548
88.652863,130.561935,143.590714,126.086815
92.574059,136.074615,143.441772,125.004410
85.006363,148.404160,139.400665,121.484505
82.244118,149.862839,137.650772,120.837029
2
0
0
0
0
1
227.181564,189.000580,44.375092,136.936523
224.835907,190.886154,48.025402,132.769608
224.890259,197.406052,49.764919,119.659996
228.302856,186.361481,48.439972,123.334633
232.001038,184.042343,48.699711,124.356346
231.352310,191.207733,49.389809,124.638451
225.317413,185.446838,47.736992,127.744827
218.589767,176.162720,47.553806,125.048569
215.091003,167.325302,49.840771,123.647728
211.318542,162.054581,52.319443,122.459381
210.413223,158.629318,52.851303,125.364700
211.096741,157.508743,53.594654,127.278893
207.277115,156.621185,56.900433,127.593102
206.004471,156.685913,58.249680,126.473213
202.182709,153.234467,64.784462,129.429855
200.438141,148.646606,64.995522,130.510483
200.283890,149.581726,65.167778,129.769257
199.283218,148.700424,65.574341,129.978012
199.280060,149.211945,65.739326,128.260864
198.497360,147.986328,65.446098,128.253174
201.125229,148.660034,61.646572,127.539551
201.432480,149.048523,61.885475,127.914261
204.457077,153.617538,60.900269,128.006699
206.108017,153.734375,58.615894,134.592331
213.948395,155.683060,55.334824,136.311111
219.380325,154.178314,54.173100,140.410767
229.890900,162.887512,56.111084,140.956696
243.790039,179.356232,57.241478,140.009262
256.997345,192.781540,56.974827,144.764633
268.314117,197.233994,59.217724,140.289078
274.150970,203.255814,68.684196,133.480316
267.620361,191.980316,89.191566,138.027161
274.192566,185.035385,99.144241,142.349869
297.992706,197.423218,102.014290,148.553131
326.524536,194.212524,101.174721,162.539261
352.540802,203.112686,99.219292,163.080368
351.040039,202.238113,97.728813,164.826050
371.130707,218.000381,99.407784,160.443451
398.854095,226.504379,98.568680,155.856476
421.121033,220.273666,97.754181,162.986313
436.982849,222.908310,99.794594,160.452332
