1
171.786331,13.836677,47.730167,168.634781
171.363266,15.764519,47.269840,168.362305
170.711670,20.251114,46.640099,165.649933
170.934570,21.138556,46.573181,165.615158
172.170761,19.820047,45.581436,167.078995
172.307785,20.524572,45.586910,166.726761
172.472092,21.369999,45.616955,166.207321
169.998611,23.445724,44.425545,163.801376
169.848404,23.363190,44.123089,163.938782
168.569183,21.817205,44.211002,164.189529
168.079025,22.498634,44.031406,163.221863
168.125931,23.081156,44.042202,163.247406
167.452164,22.789932,44.132889,163.026108
166.476517,24.071674,44.254417,162.397156
167.295883,24.591423,44.336231,162.193512
166.749466,26.451118,44.224541,161.390839
165.448257,28.643951,44.400246,159.283936
164.184250,31.888634,43.787777,158.329620
163.195114,32.861816,43.510830,158.476425
162.687973,35.649025,42.673546,158.365173
160.817230,42.398895,41.955132,154.626541
161.021973,44.728317,41.843018,154.052032
158.775726,46.166775,41.824276,154.230209
158.923416,48.264427,41.673969,152.719131
157.947754,48.961334,41.507725,152.772903
157.043747,50.642742,41.583191,151.521881
157.854980,51.146076,41.597900,152.262589
157.115494,51.994709,40.916565,152.665726
157.594910,54.052807,40.177013,151.029205
157.906281,54.622494,40.238998,151.021530
158.103592,58.437927,40.066097,148.970917
159.230362,58.662113,39.298996,146.411331
159.076035,67.890770,38.096672,136.316727
163.865921,65.626183,38.203247,135.949295
158.141266,70.578598,38.604286,134.090973
158.015350,71.602974,39.079540,133.227097
158.039719,74.136703,39.490631,128.632324
158.219086,76.295250,39.203770,126.207489
159.339279,78.594917,38.820614,121.818047
160.635834,81.538651,38.641827,116.894257
160.369339,79.416336,38.667873,117.307487
162.130630,84.400604,38.463501,113.429649
160.580475,82.498001,38.691605,114.121765
159.887131,82.213333,38.722481,115.191948
164.228134,79.121284,40.037323,115.500656
165.605865,66.593330,40.205772,117.432899
165.535156,58.630096,40.113129,118.478951
165.989548,51.178864,40.260777,118.704224
164.542923,47.891106,40.237511,118.435745
164.520630,48.496056,40.425278,118.447182
164.389893,48.707340,40.371445,118.192375
163.588196,51.090298,40.531906,115.978119
160.569611,66.789062,39.153667,115.318008
160.350510,67.016602,39.926098,115.056961
159.335129,72.051926,39.835884,113.836670
157.671570,78.783302,40.124725,112.991798
157.435013,82.814873,40.647346,110.877686
157.908463,82.734322,42.558369,110.583801
157.829147,84.521233,43.088242,109.768440
161.700821,80.581093,44.443535,108.437927
163.833054,79.223289,45.173946,106.518875
166.279770,75.509605,45.894394,106.229919
166.333527,75.591789,45.982239,106.446106
166.730988,73.425453,46.058796,106.762375
167.015869,73.392250,46.501675,106.808273
168.951736,67.686646,47.168129,108.377480
170.089111,62.796265,48.107212,108.737587
171.545670,60.512779,48.671326,109.029587
171.573593,60.835407,49.320499,109.353653
171.749008,61.134727,49.715218,110.337013
171.645554,60.545364,50.827881,110.080917
170.188782,59.101818,51.411758,109.228554
167.001617,58.804688,50.988770,110.419098
162.307922,60.899353,51.048302,110.464806
162.915909,58.010571,52.370663,109.671951
160.683182,47.759438,52.986958,110.805710
161.257172,49.174900,53.562103,108.873650
161.436401,42.971535,55.232616,108.433525
167.189941,45.344898,57.220390,108.439827
167.321442,44.270351,57.445656,108.677177
167.333252,44.408611,57.459061,108.928375
166.764893,43.914295,57.332878,108.370827
166.200073,51.306068,57.205070,107.663651
165.961517,50.799362,57.347794,107.437569
163.629456,50.562172,57.307793,106.556328
160.869614,48.739063,56.626522,106.218285
161.086624,49.121277,56.933315,105.988312
160.322708,47.454212,56.839630,104.632996
160.403061,47.633606,56.974972,104.952286
160.357193,44.010586,56.678745,102.504532
160.184616,43.366047,56.678989,102.012840
159.703232,43.136391,57.290916,102.257339
152.095474,48.992477,57.855717,99.788994
152.435608,54.404194,57.546635,103.853294
155.542984,54.392639,60.846832,102.138611
155.133331,54.974453,63.377609,100.732468
155.345551,55.128143,63.499130,100.980431
155.434250,57.515800,63.867004,97.261398
156.138733,57.503075,64.289398,97.462006
152.739639,55.013695,65.257904,96.741203
154.213654,53.272179,67.180603,93.509003
154.477356,53.528946,67.543480,93.865112
154.466125,51.929752,68.322586,92.990501
155.147781,48.127518,66.740585,92.683090
152.512146,35.960262,66.148293,94.295158
153.727676,37.744698,66.334328,93.902840
155.322083,32.641914,66.155579,92.520851
155.623062,32.745289,66.471436,92.980705
156.885147,34.479408,67.109016,92.357224
158.517227,34.958683,67.335793,93.103668
160.168503,38.049103,67.663689,93.132935
160.349075,38.387691,67.842491,92.360275
161.001648,38.746033,68.216339,91.016869
163.059647,38.330925,69.995903,89.053314
160.323975,40.790699,70.591476,87.853691
159.550797,42.265545,70.898102,86.508720
157.681137,46.805134,71.325493,84.747375
153.586670,51.613926,71.923080,83.522568
155.136566,52.375492,72.041420,83.720146
155.399353,52.625645,72.449898,83.895485
156.410385,51.566029,71.127495,84.602005
156.526169,51.578236,71.382545,85.017502
158.403549,48.157253,70.800476,84.745560
158.466782,48.280708,70.955162,84.944794
161.112167,47.148170,68.531342,83.424568
162.388962,47.579426,68.907379,81.740425
161.674850,47.770451,69.290710,81.693375
156.428207,50.506233,71.410225,79.966614
156.220596,50.247051,73.309135,78.873184
157.669983,51.930740,73.875565,77.971008
157.705322,52.548599,74.057098,76.232010
157.204056,52.926884,74.866356,76.027977
156.499496,53.283417,75.158546,76.224861
156.318207,53.556454,75.760567,76.137291
155.740280,53.643009,76.389503,76.406013
154.849747,50.657536,76.595222,76.089691
154.452286,45.165356,77.260773,77.031380
154.433670,45.214767,77.342682,77.505371
149.292694,44.123478,77.283813,78.408920
149.506714,44.031193,77.286926,78.547752
153.824585,39.152687,77.144073,78.997742
154.342209,40.060810,76.156578,77.202499
155.187988,40.197830,76.756111,77.257759
155.764557,40.005775,79.441971,77.931282
154.981949,45.825279,80.507553,75.823082
155.125580,47.163666,81.135460,75.452332
155.701553,47.807648,83.285095,75.302940
153.588837,53.921265,85.965614,70.895546
155.541885,55.342377,85.582932,70.741196
155.988205,55.357876,85.482109,70.913963
155.047150,55.298923,85.997826,70.529175
156.581497,56.983665,82.379372,70.483238
155.568909,60.264172,82.506882,70.119514
155.840897,61.058571,82.649651,69.780212
155.362991,60.941341,82.419151,70.042984
155.628616,60.503567,81.165817,68.630623
161.020782,60.956928,81.296951,69.208092
161.273697,60.435947,81.372139,69.015015
160.856705,60.861507,81.537491,69.013199
160.893082,61.266773,82.206406,68.667465
160.658859,61.183529,82.179688,69.203407
153.731766,64.269127,82.094284,67.708687
154.631226,64.333603,80.506409,67.587631
153.792664,64.792076,80.797173,67.316200
146.947891,69.019287,82.158806,63.139557
143.447266,70.183640,82.934921,62.375957
141.535248,72.110222,83.018486,61.221558
140.920258,73.069801,83.633858,61.036644
143.473907,74.287460,84.332901,60.808590
143.860077,71.797890,83.621025,62.356758
145.005096,77.476685,81.279694,61.819633
150.555084,77.251854,81.117813,62.431953
151.128601,76.117950,81.262077,62.563801
151.458527,76.462196,81.295296,62.947544
155.005402,76.565559,80.142738,62.888439
155.661148,76.635925,80.691658,62.695293
154.938370,77.274590,80.488274,63.108742
154.945023,77.486069,80.455315,63.462425
154.273727,77.623001,80.325310,63.490845
155.557007,77.123680,78.244743,64.460083
155.646851,77.224861,78.394302,64.335815
156.309189,72.797600,77.741074,64.931023
157.796936,76.798477,77.230568,64.861801
154.938599,75.973267,76.903503,65.544235
154.578583,74.674309,76.575531,66.272797
153.675522,77.275291,79.325996,64.420639
153.141724,77.635468,78.666252,64.741913
157.823334,82.170090,78.900185,63.496002
157.342743,82.907784,78.965782,61.755547
155.998749,84.035805,76.463760,63.850842
154.778015,84.469154,76.551979,63.032352
154.956512,84.664757,76.894119,63.350574
154.004578,85.721825,77.113914,62.132256
154.169769,85.881805,77.453674,62.304192
153.980957,86.791473,77.146088,61.882175
152.202240,88.590546,77.998001,60.631172
151.908569,88.937325,77.896866,60.896046
151.710098,89.066635,77.904655,61.073044
151.978043,89.907616,77.832794,61.303844
153.539856,91.178276,76.920975,60.967701
156.331924,91.845123,73.730339,60.535530
150.881973,95.915359,76.981705,58.779369
147.941849,95.921478,77.344200,57.986233
144.969498,95.879944,78.184952,57.495216
143.114044,93.637383,77.710388,57.254303
140.612091,91.743073,77.922195,56.967144
141.011765,88.394035,74.891594,57.621838
139.832031,84.870354,74.684792,61.163960
139.438934,80.456291,73.090134,65.428238
139.145416,74.204765,71.345840,69.661247
139.938751,72.758545,69.866043,71.697411
137.241226,65.799538,68.000610,73.698250
137.397659,64.795624,67.667946,74.697792
140.092651,60.971851,64.492523,79.933128
141.069534,57.951477,61.185043,79.696327
143.229004,57.269779,60.104889,80.895111
145.005905,57.209377,58.402477,81.937851
151.347412,59.116600,55.224747,87.961113
