1
169.362259,9.765756,47.019112,159.592331
169.971252,12.863442,45.638073,158.929626
171.764374,17.341234,44.489773,156.025635
171.824493,18.790432,43.911606,156.463486
172.580399,19.006882,43.210117,156.723602
171.869476,19.546909,42.409187,156.099243
169.920135,20.409513,42.471149,154.869690
170.120026,21.311047,41.988411,154.899139
166.517624,20.865637,41.526058,155.774307
167.983078,19.651333,41.693668,154.147827
167.760361,24.326807,41.217564,151.380508
168.225739,28.647709,40.488186,148.363831
167.397018,31.494438,39.843071,148.660919
168.362473,35.806824,38.661903,144.308670
167.386612,38.461723,38.743732,144.396454
167.672028,39.750210,38.799000,143.476425
165.312576,39.482815,39.123482,143.599869
163.116058,43.450264,38.704147,146.463623
163.309814,44.594521,38.933193,145.822220
162.827805,45.778034,38.322220,146.079254
162.760254,50.822010,37.631123,142.777206
162.751678,51.214394,37.750294,142.989685
161.960678,51.971951,37.246326,143.362274
161.491516,53.430096,37.058262,142.854645
160.629196,53.619537,37.377621,143.393478
160.692368,54.377064,36.740898,143.364975
160.535645,58.793240,36.811069,140.344498
160.282562,58.157192,36.258221,140.778336
160.828537,58.349442,36.317051,140.604401
161.062714,58.682323,36.307137,140.421768
160.407608,59.259468,36.282158,140.202103
160.393051,61.824577,36.012211,137.071289
160.997665,67.810333,35.381653,130.312485
163.448151,66.724281,35.452526,129.876144
163.042160,66.727997,35.489243,129.699646
162.830887,66.726967,35.665058,129.116974
162.515686,66.488754,35.841900,128.854767
161.410004,67.057373,35.811501,127.852516
161.133667,72.281342,35.713299,121.626419
161.205917,72.058403,35.661377,120.436829
159.638718,76.010277,36.078259,115.946754
163.838272,79.035736,37.090797,111.064270
159.940277,72.884674,37.328091,113.047607
160.275925,71.112389,37.618027,112.427185
164.671646,69.438972,39.597240,109.638199
166.039612,62.301090,39.895893,109.878632
164.614655,60.454643,39.738182,109.330803
161.980530,52.143200,39.454746,110.052711
161.670471,52.408646,39.408283,110.464386
159.993896,58.318050,38.787651,108.678459
160.886581,61.203812,39.206470,107.268433
160.406937,62.120995,39.144028,106.487976
157.681931,75.963799,38.750118,106.189888
155.475830,78.812073,38.860950,106.923470
155.118729,85.164230,39.233242,104.423477
154.982178,91.422211,39.935577,103.875954
155.039368,91.579697,39.978317,103.896797
154.829468,91.870277,40.071434,103.468918
155.608185,91.532639,40.481441,102.696709
161.607239,81.841797,40.970409,102.926453
164.477982,76.500076,41.290974,102.626854
165.695175,71.631134,41.834160,101.829643
165.701355,72.040924,42.070133,101.828331
167.173401,69.594841,42.735435,100.839981
167.601044,69.989822,43.223915,100.013367
171.051132,60.885082,43.628204,101.174599
172.398651,60.764599,44.841789,100.353813
174.843796,58.596447,45.203999,100.526527
174.965927,60.570129,46.253914,100.566872
174.277756,58.612629,46.943466,101.485123
172.959854,59.172176,47.302132,100.409172
169.882202,62.165092,48.001221,98.284012
169.797867,61.828392,48.518425,98.089409
170.986343,59.901577,48.978424,98.116592
167.794968,61.361504,49.128460,96.717255
164.543152,55.079517,49.067093,96.396973
161.846359,54.153717,49.343674,95.624474
165.426086,55.589230,50.119678,94.646523
167.365799,57.560780,51.471966,94.478783
163.438812,56.317394,51.107861,94.602585
166.291412,54.894119,51.028831,93.595558
166.878281,55.897331,51.273125,93.624733
166.077820,59.274406,50.440594,93.082710
166.948151,57.647987,50.578190,95.524551
165.632156,57.584900,50.659313,95.485596
164.367493,57.685455,50.693745,95.147057
164.435638,57.952042,50.853489,95.367317
164.503647,58.013653,50.971916,95.469597
164.662613,58.647846,50.912998,95.760765
162.269547,53.322273,50.360161,94.071594
162.689896,49.274559,49.356876,94.447250
162.934845,48.138519,49.527138,94.385849
153.441299,57.685177,51.771957,91.245750
156.754135,64.756508,51.552677,90.629517
160.353790,60.250725,53.274620,91.646797
158.497833,60.556995,55.383789,89.978218
159.975342,58.467838,56.316448,88.290810
161.708923,59.664654,57.897293,84.492500
161.635590,58.869766,58.238857,84.026649
155.574661,53.889294,58.604294,85.493713
154.779114,53.339508,59.846138,85.203285
155.765747,53.784794,60.265728,84.937149
156.091400,51.634552,60.098278,85.610542
154.812424,44.496109,58.218662,86.683586
154.451004,41.467045,58.403316,87.018967
155.167511,41.347633,58.361877,87.511909
154.601379,41.643650,58.258919,86.208855
155.900650,42.172234,58.807220,86.166451
158.101944,40.815800,60.425419,86.264847
158.113419,40.880981,60.407364,86.786591
158.751587,41.091900,60.177887,87.094788
158.030365,41.429668,60.505207,86.930412
159.583557,40.453350,60.577072,85.828316
159.813950,39.203060,61.015373,84.732475
159.966980,39.641254,61.316776,84.410660
162.066177,40.534935,61.655258,82.956696
160.661636,48.346138,61.786350,79.165367
157.272842,51.080990,62.286785,78.921364
157.423248,51.145912,62.430485,78.949692
157.469391,51.207188,62.464603,78.956909
157.174500,50.662743,61.762474,79.249084
158.876022,49.257668,61.020042,79.724197
159.208160,48.202293,61.320599,79.792068
159.383484,48.298119,61.405632,79.846832
160.712662,45.824814,59.557423,78.799034
160.476044,45.788990,59.933968,77.721802
159.885071,44.684765,59.540531,77.270042
157.507416,45.678410,60.747551,76.869469
159.322144,46.409401,60.624809,76.376198
161.720444,50.549679,61.441799,74.392441
162.085556,51.251728,61.336533,72.854012
162.181503,51.970184,62.211258,72.314369
162.203156,51.922066,62.450176,72.272552
161.011520,52.862007,62.513657,71.580910
158.205551,52.971851,63.984444,71.497833
154.543365,49.830379,64.184250,71.685814
156.106155,49.547314,64.227966,72.191284
156.684616,49.777477,64.044647,72.577080
153.272751,51.444405,64.226616,72.900047
155.395691,49.156422,64.004189,73.449844
154.739578,48.037724,65.084724,73.645035
157.824600,49.515808,63.880272,74.030464
157.563751,41.969894,64.680176,75.152649
158.583298,42.250710,66.035149,75.708412
157.866287,44.476616,67.931870,75.138382
155.743652,46.001007,74.160309,74.882248
156.344025,46.068470,76.362190,74.569260
151.383316,54.337715,76.860077,69.177292
151.453308,54.504719,76.962288,69.473259
151.866531,54.563755,76.224121,69.241257
151.794373,55.249157,76.573944,69.952881
152.715454,54.784172,76.684647,70.970078
153.245529,55.618530,75.572441,70.802269
154.942612,56.524147,74.843628,71.606979
156.687714,56.797352,74.992455,71.778809
156.094101,56.003071,75.149185,70.598465
160.404999,57.458382,76.360977,70.379875
161.177994,56.590542,76.933197,69.457382
160.675964,57.023655,77.726700,68.567024
162.800446,60.539223,78.173073,67.586273
162.942444,60.669422,78.482048,67.928261
158.402634,64.727905,79.764183,65.081108
158.551529,65.078201,79.759186,65.229836
157.613525,67.358040,79.987831,63.541828
155.571777,69.962227,80.889664,61.633446
149.640442,72.185928,83.283165,61.436340
148.820129,74.332535,83.673141,60.029133
148.971649,74.565750,83.961113,60.468647
148.900101,74.665047,84.008339,60.434032
148.346802,74.790779,83.781769,60.397282
150.285690,76.734131,80.682213,60.405750
153.166580,78.123230,80.072144,60.520573
154.124344,78.398560,80.205780,60.904301
155.925964,78.235733,79.650047,61.363453
149.200272,74.207710,79.359856,61.551285
151.398300,72.990395,80.773445,61.241646
151.457275,72.980400,80.333206,61.709881
151.537186,73.125549,80.458702,61.973339
144.740387,70.056892,80.174591,62.992073
145.425827,69.970573,80.321938,63.002747
145.590164,70.310661,80.404617,63.452103
144.833038,67.339294,79.358032,65.526802
147.030350,72.476089,79.189445,64.683723
145.692245,79.141205,77.904625,64.633293
145.333511,77.555618,77.237297,64.705048
145.003494,79.523094,78.244431,63.088131
137.979202,82.453720,76.397713,63.309269
142.803406,83.725060,76.140968,62.615322
143.122284,83.736351,76.289360,62.631599
149.136459,85.198273,73.644859,63.083298
149.242966,85.541763,73.938004,63.000275
149.261703,85.557556,73.925560,63.504017
149.422470,85.744812,74.011765,63.883133
150.106995,85.222404,74.869019,63.723072
150.127853,85.624237,74.856522,63.719231
149.331924,87.048805,75.395584,63.230339
149.197266,87.253685,75.489044,63.356064
148.509216,87.326324,75.225891,63.560978
148.636276,87.933815,75.528305,63.868755
151.166321,93.169456,75.629822,59.979321
152.058121,93.424767,75.300392,59.822182
148.338837,95.664513,77.115494,58.669010
146.677750,95.556335,77.422653,58.116798
145.286835,95.521149,77.457382,57.729324
143.013351,93.979538,77.040382,57.715675
140.182541,92.072968,77.732628,57.867538
140.272644,89.082176,75.193405,57.984402
136.887436,82.807816,74.446274,60.361061
135.343384,78.658951,73.359039,63.448898
135.626404,73.543633,70.475586,66.102097
134.383636,71.061432,68.803986,67.844955
133.640091,65.960190,67.539131,68.425240
134.531265,63.906784,65.690689,68.942032
137.914429,58.955116,61.827641,74.439957
139.512314,56.758228,59.437305,75.709541
145.090988,56.556671,58.611149,82.736488
146.557129,56.026112,56.924774,83.450455
153.435211,59.062824,53.104324,91.426636
