1
131.461548,23.016102,51.186417,123.989235
132.242493,25.054855,51.642899,122.179962
132.614746,25.308971,52.203392,122.152214
132.788528,25.846907,52.447254,122.161003
132.966095,26.675573,52.461945,121.749168
132.571228,26.985115,52.403339,121.918198
132.430969,27.114033,52.510880,121.776672
132.818939,28.678974,52.942360,120.677498
132.816223,29.444109,52.968979,120.565041
132.653107,30.063932,52.973881,120.709122
132.639893,30.575136,52.990257,120.695724
132.579544,31.450867,52.770309,120.566673
132.628021,32.001511,52.971840,120.836327
132.480698,32.296837,53.077267,120.820869
132.425797,32.443760,53.523586,120.972794
132.621582,32.617817,54.051380,120.861076
132.759842,33.200912,54.514732,120.699295
132.653564,33.891277,55.057953,120.624344
132.874496,34.746380,55.477200,120.364998
132.801849,35.156368,55.448162,119.810654
132.554092,34.190483,55.645233,119.950798
132.713211,34.172813,55.984360,119.905968
132.690750,34.176674,55.998829,119.919411
132.554550,33.813683,56.122902,120.048874
132.946655,34.234196,56.531769,120.125732
133.090179,34.245811,56.962681,120.470085
133.103851,34.151409,57.008049,120.422295
133.361038,34.210472,57.477257,120.424362
133.376099,34.360493,57.486324,120.358955
133.451996,34.346642,57.506744,120.237709
133.897293,35.598400,57.762016,118.953636
134.010147,35.638336,57.975807,118.934013
133.808167,35.906643,57.894508,118.603592
133.753540,36.568520,57.935246,118.347687
133.585907,37.202988,57.888870,117.601891
133.368881,38.206081,57.739792,116.893875
133.460678,38.282093,57.991848,116.922997
133.402573,38.225403,57.901520,116.993690
133.115189,37.923649,57.808563,117.007881
133.080322,38.198116,57.875191,117.370972
132.845642,38.345509,57.841072,117.327110
132.791290,38.343067,57.874226,117.439896
132.642868,38.217117,57.855549,117.492409
132.622803,38.135681,57.883694,117.465775
132.660919,38.137814,57.945415,117.458122
132.663193,38.232746,57.955582,117.382973
132.606033,38.798225,57.839008,117.045319
132.569000,38.887131,57.929783,117.504562
132.289490,39.572174,58.128689,117.737709
132.269333,40.278442,58.498482,117.493523
131.959396,40.338497,58.402946,117.372673
131.681030,40.286205,58.478863,117.399796
131.574860,40.291248,58.442165,117.463371
131.355179,40.303989,58.392044,117.422218
131.043610,40.809433,58.299126,117.051849
131.034515,41.401768,58.472458,117.221130
130.959137,41.747505,58.454472,117.269943
130.689194,41.344742,58.471420,117.498947
130.647003,41.396435,58.513870,117.411407
130.416153,40.771572,59.195503,117.872429
130.545975,40.378414,59.706264,118.084175
130.672699,40.544525,60.007763,118.370392
130.804474,40.434025,60.568996,118.436844
130.933228,40.307652,60.990520,118.408501
130.846649,39.432564,60.877434,118.567833
130.846039,39.204315,61.003746,118.945427
131.051407,39.078915,61.466019,118.908463
131.022232,38.986691,61.408630,118.965050
131.013840,38.574242,61.368679,119.025932
130.978088,38.515873,61.263100,119.505089
130.789566,38.371353,61.121304,120.001312
130.628998,38.158867,61.003025,120.536575
128.923782,37.642284,61.279671,120.791763
128.218674,38.140400,61.538765,119.899773
123.789169,37.258717,64.611298,119.189445
116.950867,38.988453,69.426750,116.446312
114.501915,37.424873,69.085625,116.601654
109.665611,37.049500,69.906219,115.824615
105.149155,35.320621,71.304306,115.635597
102.628036,33.477200,71.014755,115.731529
97.969391,27.789354,69.325218,115.512070
95.239380,28.421190,67.985977,111.359856
94.733856,28.912182,65.937462,109.940056
93.317276,31.941858,63.036106,102.259392
93.359993,33.538128,59.250355,99.966980
92.025162,32.301392,58.363350,99.856384
90.747826,35.883801,57.931271,92.657013
90.817505,35.931042,59.245491,91.865555
91.547920,36.032120,59.514385,92.024490
92.552361,33.476517,60.928661,95.953522
94.933258,32.276150,62.061089,96.146721
101.665039,30.499067,64.084381,97.877663
106.228851,27.041393,64.143166,98.923820
117.273155,25.996222,63.429611,98.089981
122.267006,26.849520,62.719398,98.484329
120.171700,20.184666,62.751480,108.880226
119.051247,17.317858,63.002514,107.385551
119.601364,17.285206,62.834026,106.117393
118.131607,20.149477,61.722855,107.288467
113.472542,26.742834,61.170731,105.513161
114.368790,27.464258,61.182846,106.669640
117.531326,31.660049,59.492302,108.098503
117.474159,31.749460,59.485138,108.472992
114.093658,32.758774,60.537369,107.891556
118.507744,32.693741,59.035267,107.052582
119.112106,33.755306,59.702538,106.713234
118.797180,33.222008,62.636032,105.959908
118.571655,33.358913,63.122009,106.201210
119.463509,31.863121,63.431190,108.733055
119.458832,32.304234,63.546154,108.726326
119.786804,32.435425,64.158226,109.117516
123.937584,32.995544,60.409000,108.730171
125.998512,32.907085,58.772137,110.322372
124.404526,31.626402,58.264252,109.800514
123.717720,36.339664,58.271393,103.677223
122.794685,37.862831,58.248161,103.280312
122.563469,38.402618,58.437061,103.062027
123.546989,37.665257,58.328423,102.886086
123.875809,37.650612,58.363541,102.883995
125.770042,37.520061,57.747177,101.384178
125.713486,37.665966,57.553482,101.261139
125.821960,36.414181,57.745445,101.767632
125.408829,34.542606,59.835537,102.011719
125.462891,35.015003,59.812954,102.823189
126.135460,33.912163,59.581856,104.914368
127.342667,34.106663,58.560669,105.107063
127.897156,34.638428,58.790756,105.466812
128.077530,34.721241,58.901012,105.436516
128.411743,36.135445,58.846069,105.032059
131.664001,47.980663,58.641006,101.811806
132.305939,49.094105,58.951351,101.304543
133.002335,50.252789,59.067303,101.056671
134.678864,55.335491,59.141254,96.909332
135.379288,60.551926,59.101715,94.332375
134.445480,65.888588,62.241440,87.931061
129.298584,66.799759,72.123825,86.427551
128.216644,67.095078,74.045921,86.126442
122.925034,64.218750,80.736473,81.563461
120.686279,60.033180,93.289040,73.112656
123.027367,58.867916,93.492058,69.012695
107.259590,48.130260,93.860291,69.096344
116.310921,36.876678,93.487930,74.200470
123.873344,34.075924,92.271515,77.876137
137.926590,40.174183,89.052361,86.063057
137.107422,39.371647,88.832962,92.172691
136.694504,40.740173,88.158096,93.999557
135.668121,43.863640,86.794968,94.453949
133.781036,50.134365,87.228470,92.596909
134.562515,52.884537,87.092476,91.897652
133.743942,57.918644,87.504868,88.916977
133.778961,63.818462,89.169830,84.102463
134.522095,65.235168,88.144051,82.519394
135.360336,62.306625,81.128197,82.986771
136.490814,69.616928,76.262413,84.893059
139.286560,71.473824,75.249992,84.962952
141.637009,71.465706,74.403488,84.425133
140.341415,66.903198,73.714172,85.321602
139.559769,63.276810,73.232796,84.697418
136.757874,57.756203,72.009384,83.966301
122.856926,55.476719,77.341034,80.130417
115.204468,49.994965,76.787895,76.219505
101.950676,41.812599,76.305115,68.047234
102.894623,37.474648,74.106735,63.440411
110.940903,39.438366,73.259193,59.764503
116.954964,42.819641,74.341454,55.170475
123.784813,42.280499,72.149605,57.612373
125.067955,37.086479,71.755470,62.310074
127.181007,38.870110,71.000801,63.670227
132.961212,37.148743,66.794098,70.738190
138.455933,37.637775,66.401299,71.957558
139.921204,38.085793,65.114975,71.156670
141.841370,36.721066,63.060246,72.122940
141.303864,35.870712,63.027042,71.923111
142.864395,35.655716,63.239822,70.668655
148.526657,31.854820,64.951981,68.243805
151.134079,34.200150,64.674965,66.858810
154.142578,47.349163,64.408295,64.140121
145.726669,52.778702,63.813286,61.763226
147.959244,54.052273,63.110756,60.519741
146.586975,55.439671,61.259087,60.479797
146.729279,54.394073,58.955608,60.518002
147.584991,54.273983,57.622349,62.066086
152.922287,64.401779,56.585239,65.812454
153.514481,63.982029,56.429295,65.345650
153.509903,64.192474,56.190247,65.395638
153.540741,64.010254,55.499981,65.092377
154.362762,63.902889,55.274368,65.881546
154.401093,64.039604,55.132153,65.707275
155.059448,63.962040,55.168285,65.698898
154.716309,62.893196,55.191891,64.941330
156.649994,62.135612,55.632702,64.066872
158.027817,61.917175,55.401588,64.406036
159.651306,61.481392,54.314476,63.657795
159.918701,61.544788,54.104340,63.943306
161.168106,61.042622,54.549778,64.017624
162.095322,61.275204,54.942909,64.488373
162.226074,61.183922,54.921875,64.435394
163.749512,61.183163,54.072742,64.647499
164.037399,61.362099,54.448921,64.844124
164.103592,61.344460,54.449696,64.983032
163.557968,61.241177,54.354511,64.905685
162.397369,60.628780,54.441383,65.389008
162.152344,60.695076,54.338142,65.423653
161.880463,60.719307,54.545921,65.538223
160.182999,60.783695,56.026680,65.469803
159.375366,60.492126,56.421608,65.237869
