1
135.954483,17.724268,48.094135,128.573639
135.978470,20.942499,48.831909,126.950989
136.160568,22.605419,48.969566,125.597191
135.809586,24.938162,48.957504,124.806358
135.820435,25.151339,49.000160,124.877899
135.490891,25.817709,49.492443,124.770439
135.310394,26.653849,49.549141,124.579514
135.283142,27.216152,50.057777,124.861435
135.338715,30.933260,50.531948,121.685417
135.025558,31.189663,51.169060,121.912369
135.054016,31.416178,51.488232,121.878662
134.419479,32.583134,51.788757,121.706573
134.148209,33.485939,52.257004,121.928261
134.032242,34.000446,52.667789,121.746590
133.904816,34.734692,53.185020,121.631958
133.695724,35.995888,53.478401,121.249405
133.615891,36.175636,53.541828,121.330223
133.158112,35.887943,54.416676,120.820549
132.989243,35.137978,54.543118,120.765160
133.042023,34.771362,54.859734,120.723305
132.459808,33.410851,55.064514,121.056587
132.797867,33.525501,55.748650,121.328705
132.904129,33.630135,55.999008,121.386497
132.846786,33.665169,56.091881,121.421326
133.157883,34.121017,56.505260,120.998032
133.294052,33.943310,56.954277,120.975960
133.332565,33.922962,56.984821,120.924545
133.521454,34.275314,56.813824,120.223610
133.592697,34.334408,56.978909,120.468872
133.677124,34.345928,56.990643,120.368340
133.655869,34.798798,56.848301,119.815224
133.628891,35.547371,57.037781,119.483490
133.553955,36.657547,57.624691,118.124008
133.617401,36.906483,57.912495,118.300148
133.461136,37.564720,57.888870,117.601891
133.244110,38.567818,57.739792,116.893875
133.260910,38.576618,58.004410,116.911743
132.865356,38.473789,58.000439,116.779770
133.013214,38.541271,58.457294,116.899612
132.575653,38.378052,58.058445,116.891014
132.714706,38.410217,58.413906,116.942894
132.692322,38.421665,58.452122,116.940628
132.364929,38.387371,58.230843,116.990227
132.343857,38.479633,58.414570,116.879990
132.277603,38.422974,58.449657,116.960762
132.139160,38.803604,58.437641,116.750023
132.154541,39.028507,58.474297,116.870911
132.101120,39.311684,58.393665,116.807312
131.969055,40.171513,58.556118,116.533928
132.065018,40.868427,58.894863,116.588593
132.063995,41.467419,58.970936,116.632500
131.623444,41.622608,58.780556,116.897621
131.455750,41.592442,58.927891,116.981583
131.329926,42.306492,58.919743,116.252419
130.964554,42.628330,59.190708,116.286797
130.781998,42.680050,59.563614,116.415634
130.814774,42.926476,60.175171,116.293648
130.728851,41.807873,60.472828,117.307617
130.185776,40.836102,60.513905,117.548302
130.003098,40.490559,61.096581,118.061447
129.828278,39.899696,61.108471,118.352135
129.990677,39.836967,61.363728,118.374458
129.976151,39.812546,61.602013,118.433510
130.158661,39.765354,61.957130,118.456329
130.205002,39.068478,61.713879,118.579391
130.323059,39.245911,61.959209,118.917152
130.308548,39.090679,62.000103,118.824142
130.439926,38.904469,62.282375,118.974991
130.505600,38.627769,62.331902,118.864937
130.331116,38.339497,62.036392,119.002510
130.032822,38.192142,62.039333,119.341690
129.278824,38.165863,61.913448,119.562317
127.647850,37.380497,61.271355,120.171089
127.201546,37.487232,61.459072,119.988693
123.966125,36.306789,62.559353,119.521019
117.487122,36.556915,64.657631,117.620323
116.178093,36.054607,66.280838,118.085953
110.957657,32.152618,66.669861,119.331200
106.464325,31.096958,67.897194,118.135094
103.107841,30.856550,67.561844,117.117661
99.918877,28.433573,67.520363,116.993568
97.574974,27.862776,67.352173,112.930893
97.269363,29.366266,66.212029,108.730820
92.640060,34.170029,63.294449,99.882858
92.465157,32.285667,61.214058,99.787231
92.000351,30.997950,60.917999,100.196495
89.985413,34.911320,60.578827,94.452438
90.296028,34.753181,61.867390,94.318665
90.858902,34.816547,62.131283,94.272530
91.909424,32.391438,64.185677,99.296028
93.082520,30.948195,64.674164,100.200806
99.076340,30.554653,65.667366,100.304359
103.074600,32.597126,66.950600,97.106445
113.547913,31.182932,66.146255,95.661896
118.930061,32.006443,65.651741,95.326668
119.599106,29.894180,65.910652,100.514046
115.418045,26.633732,66.078926,101.896912
115.189621,25.100147,66.147133,102.141701
114.875610,25.018139,66.104294,102.331009
111.287971,29.407936,66.004158,101.393196
111.476425,29.462755,66.457474,101.596718
113.328323,32.989063,64.303841,104.064362
111.552887,32.361160,64.668411,106.707039
111.470779,32.850025,65.002228,106.776138
115.805061,32.186558,62.552856,107.139168
116.699219,34.596474,63.366062,105.528389
116.907463,34.472343,64.144112,105.500725
117.057175,34.735146,64.489960,106.042145
117.765175,34.935711,64.491951,106.677765
117.765045,35.073978,64.453163,106.963020
118.939865,36.283455,65.099411,105.214684
121.987816,32.440517,60.734016,108.516243
124.201294,32.642891,58.997547,109.957184
122.925430,32.144344,57.913559,108.935501
122.553391,33.417847,57.969986,106.634293
122.298790,36.662952,56.799015,104.852074
122.455070,37.341068,56.927399,104.375404
125.586662,36.039532,56.148479,103.909470
125.799568,36.097099,56.449059,103.859520
127.570076,35.596260,55.673176,101.946854
127.264862,35.522999,55.745598,101.842018
127.061165,34.854176,55.742420,102.115715
127.671204,33.546753,56.970692,102.982368
127.682228,33.699589,56.866604,103.563721
128.245880,33.732616,56.632248,104.594933
129.056396,33.983303,56.211510,105.174263
129.671204,34.723160,56.319641,105.294724
130.537338,35.491631,55.325195,105.107407
130.738571,36.845448,55.359184,105.233727
132.430038,47.781712,55.770821,102.101570
132.928925,50.442616,55.973747,101.048347
133.903381,52.461765,56.022404,101.209618
135.217987,57.234627,56.185478,98.137489
135.309586,62.186543,56.162846,97.299751
135.085098,66.531631,57.942711,92.880661
131.654160,65.351074,64.722168,94.645760
131.061722,65.728043,66.553223,95.023148
126.696831,62.968681,71.007584,91.458717
127.906090,61.284725,78.566521,84.365356
129.379669,60.820385,79.452919,80.268326
123.921425,51.325661,80.365211,78.155418
124.295357,37.023796,80.836525,79.130623
129.871765,35.012325,80.708771,80.495926
144.218857,41.528866,78.526375,86.932678
143.583374,40.257256,78.146858,94.402252
143.721741,40.267864,78.211853,96.017540
142.994919,43.322567,77.986229,96.327774
139.811584,49.764027,77.442451,94.282875
140.312515,53.082466,77.302353,92.566750
136.609390,58.498093,78.486313,88.475044
135.085724,68.241005,80.393684,81.022827
137.733612,73.559319,78.082809,77.754974
137.656891,75.946289,75.610962,77.007042
137.993408,76.790810,75.048058,77.981476
139.388046,77.430305,74.652824,78.443710
140.626801,77.677376,74.152367,78.724472
140.132431,75.166405,73.195908,78.870293
140.328003,74.235374,71.978050,78.552589
137.935562,68.095749,69.316193,79.932915
127.377678,68.245529,73.805107,78.272064
122.304649,68.079231,73.596321,77.208672
111.596825,57.435238,73.142471,73.243439
107.089783,43.702156,72.863213,68.854446
115.516312,42.260777,72.111206,64.261002
117.912941,41.728703,78.855217,60.944435
118.551537,40.885593,79.018799,61.481590
120.474022,36.985565,79.166748,63.963642
120.534004,37.617393,79.018066,64.102394
122.647446,38.036240,76.612877,69.265778
125.279564,36.987831,76.325546,70.289886
125.893631,38.046543,76.380264,69.793633
126.844627,37.187660,76.149429,70.323349
125.236282,35.780392,76.179375,70.600555
128.484467,36.093056,77.902199,68.417290
133.728821,32.721706,79.764763,66.511581
138.048859,32.877357,79.830879,66.557274
145.377823,43.977837,79.968246,65.826897
131.166199,48.573540,78.492561,63.647774
147.470688,59.668011,76.798058,60.664551
147.738480,61.235519,72.883286,62.935772
145.398773,60.324718,68.236160,63.045200
145.752777,60.907932,66.593788,64.025375
150.158890,71.201180,64.761917,65.342133
150.489563,67.898071,63.777878,64.770950
150.144028,67.407204,62.731594,64.523857
150.748123,66.955833,61.987595,65.114296
151.213455,66.750374,61.741684,65.575836
151.205719,66.768967,61.289799,65.591805
152.861679,66.722397,59.639584,65.899590
152.813217,65.933449,59.773411,65.570312
153.122101,65.756798,60.034584,65.917343
153.348419,65.779495,60.463600,65.977028
155.031570,64.267212,60.472439,65.718254
155.618057,63.957638,60.469006,66.176682
156.564758,63.714260,60.324928,66.705399
157.362900,63.859272,60.139111,67.136505
157.992432,63.755157,60.109459,67.471748
159.025574,62.941914,60.347622,67.527611
160.409164,62.490696,59.882519,67.783676
160.817993,62.199959,59.934341,68.008972
160.562851,61.981281,59.779640,68.339859
158.764023,59.511635,61.121834,69.026100
159.073563,59.652729,61.468468,69.421936
156.578903,59.774681,62.014988,68.838058
156.411972,58.817226,63.234348,68.919365
155.318954,58.860737,63.463280,68.617371
