1
134.082336,24.458059,45.492912,114.181824
134.081650,25.643763,45.640526,114.108078
134.240936,26.024775,46.002705,114.420074
134.156784,27.794746,46.922276,114.304558
134.112076,28.230612,47.164875,114.439919
134.135208,29.443707,47.669716,114.210190
134.164429,29.553652,48.020706,114.471962
134.253647,29.920929,48.590782,114.589844
134.107330,30.216667,48.980396,115.066971
133.469559,30.550694,49.074017,115.634605
133.580002,30.837063,49.538303,116.012482
133.714355,31.355890,49.982998,116.376945
133.591431,31.613071,50.008896,116.492935
133.234055,31.586323,50.453838,116.458389
132.514771,31.417833,50.499630,116.697174
132.191895,31.512552,50.596809,116.969315
132.207581,31.633905,51.061584,116.904175
132.321823,32.102047,51.531036,116.702423
132.426392,33.232780,52.278763,116.166519
132.381409,33.615860,52.506222,116.336510
132.506134,33.705872,53.109528,116.449211
133.437927,34.808014,53.826397,115.056740
133.476913,35.250454,53.956856,115.260132
133.486008,35.321602,53.995384,115.444824
133.512558,35.739094,53.975788,115.072258
133.385712,35.737938,53.964077,115.533867
133.541824,36.077579,54.122200,115.668594
133.759720,36.058701,54.537407,116.101059
133.888687,35.977829,54.981834,116.607368
134.346603,36.693253,55.010666,116.163269
134.677689,37.017166,55.467350,116.284309
134.727859,37.347061,55.477619,116.153778
134.806290,37.821865,55.588726,116.138474
134.855453,37.847557,55.951199,116.444595
134.784073,37.806190,55.960411,116.439651
134.519424,38.166183,55.904266,116.268463
134.523376,38.181198,55.927738,116.463272
134.305756,38.196190,55.918434,116.489151
134.047256,38.148563,55.863960,116.485115
133.883026,38.201252,56.018200,116.439980
133.956924,38.339172,56.397087,116.455200
133.826157,38.459991,56.414230,116.293816
133.508286,38.516525,56.251797,116.450531
133.450592,38.534214,56.347355,116.394753
133.469635,38.609169,56.511562,116.455437
133.430893,39.229431,56.815117,116.026505
133.431168,39.464588,56.868626,116.442520
133.376373,39.476273,56.861160,116.430725
133.361954,39.697044,57.004097,116.354225
133.438431,39.832027,57.473858,116.422928
133.163605,40.105247,57.426891,116.328957
132.403214,40.259861,57.378380,116.191399
132.355026,40.338184,57.453598,116.483276
132.222137,40.315361,57.438557,116.430405
131.615692,40.321896,57.078106,116.108452
131.567688,40.740948,57.421043,116.217270
131.515259,41.156208,57.399578,116.217369
131.128906,41.092205,57.947582,116.518974
130.947754,41.393303,57.884983,116.742050
130.324539,39.689274,58.397034,118.254509
130.381714,39.655842,58.537155,118.404015
130.607101,39.653206,58.957275,118.441437
130.571121,39.344532,58.987637,118.536819
130.593994,39.576290,59.002838,118.862206
130.886276,39.396698,59.436390,118.850220
130.909042,39.419056,59.465099,118.908737
130.908966,39.143246,59.439529,118.933929
130.867249,38.781574,59.311695,118.990158
130.990692,38.698257,59.402561,118.701904
131.061462,38.772072,59.367455,118.944023
131.084106,38.610176,59.342846,118.944008
130.578110,38.100639,58.860336,119.161911
129.418365,37.122082,58.603828,119.802856
128.652710,37.243732,59.286915,119.465958
124.870079,36.743397,59.558208,119.119057
119.199997,37.074478,60.887722,117.125557
117.870224,37.375938,61.289066,116.947456
113.094315,36.259666,61.566177,115.260239
107.918274,35.353706,61.171722,114.299812
105.564865,35.586903,60.987690,112.471649
101.309303,33.632969,61.018372,111.419830
97.108902,32.944969,60.878838,108.481873
95.078270,35.756725,60.493084,102.183891
92.604141,37.933949,58.554779,96.919182
91.510178,36.871346,57.428677,96.143600
91.193100,36.165638,57.075253,96.291000
89.729195,38.075745,57.994652,92.123528
89.734917,38.400906,59.348457,91.842590
90.493805,38.530239,59.614677,91.701645
91.365517,33.577339,61.605850,98.088516
86.704819,31.101604,66.719498,102.144058
88.835014,31.789417,68.258102,100.254173
90.578308,34.097057,72.559731,96.015953
105.492989,33.734913,74.893456,90.661217
104.770836,32.572098,74.677895,93.708832
112.218163,30.088501,73.329102,98.637436
107.814079,25.320402,74.280281,101.587051
108.456154,25.305264,73.791527,102.237038
108.073196,25.985931,72.523445,102.907227
107.225105,27.129482,72.303497,102.995483
107.274345,27.257532,72.360672,103.009636
107.912193,27.531004,70.728134,105.847679
105.412460,28.631409,70.252937,106.772842
104.122864,30.063595,70.795448,106.633453
106.835358,31.124525,70.106087,105.762436
110.510513,35.252968,70.990524,100.491959
110.199318,35.095585,71.809975,100.433266
110.371078,35.419090,72.224907,100.836472
110.792351,35.887676,72.643188,101.033409
111.028336,36.174320,72.934647,101.409569
113.484329,35.914093,72.438080,101.702614
117.409401,34.047596,68.121735,102.928551
122.322540,34.090908,64.673172,105.143578
118.378937,32.606873,65.793747,104.578575
116.933884,36.305660,65.959404,99.903122
117.501892,38.059605,65.344177,99.425453
117.059380,39.490643,64.767204,98.468384
117.752243,38.014072,64.781799,98.447693
118.318253,37.981720,64.826843,98.452339
123.461906,38.060562,61.879211,95.720970
123.415825,38.076847,61.635418,96.158302
123.847633,37.891273,61.738823,96.658165
125.417328,32.833107,64.028923,100.148552
125.438179,33.413296,64.483421,100.409317
125.589783,33.102818,64.031532,101.644211
126.260391,33.705437,62.718204,103.726547
126.854973,34.773712,62.340454,104.118416
127.505478,35.664173,61.461411,104.612816
127.805359,37.367470,61.304119,104.811172
130.295746,50.253891,61.116528,101.372101
130.801178,51.198502,61.392986,101.318756
131.759674,52.750843,61.514847,101.026787
133.828873,57.248356,61.251198,97.922737
134.467361,60.451122,61.098186,97.140320
133.985580,64.529305,64.399292,92.363792
127.530693,65.449806,76.152122,93.392967
126.457428,65.539162,77.937637,92.646957
121.672997,63.094074,83.623322,88.818848
121.770760,59.228260,91.361038,80.549477
120.751122,58.198856,93.520813,75.133575
105.720146,42.751694,95.878540,74.489212
111.751328,29.724569,96.760483,79.640564
119.338661,27.405815,97.485817,85.350349
135.560379,30.435839,94.076912,95.543579
134.942307,31.305656,94.548386,98.950142
134.677490,33.524307,93.032707,101.529091
132.917801,35.309898,92.486282,102.871597
130.898392,43.454731,90.936485,98.916832
132.211487,44.944927,90.625496,97.618889
132.575928,47.447979,91.553062,97.059410
132.756668,52.959980,92.758247,93.285324
133.779892,54.049477,91.033211,92.678635
134.679367,55.544411,87.627190,91.890686
135.592972,62.805153,83.721947,93.353638
136.261002,64.291954,83.586205,94.032845
143.442291,67.727249,82.992195,93.724182
137.461868,62.192173,81.253609,93.662224
136.102127,57.726143,80.373680,91.476662
130.869934,54.779930,77.743271,89.575462
119.346245,53.151649,80.303978,87.766449
110.016434,47.793774,79.744766,85.192970
95.929565,38.009144,79.520935,76.948959
97.979279,28.496237,78.034485,72.374695
103.349487,31.058794,78.162613,68.341583
101.376007,29.969749,81.255974,66.107948
103.944046,30.350649,81.299263,66.641853
104.010193,24.866362,81.326164,69.780548
107.403946,26.627562,81.798882,69.511337
109.369225,24.407608,76.038834,74.931686
110.591255,24.504354,75.562279,74.963799
112.613472,25.807873,74.666611,74.143280
115.979263,26.640778,74.719711,74.458267
115.848328,26.776865,75.490273,74.549393
114.960754,28.663103,77.803436,72.155403
112.778717,27.081614,84.602905,70.109550
112.631927,26.820044,85.989655,70.391418
111.585693,27.974848,87.924606,67.520149
92.175606,16.255949,88.160645,69.781548
109.317627,22.332874,86.413765,72.245682
113.054459,20.604752,80.944778,78.363159
126.075356,28.191233,75.768761,80.201530
140.546143,37.957806,73.344765,78.885452
145.573898,53.684380,75.858231,77.694160
146.064606,54.973255,75.024117,76.333244
146.432526,55.618355,74.747139,75.879784
146.910812,56.536030,74.384796,74.533386
146.396866,57.240734,73.252327,73.315758
145.708740,59.178551,71.703819,70.622208
146.716721,60.037380,69.433472,69.760048
146.389297,59.641453,69.123978,69.591537
147.459351,59.683167,69.209450,69.847023
149.670486,59.352379,68.954979,70.264679
150.623138,59.225727,68.540703,70.644455
151.183502,59.367966,68.808777,70.985947
151.593521,59.327545,68.703026,70.643448
151.983093,59.541565,68.800293,70.981873
152.366699,59.506428,68.515129,70.892921
153.217041,58.888901,68.703583,70.859169
154.916611,59.307407,68.337883,70.724800
155.447784,59.565315,68.276932,70.772072
155.520325,59.671658,68.441864,70.921387
154.897736,59.139977,69.391014,71.148140
154.995239,59.209835,69.612312,71.496872
153.604843,58.470856,69.789139,71.653275
152.347321,58.207584,70.176033,71.989082
151.888336,58.091721,70.592888,71.915993
