1
162.395660,79.717224,53.315029,59.023552
162.494293,79.953629,53.469559,59.476490
162.533417,79.863724,53.448402,59.427353
162.590652,79.848999,53.452015,59.454105
162.640213,79.782974,53.477352,59.413807
162.676895,79.712059,53.480473,59.410919
162.699020,79.720352,53.455914,59.405209
162.755844,79.576782,53.425827,59.231113
162.737442,79.548492,53.507019,59.380760
162.941559,79.521683,53.950920,59.442295
160.781403,78.898430,56.703903,58.163319
154.360855,77.469170,60.628578,57.184288
144.132446,75.227966,65.664207,56.282032
141.939224,75.111221,67.317375,56.536640
136.952118,75.687988,70.062637,56.743416
135.174423,75.190178,69.804337,57.487850
132.102264,73.747200,68.345413,59.485008
128.639618,71.424797,66.194359,60.663654
126.426277,68.936989,64.911530,62.469460
122.424858,65.973213,64.665756,62.880592
117.116150,64.113823,64.961113,62.839909
113.206215,61.854019,63.933365,62.493710
111.411766,61.258503,63.025017,61.900753
108.928940,60.660103,63.995045,61.764126
106.088501,59.847443,64.508606,61.478508
103.734612,59.162521,66.946007,60.772861
100.141663,58.607075,67.029205,60.566540
94.901672,59.285084,68.891434,60.510170
93.835747,60.100651,69.016670,60.597092
93.802605,60.675419,69.476974,60.754974
93.140717,62.027393,68.252129,61.469059
92.572319,62.991055,68.237015,61.650978
92.314728,64.075645,68.129082,62.303005
92.563385,64.346581,67.579155,64.311073
91.623688,64.017052,66.113373,67.020325
91.245941,64.937088,65.387611,67.751831
90.992165,64.906219,65.200615,68.653763
90.008484,64.984489,65.191879,69.109962
89.190849,64.462357,65.393768,71.348282
89.189056,64.420990,65.354179,71.951683
89.503197,65.167458,65.043259,74.407669
90.334183,65.087532,64.990234,76.555969
92.197769,66.118927,63.629265,81.154724
93.125572,66.393494,63.310032,82.367867
93.434868,67.052628,63.271809,82.918060
93.638184,69.948738,63.381752,83.288002
95.239532,72.131004,63.151249,83.728996
98.568016,71.189400,64.647331,85.027443
104.533485,68.998268,64.705643,85.258331
108.654007,68.029076,66.659332,85.338020
110.877731,68.121521,66.421532,85.464149
112.950836,70.508865,66.925400,87.595886
114.036987,72.317284,69.282463,88.230705
116.005623,70.735535,69.988586,89.446564
116.071182,70.701309,69.986008,89.558014
116.611725,70.050545,70.361168,90.991486
117.170219,69.283401,70.993607,91.926170
117.393715,68.803101,71.309441,92.990929
117.939812,68.900749,71.289635,93.495232
118.058456,69.012421,71.398087,93.424271
118.137909,68.969345,71.158241,93.872627
118.050766,68.165482,70.733597,94.898071
118.139267,68.210243,70.911125,95.020744
118.242210,68.367798,70.946533,95.556732
118.686234,69.463516,70.500687,95.865013
119.262665,69.673355,70.622795,96.381233
120.042976,70.678146,69.807755,96.207069
120.429260,71.022598,69.208710,96.275269
120.936829,71.494728,69.132896,96.244576
2
0
0
0
0
1
201.192062,124.926598,56.304550,49.581451
203.147110,128.226700,55.236530,50.120155
203.747101,129.542465,55.063740,50.311489
203.908844,130.580002,55.448959,50.143986
203.990921,131.353043,55.447624,50.276058
204.330750,132.446533,55.319893,50.158016
204.427734,134.561890,55.562881,49.793491
201.271988,137.973663,55.201366,49.180634
198.596878,140.641357,54.572456,49.491127
197.173935,142.097839,55.047009,49.772259
195.492676,143.379242,56.540115,49.230419
192.889801,143.964706,57.409031,48.903618
188.051071,145.754135,57.059605,48.127598
182.885590,146.928207,56.461735,47.559532
177.879120,147.580719,55.519699,47.567936
173.924713,147.809677,55.024178,48.058659
171.276428,147.395264,54.608734,48.818783
170.963715,145.844223,54.666771,49.971676
170.780746,139.375992,54.812031,51.078018
170.077545,134.538071,55.481827,51.490009
168.466537,131.184845,56.170048,51.314342
168.322647,126.864738,55.259029,52.476421
168.662247,120.663414,54.984512,53.254509
168.478668,117.313141,54.547619,53.437653
169.320480,114.774345,53.968811,53.086308
168.967850,111.108986,53.681244,51.837147
167.049545,105.986183,51.782631,51.289974
167.393066,101.466644,51.444622,51.399414
169.607147,98.432404,50.804893,51.849445
170.843674,95.663124,49.754658,52.128185
172.978867,89.900589,49.599777,52.391418
173.723007,88.484474,49.612907,52.334332
174.048843,88.192810,49.773422,52.289230
174.126175,88.288742,49.946976,52.467350
173.960602,88.312698,49.851547,52.462074
173.764816,88.450645,49.913925,52.433395
173.404129,88.653793,50.028328,52.476189
171.011887,89.931877,51.572216,52.014023
171.165512,90.313286,51.943733,52.361969
171.161072,90.441505,51.947308,52.436604
171.248138,90.655937,51.818672,52.513115
171.427444,91.003372,51.884937,52.898796
171.487762,91.069794,51.969646,52.960152
171.501724,91.089867,51.974323,52.977165
171.515778,91.102371,51.974525,52.972828
171.597275,91.107330,51.987053,52.976330
172.558792,91.313744,51.540031,53.028130
173.999161,91.525543,51.393364,53.568394
174.171646,91.853432,51.649353,53.962662
174.456924,92.115158,52.086372,54.045753
175.097473,92.270416,52.341301,54.547783
176.462601,92.978004,52.349983,55.066235
176.676895,93.201698,52.335854,55.476433
176.967850,92.486046,51.464668,55.409225
178.585938,92.146782,50.402313,55.187908
179.862503,91.570450,49.085304,55.014729
179.925400,90.803497,49.447582,55.247871
181.525970,87.683151,48.763863,55.503460
181.817993,86.032043,48.055531,55.862862
181.442108,85.392090,48.008228,55.627827
181.104401,82.229034,46.320389,55.920151
181.221741,82.601730,46.400051,55.672813
180.883331,80.481110,45.485920,56.242638
180.465195,82.713310,45.884373,55.359859
179.197266,81.793938,45.627117,54.903893
179.508682,82.542435,45.827499,54.636265
179.576691,82.759193,45.965321,54.950798
179.589676,82.789162,45.973816,54.974606
179.336655,82.299370,46.250328,54.847950
179.198715,82.168533,46.655499,54.802223
179.265060,82.324188,47.197170,54.876335
178.692184,81.995979,47.388897,54.939754
177.885071,81.126450,47.848305,54.979351
176.563446,80.928581,49.010967,54.892704
175.400421,80.276772,51.716522,55.044121
175.461746,80.653824,52.095814,55.431198
175.067551,82.104446,52.508553,55.132545
175.733627,82.806831,52.242157,55.289776
172.844299,89.859665,51.983891,53.775379
2
0
0
0
0
1
172.381775,63.236382,33.996975,54.965809
172.868149,66.231384,33.654896,55.028744
172.815125,68.345818,34.244514,54.942432
172.952835,71.333878,34.712914,54.663143
173.021164,72.774612,35.946842,54.828743
171.509888,74.755264,39.782146,53.551212
171.815720,76.103897,40.609177,53.513519
173.345032,75.126465,42.837490,57.722794
176.111557,72.564384,43.999615,61.039955
176.449936,72.597061,43.996319,65.197113
176.826889,73.337296,43.921158,66.007393
176.782043,72.684555,43.952587,68.254768
175.635757,72.937622,44.328835,68.672203
171.888306,74.588898,45.146610,66.479111
167.066055,75.833839,45.845974,64.813301
161.430588,75.406792,47.839493,65.543549
152.449402,76.479027,49.434452,68.170486
140.365326,75.553001,52.667461,66.982719
128.146637,74.768188,54.275368,65.947166
124.189598,74.951370,54.277718,66.072113
122.583488,74.174667,51.954037,72.051666
120.392105,74.615868,51.879131,70.420906
119.807686,73.694191,52.404640,71.217003
117.845795,70.906227,53.403797,71.796249
117.216537,70.647972,53.423443,72.185547
117.266312,70.829788,53.444611,72.451515
117.732330,71.142715,53.652100,73.340103
2
0
0
0
0
1
38.610710,76.382278,46.262306,53.395195
35.685555,81.897575,46.084396,51.542309
34.843231,84.273567,46.907394,51.570827
35.151909,87.208374,48.707432,50.255077
36.973560,89.913910,50.003822,48.136562
40.031738,91.351082,50.341881,47.817547
44.096813,92.848595,49.685635,47.432472
49.036198,95.534958,48.857685,47.331760
50.483818,98.606506,50.045929,46.864063
52.185040,102.462524,50.555420,45.853203
53.777382,107.475212,51.006241,44.334343
54.526466,112.403725,51.657547,43.259350
57.107567,119.007996,52.600563,42.437950
59.842590,123.607933,52.405052,41.232967
62.220081,127.434593,52.291649,39.850246
63.857468,130.096313,51.918697,39.526512
67.078880,131.880280,51.524391,39.952980
70.500900,134.314896,51.813419,40.155827
73.793114,135.568283,51.374413,41.213589
76.896355,137.479630,51.153786,41.857811
82.989174,138.470718,51.403133,42.591473
84.214302,138.711166,51.532825,43.325741
87.894722,139.382248,52.424480,43.991150
89.703697,138.972290,51.833309,44.703533
92.170074,137.424301,51.549568,45.098660
95.597115,134.657806,51.779400,45.169914
96.509300,135.379868,52.935577,43.742649
94.873505,136.325592,52.100552,43.424671
94.622055,135.466446,51.596489,43.841305
2
0
0
0
0
1
151.991577,175.632416,54.177811,46.368629
152.497269,174.947800,55.131256,46.150551
155.175079,173.577850,55.576752,46.173325
158.982712,171.780457,55.392418,46.303219
161.391525,169.458771,55.727219,45.654366
163.379883,166.534927,57.801647,44.763466
164.725235,163.251343,59.600563,43.490894
164.198486,160.983887,59.973709,43.135548
163.395706,158.967636,61.939571,42.917881
165.717331,156.869904,61.586544,43.074238
168.043655,153.375809,61.479485,43.468422
168.283676,150.836945,60.522247,43.644875
169.026779,149.355850,60.460739,44.083420
169.899490,148.112549,59.449718,44.667805
170.244354,147.046677,58.940685,45.232079
171.573380,144.824799,57.243866,45.773457
171.648438,143.031494,56.809837,46.233551
171.387756,141.338043,56.462692,46.403702
171.981995,139.158981,56.040314,46.446480
170.672943,135.584396,57.170322,46.467480
169.310944,130.482758,57.533772,46.471466
167.944748,124.672440,58.958961,46.771992
167.058304,119.543381,58.646500,46.796265
168.223450,113.838249,58.639942,46.904686
170.270462,110.694023,57.034313,46.372520
169.715729,105.604599,54.153938,46.893032
169.512527,103.628258,54.000927,46.423660
168.864044,101.608101,53.677109,45.563648
168.742905,101.550117,53.541336,45.920773
169.000290,101.179840,53.602810,45.954456
169.254410,100.863197,53.115818,45.843113
169.466476,100.889679,53.363182,45.958862
169.530945,100.909477,53.464157,45.978966
169.453720,100.727211,53.067097,45.835052
169.596573,100.568878,53.283306,45.940746
