1
130.425186,38.692837,53.106525,116.771240
130.980362,38.145302,53.448929,116.838219
131.301758,37.183456,53.466461,116.795906
131.541733,36.076912,53.370674,116.960678
132.539902,35.147369,53.503315,116.832512
132.431366,34.656078,53.801888,117.088051
132.317551,34.514767,54.036194,117.459457
132.696945,35.144199,54.550797,116.937126
132.524155,35.715694,55.005333,116.574364
132.650635,36.378914,55.467537,116.364441
132.447876,36.303520,55.561737,116.543427
132.506226,37.698254,55.840103,115.490089
132.424957,39.051395,55.950443,114.219162
132.288696,38.912430,55.953491,114.542610
132.121155,39.837189,55.928173,114.576180
131.966721,39.980560,56.017334,114.872917
131.994064,39.745117,56.579090,115.034874
131.794327,39.407661,57.468834,115.325249
131.792709,39.166294,57.756886,115.304550
131.807861,39.053535,58.042183,115.297646
131.689758,37.187252,58.645424,116.344177
131.807037,36.792435,59.073837,116.702110
131.957443,36.837677,59.505966,116.948105
132.137085,36.740559,60.005741,116.855644
132.388184,37.204052,60.419395,116.165810
132.264893,37.080544,60.498596,116.480621
132.120239,36.948483,60.433628,116.494171
132.203323,36.742756,60.488064,116.482559
132.183136,36.613659,60.413383,116.501671
132.350647,36.837231,60.499088,116.767006
132.344391,37.034084,60.467396,116.917763
132.352463,37.289158,60.466537,116.713745
132.242264,37.196163,60.429623,116.971245
131.935684,37.241497,60.037716,116.839851
132.006805,37.232239,60.484142,116.976646
131.511017,37.989464,60.206692,116.549187
131.234909,38.464970,60.317299,116.556175
131.149948,38.679306,60.315231,116.795708
130.858810,38.238472,60.362076,116.731369
130.825043,38.195480,60.471882,116.996468
130.759308,38.095997,60.376514,116.995491
130.752701,38.050663,60.438385,116.954941
130.706314,37.975960,60.392639,116.992325
130.693359,37.926910,60.420094,116.964798
130.603989,38.405304,60.314007,116.684456
130.646576,38.595676,60.426922,116.895409
130.632370,38.674454,60.453125,116.904266
130.552002,39.021622,60.415943,116.753532
130.457672,39.593143,60.548531,116.761345
130.444565,40.000240,60.885647,116.660042
130.023651,40.219452,61.012131,116.766838
130.013290,40.238865,61.508553,116.926361
129.945419,40.310631,61.936882,116.854980
129.808609,40.361515,61.883381,116.920219
129.428238,40.391273,61.869045,116.899498
129.348450,40.386227,61.940033,116.955826
129.291321,40.372444,61.932259,116.953239
129.259216,40.439430,61.934345,116.911530
129.073334,40.850830,61.562504,116.522751
129.083832,40.702206,62.040936,117.022537
128.902191,39.799229,62.607937,117.824409
129.100906,39.963886,62.979252,117.879410
128.682327,38.391392,63.875408,118.844139
128.797028,38.521832,63.969612,118.908600
128.827377,38.609303,63.972713,118.867203
128.804245,38.724869,63.942970,118.861458
128.833435,38.740288,64.000282,118.941849
129.028351,38.607639,64.371826,118.991768
129.073471,38.357368,64.410522,118.944344
129.062454,38.295101,64.333603,119.022331
128.808823,38.107544,64.064606,119.563377
128.025452,37.717358,63.592361,120.086166
126.307999,38.259193,64.116501,119.898666
125.101097,38.302746,64.987366,119.779488
120.131050,38.094158,70.103325,118.940277
113.226501,37.172928,75.828697,117.852188
111.784775,37.320999,76.264931,117.435852
107.691902,35.506844,79.228142,117.760246
101.597992,33.675602,78.264320,117.749252
97.873100,32.308296,77.695671,116.599083
93.166428,29.088518,75.679733,117.406219
91.140244,30.074383,74.690971,113.105927
92.250328,30.650511,71.522362,111.024185
90.554527,36.068943,68.834496,100.867332
89.851875,36.750313,65.998199,97.791840
89.821175,35.878586,64.455063,97.680962
88.260277,40.852085,64.301064,91.322205
88.022850,41.243912,66.886276,90.109993
88.032921,41.472004,66.939034,90.417686
89.207764,36.023777,68.247353,95.571373
89.431458,31.527988,69.353233,99.775627
91.483902,31.431084,69.834923,98.691093
93.832100,32.846409,73.351501,92.362709
103.393463,32.065552,75.558876,87.776962
101.655495,30.170370,76.464157,92.029579
109.645485,24.337328,75.041603,104.209694
107.073753,22.771955,75.018745,104.613640
107.305168,23.383118,75.203415,104.939896
106.830338,24.834612,74.702530,104.604378
104.554382,27.570141,73.832603,105.367882
105.616966,28.369352,73.206490,106.476234
106.145981,29.744062,72.752464,107.038208
102.797661,29.760603,73.302559,111.367958
102.834236,30.032343,73.469002,111.459190
103.561607,30.888468,72.916901,110.067986
110.218735,34.343456,71.569778,106.854881
110.233803,34.308804,72.536705,106.979729
110.572922,34.288898,73.264862,108.308113
111.244286,34.786205,73.558792,108.087303
111.540237,35.116817,73.924179,108.333084
112.640701,34.864597,74.402458,108.170143
116.373367,31.383026,68.654366,112.112801
120.824219,31.611731,65.583580,112.981133
117.900185,31.005308,65.571693,112.374420
117.417122,32.668774,66.176270,109.934578
118.202332,37.109955,64.428238,108.036087
117.985970,37.877636,64.453857,107.806335
118.117592,37.472202,64.666870,107.863762
119.171539,37.554039,64.540115,107.796501
122.421776,37.478630,63.108910,105.411476
122.703430,37.574043,63.114689,104.897217
123.029587,37.490234,63.398766,104.879051
123.617172,33.539375,65.374756,105.796852
123.480919,33.978710,65.484146,106.257774
123.578163,33.961632,65.315918,106.725517
124.576180,34.156738,64.091949,109.031052
124.790283,34.418766,64.458878,109.431122
125.433044,35.318493,63.897629,109.560837
126.251320,37.279385,63.149982,110.080635
129.493149,49.555359,63.207111,105.039024
130.958878,52.188866,64.071861,102.000572
133.324814,53.706074,64.396645,103.258194
134.900543,57.170071,64.025650,100.911774
135.804504,60.754063,63.297539,100.839584
135.465790,64.781494,64.684616,96.387955
131.503021,64.912666,71.796356,96.574028
130.647995,65.419067,73.116295,96.908394
126.433228,63.794262,78.890396,92.304184
126.750565,62.419353,86.764870,83.802528
129.594421,60.605503,87.614052,79.432129
125.744278,49.069138,89.554642,76.102303
132.424011,38.124687,89.713875,78.401466
141.320389,34.939152,88.781578,81.809418
148.951752,41.268955,84.493385,87.285789
144.920532,34.210655,83.653122,99.105553
142.608261,32.868904,81.999825,105.487885
141.284668,34.871887,81.186600,106.063133
137.513748,40.841221,80.883507,104.136665
138.982254,43.203232,81.183990,102.376999
137.414871,46.110405,82.743011,100.244995
137.107971,53.319088,83.763832,95.465889
137.363663,55.044006,83.276474,93.704742
136.653717,58.330334,80.470360,92.584183
136.407166,65.734268,77.496895,93.982224
139.070694,68.136353,76.368706,93.911499
140.075760,66.788414,75.642883,93.836693
138.968216,64.128128,74.585518,94.430664
139.058395,59.985016,73.709908,92.178406
136.295105,57.932617,72.796928,91.937271
124.382248,55.831623,76.485092,88.501717
115.496498,55.838203,76.083481,87.311676
103.884399,43.841457,75.786987,82.963707
100.670052,31.627533,73.914536,77.047356
109.268417,32.634090,74.494003,71.984543
102.451340,27.394516,83.518257,69.185448
106.414131,29.059376,82.586250,68.528908
107.300339,26.062202,82.859673,70.709564
113.169716,30.069918,83.116058,70.483185
118.564293,29.051300,76.974739,77.994461
120.482765,26.764761,77.177597,79.282967
120.690063,27.023842,77.495987,79.332451
122.500572,26.737192,77.606949,78.716286
122.187912,26.778378,77.920311,78.916618
121.429764,27.596977,80.335709,74.918800
119.646408,24.786049,92.386101,71.334259
120.021690,24.480320,92.582153,71.559822
122.736237,30.180038,93.831207,72.676071
106.142769,22.691294,97.419342,71.967613
114.456337,28.478504,96.107040,72.102997
126.353859,34.730808,91.771881,73.149002
134.796417,48.839836,88.367935,71.324837
133.785172,52.268459,85.533478,70.342003
136.234253,65.149460,86.662399,69.836388
136.539902,65.667900,84.062729,68.859932
138.191483,66.524994,81.415085,69.013023
144.669022,67.100937,77.807251,70.124428
144.236572,67.061485,77.277367,70.134895
142.084274,67.424370,76.126427,69.883652
142.301926,66.683876,75.872673,69.645111
142.293823,65.452782,75.465462,69.693222
143.507080,64.959633,75.192909,69.954849
147.003403,63.606258,74.073624,70.254951
148.363144,62.191269,73.566231,70.165047
148.753479,60.867096,73.802116,70.869377
149.244446,60.757309,73.212746,70.817238
150.979416,61.328812,72.807571,70.781242
152.079163,61.119183,72.628731,71.050797
153.355255,60.689789,71.542145,71.545532
153.396606,60.671722,71.755562,71.803574
153.658966,59.975250,71.843987,72.103149
153.151596,60.498444,71.718880,71.536690
151.865479,59.841846,72.755035,71.905678
151.970276,59.885128,72.968140,71.968925
151.875229,59.944496,73.173027,71.910019
152.162750,55.907795,73.553024,74.706657
150.956757,56.114540,73.535622,74.584358
