1
138.995316,30.046778,39.860443,127.085670
138.942673,30.308039,39.985023,127.313484
138.605515,30.744047,40.378975,126.792648
137.808517,33.589455,40.519264,123.106987
137.815216,33.573917,41.239777,123.366737
137.036972,34.480240,42.139305,122.767181
136.217697,33.993576,43.581383,122.705528
135.768341,34.295151,44.285286,122.728584
134.821747,34.247063,45.030682,123.165741
134.716797,34.357357,45.731716,123.453979
134.347992,34.453506,46.441936,123.464783
133.946411,38.502075,47.222900,119.152405
133.689728,40.019859,47.827381,118.720230
133.178772,39.720039,48.957092,118.986549
132.453201,37.796539,49.594902,119.819557
132.439529,37.726295,50.228870,119.889778
132.045975,37.563892,50.647659,119.645195
130.866547,34.754780,51.249004,120.521271
130.794159,34.806717,51.982052,120.765213
130.737015,34.531219,52.131138,120.770332
131.029343,33.767765,52.750530,120.666412
131.307648,33.841553,53.187359,120.730125
131.447174,33.984348,53.503181,120.882561
131.693619,33.982437,53.991966,120.818542
131.771774,33.558338,53.962616,120.836548
131.769928,33.559883,54.011738,120.896049
132.034271,33.431122,54.513546,120.834221
132.561996,33.720806,54.827263,120.405029
132.659729,33.814995,54.982243,120.402847
132.771713,34.046726,54.978966,120.207802
132.815063,34.352280,55.219883,120.395912
133.140442,34.570065,55.584873,120.114296
133.338181,35.362793,56.110939,120.066940
133.491501,35.833786,56.485497,120.247444
133.139496,36.832386,56.647072,119.642258
133.209366,36.906921,56.968903,119.940170
132.404816,38.238510,56.822945,118.905029
131.955841,38.131641,56.824787,118.636047
131.676132,38.310932,57.101635,118.530739
131.833771,38.503872,57.504089,118.947273
131.900269,38.370132,57.891747,118.942947
131.920258,38.495369,57.983944,118.843391
131.903259,38.568420,57.983150,118.931297
131.874298,38.696156,57.982063,118.849876
131.654160,38.627106,58.142349,118.941208
131.765915,38.947578,58.460701,118.769501
131.678635,39.773365,58.525383,118.601631
131.770920,40.077179,58.980026,118.890762
131.689713,40.962299,59.004974,118.518562
131.669647,41.513813,59.396366,118.507568
131.499741,41.536018,59.684074,118.837906
131.393997,41.646503,59.865688,118.704002
131.358337,41.806507,59.996464,118.895271
131.082581,41.565224,59.946644,119.001823
130.423904,41.618073,59.747971,119.260559
130.405289,41.860111,60.067993,119.309097
130.520096,41.964069,60.562462,119.365334
130.233810,40.952477,61.272213,119.833809
130.066162,40.782726,61.470501,119.881866
129.573059,40.294987,61.732006,120.051315
129.600937,40.299477,61.955303,120.482910
129.592178,40.252159,62.009533,120.436913
129.623077,40.064011,62.716061,120.518623
129.662201,39.812664,63.186756,121.023003
129.740860,39.768608,63.474781,121.462311
129.550735,38.158566,63.097507,121.821190
129.739151,38.076340,63.394955,121.786179
129.721848,38.023968,63.323948,121.794121
129.694565,37.815773,63.337498,121.960960
129.773300,38.454044,62.946262,120.759033
129.679504,38.434338,62.795258,120.873528
128.989014,38.320656,62.466114,120.905586
126.891098,36.936260,61.589294,121.581017
125.779076,36.675106,62.138733,121.749847
122.399353,35.764629,63.162659,121.883461
116.632072,35.181541,65.614754,121.309937
114.447540,34.215919,67.368118,121.826538
108.755913,32.083336,72.090935,121.417320
102.422882,29.495321,72.871361,121.996918
98.520256,27.598188,72.628716,120.695389
94.143311,26.698784,71.650871,118.474815
92.900772,27.119616,70.406998,115.377884
93.041710,26.951221,69.141159,114.084595
92.706009,32.129776,64.670746,103.559784
92.957611,34.745743,62.092525,97.581612
91.007042,33.346172,59.486935,98.437630
89.711555,35.197411,59.291306,93.671265
88.928177,35.236546,62.045841,93.149338
90.130470,35.259930,63.147850,93.514694
91.188934,30.279703,64.537460,100.831718
92.475769,29.821972,64.925056,99.990593
99.577919,28.797827,67.449615,102.446121
104.751656,29.862434,67.993073,99.401443
113.588707,29.180271,67.875587,97.237366
117.251389,30.390793,65.916870,96.763290
117.347458,25.358831,64.905594,106.433762
116.287239,23.250298,64.686699,107.028549
116.488831,23.318363,64.667191,107.136528
116.827881,24.106710,64.808960,106.300003
112.409828,28.355663,63.970093,103.121017
112.447517,28.552452,63.973953,103.522858
113.636444,30.436117,62.628811,106.201385
110.964882,29.263641,64.379143,110.358345
111.023727,29.371775,64.469566,110.435081
114.317917,30.098709,62.764618,109.867126
115.622017,33.034527,63.801723,106.201599
115.596550,33.163033,64.326706,106.465118
115.660088,33.166569,64.514877,106.559525
117.467346,32.855427,64.675034,108.119064
117.607002,33.258263,65.023621,108.315239
118.804817,33.374088,65.999054,108.139992
122.267670,34.078953,61.599506,108.883598
125.541534,32.983665,59.205307,110.536568
122.612305,31.468269,59.650753,110.318375
121.919502,34.110287,60.052574,106.045021
121.964752,36.758701,59.883968,105.660667
121.890671,37.296444,59.811916,105.677483
123.704025,36.551105,59.503105,105.979996
124.399681,36.634502,59.764462,105.474670
125.680153,36.066635,59.439995,103.719627
125.621529,36.060028,59.270092,103.758453
125.398949,35.172058,59.318310,103.854500
125.930290,32.199818,61.222801,104.332336
125.957413,32.391106,61.457447,104.648834
126.135597,31.970184,61.017406,106.331093
127.116440,32.656322,60.354877,106.557999
127.658012,33.354130,60.264595,107.084587
127.847076,33.663708,60.251060,107.349800
128.818588,36.455063,59.526119,107.057083
132.050491,48.199142,60.480919,103.757271
132.513580,48.948200,60.512695,103.593826
135.205124,50.501041,60.658981,104.279869
136.767227,53.989655,60.822487,102.845360
137.073151,58.667870,60.250576,101.609985
136.621155,62.245945,62.918678,99.809891
133.467087,63.727604,73.109505,100.162575
132.842896,64.127441,74.683861,100.395920
127.424477,62.831028,80.015160,96.446022
126.500084,60.165920,86.935768,88.001389
127.903893,59.127678,87.769669,83.637856
124.463249,50.751995,89.337677,80.188339
123.907135,35.541843,90.062798,80.201698
130.848816,34.688686,89.251205,81.668877
142.742813,38.721573,84.803726,90.611610
141.339981,36.949764,84.951347,96.776245
140.523560,38.294765,84.244110,98.711166
137.975174,41.506252,83.367188,98.974922
134.410934,48.052364,84.034164,96.695969
135.477005,49.916660,84.284401,95.441399
134.957809,53.997723,84.859108,91.658661
135.430283,61.026844,86.105934,87.426590
136.423935,62.813671,84.499077,85.174828
136.291946,61.626980,78.031952,84.821617
136.121353,68.716728,75.156006,86.263786
138.778580,70.850441,74.547318,86.151382
141.453308,71.758698,73.226280,85.310394
140.598846,70.366112,72.626572,84.964806
140.405792,65.591011,71.882668,83.807304
137.500381,58.532948,70.211594,82.748337
126.494865,57.502449,74.685631,78.753014
117.610352,54.350670,74.993523,74.900986
104.136345,44.945889,74.443077,67.801483
103.686386,37.541527,72.245308,63.281498
111.995865,39.243664,71.380692,60.161736
119.846443,41.607414,71.597382,56.811527
124.455612,42.534870,69.992493,57.545486
125.982246,39.441700,69.265587,60.783470
126.762260,41.161247,69.273758,61.503048
133.516464,40.724552,65.744881,68.803734
139.871063,40.025135,65.303871,68.602249
141.511261,40.978992,63.755146,68.017479
142.270279,37.800175,61.690350,71.433960
142.116882,36.078968,60.783089,71.374901
143.240540,35.830647,60.720387,70.112434
147.646973,33.268887,61.157040,67.860870
151.900497,34.849293,61.173923,66.021339
153.894775,48.838947,60.226810,63.134602
145.478821,54.167675,60.446728,59.390030
149.270737,56.138981,60.000450,58.612492
147.381592,54.580467,58.410679,59.284935
146.905167,53.082409,56.008774,59.101974
148.392334,52.615173,56.069664,59.069931
153.878998,61.616909,55.134293,60.802464
154.183792,62.340496,55.074928,59.586411
154.558701,62.947289,55.062721,59.290199
154.500244,63.244617,54.418640,59.117645
154.577026,63.389011,54.423683,59.374603
154.668274,63.676186,54.166885,59.239716
154.896957,63.810703,54.379753,59.471153
155.459518,63.863354,53.547085,59.483826
156.412903,62.543644,53.979469,58.494286
158.244324,61.846085,52.608318,58.206985
159.584595,60.188221,52.540844,57.880379
160.359482,60.259228,52.469276,57.904541
160.846558,60.102516,52.220619,57.746494
163.064728,60.926823,51.361248,58.190163
163.833435,61.353924,50.748741,58.372387
166.684204,61.452927,49.838943,58.998016
166.573578,61.606689,49.875679,58.912735
166.653442,61.665375,49.910049,58.965122
166.182999,62.111702,49.741943,59.023731
165.812378,62.095951,49.849312,59.941990
165.189667,62.211475,49.565002,59.886410
163.420303,61.758846,50.106167,60.481079
162.651474,61.454166,50.544617,60.233757
161.375397,61.511585,51.026505,59.994518
