1
128.520493,24.872677,54.272751,117.845741
128.771652,25.860731,54.442829,117.319588
128.988037,26.348619,54.376884,117.061462
129.068268,26.899931,54.427826,117.095490
129.329468,28.257120,54.275349,116.150726
129.737320,29.379967,54.526485,115.677269
129.955994,29.619610,54.977551,115.897385
129.931091,29.672346,54.978256,115.958130
129.935516,29.833223,54.945057,115.938789
129.750763,29.522902,54.640587,116.330307
129.893280,29.550417,54.967785,116.466705
129.748230,30.149830,55.005825,116.049347
129.568405,30.726585,55.258377,116.066856
129.451981,31.567141,55.493687,116.027206
129.115555,31.824930,55.399841,116.393959
129.151199,31.880535,55.472549,116.446510
129.144501,31.891331,55.483578,116.451584
129.136917,31.977755,55.492142,116.417343
129.128555,32.206154,55.486488,116.349625
129.077728,32.322376,55.516678,116.429970
129.311493,32.383419,55.984070,116.432121
129.356522,32.421459,56.114388,116.478249
129.526855,32.595692,56.500832,116.361580
129.741562,32.826641,57.336746,116.296417
130.208878,33.856815,57.704845,115.495224
130.361053,33.824787,57.993668,115.459854
130.439072,33.816853,57.987293,115.446747
130.955124,33.890743,57.776451,115.420166
131.128342,33.986694,57.981934,115.423241
131.169113,34.105721,57.984306,115.414131
131.527374,34.135532,57.931259,115.846924
131.806580,34.859272,57.969227,115.712555
131.804367,35.050842,58.001793,115.989372
132.020584,35.214550,58.489445,115.893349
131.954239,35.265152,58.561722,116.061600
131.693329,36.533482,59.157127,115.831154
131.588760,37.021076,59.640335,115.893250
131.774323,37.336864,59.868195,115.799072
131.657745,37.226173,59.968479,116.048386
131.290787,37.147427,60.063435,116.517418
131.347168,37.662331,60.371040,116.845833
131.161545,37.810509,60.411057,116.817505
131.128830,37.804527,60.392639,116.992325
131.115875,37.755478,60.420094,116.964798
131.026505,38.233871,60.314007,116.684448
130.945999,38.593315,60.522430,116.855324
131.156403,38.779194,60.965725,116.842850
131.027328,39.125710,60.872711,116.772453
130.822495,39.776340,61.028660,116.691925
130.746155,40.115059,61.437641,116.694946
130.381088,40.443253,61.349258,116.769302
130.021744,40.584831,61.355122,116.741226
129.800797,40.749992,61.409710,116.897148
129.307053,41.639202,61.548080,116.323555
129.204910,42.807053,61.881958,115.486412
129.024216,42.816120,61.983421,115.438210
128.852707,42.719589,62.011051,115.509773
128.583694,42.135689,62.436043,116.726151
128.025223,41.704884,62.221916,116.840897
127.388870,40.267319,63.508659,117.676094
127.305611,39.053123,65.065437,118.819450
127.644508,38.974728,65.433914,118.988937
127.661758,38.095524,65.403923,119.485237
127.785797,38.480377,65.359138,118.833694
127.849327,38.472488,65.422424,118.952095
127.890381,38.606041,65.446236,118.838005
127.914665,38.690483,65.445915,118.932159
127.881577,38.552677,65.345581,118.975197
127.926376,38.316917,65.407852,118.948364
127.915848,38.234718,65.357506,119.036568
127.826118,38.315502,65.261169,119.494484
127.519562,38.008514,65.063911,119.725151
126.055016,37.079552,64.983337,120.467506
125.060005,38.306400,65.022369,119.550354
120.861298,37.975842,69.492912,119.094048
114.086479,38.184883,75.044800,117.510864
112.045273,38.131542,76.160721,116.940804
109.005714,36.277534,77.209541,117.042107
103.525635,34.638737,76.902336,116.918793
99.913750,30.592571,75.070976,117.746712
96.197914,29.985382,75.045952,115.812469
94.455559,28.993572,70.690689,113.315300
94.257744,28.879665,70.554398,112.956757
92.023453,32.919296,67.543022,103.973343
92.675217,33.473011,65.538696,100.366035
92.468964,32.938030,61.782715,98.897156
89.657814,36.582664,62.279217,92.074631
88.693260,36.097363,67.235405,92.511154
88.894325,36.418156,67.477158,92.855453
90.176666,31.707914,68.076355,99.571663
92.871643,28.552198,68.123718,103.161964
98.505089,29.075533,68.838379,103.467972
107.455177,29.196653,69.937920,101.491280
119.910873,30.550640,68.860184,99.222260
119.435822,30.789766,68.760651,99.999237
117.818542,26.791174,69.360268,105.040520
112.140358,22.860630,69.694878,108.558083
112.028259,23.328749,69.762695,108.532310
112.517319,23.513840,69.550552,108.090996
108.422722,27.219921,68.638611,107.119385
108.598602,27.403223,68.956810,107.457993
109.040031,27.158716,67.867195,110.314621
107.417015,27.613701,67.831718,111.713669
106.958290,29.150560,68.163620,111.129410
112.469109,30.063175,66.183411,111.053871
112.682426,32.660896,67.669044,108.912041
112.937813,32.625244,68.473923,108.839027
113.168610,32.841110,68.560234,109.403229
114.255211,32.641167,69.183319,110.395676
114.413788,32.709839,69.454880,110.439087
115.484711,32.753761,69.847252,109.964005
118.720200,32.530460,66.112473,110.556137
122.489319,32.887772,62.602501,111.565262
119.765648,31.095619,63.816032,110.679695
119.568222,34.208313,63.753307,106.122734
119.829865,36.843266,62.719559,106.043068
119.772118,37.528244,62.932503,106.020821
120.020218,37.562187,62.980778,106.457245
119.991661,37.548119,62.907898,106.374771
122.503113,37.625854,61.264824,104.384743
122.899788,37.859951,60.846771,102.994522
123.116692,36.625393,61.142136,103.145126
124.223953,35.075153,62.294315,103.243835
124.355400,35.227428,62.406315,103.556656
124.634483,34.939182,62.175514,104.787659
125.155930,34.954838,61.427132,106.038124
126.052917,35.961491,61.045528,105.792526
126.337006,36.147972,61.428905,105.896141
127.244598,37.892628,60.707172,106.064377
131.334167,48.856144,61.012619,104.288902
131.927094,49.555828,61.496143,104.128662
133.988831,51.200710,61.439892,104.367516
136.021622,54.556267,61.080627,102.885468
136.651016,56.381207,61.066181,102.480011
136.635941,59.826012,62.210705,99.477768
134.041672,61.101925,69.256706,98.749702
133.870270,61.408810,69.915428,98.791489
130.620422,59.931755,72.094124,93.092117
130.831894,57.138828,77.068375,86.106865
130.270645,57.397915,78.943855,81.808281
122.109825,45.123848,80.924744,76.726830
126.169556,37.695240,80.798126,77.259804
136.299835,36.519135,80.297737,79.395477
147.731674,38.350037,76.991371,89.693649
146.711853,39.431328,76.869949,93.496063
145.016357,39.172108,75.838600,98.880798
143.343689,41.052975,75.649124,99.236595
140.824554,49.729256,75.196327,96.156090
141.706772,53.134293,75.380295,94.075935
136.343475,57.782139,76.571869,89.836342
136.629761,64.764229,78.668983,84.738243
136.801987,69.362801,78.256172,80.662094
135.925400,71.652252,74.329872,78.659035
136.156708,73.765022,73.881813,79.689995
137.284592,74.809219,73.256531,80.123505
141.934753,75.795738,71.902283,80.522118
141.180237,74.626701,71.505959,80.894775
141.360733,73.304214,70.417679,80.155693
138.723892,67.505157,68.427231,81.681496
128.074478,68.301216,73.136429,80.482605
122.184341,67.378632,73.104477,79.371414
109.630280,55.527878,73.113937,75.670242
105.760612,41.914467,72.671883,70.068153
114.181938,40.552605,72.625374,65.616806
114.047798,41.712086,83.700371,61.330410
114.737709,39.256664,82.439217,63.636471
113.039444,32.340443,82.146034,66.503349
115.981392,34.133045,81.437553,67.656631
119.058815,32.825626,77.033302,75.243134
122.040726,30.100674,77.608147,77.798325
122.626175,31.867363,78.569305,76.301521
125.514687,32.414631,78.867424,76.417870
126.672668,31.293144,78.957146,76.224144
129.889511,29.979504,79.316681,75.615608
136.218109,27.202486,86.370697,72.892876
140.146667,27.366188,85.817078,72.682228
156.305786,36.001106,89.070053,72.286430
161.711594,27.215649,90.854973,73.205322
163.213745,27.324768,92.158569,73.288452
163.338272,27.620628,92.400848,73.544044
163.413177,27.875937,92.397453,73.878059
163.493591,27.204273,92.520653,73.960960
165.292435,25.111174,94.949028,73.871681
164.654709,25.535980,95.120331,73.736130
172.606491,25.176662,97.224960,73.381226
171.911407,21.367907,97.256027,73.509239
170.346451,21.554457,97.005440,74.051010
169.491959,22.783440,97.256371,74.661079
169.143539,23.898792,96.990227,75.072395
175.010223,24.043074,97.532814,74.936119
187.872650,20.291252,98.753212,74.703575
195.438889,22.103685,97.118538,75.460747
195.429184,22.444304,97.374222,75.297852
196.005127,22.827621,97.183853,75.311813
196.906967,23.361052,96.712715,75.192841
196.838013,24.266193,96.332321,75.696991
197.669556,24.417654,95.625443,75.931114
199.250076,24.136551,95.012642,76.197647
199.557724,24.382282,95.319168,76.494888
199.656128,24.461617,95.460663,76.462860
199.600006,24.494240,95.484032,76.463844
199.509521,24.584158,95.543633,76.414894
200.193756,24.886772,96.127762,76.186653
201.150467,26.051931,96.525291,75.930305
201.525208,26.051760,96.993851,75.707664
203.979416,26.394205,97.150444,75.575714
