1
133.540207,26.847441,49.630516,127.959091
133.793930,27.252016,49.991463,127.365723
133.797974,27.497957,50.001759,127.292389
134.059341,27.685789,50.498234,127.317154
134.134628,29.117867,50.456470,125.827347
134.174011,30.386938,50.513393,124.408257
134.331207,31.116098,51.065609,123.436981
134.435379,31.806408,51.506744,123.083138
133.843811,32.278912,51.880760,123.103065
133.691666,33.536057,52.007805,122.783104
133.593140,34.257854,52.431530,121.747284
132.994339,35.422733,53.074993,121.241096
132.895950,35.780228,53.567883,121.139748
132.913162,35.968510,54.155624,121.351906
133.083054,37.309593,54.834435,120.260239
132.812439,37.368885,55.006744,120.129234
132.662109,37.188133,55.617432,120.360268
132.173126,36.481255,56.059639,120.255608
132.250732,36.721954,56.644760,119.981354
132.102386,36.117233,57.059433,119.948891
132.186462,35.722828,57.548508,119.990463
132.258453,35.139252,57.947464,119.987656
132.225800,35.077644,57.997715,119.845085
132.189178,35.099449,58.033943,119.853348
132.449600,35.448437,58.474632,119.663673
132.361221,35.551075,58.517494,119.882477
132.638718,35.818321,59.024269,119.723244
132.994659,36.141991,59.481228,119.531731
132.943771,36.227806,59.445652,119.858658
133.004089,36.457542,59.525730,119.720436
133.256821,36.573936,59.924751,119.900650
133.171143,36.505863,60.118027,119.881989
133.125092,36.369049,60.661686,119.893036
132.937225,36.220596,60.885666,119.763191
132.694427,36.910686,60.904316,119.445274
132.684631,37.205944,61.004185,119.247971
132.095169,39.218544,61.273987,117.470085
131.641434,39.467644,61.188175,117.030312
131.321152,39.333965,61.182865,117.353607
131.252975,39.312843,61.335949,117.311577
130.959457,39.270924,61.133385,117.342316
130.737289,38.908443,61.105442,117.612434
130.762604,39.034801,61.417591,117.956131
130.519104,38.972092,61.207481,117.864601
130.616928,39.239956,61.417248,117.769539
130.508438,39.370773,61.483307,117.960274
130.443924,39.539265,61.469421,117.829880
130.192993,40.164967,61.245800,117.419563
129.950577,40.309700,61.354687,117.254135
129.806381,40.448914,61.498013,117.387360
129.577164,40.386124,61.371151,117.442635
129.329453,40.185432,61.263958,117.463203
129.162384,40.024963,61.401421,117.505402
128.855637,40.506149,61.347515,117.683189
128.850525,40.742542,61.499905,117.881004
128.804062,40.882591,61.451107,117.874519
128.676025,41.055145,61.389774,117.821587
128.639328,40.115307,61.414978,118.282410
128.637863,40.190918,61.438633,118.382103
128.811752,40.844574,61.597382,117.720779
128.905655,40.824287,61.937447,117.947731
128.899139,40.441700,61.962444,118.125877
128.724564,39.265594,62.062656,119.016533
129.026428,39.439327,62.388191,119.404518
129.088303,39.516891,62.486919,119.377289
129.117386,39.470737,62.526402,119.345459
129.333664,39.374180,63.022545,119.443542
129.434753,38.728329,63.328205,119.623894
129.529800,38.800255,63.447433,119.860588
129.519028,38.592289,63.321896,120.018593
129.545914,38.720367,63.392113,120.465866
129.265106,38.355892,62.244900,120.379410
127.850471,37.718697,62.445911,120.401306
127.062187,37.763805,62.543407,119.940094
123.153137,36.052174,65.377518,120.292053
116.689079,35.248653,68.398064,119.721458
114.035210,32.624470,68.904655,120.638596
108.362976,33.945656,72.262901,117.901917
103.608253,31.845959,73.240150,117.208450
101.880043,30.990927,74.799301,116.510948
96.930519,31.081736,74.040390,114.208321
95.467270,30.470745,69.417969,111.871574
95.189819,30.246351,68.811913,111.157074
92.736992,37.324173,65.935478,98.970909
93.436958,36.421059,63.333916,96.321144
92.457077,34.368042,60.810879,97.786217
90.513893,37.455692,60.361618,91.031235
90.190872,36.953529,61.762276,91.807755
90.850822,36.722263,62.638603,91.859299
91.103920,32.875736,63.578232,98.472061
91.266602,33.081676,64.383705,98.363846
94.765350,31.701315,65.723190,100.109749
100.211487,33.613380,70.391754,94.627518
106.272400,31.864742,70.063591,94.334694
110.320702,30.896912,70.073647,95.059464
113.767021,26.809935,67.649010,103.116501
112.949532,25.671255,68.247406,103.404984
113.946480,24.859524,67.970451,103.464851
114.397430,24.676529,67.529518,103.517532
111.434967,27.530539,66.834671,102.878029
111.512466,27.582382,66.954636,102.996742
113.514267,30.067343,64.218033,106.049683
111.497818,30.036648,65.244980,108.528976
111.533913,30.453110,65.505333,108.832069
115.237190,30.073454,63.423309,109.020454
116.459633,33.166759,64.093506,106.755852
116.623085,33.311100,64.570534,106.871613
116.808197,33.392628,64.978935,106.957474
118.537781,32.740818,64.758766,108.223816
118.623604,33.111237,65.112778,108.300232
118.986229,33.120052,65.653366,108.691086
122.348206,33.007458,61.628059,109.061646
125.078186,33.148319,59.320625,110.579865
122.091293,31.611269,59.650753,110.318375
121.398491,34.253288,60.052574,106.045021
121.443741,36.901699,59.883968,105.660667
121.033821,37.667137,60.029083,105.472023
122.483894,37.178581,60.396164,105.296638
122.758430,37.259205,60.398907,105.221527
124.248390,36.575115,59.596836,104.790474
124.363991,36.603630,59.733471,104.725266
124.462334,36.007267,59.846062,104.911285
125.217094,34.116798,61.626881,104.453262
125.291687,34.239719,61.980640,104.743912
125.439461,33.553020,61.681461,106.598228
126.268852,33.791206,61.095112,108.014481
127.308479,34.433586,60.855515,108.270523
127.695976,35.339741,60.355095,108.323761
128.973358,37.419613,59.033833,109.189323
130.819733,47.520226,60.043365,105.526207
131.559601,48.395756,60.473537,105.612869
134.481445,51.430618,60.352676,105.570213
137.299698,56.063343,59.939777,103.529488
137.401550,58.861893,59.604630,102.821083
136.776276,62.018089,62.058434,100.395088
134.032486,62.742397,70.202873,100.528542
133.740570,63.073765,71.080498,100.858902
129.202759,62.374424,76.400085,97.028519
128.299454,59.286194,83.287094,90.966164
128.272797,59.043152,83.929672,86.990891
127.399185,51.528519,88.299965,81.468468
125.205894,35.844467,90.355835,81.403580
132.881882,33.539116,89.757866,83.291779
145.603912,42.012138,84.904373,89.045662
143.235580,41.021854,84.760612,92.907806
142.229355,41.380466,84.330994,95.524773
140.455399,42.928143,83.775703,95.815193
137.607040,49.855293,83.219772,93.178528
138.463776,52.025303,83.058624,92.328873
136.872009,58.092796,84.328850,89.047241
136.048889,66.985573,85.897850,82.429550
136.257126,70.196808,84.091827,78.697487
134.742432,71.618080,78.905861,77.197495
134.706879,73.976616,77.851898,78.458321
136.395309,74.844971,77.282158,78.280685
139.017624,74.098145,75.070641,80.216187
140.039337,71.584366,73.162674,80.896278
140.274887,70.160461,72.746178,80.598724
138.440353,62.083622,70.522812,82.133827
125.759048,57.205906,77.300110,78.102531
116.633125,54.421974,77.283974,74.258919
103.205727,47.068413,76.655273,66.631409
101.221588,39.884033,74.543915,62.550014
110.708984,40.798035,74.037788,60.454758
117.389824,42.467403,81.060966,56.941784
121.621643,42.352173,78.140709,58.791912
123.025002,36.073715,77.166595,64.508141
123.557861,35.875355,76.933083,66.799889
124.722000,37.299068,74.278381,70.681221
129.186356,36.534897,73.845901,72.167130
129.950104,38.105793,74.189987,70.943939
130.720444,38.088890,74.071815,70.780434
130.139069,36.489258,73.426514,71.274178
131.908615,37.003803,73.767044,68.906349
137.408661,33.293991,75.252090,65.596519
142.484756,36.750744,75.020302,65.275459
149.003311,47.097603,74.021385,62.656101
142.876831,52.349026,73.487366,61.032494
143.453278,55.701271,72.015068,60.536400
141.776718,54.983051,70.049957,61.424126
141.460297,53.929401,67.079742,61.847828
142.185562,53.600925,66.723160,61.941200
149.809708,63.676422,65.163300,63.254646
149.716705,63.903366,64.572723,62.987751
150.106140,63.887341,64.081276,62.482117
149.628586,63.864017,62.464092,61.919765
150.060654,63.855953,61.816578,62.192921
150.932404,64.914268,60.481079,61.523865
152.202484,65.036751,58.264332,61.571053
152.606323,64.018364,57.851200,61.674084
154.561310,61.887180,57.506470,61.560364
155.753815,61.454502,56.945755,61.807159
157.781601,59.961685,56.459690,61.954754
159.172745,60.165932,55.476063,61.672474
159.983826,60.037415,55.292576,61.752682
162.000061,60.586525,54.626442,61.980473
162.690598,60.619869,54.571877,61.948250
164.556183,60.684944,54.121613,62.121769
164.782593,60.909588,54.303272,62.397720
164.827148,60.936264,54.376984,62.467552
164.803741,61.121807,54.279327,62.394547
164.040482,61.095402,54.301090,62.460918
163.801804,61.158955,54.171516,62.385540
162.395447,60.646091,54.986965,63.272499
161.375290,59.754391,55.849190,63.765083
160.295166,60.146938,56.064713,63.588024
