1
156.015793,50.854050,81.279572,89.945419
169.238785,48.655773,80.784424,89.133919
180.005844,46.548347,79.264061,87.393555
183.479080,47.013531,78.943275,86.033546
168.753494,50.827839,81.630608,89.023354
155.423996,55.054195,80.877853,91.012779
152.661224,59.854588,80.925453,92.012138
135.437088,65.705360,82.098663,89.516045
122.219048,69.259697,79.022095,89.162170
124.804878,79.046288,76.966507,89.375412
127.026024,80.162132,77.411652,89.709221
132.622452,70.001060,78.727760,87.633049
154.828506,67.895775,79.110207,84.878189
179.313293,62.452225,78.572739,83.336861
189.904221,54.934963,77.465195,80.004387
184.295471,50.298859,74.113823,80.647308
185.175720,49.638222,74.276161,80.905685
198.937180,52.865810,74.910103,80.419853
211.937958,48.376774,74.583099,79.024391
227.074829,53.390415,73.830818,82.589012
256.658752,65.940842,75.249947,82.235001
280.166992,72.111183,75.172516,82.202690
270.887085,74.467957,72.779015,82.810089
268.771667,84.578278,73.227737,84.424438
281.418610,87.851097,72.986603,85.435600
280.395813,89.605629,73.484802,85.305824
252.315567,85.628387,76.385773,85.636230
224.769073,77.683968,75.618340,86.744789
218.003494,70.070648,77.913818,85.318436
210.687561,62.267700,78.204697,85.980499
200.681412,66.662483,77.421631,85.992775
194.380966,77.882378,80.251335,89.300835
196.791779,87.606880,80.536118,84.605034
194.223541,88.639481,80.275177,84.505112
194.860886,99.291130,79.010452,84.650024
202.026550,109.020729,78.370461,83.734451
196.191849,111.848175,76.803673,84.228256
218.013992,122.760368,76.896729,85.585022
242.753006,138.904724,77.559532,84.746796
258.512299,145.711395,76.785606,86.151543
267.919189,148.567825,74.696968,87.319992
278.233673,149.300446,73.454453,87.801971
271.829132,141.438812,75.322945,89.178474
263.622742,133.596436,73.483269,89.330429
256.580078,128.502380,75.916664,88.260666
252.712173,128.925934,75.551842,87.458267
247.166779,128.395676,75.450203,87.021103
232.603500,123.154488,74.430283,84.882538
214.241684,122.741547,72.592957,81.861496
199.807724,117.352020,71.943977,79.732002
186.471313,112.488800,74.619797,78.667717
171.358871,113.134926,72.954758,78.422119
162.309555,116.922493,69.764893,78.866081
155.943298,125.141869,71.003075,80.214661
150.796555,129.982437,72.484673,77.665062
146.605850,131.299149,72.340248,76.712189
146.707733,131.437714,72.478928,76.956779
146.741791,131.457825,72.485931,76.951546
146.748016,131.482040,72.464920,76.966217
148.462692,131.060287,72.475983,77.618500
149.025131,131.125214,73.589096,78.009872
149.071747,131.403580,75.571304,78.122948
151.264664,131.409714,75.757607,78.988060
153.559387,132.469208,76.855530,79.294983
159.005463,135.703186,77.198586,82.468384
159.778107,137.967163,78.045074,82.054077
159.866837,138.293747,78.747276,82.649879
162.389267,140.135330,79.652924,83.120232
167.466919,145.978500,80.102219,88.494865
167.668900,148.211014,82.395073,89.396049
167.929062,148.255829,83.126953,89.372810
165.814026,148.499146,84.928696,88.954140
158.549850,148.386490,91.299057,90.745705
158.572144,148.859711,91.360092,91.429443
161.521118,154.479462,89.548782,92.829659
165.082184,159.880157,91.624588,99.200279
163.041519,163.652344,93.882652,98.980263
158.417496,165.535522,96.069138,98.829071
151.637878,165.130417,95.846977,98.419601
143.007507,163.289673,96.552513,98.393303
142.874329,163.430008,97.238564,98.278702
140.595139,165.738052,100.049477,99.347412
135.748276,168.436478,102.411026,100.202682
132.123032,171.559143,104.111275,101.102203
125.972748,174.522308,105.741959,102.067398
118.927528,180.873749,106.927017,105.197670
113.051857,188.816940,107.601646,108.421326
108.087151,197.260818,110.196854,110.247108
104.586739,201.089157,112.277931,109.776901
103.503082,201.931656,112.872406,109.454185
101.320801,202.857208,113.353630,108.758171
100.191689,203.559113,113.924614,108.790794
100.232529,203.681427,113.940407,108.950447
100.294235,203.874710,113.943817,108.913605
100.296455,204.009979,113.957970,108.933968
97.511154,204.042068,114.823067,108.595650
98.744492,203.826645,114.300453,108.072998
106.241531,195.669876,115.516129,107.863724
110.727890,186.139557,117.595261,106.974854
111.856758,179.887741,117.576546,106.304543
109.890640,175.986710,116.680222,107.890312
105.677094,169.955551,118.463539,108.661530
102.634720,171.453125,118.458099,106.694962
95.133629,172.846786,118.398567,105.876503
88.269554,174.372879,115.946358,110.628212
83.047928,179.752533,117.816399,110.771866
81.738991,180.544464,117.961937,110.194748
76.684868,181.234879,117.830276,109.990685
74.711525,181.184860,117.565414,110.342163
74.926064,181.264084,117.941727,110.452393
74.939568,181.292145,117.920967,110.437363
76.320702,179.996033,118.135223,107.397301
86.036354,168.777435,118.374008,108.001556
90.967514,153.734955,114.652496,112.474396
90.451668,140.291794,114.762077,112.652992
94.174255,135.211517,115.361443,106.891815
105.962059,128.036942,115.781120,103.695251
113.025719,123.360916,114.937103,104.716797
118.575218,118.163582,113.878227,105.099388
132.059479,111.935921,114.350746,105.669014
141.385788,107.795731,110.373421,105.927628
141.435059,107.830788,110.449074,105.952698
141.457962,107.854736,110.445480,105.954300
147.205353,108.235710,112.171318,104.330147
150.626755,107.843422,113.319160,104.278137
151.859558,107.907227,114.399429,104.181282
154.576691,106.929001,114.518829,104.623016
157.676193,105.995377,114.509361,103.519608
158.206116,105.762405,115.007133,103.626503
158.449844,105.949440,115.442963,103.955193
158.477570,105.982788,115.441002,103.950241
156.851044,106.867218,115.353508,103.728981
157.379105,112.127510,115.086189,105.307823
158.945435,117.113800,114.860214,107.628906
159.501740,118.526192,114.681381,108.502808
159.943832,119.176041,114.838806,108.970497
160.296341,119.440376,114.820969,108.810349
160.384506,119.543365,114.941826,108.949379
160.410904,119.568977,114.943214,108.953033
161.201645,119.593224,115.057236,108.652229
162.892761,119.741852,115.052261,108.008331
163.623917,119.807259,114.786888,108.419121
163.266037,119.414337,116.144073,108.359924
163.489929,118.847023,116.511490,108.002693
163.728531,119.029617,116.961426,108.386032
163.743927,119.086510,116.942444,108.452927
163.769974,119.110344,116.942223,108.453247
163.796127,119.134026,116.942223,108.453247
163.821625,119.215836,116.940880,108.422508
163.862503,119.314056,116.931267,108.443291
163.914917,119.562737,116.974106,108.549995
164.291458,120.207184,116.735146,108.849762
164.666397,120.420258,116.880798,108.900185
165.027466,120.775414,116.936188,108.873497
168.194244,121.175377,116.698952,108.890312
169.778107,121.330597,117.356056,108.468414
172.673584,121.267868,117.621231,107.962189
180.912888,121.119148,118.807808,105.889961
192.365021,120.036522,117.522903,104.630371
202.792343,118.689339,117.996506,102.695717
210.589386,118.243774,114.456902,102.783829
210.602448,118.364990,114.427063,103.004410
201.563843,123.201698,114.558014,104.225540
199.918762,123.975716,112.445152,104.142792
199.903763,124.285278,112.572609,104.075897
201.865433,123.946259,112.553116,104.434303
202.090317,123.968048,112.947807,104.431129
201.806152,123.760368,112.683548,104.503357
201.922424,123.965752,112.907158,104.946823
201.956284,123.987457,112.946701,104.951797
201.954468,123.963387,112.965355,104.918472
201.969070,124.003929,112.944458,104.955513
201.995255,124.023071,112.946625,104.959457
202.019302,124.043633,112.944199,104.954758
202.044556,124.066544,112.944199,104.954758
202.069824,124.089455,112.944199,104.954758
201.986313,124.108398,112.971985,104.959305
201.997665,124.129044,112.944199,104.954758
200.841644,124.798340,113.172874,104.741112
199.808136,125.981461,113.521126,106.015808
199.219635,127.923866,113.484993,107.076729
199.051331,128.432449,113.504593,107.389572
198.937653,129.854919,113.581642,107.119049
198.790329,130.877121,114.158226,107.199631
198.944626,131.049042,114.454887,107.444176
198.956207,131.085144,114.449326,107.452293
198.978882,131.109299,114.443459,107.453682
199.006866,131.133774,114.449364,107.450104
199.029510,131.159027,114.443459,107.453682
199.137802,131.177368,114.440155,107.447441
199.291687,131.094650,114.430923,107.424820
199.364151,130.832947,115.068398,106.978996
199.610443,130.834961,115.454910,106.952232
201.718918,130.563644,117.276482,106.678520
202.107513,130.710785,118.232620,106.836090
204.166702,131.075531,119.486206,107.495728
204.857086,131.099426,119.405960,107.579659
205.558075,132.259109,120.217888,108.678207
205.897980,132.963867,120.461731,108.871712
205.248993,134.877731,121.650764,109.414276
