1
156.431366,52.572235,83.766518,91.438576
169.360931,49.478817,82.425659,90.028984
179.714142,45.933056,79.737320,89.107048
183.318024,46.345222,79.342491,87.652206
168.151535,49.440701,83.277634,91.017906
154.979446,54.931339,81.408165,92.026352
152.488464,60.001595,80.760582,92.802917
135.969040,65.556541,81.562569,89.810783
122.190018,69.179367,78.491905,88.764320
125.115761,79.559631,75.776863,88.424217
127.469139,80.689308,76.821480,88.618164
132.791580,69.311661,78.632614,87.675140
155.680588,67.257210,79.362656,85.061317
179.789551,62.299564,78.524849,83.767593
190.417343,54.500248,77.862549,80.637756
184.216110,49.345421,75.140678,80.614311
185.060608,48.558891,75.269386,80.856430
198.493179,51.956680,75.333923,80.476067
213.137253,47.962048,74.335991,78.830605
228.206070,52.351315,73.238457,82.822807
258.214264,65.557655,74.430542,82.838272
281.840790,71.870537,73.997673,83.334999
272.247925,74.456635,71.687340,83.686501
269.313843,84.259834,72.224159,85.705055
281.600098,87.548843,71.830490,87.324135
280.807281,89.388000,72.406425,87.118713
252.117035,85.439407,76.132782,87.298958
225.074158,77.358849,75.296890,88.668343
217.267731,69.659866,78.580887,86.903450
210.691544,62.238049,77.785370,86.386559
200.649216,66.398102,76.827568,85.658768
194.365646,77.548370,79.195221,89.371719
197.698608,87.856979,79.296089,84.563301
194.133255,88.938309,78.519180,84.351768
194.591354,99.879776,76.979828,83.159569
200.861237,109.590210,77.936279,82.464493
195.526535,111.719757,77.223648,83.134743
218.389145,122.950523,77.042915,84.558037
243.251129,139.290771,78.803535,84.421684
259.240265,145.025574,77.155220,86.305359
268.722260,148.164551,75.721039,86.608208
279.251617,149.312790,74.420448,86.453163
272.595947,141.018585,76.103058,88.685631
264.690491,133.458984,74.224968,89.221008
257.348907,129.095673,76.780052,88.563828
253.227036,129.569366,76.578651,88.212555
247.395203,128.617630,76.375717,88.325684
231.833527,122.111542,76.063416,87.459793
214.693375,121.543640,74.011635,84.486961
198.677032,115.496887,74.787323,82.763893
186.628601,111.875656,75.882256,80.981300
171.392929,112.968086,73.714691,80.132927
162.101913,117.252312,70.486893,79.624069
155.705765,125.417534,71.328865,81.302612
150.154465,130.662048,73.083946,78.714684
146.114502,131.651672,72.910866,77.912048
146.387436,131.605087,73.516510,77.745255
146.667664,131.714462,73.999756,77.984093
146.667007,131.722397,73.964241,77.965744
147.758926,131.421539,73.900703,78.384026
148.527985,131.372269,74.824997,78.531853
148.564651,131.644211,76.347687,78.558731
150.918533,131.601791,76.254532,79.433922
152.438705,132.453430,76.977509,79.398415
158.334015,135.595871,76.867737,82.603279
159.656540,138.001541,77.321411,83.053833
159.513428,138.365372,77.951057,83.544334
161.488388,139.542755,78.479279,84.022446
166.274017,145.821548,77.834747,88.709496
167.383408,148.682037,79.836998,89.062378
167.162003,148.622818,83.677361,89.275703
165.206818,148.865463,85.270905,88.979439
158.820404,148.854645,91.006004,90.236893
158.590820,149.604340,91.467224,91.279587
161.486237,155.299026,89.548782,92.829659
165.047318,160.699722,91.624588,99.200279
161.951675,165.469299,94.720100,98.138527
157.355804,166.889252,97.525635,97.938896
150.203461,166.617325,98.153709,97.726822
140.812775,163.571564,99.690109,98.528748
140.906616,163.833405,100.006668,98.869171
140.444321,165.002197,101.117157,99.207466
134.960419,167.996597,103.987427,100.756500
130.719696,171.149246,106.070450,101.341240
124.534012,175.206314,108.262413,101.303101
117.393677,181.054276,109.649689,104.617142
110.691528,189.932678,111.497604,106.791138
105.511009,198.143097,113.521286,108.930717
101.290314,202.261932,116.107964,108.409714
100.522408,202.754150,116.914986,108.169273
97.623459,203.781769,117.625648,107.843620
97.310165,204.118500,118.095596,107.891594
97.527328,204.219910,118.432098,107.937157
97.600433,204.458786,118.421967,107.930763
97.637619,204.540726,118.435570,107.948029
96.128532,204.503952,118.864319,107.798355
96.787094,204.590271,118.507286,107.468567
103.978317,197.420639,120.046814,107.136688
108.992165,185.913864,120.939796,108.188133
110.560188,179.560013,119.875473,108.415932
108.931816,176.889694,119.117447,108.563538
105.332550,170.782532,120.427994,109.181740
101.457115,171.483231,120.134949,107.754242
93.944138,172.867950,120.313850,106.739960
86.880302,175.771301,116.483131,109.200935
82.348946,180.525070,118.103531,109.368134
81.272980,181.325882,118.622948,108.726593
75.689957,182.178391,118.343567,108.480049
74.368134,182.159515,118.260811,108.865700
74.484955,182.226974,118.441483,108.953033
74.497078,182.255081,118.418320,108.936562
75.345360,180.573914,118.711121,106.766144
85.531303,168.612122,118.447128,108.746727
90.065956,153.697342,115.143150,111.389023
89.932831,140.432709,114.270607,111.912910
95.144325,133.490463,115.781387,107.841949
107.108727,129.139862,116.559975,103.447563
113.329300,124.423309,115.869347,104.257454
118.100769,120.195328,116.049271,103.931511
130.683670,113.211731,116.381462,103.787598
141.053207,108.724991,111.258133,102.814339
141.161270,108.814682,111.445007,102.953812
141.186172,108.838058,111.444939,102.955620
146.672455,109.267303,113.230133,101.395935
150.194290,108.776627,113.247734,101.420540
151.096466,108.683670,113.820404,101.441307
153.131851,107.826805,113.831818,101.412621
154.446457,107.414635,113.962959,101.264473
155.219421,107.127663,114.305557,101.101982
155.313980,107.326950,114.443459,101.456268
155.344147,107.374405,114.438705,101.444519
154.878479,108.032104,114.622169,101.556267
155.711319,112.521408,115.502220,104.699455
158.183060,117.036072,114.614876,107.118576
158.639496,118.266502,114.727371,107.617409
159.204269,119.018425,114.880753,108.132477
159.497971,119.406662,114.945015,108.325378
159.524399,119.503761,114.941536,108.448845
159.552444,119.533257,114.942413,108.448883
160.191177,119.549736,115.146317,108.253586
162.658905,119.665443,114.985718,107.061646
164.510376,119.216728,111.690781,107.244888
164.609970,119.168777,112.022499,107.364174
164.887619,119.133217,112.455956,107.314575
164.882858,119.133377,112.499565,107.358147
164.871582,119.213654,112.451797,107.434807
164.893066,119.246552,112.444443,107.453682
164.918213,119.270004,112.444443,107.453682
164.947113,119.315849,112.440552,107.443283
165.014664,119.439468,112.466431,107.483574
165.215179,120.316902,112.870079,107.965446
166.069214,121.021378,112.598961,107.710480
166.473434,121.257973,112.933250,107.903572
166.984756,121.625397,113.072372,107.915771
168.929764,121.794838,113.104858,107.794807
171.168594,122.046127,113.561783,107.257668
173.639465,122.066765,114.490288,106.961861
180.666122,122.056953,115.314507,105.278992
191.565842,120.684036,116.288628,103.543373
202.212784,119.497437,116.288673,102.296478
210.127365,118.822937,113.575302,102.996536
210.339203,118.844284,113.939430,102.956886
200.939468,122.970062,114.286514,103.681786
199.602112,123.410774,113.341606,103.672661
199.571579,124.129410,113.761627,102.497017
202.027924,123.475716,114.121704,102.294914
202.214401,123.578545,114.443459,102.455833
201.595306,123.067818,113.911591,102.552269
201.582031,123.252762,113.917595,102.944061
201.620560,123.281021,113.943703,102.955620
201.623734,123.281693,113.953262,102.945152
201.644424,123.309395,113.943703,102.955620
201.669922,123.331871,113.943703,102.955620
201.695404,123.354347,113.943703,102.955620
201.719604,123.376396,113.943932,102.955269
201.744965,123.399048,113.943703,102.955620
201.770447,123.421524,113.943703,102.955620
201.590851,123.665131,114.081985,103.261215
200.876648,124.193764,114.395966,103.261032
198.516571,126.114182,115.525581,104.750519
198.328796,127.145325,115.568428,105.302704
198.239426,129.037201,115.594360,104.564819
197.397141,131.652176,116.160034,104.664345
197.204254,132.696793,116.669327,104.535507
197.309845,133.012756,116.997726,104.907387
197.290344,133.075470,116.954781,104.951691
197.310211,133.099915,116.942223,104.954758
197.349594,133.119843,116.945221,104.956123
197.379135,133.144073,116.954346,104.947739
197.454666,133.091232,116.906120,104.982903
197.552658,132.994553,116.997002,104.908333
197.689224,132.424896,117.560577,104.558464
197.997467,132.636993,117.938339,104.943977
198.834747,132.380753,118.547066,104.881454
199.875458,132.253845,120.935310,105.053749
201.261490,132.629425,122.514297,106.267899
202.111023,132.775406,122.820442,106.486748
202.835968,133.310898,123.103844,106.884590
203.220673,133.635101,123.405090,106.996574
202.351715,136.348938,125.446320,107.891823
