1
156.278000,53.277931,85.176353,87.839264
169.656189,50.090012,82.758156,86.849983
181.084564,47.062759,78.745651,85.952644
184.027573,47.389904,78.701752,84.612358
168.734604,50.742809,82.018333,88.332947
155.616333,55.209335,80.577682,90.102974
152.159409,60.146996,81.650276,90.609535
134.234497,65.401070,83.185539,88.163742
121.545761,69.238571,79.849312,87.873375
124.585045,78.524940,76.700493,87.886482
127.842819,80.522545,77.075172,88.065216
133.538055,68.777908,78.252861,87.201576
156.447647,66.597191,78.666260,84.720474
179.746872,62.185047,77.957077,83.535660
190.113998,54.560715,76.985077,80.294724
184.285370,49.643978,74.834892,80.327103
184.889908,48.839729,74.928284,80.591721
198.281006,52.798714,75.008072,80.237061
211.711044,48.520882,75.122559,79.229111
226.442459,53.370552,73.944824,82.159294
254.973022,65.750771,75.338326,81.752968
279.865814,71.605659,74.930260,82.643784
270.952606,74.112747,72.151878,83.255280
268.720856,84.114616,73.677086,84.767036
281.791412,87.762352,73.246948,85.864006
280.415314,89.783691,74.437775,85.411499
252.260406,85.638748,77.269669,84.923363
224.278641,77.471199,76.727806,85.582214
217.524017,69.694366,79.175102,84.327202
210.985352,62.487507,78.433784,83.356445
199.808899,67.216782,78.087921,82.977516
194.137650,78.059540,79.633469,85.667648
197.014984,88.207642,79.967499,81.738411
193.731812,88.933151,79.339081,81.707901
194.340027,99.682526,77.783051,81.216888
200.279099,109.111908,78.997604,81.607025
194.464828,111.596504,77.682518,82.545967
218.007462,123.793518,77.573891,84.760933
243.587769,140.018738,78.369453,84.369537
259.233704,146.027969,77.157494,86.270576
268.600952,148.340225,75.501602,87.066780
279.285889,149.454041,74.323341,87.093994
272.901825,140.997284,75.813904,89.920685
265.036835,132.965927,73.487953,89.911072
258.046448,128.068848,74.705132,89.219826
253.960342,128.736465,74.350304,88.600693
248.110168,128.293594,73.822105,88.557175
232.807098,121.491768,73.877182,87.897964
215.630783,120.862633,71.296127,84.890671
199.279510,115.739647,72.091476,82.635162
186.782944,111.804108,74.677834,81.348259
171.535782,112.834198,73.657295,80.535507
162.173004,117.238503,70.705421,79.961449
155.812057,125.090187,71.886772,81.585602
150.028290,130.347931,73.336899,79.529381
145.421814,131.623627,73.046738,78.714447
145.963547,131.485260,74.381950,78.591270
146.020874,131.689819,74.463234,78.965935
146.060822,131.696793,74.474457,78.956451
147.734985,131.210770,74.381409,79.369102
148.459518,131.206085,74.961296,79.371216
148.919754,131.286880,75.589699,79.125854
150.905441,131.326294,75.948410,79.804543
152.337616,132.475128,76.574127,79.849113
158.314423,135.438385,76.739746,82.822304
159.700943,137.734543,77.321411,83.053833
159.708817,137.979263,77.603302,83.482903
161.753372,139.071793,78.497200,83.472626
166.426361,145.309280,77.780945,87.501999
167.633270,148.560913,80.816872,87.593895
167.933487,148.648254,82.546982,87.837990
165.881226,148.906174,84.538872,87.406616
159.238754,148.623230,90.424034,90.182175
158.699554,149.297836,90.580620,91.279030
161.502960,154.898117,89.343246,93.050690
165.280304,160.455338,91.642159,100.338814
162.307434,164.927048,94.646278,99.348892
157.243011,166.258102,97.842697,99.074829
149.836349,166.428635,97.897919,98.325035
140.688507,162.951828,99.749786,99.111221
140.671265,163.224854,100.076538,99.227348
139.812729,164.895370,101.490944,99.851471
133.758194,168.134293,104.631294,101.183006
130.438171,171.355347,106.392998,101.699898
124.494621,174.910248,108.010803,101.953865
118.144951,181.549088,109.110451,103.929001
111.397400,189.677368,111.313812,106.871544
106.415535,198.105972,112.881340,108.639244
101.653137,202.524872,115.566139,108.157333
101.125633,203.090286,116.320541,108.188118
97.851280,204.426941,117.463287,107.600319
97.379539,204.838242,117.631210,107.867706
97.584145,204.969208,117.930046,107.931160
97.630875,205.059662,117.931107,107.933411
97.666153,205.114075,117.937958,107.943977
96.545761,205.173950,118.127220,107.813583
97.680817,205.178543,117.922005,106.994919
104.403404,197.773880,119.100266,106.799896
109.099014,186.206680,119.445724,107.207573
110.866501,179.593307,118.191185,107.555214
108.803688,176.354523,117.356300,107.325615
104.156738,169.497131,119.476448,108.945595
101.785110,171.044891,119.137917,106.349648
94.577477,172.321838,119.482231,105.566071
87.942856,174.310928,116.141388,110.136833
83.389359,179.338486,118.439095,110.852264
81.201736,180.113037,118.732651,110.157776
75.988289,180.783096,118.565170,109.983887
74.589737,180.843689,118.470512,110.332047
74.601707,180.927979,118.441483,110.452393
74.613464,180.985031,118.403351,110.384438
75.806343,179.854706,118.762390,108.367424
85.801987,167.869949,118.366608,109.896072
90.485519,152.402603,114.516342,114.482735
90.199257,139.083572,114.436111,114.864159
95.707199,133.011078,116.337242,111.045326
107.736862,127.629105,117.039627,106.750923
112.371094,123.652565,116.453651,107.386757
117.841423,119.071190,116.103271,107.783905
130.351974,112.509552,117.669235,107.472588
139.963226,108.221924,113.303955,107.459587
139.977097,108.213806,113.465340,107.411301
139.991776,108.258453,113.443954,107.453682
145.584915,107.931992,114.299545,107.540421
149.478500,107.688423,115.488945,107.893166
151.436890,107.324791,115.687241,107.827827
154.468460,105.638641,115.757141,106.505142
156.223892,105.323952,115.563126,106.299240
156.616135,105.374489,115.978226,106.295998
156.639175,105.605453,115.914307,106.248184
156.679306,105.731651,115.942719,106.454109
156.409683,106.398628,115.780464,106.421112
157.001282,111.728897,115.435112,107.816994
158.010986,116.595703,114.963867,109.807083
158.449936,118.182426,114.717453,109.979683
158.979477,118.653099,114.819229,109.929863
159.645569,119.484047,114.895256,109.355446
159.701996,119.590408,114.938004,109.428162
159.730316,119.626633,114.943214,109.452820
160.658981,119.719177,115.015053,109.087402
162.428268,119.699402,114.930305,108.902718
162.692444,119.702003,114.707825,108.882874
162.727966,119.510780,115.444824,108.640640
162.586212,118.915092,115.472008,108.512138
162.574020,119.101555,115.444313,108.930550
162.605621,119.155342,115.460030,108.715179
162.622910,119.298050,115.442963,108.953033
162.648727,119.321838,115.442963,108.953033
162.680023,119.377853,115.437279,108.938065
162.726318,119.486275,115.459137,108.958275
163.071991,120.752975,115.748787,109.604538
163.843231,121.788132,115.685890,109.857307
164.421097,122.286919,115.909370,109.480553
165.063736,122.494797,116.109093,109.453506
167.628738,122.762268,117.130249,109.102730
169.201767,123.111450,117.236015,109.119072
172.324310,123.460266,119.133659,107.280937
179.473907,122.971123,120.255196,105.964630
190.754852,121.365158,119.329002,104.990494
201.729218,119.198082,119.669548,102.452400
208.791031,118.976311,117.068092,102.361893
209.004150,119.048164,117.441185,102.458908
199.743347,123.568077,116.966301,102.453606
197.971588,123.939026,114.159447,102.677856
198.143661,124.102226,114.454536,102.949188
201.974411,122.827103,113.739395,103.389893
202.102051,122.882446,113.943703,103.455406
201.499054,122.235802,113.369949,103.564293
201.535446,122.439133,113.432877,103.949745
201.566360,122.464554,113.443954,103.955193
201.579544,122.481483,113.446831,103.951653
201.603485,122.505951,113.443954,103.955193
201.628845,122.528641,113.443954,103.955193
201.654221,122.551331,113.443954,103.955193
201.679596,122.574028,113.443954,103.955193
201.704971,122.596718,113.443954,103.955193
201.730331,122.619415,113.443954,103.955193
201.695663,122.683914,113.471024,103.976959
201.183777,122.973465,113.395432,103.771225
198.542099,125.600471,114.844292,105.010986
198.140259,127.156387,114.545898,105.886124
198.328781,128.427460,114.612381,105.910736
197.853043,130.485062,114.784988,105.609085
197.711411,131.317719,115.131439,105.753113
197.881119,131.453400,115.451630,105.952293
197.864273,131.509277,115.468018,105.941513
197.877563,131.538803,115.442963,105.954330
197.903381,131.561935,115.442963,105.954330
197.944305,131.584244,115.455376,105.950783
198.033859,131.594986,115.437973,105.953133
198.180466,131.595932,115.506226,105.897774
198.553864,131.313995,116.441353,105.901321
198.614853,131.316132,116.452538,105.966507
200.618759,131.017197,117.840279,105.935760
201.699677,130.854126,119.937172,106.035538
203.207626,131.488876,120.904259,106.466431
203.893417,131.507401,120.812057,106.523064
204.852097,132.380112,121.494514,107.733162
205.289581,133.088455,121.341927,108.000374
204.798187,134.843155,122.516228,108.972008
