1
137.181610,30.594410,46.081642,134.356186
137.190796,30.692135,46.484795,133.675491
137.037064,31.071218,46.477180,133.371811
136.271744,33.643566,46.763420,129.343002
136.218353,33.405293,47.148571,129.139633
136.286530,33.626606,47.526604,129.296112
135.959778,33.638435,48.360252,129.119507
135.783875,33.867550,48.757111,129.250275
135.196915,34.200184,49.808937,128.582672
134.803192,34.332397,50.174137,128.703629
134.622162,34.309509,50.777027,128.671951
134.207977,37.595406,50.704861,123.478462
134.136093,37.401772,51.082935,123.404587
133.052170,36.500050,51.560104,123.099930
132.326752,36.346832,52.082642,123.134438
132.052338,36.085346,52.628952,123.279251
131.899368,35.909286,53.186390,123.262421
131.448761,35.287800,53.503895,123.115570
131.639908,35.494373,54.109737,122.913040
131.533310,34.953587,54.403767,122.753418
131.496628,34.121567,54.791370,123.228233
131.584717,34.210865,55.049088,123.419235
131.786850,34.259705,55.486507,123.408485
131.709778,34.309113,55.615490,123.421692
131.919495,34.460583,55.988281,123.288330
131.900040,34.582069,55.977722,123.422195
132.101288,34.646847,56.111389,123.202080
132.534973,34.281605,56.720276,123.222687
132.686600,34.415398,56.980618,123.400665
132.733795,34.664711,57.001194,123.159912
133.011215,34.813709,57.459225,123.341858
133.032806,35.059582,57.470444,123.236397
133.022842,35.346466,57.481110,123.354027
133.177048,38.161896,57.284019,119.146355
133.195831,38.348499,57.436901,119.125504
132.960693,38.391144,57.555553,119.277328
132.927948,38.934841,58.110229,118.858284
133.009033,39.220081,58.429092,118.632088
132.896286,39.280025,58.513649,118.937897
132.431534,38.459255,58.721397,119.247650
132.274963,38.532303,58.820347,119.371979
132.259476,38.555202,58.945438,119.379372
132.053497,38.459354,58.941174,119.475632
131.923981,38.449158,58.932178,119.366386
131.932404,38.848312,58.977226,119.245430
131.652908,39.035881,58.964497,119.243454
131.617279,39.673489,58.954597,119.033836
131.301132,39.843002,58.936707,119.306274
131.181656,40.638664,59.060543,118.879333
131.305206,40.845890,59.475517,118.764305
131.198380,40.924381,59.503372,118.892563
131.065338,41.314201,59.771515,118.504143
131.076752,41.574139,59.996464,118.895271
130.800995,41.332855,59.946644,119.001823
130.551971,42.348503,59.996452,118.181976
130.109085,42.670841,60.171154,118.208092
130.180740,42.922657,60.530510,118.327354
129.785187,41.479721,61.385040,118.999847
129.626892,41.528343,61.393932,118.662529
129.530563,40.652191,61.531281,119.176224
129.718109,40.695488,61.947021,119.360909
129.722687,40.739986,62.009865,119.411270
129.485809,40.278885,63.018608,119.548859
129.708221,40.433647,63.450390,119.948303
129.719803,40.529049,63.378197,119.586922
129.627930,39.739639,63.122509,119.912193
129.682037,39.281849,63.369774,120.036835
129.611618,38.795143,63.189392,120.271156
129.696945,38.515312,63.289974,120.369034
129.744095,38.470249,63.127621,120.104622
129.711304,38.261677,63.020866,120.428673
129.721695,38.093250,63.309406,120.514130
128.184952,38.365299,63.363262,120.280884
127.325806,38.327396,63.715843,119.880753
122.407059,38.269619,67.704948,118.484650
115.614090,37.838234,73.657082,117.059044
113.368721,37.651402,74.768936,116.723808
110.363403,35.764885,76.122154,117.010971
104.533524,33.495117,76.068596,116.547768
100.837616,32.029995,73.450966,116.145935
97.429619,31.075827,72.241783,114.836494
95.282059,30.535709,67.762604,112.608154
94.549294,30.984001,65.551697,110.471092
91.932320,36.945282,62.510952,100.425484
92.150589,37.131294,60.709507,98.418388
91.770477,35.986168,60.574829,98.296539
89.861076,41.553440,59.986118,90.807976
89.934860,42.522213,60.500717,88.315125
90.182396,42.575298,61.010487,88.478706
90.384918,39.987328,64.190926,91.511230
89.210968,37.461498,66.189682,94.542801
91.304245,35.740978,66.937202,95.472702
93.564880,37.055458,68.875267,87.796753
103.223427,32.686115,70.016273,88.099655
107.879120,30.926579,70.363480,92.231567
118.023743,28.221287,68.008324,99.512123
112.701744,24.425264,69.858154,101.167732
112.718163,24.396816,69.868660,101.366043
112.045540,26.502016,69.076630,101.686127
109.514435,28.534040,68.904457,101.374321
109.637711,28.776974,68.856628,101.820457
109.770615,29.950190,67.883858,104.249107
109.565178,30.221521,67.960922,105.060997
107.454948,31.741230,68.494835,104.808289
110.054749,32.898392,66.522972,105.238976
111.928123,34.505634,67.908478,103.195686
111.977562,34.688225,68.156441,103.343071
112.817131,35.105331,68.311523,103.783562
113.508629,35.241871,68.448303,104.234489
113.539429,35.376606,68.465576,104.452202
115.055298,35.272305,68.478790,104.347954
120.811462,32.784981,63.646881,105.837852
125.242279,33.166477,60.627777,107.209305
122.630531,31.347776,60.876900,106.843742
120.983826,35.071014,60.838284,103.210068
120.968811,37.063705,60.003357,103.060524
120.959106,37.825394,60.426044,102.997353
122.041000,36.709240,59.995220,102.668015
122.460411,36.874657,59.817097,102.645782
125.419693,36.149895,57.952393,101.614265
125.054581,36.295765,57.737278,101.929405
124.822647,35.365608,57.884724,101.919884
126.410324,32.556755,59.922878,102.905876
126.358322,32.761799,59.967953,103.105843
126.687347,32.088676,59.362629,106.064110
127.275955,32.572918,58.591431,106.584511
128.371887,33.406136,58.662518,107.120850
128.642700,33.755150,58.686882,107.341446
129.084351,35.164753,58.708038,107.396072
131.001495,46.510254,59.782391,101.158829
131.509842,48.663780,59.779930,100.591202
131.997589,49.373535,60.157581,100.658844
133.426468,53.706982,59.989277,97.463402
133.371429,60.003620,59.306713,95.112175
133.440048,65.925797,60.848179,89.421051
128.752258,66.978127,70.135811,90.726364
128.643005,67.154373,70.886009,90.756462
123.239067,64.641197,76.705704,88.379791
119.610115,64.010086,86.722969,80.323471
122.997520,61.363850,88.415779,74.081375
117.564011,50.743065,88.629051,73.485161
125.004601,41.220608,88.657417,74.545776
137.035126,41.609543,86.916222,76.468872
147.036316,46.204586,82.588455,82.738289
143.832825,46.864902,81.779610,89.054863
141.078033,44.588318,80.514450,94.145752
139.932739,49.992882,80.485291,93.646225
137.068420,58.187141,80.234497,88.501724
137.976410,61.858147,80.647102,87.277878
133.202011,69.355835,85.664764,81.269760
133.233948,79.165619,89.721497,75.232674
133.613327,82.131035,88.641449,74.575058
133.741699,82.293381,85.154305,74.998878
134.104477,82.330971,84.853622,75.499100
134.178513,82.298012,84.927017,75.526306
136.181427,84.913376,81.570320,76.149147
136.476959,80.409363,79.430931,79.196426
136.615372,77.497902,77.612541,79.852463
135.684418,70.929176,75.603317,82.953804
123.185722,73.040405,83.634087,82.091606
121.116058,73.164932,83.879646,82.285065
105.702591,63.338047,83.692421,80.770760
102.082413,43.923149,81.455017,77.853539
105.085403,39.478340,80.812569,71.266060
106.154831,36.370056,86.786507,67.232292
106.728912,35.870228,86.373116,67.386696
103.984756,28.633966,87.589989,70.953781
106.568924,29.796669,86.862068,71.535187
107.786880,30.414120,81.575279,73.895584
109.766731,30.328144,81.080879,74.333107
112.195770,32.394535,80.636086,72.931671
114.907494,31.668015,79.804970,73.016983
114.802650,31.486256,80.200363,73.657066
113.049820,32.051987,85.315628,70.687462
114.264954,31.368208,93.298096,65.473434
111.443031,28.716913,93.477295,65.626709
117.063614,39.509388,94.131256,63.992367
99.770683,30.338125,92.136978,62.543831
108.691986,29.970951,91.136971,66.783234
113.906776,32.160400,85.444023,67.157654
130.733093,40.454029,80.134193,66.461891
142.874405,42.631992,76.331947,65.940857
142.585419,53.132114,75.996056,62.775116
143.326080,60.812302,72.847397,60.039642
145.920685,63.554901,70.018211,59.433685
147.363708,64.572655,68.504333,58.871765
147.771835,64.013596,67.466011,58.854931
147.625504,64.870514,65.729889,57.685490
148.459015,64.999199,63.871078,57.562153
149.785202,63.743404,63.269394,58.345551
150.142899,63.296436,63.022636,58.260616
154.067261,61.089573,61.141087,61.129036
155.142410,60.953716,61.020630,61.338696
155.711929,60.964092,61.068752,61.279015
156.271835,60.875427,61.229221,61.451569
158.723633,61.541660,59.671913,62.671341
159.705429,61.686798,58.825485,62.805874
162.008560,61.964321,57.384933,63.238010
162.290100,62.141891,57.071674,63.305164
162.585632,62.217705,57.431210,63.426708
162.036469,62.253109,57.215004,63.439140
161.577789,61.156017,57.999271,63.978333
160.769073,61.160759,57.788197,63.688404
159.901794,61.686722,58.132862,63.414108
159.948380,61.637074,58.589005,63.496880
159.070114,61.667812,59.109558,63.208519
