1
130.948517,31.581169,51.741570,122.253952
131.542389,31.701508,51.919537,122.065536
131.885330,31.803053,52.213955,122.369759
132.351395,31.461962,52.955090,122.480095
132.995743,32.291512,53.326851,121.003166
132.939590,32.574440,53.696411,121.448479
132.900986,32.934708,54.332027,120.901878
133.023224,33.170776,54.508507,120.730324
133.063034,33.093243,54.948311,120.990387
132.905060,33.509464,54.934444,120.547386
132.887466,33.630253,54.970013,120.973076
132.741867,34.339581,54.718212,120.188530
132.867371,34.525658,54.988743,120.425354
132.749451,34.813751,55.153358,120.262650
132.309677,34.503593,55.395035,120.720245
132.330582,34.918026,55.496033,120.775101
132.256775,35.586853,55.455650,120.538719
131.766968,35.593834,55.549641,120.663643
131.838562,34.785519,56.100933,120.629272
131.745605,34.427750,56.212109,120.351578
131.871780,34.129574,56.573341,120.387489
132.204285,34.002289,56.971249,120.254967
132.209015,34.148720,56.980324,120.386086
132.165649,34.008068,57.009026,120.541878
132.422256,34.266323,57.467216,120.903770
132.378250,34.228611,57.476799,120.926361
132.459946,34.198082,57.532623,120.524422
132.948151,34.741047,57.885578,120.265732
132.978195,34.728092,57.962353,120.478622
133.240433,34.743607,58.102455,120.068932
133.475128,35.049088,58.426674,120.222809
133.599350,35.922718,58.565189,119.797539
133.749954,36.037144,58.991161,119.665115
133.311035,36.033821,58.732956,119.730606
133.270630,37.437668,58.650379,118.252319
133.022659,38.204674,58.626709,117.600807
133.026108,38.276802,58.992226,117.978745
132.873627,38.206985,58.924946,117.953415
132.515152,38.110138,58.862518,117.854012
132.180542,37.880405,58.783062,117.968246
132.163864,38.077343,58.797909,117.812515
131.983643,38.036976,58.802601,117.920769
131.848175,38.032478,58.913059,117.953445
131.744980,38.017925,58.911404,117.940903
131.679031,38.157436,58.877144,117.885086
131.462982,38.440052,58.776520,117.805305
131.521927,38.676586,58.941650,117.865349
131.287170,39.401562,59.011925,117.458099
131.221970,40.560207,59.360645,116.550346
131.120636,40.919464,59.475880,116.798935
130.924225,41.017044,59.497433,116.916451
130.557510,41.712326,59.402321,116.157143
130.387741,41.957016,59.349159,116.317635
130.204559,42.450424,59.251148,116.119705
129.964798,43.073727,59.588562,116.094742
129.895569,42.914120,60.113686,116.459160
129.867020,43.064064,60.508602,116.332901
129.606125,41.980537,61.393345,117.109772
129.383560,41.681843,61.545513,117.524750
129.208603,41.104225,62.031773,118.136551
129.204819,39.831425,62.575481,119.049873
129.389328,40.062649,62.953300,119.386726
129.049957,39.523064,63.606415,119.718567
129.234329,39.594662,63.937859,119.920876
129.281189,39.535233,63.881538,119.804573
129.322632,39.547134,63.956604,119.882530
129.290970,39.390350,63.902481,119.862801
129.257660,39.187630,63.711658,119.859573
129.336121,38.811634,63.819462,119.754333
129.386902,38.793999,63.873074,119.991463
129.154297,38.453320,63.618111,119.998848
128.353165,38.105816,63.519714,119.862297
126.542580,37.741573,64.066513,120.158379
125.940186,38.238388,64.619148,120.051620
122.449104,37.238300,68.359398,119.895226
116.304459,38.225723,74.270653,116.608261
114.232887,36.362267,74.865273,117.287064
110.846336,34.416744,76.763298,117.784081
105.567207,31.174227,75.756622,117.748039
103.889442,30.427017,75.495453,117.388733
101.821259,26.308626,74.086472,117.489838
99.669327,24.300974,70.280922,114.397499
99.391335,27.514038,68.908821,109.354271
98.161873,30.144444,64.601936,104.142509
98.211372,30.881660,61.079723,99.554306
97.020821,30.015533,59.175674,99.258224
93.213860,34.972736,61.012199,92.762848
93.280930,33.445786,62.916176,93.846428
93.730247,33.239258,62.872311,93.907585
95.408569,27.617537,64.654984,104.149796
99.129349,23.466370,65.772774,109.836357
103.745415,23.807468,66.071449,111.044411
112.601097,24.618402,67.229744,111.027489
120.155663,26.836969,66.821518,104.680138
118.916084,26.666637,66.856682,105.296425
115.984901,23.470688,67.614082,110.639999
111.231606,18.809362,69.344826,115.427528
110.309799,19.250910,69.418739,114.852776
111.281487,20.464502,68.449760,114.406441
108.472061,23.440275,66.969551,113.166550
108.911491,24.568937,66.172211,112.629570
110.985596,27.771835,64.162125,113.151611
107.758743,28.384359,65.313698,113.854858
107.617615,28.939524,65.509102,113.861992
110.794464,28.938953,65.327164,112.359688
113.502396,33.377537,66.213097,105.332077
113.486946,33.386848,67.234749,105.345695
113.704048,33.480469,67.428658,105.497993
114.189766,33.271992,67.541359,105.918999
114.418816,33.324783,67.963745,105.945137
115.866386,33.587128,68.371162,105.862030
120.244431,32.154488,64.099594,106.000320
124.448662,33.719917,61.749207,107.564583
121.197090,31.903873,61.868137,107.215111
120.211548,34.216114,62.027653,104.319023
120.395447,36.147266,61.876633,103.458168
119.994751,37.255692,61.752323,102.606781
120.498085,37.108452,61.885586,102.940475
121.320122,37.086189,61.708160,102.782410
124.184387,36.087315,60.379692,101.591736
124.095390,36.255154,60.360538,101.961433
124.046104,35.665951,60.426769,101.542061
125.195656,32.050774,63.103901,103.912720
125.340797,32.171196,63.489647,104.085335
125.468643,32.009338,63.035522,105.459419
127.006752,33.219795,61.397465,106.178207
127.871910,34.239662,60.760002,107.369507
128.301682,34.959236,60.095345,107.261726
128.926712,36.155270,59.960575,107.910187
131.454468,47.951942,60.929707,104.283562
131.799576,48.552475,60.984245,104.116318
133.799530,50.070873,60.631142,104.357109
136.044968,54.412277,60.600246,102.046478
136.729568,56.853710,60.817890,101.689064
136.234512,60.699207,61.998680,99.060089
131.552734,61.304371,70.533051,99.529152
131.342758,62.177212,71.841537,99.516022
129.095795,61.268337,74.264900,94.228157
128.980682,58.114872,80.553276,86.723862
128.357590,57.881569,81.500343,82.924179
123.828537,47.055840,83.640678,79.483589
125.359612,37.354336,83.924950,79.801445
138.017807,35.976128,84.007011,80.720703
148.778595,40.937073,81.298935,88.103958
146.021759,36.904552,80.460808,97.787842
144.221329,36.746559,79.055458,100.708611
141.171692,39.784847,78.586800,101.372986
139.604538,45.728668,78.138161,100.215500
142.206055,48.627460,79.421783,97.439377
139.613083,50.329361,80.548561,95.686119
137.973297,54.802727,82.903740,93.172729
137.997498,56.076965,82.650467,92.605408
136.475830,60.582333,79.187180,91.241524
136.326859,67.274490,76.123703,92.015984
140.091614,70.693764,75.254730,91.276733
141.556000,69.070114,74.680679,91.137062
139.728439,66.834160,73.638359,91.650612
139.730759,62.989418,72.888206,90.496674
138.263535,60.844501,71.801003,89.696877
131.163300,60.026562,74.441055,88.227325
124.646461,57.543140,74.640945,86.907211
109.542427,42.393120,75.065041,83.291832
106.589569,32.776909,72.861885,76.076637
114.187660,33.015068,72.660095,71.906891
117.349693,33.384808,76.467621,68.365097
117.197449,33.558723,76.736145,68.373581
116.523872,27.597897,77.933395,72.049118
118.960213,28.598639,77.609261,74.625603
124.538788,26.866825,72.511475,81.624466
124.743057,24.897676,73.496475,83.398247
126.620049,26.444241,74.295319,82.383560
130.403854,25.182758,73.981689,82.298714
130.834305,24.460266,73.758080,82.902206
133.805084,23.381212,73.885658,82.789070
141.324020,21.418367,75.007828,80.092415
146.447403,21.034008,75.770271,80.571648
151.017410,29.191975,75.206345,80.162010
148.694733,33.263889,73.918884,78.870888
146.858246,33.878391,73.393219,76.983513
146.521545,46.454266,71.295540,74.705254
144.482849,48.876144,67.921768,72.385544
144.189224,49.067581,67.044899,71.982834
148.820740,61.372982,64.769272,71.988304
148.819000,61.403931,64.340973,71.555252
149.089493,61.563396,64.088699,71.826271
150.086807,62.082256,63.365089,71.752525
150.160217,62.100334,63.397770,71.988846
150.451569,62.105175,63.347031,72.049324
151.059052,61.974056,63.152187,72.222145
150.446289,61.766487,63.290585,71.785988
150.927155,61.056950,63.610786,71.833961
152.304276,60.752380,63.920601,71.954910
153.419525,60.296543,63.827850,71.936165
154.831848,59.819279,64.070671,72.213379
157.338058,59.281845,64.369308,72.231323
157.849884,59.383976,64.458420,72.462807
159.117004,59.166954,63.884472,72.338921
160.216751,59.181595,63.323959,72.295525
160.684479,58.884830,63.499512,72.433647
161.021988,58.794376,63.529236,72.359726
161.633392,58.786861,64.216599,72.330032
157.028427,55.854881,66.642410,73.113701
157.114700,55.129406,67.233543,74.007225
155.002060,55.185020,67.798729,74.489410
156.140442,53.516827,68.636543,74.723091
153.421371,54.412941,69.053093,74.042458
