1
227.287506,94.334000,45.623192,47.296135
227.631210,93.793503,45.807053,48.313843
227.711273,93.477425,45.915138,48.690559
228.010483,93.239067,45.827290,49.838570
226.936462,91.843277,45.633316,51.387989
225.536743,93.727470,44.849064,54.403175
224.537796,94.148911,44.221901,56.779087
223.714798,93.211319,43.876904,59.281021
222.676468,91.463387,43.596973,61.238094
221.797760,91.367714,43.847122,62.268787
219.802231,90.182358,43.664169,64.651878
217.624207,88.701553,45.133060,66.114235
217.849442,89.639526,45.452976,67.454109
216.727295,89.881966,45.654648,69.540359
216.639938,94.827240,45.766617,71.712219
214.771835,92.108002,45.902424,71.912003
213.586868,91.725716,45.991898,72.389351
212.617630,90.710533,45.893906,71.610153
214.113419,92.735451,45.149891,73.971176
215.342438,92.952370,43.932606,74.662331
216.056183,98.002136,43.212959,75.469841
216.337921,98.665459,43.404194,75.623344
2
0
0
0
0
1
104.581047,85.583374,69.218605,70.926277
96.470131,86.449738,68.473770,70.091133
93.566658,87.454422,68.613838,67.932861
91.644821,88.162445,70.195091,66.472054
98.217583,87.893303,66.954971,63.295940
105.748291,87.110519,62.868240,60.685932
2
0
0
0
0
1
45.234516,136.411972,63.711845,55.263451
44.881321,142.200455,63.039970,55.613693
47.734680,149.134354,63.590710,55.413300
57.674377,151.804367,62.244415,56.210236
70.593407,153.447617,60.804642,56.322433
85.376030,153.996552,60.568993,57.199486
98.451149,150.429230,58.964596,58.937737
100.928650,145.262955,56.125481,63.195213
102.815125,144.811646,52.595924,63.771751
102.868607,145.229614,52.329285,63.745888
102.984406,145.956360,51.757244,63.778080
103.125465,146.070328,51.948250,63.983391
103.142990,146.195404,51.891472,63.864983
103.219414,147.858032,51.318840,62.891155
2
0
0
0
0
1
173.922745,61.722996,51.275177,75.106514
178.566559,53.122028,50.328617,76.365891
186.445724,51.414021,49.717567,79.537628
192.972733,49.525658,49.690151,81.629189
200.000397,49.400890,47.846478,85.351082
205.425827,49.093613,46.057808,87.548363
207.569016,52.394054,45.301327,89.436424
209.532104,61.685730,44.539894,91.785522
209.368469,70.117050,43.980602,92.953606
208.641968,75.423630,43.151089,93.828239
208.763245,80.590576,42.877186,95.323700
209.509567,85.531013,42.012264,97.684982
209.904755,86.728592,41.833549,99.177872
211.495880,82.691628,40.781963,103.651138
211.779404,90.359505,40.349476,104.688309
212.622513,92.544319,39.770432,106.320496
212.857605,92.496704,39.807186,106.941414
213.021439,92.341972,39.963753,107.056686
213.409668,93.842499,39.956497,107.112373
213.414612,94.303543,39.934849,107.153954
212.531555,97.285645,39.974789,106.431656
212.677460,97.441605,39.962776,106.293854
212.768600,97.175613,39.935947,106.525490
214.091537,97.118011,40.017311,107.235054
214.466431,97.007050,40.675415,107.655060
213.918732,95.644478,41.659061,109.376144
212.737564,93.514229,43.280434,112.088875
2
0
0
0
0
1
239.605286,135.348694,50.744991,58.381508
235.931320,131.967133,50.444042,57.675457
233.516663,129.769073,50.254204,57.707668
227.743927,120.040436,47.847836,61.138893
226.308121,119.114761,46.520920,62.437618
224.947189,117.305305,43.759239,64.868073
224.967896,115.773094,43.843555,65.415672
223.197113,115.621727,44.300243,65.268127
219.067871,120.971634,46.723682,62.322460
218.774414,118.952240,46.830505,62.340145
218.024567,115.400551,46.863281,63.010803
2
0
0
0
0
1
113.066605,106.069435,52.722820,62.787037
109.902908,98.084259,52.965298,63.781693
110.529579,90.687256,52.437096,63.049446
112.195648,82.926117,50.823643,64.971306
112.514458,78.301056,49.621922,64.598846
114.238197,74.502434,49.484314,65.298325
116.096886,71.287697,48.985222,66.156792
116.590340,69.630966,48.563889,67.059555
118.977654,67.659935,48.357941,68.154648
120.438683,65.106766,47.891327,69.193520
123.290192,64.166153,46.722195,70.217407
127.541695,60.041607,45.675732,71.238884
130.690933,61.228951,44.455917,72.065880
130.768372,61.618336,44.264771,72.292290
131.187256,62.277016,43.845226,72.195312
131.764496,63.827999,43.424152,71.936806
135.877640,63.725014,42.324383,71.648773
140.176392,64.233231,41.503990,71.281853
144.023941,64.133965,41.871815,71.685448
151.542740,64.925903,42.340275,71.381660
157.480408,62.474487,41.341042,71.323280
159.325272,61.059265,40.259956,72.154747
161.128128,60.714436,39.302223,72.757950
163.795761,61.358849,38.006336,73.493698
169.759460,56.467594,36.400284,73.736099
173.965027,56.066360,35.434349,74.655907
176.598938,55.050972,34.726974,75.468719
178.509323,55.566303,34.088963,76.280502
181.508072,54.435234,33.409073,79.802071
184.693420,51.864208,32.327187,84.160423
186.231400,51.126282,32.307346,87.119049
187.465317,51.671967,32.519173,87.529778
189.130020,52.601589,33.279068,86.849182
190.172455,53.531433,33.361843,87.756287
190.070297,57.452801,33.267914,88.951973
189.192139,66.172501,33.780727,89.040497
187.692780,75.356575,35.425369,89.919594
188.583603,79.887932,35.804108,89.350250
184.800690,84.225052,36.685509,90.398643
177.611618,91.756966,37.453308,86.829491
172.070419,106.460213,38.338490,82.248810
156.199615,109.131699,38.644081,81.764648
155.501541,120.827301,39.444611,81.770546
149.439941,139.322342,41.193970,76.720970
151.661148,143.396912,41.960670,73.483597
149.171265,144.731613,42.431870,71.804871
147.093292,145.607117,42.367416,70.475487
147.247406,147.340790,42.560600,68.534859
146.948380,151.486450,43.290638,66.238213
2
0
0
0
0
1
56.948956,152.953369,53.895966,55.978378
54.218609,153.536255,53.428436,55.862549
51.573349,154.106018,53.278046,56.228378
49.315445,154.352554,53.288940,56.805325
48.410614,155.412827,53.452324,57.077808
47.872799,157.848831,53.289883,57.307964
46.031643,159.816132,52.815704,57.123150
45.346344,161.043915,52.482624,57.256950
43.669678,160.927246,52.070229,57.461147
44.251270,155.322678,51.382549,61.019608
46.956814,149.939468,54.076096,61.536423
45.509571,134.832611,55.284981,62.646889
50.528999,130.185577,54.439285,68.794968
51.498447,124.116447,54.165821,72.653572
50.718792,115.811340,54.390484,80.414062
50.689751,114.720451,54.067726,80.823685
51.338882,110.711128,54.160030,80.772507
57.721157,105.408745,51.517872,86.764305
59.652290,102.450554,51.543087,86.993027
64.768242,98.955406,49.959270,86.167625
66.915321,94.254539,49.186092,86.243370
70.233894,92.230492,48.636787,86.764481
71.503128,91.497643,48.428291,87.273399
72.639679,89.158836,48.358662,88.204277
73.858391,87.161865,48.467491,88.525085
75.565331,85.714203,48.643616,88.602524
79.411324,87.319489,48.853264,88.909187
80.801262,89.252632,48.696865,89.619095
84.128639,96.310631,48.525387,90.977020
90.308975,109.914467,48.553055,91.937737
93.679657,118.121887,48.925705,91.494141
93.961601,122.583786,48.932323,89.275574
94.375984,128.611893,48.905468,85.681458
96.648849,137.203842,47.693703,83.202026
97.808777,140.148544,47.734924,82.204697
98.960091,141.967117,47.901756,81.281479
100.843559,145.241837,47.654942,79.729546
101.428970,146.592072,47.758247,78.954811
103.197128,147.384262,47.446548,78.033241
103.483757,148.402557,47.390915,77.182686
103.446381,149.072739,47.421715,76.680626
103.453575,149.394699,47.460842,76.719955
103.915710,149.704987,47.607769,76.394417
104.855263,149.489349,47.881035,76.194160
106.215988,149.117767,48.264065,75.096626
107.130608,146.696747,48.400570,74.912468
107.528839,146.469360,48.363400,74.620811
107.963814,146.590485,48.435162,74.673500
2
0
0
0
0
1
194.483154,103.249367,44.747803,64.931145
204.835648,101.296570,44.438648,67.597160
209.854935,101.110260,42.438663,69.908760
211.580978,99.938049,42.232178,71.359177
213.247208,100.160278,42.098080,71.723808
214.507874,100.021088,42.022568,72.039169
216.167801,99.995682,42.150745,72.708969
219.353561,99.467033,41.549976,74.472099
221.462112,99.558601,41.955708,75.864227
222.432175,100.639694,41.567215,76.314705
222.421692,103.455032,41.923485,76.993774
221.891541,106.326164,41.859985,76.457100
221.690216,107.152443,42.093521,77.308777
221.721085,109.406883,42.532894,77.521179
222.124405,111.401207,42.529736,78.932899
222.359909,111.449615,42.978539,78.957932
223.393951,115.141243,42.958652,78.018951
223.160538,116.819183,42.950199,78.504349
223.199646,117.485168,42.914101,78.930138
222.993195,120.967873,43.083855,77.528389
223.276352,125.513565,43.349510,76.375679
222.512299,132.366287,43.498245,73.821754
222.634750,137.477936,43.524715,72.018723
223.621246,144.157745,43.800735,71.081841
