1
228.940811,85.416855,41.408653,49.811325
228.700470,86.713203,41.715267,50.266212
228.985825,86.028877,41.956444,50.328552
228.829056,88.172089,41.864685,50.763973
228.195389,89.338425,41.784519,50.912773
226.459717,91.049294,41.059723,52.372456
225.284683,85.906494,40.969460,53.300072
222.985611,85.190292,40.041115,54.090546
222.228256,88.317291,40.416683,54.826061
221.469727,89.945290,40.514774,55.927593
220.481781,89.446022,41.231743,56.482964
218.851562,90.835007,41.935646,56.676769
218.209213,93.775131,41.729927,57.240170
217.363220,98.034264,43.069775,58.454025
218.644638,102.829468,43.274078,59.696526
218.460785,102.411629,43.357510,59.973824
218.463989,102.313637,43.456348,59.994125
217.687607,98.196678,43.221619,60.052334
218.062546,98.577370,43.183773,60.823784
218.506104,100.080963,43.121174,61.094212
218.833801,101.621269,43.233887,61.835030
2
0
0
0
0
1
112.250015,85.473412,56.906113,62.624393
98.169785,89.433311,58.447166,61.873440
84.648422,94.228119,58.078907,62.091846
76.286873,98.829300,58.885769,60.647903
57.220154,101.128441,58.677349,60.929798
55.891464,102.835472,56.296677,61.305794
50.629181,104.229042,54.888546,60.435940
44.851650,105.191628,55.162968,58.696667
47.887501,106.897552,55.576420,58.722893
47.524994,109.155716,55.855026,58.168148
45.521515,111.727066,55.616344,57.760960
44.298378,118.446449,56.329643,56.167526
47.055412,122.542183,56.853382,54.473625
50.503231,122.825096,56.590405,54.901531
50.480965,130.742661,56.317600,54.739506
51.324890,139.113464,57.406654,53.238041
58.081291,141.237137,55.821014,54.131691
68.082512,143.355957,54.812881,54.617985
88.223122,146.887329,54.682682,56.401978
100.779068,143.083344,53.407673,57.880527
106.512871,138.869614,49.413025,62.118046
106.646263,135.988968,47.609585,60.602005
106.407310,139.502182,46.473820,58.825935
105.954636,141.010040,46.219536,57.957043
106.356270,141.791245,46.205753,57.748692
106.367401,142.689163,46.533272,57.563965
106.632973,144.790543,46.783127,56.830616
2
0
0
0
0
1
174.071121,61.278446,55.034462,63.547939
180.423019,49.493073,54.185616,64.443764
187.017761,51.158657,54.441246,66.542610
194.842026,53.231937,52.858322,69.300156
199.606750,56.381222,51.547298,71.564796
206.841644,59.688499,50.131832,73.852814
207.359421,62.777916,49.827862,74.927078
208.976120,67.539948,49.485077,77.706230
207.521484,75.231979,48.978794,78.505821
207.928284,77.755547,48.496681,80.691048
207.592529,79.150566,47.731735,82.294197
208.007858,81.916489,46.774204,83.866539
207.330276,84.085487,45.854431,84.848457
207.869904,79.622581,44.381462,88.379860
208.336182,82.243141,43.639820,89.354149
208.635773,86.858742,43.544144,89.408890
209.457520,89.303734,43.076149,90.473190
210.360504,91.041016,43.092731,90.719269
211.011826,95.418983,43.146416,90.904587
211.059280,99.427132,43.238998,90.444473
211.065140,102.554825,43.317268,90.303635
211.410126,104.851112,43.434021,90.212006
211.136597,108.195107,43.546856,89.368576
213.965149,109.436020,44.240982,89.459061
213.802887,111.961884,44.475071,88.291962
214.650574,115.183472,44.690861,88.245926
216.167892,120.053329,45.655891,87.799278
218.945541,122.159737,47.066055,88.084785
220.781586,125.480461,48.835049,89.684792
222.039856,127.638390,50.009541,90.239159
220.701706,130.533035,51.482048,88.939766
219.382019,132.494064,51.853401,88.602135
219.236465,132.591385,52.201061,88.902855
220.669540,133.870270,53.047752,90.857933
221.179947,133.901520,53.499718,91.812386
221.348145,133.380524,53.593216,93.187164
221.290543,132.250259,52.536167,95.106918
218.910934,129.041382,51.520824,100.172050
216.970825,124.334335,48.601131,110.592377
216.668793,125.428322,48.064919,114.466133
211.532013,133.089600,49.477005,106.910400
205.164597,143.638580,52.214550,96.361427
202.548050,147.270218,51.965702,92.729782
204.682251,151.863266,52.862888,88.136734
203.520111,155.170319,53.148651,84.829681
2
0
0
0
0
1
106.506332,91.872917,57.820225,71.614082
107.845047,87.227798,56.050442,70.659157
110.101204,81.069031,54.204723,71.357040
110.544586,75.950378,53.928993,69.830116
110.352783,72.233215,53.930656,70.033699
115.150253,69.279846,52.390068,71.354141
116.925407,66.532623,50.966045,72.123116
118.710182,65.443810,49.910915,72.787415
119.770477,63.974155,49.687279,73.752853
122.244164,62.151733,48.987671,74.237022
124.844925,59.641994,48.253281,74.514252
130.111099,61.215286,46.816978,75.262161
130.346863,61.273922,46.824223,75.491402
130.635010,61.574467,46.574478,75.310417
132.110901,61.982246,46.038479,75.426895
134.530945,62.511398,45.188011,75.120926
139.689423,63.039719,43.921444,73.894859
144.216370,61.804096,43.870472,73.362961
152.185059,60.198528,43.589615,73.140297
158.142212,60.537064,42.154510,73.755371
159.341949,62.286583,41.451324,74.228607
161.404343,62.766052,40.198421,74.432877
163.215881,63.573868,39.362083,74.656685
169.208084,58.861965,37.591419,75.172142
173.788025,57.622757,36.807064,75.182205
175.909134,56.437202,36.325294,75.772896
178.402985,57.722443,35.471088,77.364342
180.975037,56.501827,34.634922,81.720848
183.920639,54.852692,33.952995,84.242790
185.517944,50.674358,33.461853,86.488075
186.788071,50.809147,33.372425,86.871536
188.155640,52.586998,33.619781,86.331551
189.790543,55.696186,33.895863,89.094719
189.663010,59.237022,34.185677,90.213005
188.494797,64.179253,35.088013,90.662132
186.186874,70.537064,37.293930,91.806602
186.819656,78.721550,38.190521,90.668610
183.342926,84.549446,38.646076,90.835472
176.440887,89.876846,39.078938,87.602959
169.547073,100.482803,39.980938,84.122856
152.189224,101.226700,39.162575,87.180321
142.802353,108.794380,40.688583,87.610931
128.797363,119.823128,41.249260,85.560936
126.828102,124.397850,41.744522,83.622635
125.795616,128.869110,41.599228,83.449875
124.693008,136.147003,42.637806,81.737732
123.636276,142.443817,42.665226,79.891151
123.573128,145.015045,42.238445,79.114487
120.866402,148.764694,42.270737,76.193596
120.902054,150.304367,41.568924,75.624428
121.704445,150.247559,41.220211,75.829170
122.329773,150.972198,40.889797,75.618835
122.815796,151.491302,40.593712,74.919312
2
0
0
0
0
1
41.981823,152.011627,69.186096,60.067623
40.861534,153.261581,69.066978,60.277390
38.899429,155.556290,68.915352,59.658699
36.878727,156.929489,68.793144,59.397728
36.317398,154.953033,68.326965,60.940380
44.385792,148.677338,67.847862,62.276447
38.737774,141.876617,67.856964,62.461266
38.256512,135.355469,66.482758,67.105644
38.775032,128.362228,65.620567,67.818802
41.413979,123.390427,66.193039,72.316643
46.290176,125.403831,64.545876,74.741592
47.610001,121.150955,62.130142,80.505402
52.914463,122.562042,60.038654,92.398064
53.661621,126.623833,59.603020,90.664612
55.626171,126.775009,59.191952,90.633881
58.148407,129.955582,59.400215,90.626068
61.269005,133.014786,58.605125,90.984558
62.988213,133.223511,58.456814,90.710472
66.278778,134.970917,57.474457,90.367882
67.561394,134.410141,57.538719,90.259445
67.739723,134.594864,58.058990,89.894394
69.447975,134.555099,58.325516,89.174698
71.566643,136.406738,57.895889,88.970131
76.648087,136.928741,57.491394,88.783722
79.595421,138.205414,56.999565,88.539703
87.155823,138.716568,55.970058,88.502724
89.403969,141.555588,55.773281,87.413475
92.711090,145.173264,55.759579,85.093063
95.877365,148.279282,53.957050,83.716202
97.054459,148.005386,54.082355,83.028954
97.515717,148.385880,54.305775,82.899826
99.445259,149.839172,53.617859,82.024925
99.876114,151.092194,53.679943,81.577896
100.622505,152.088043,53.491230,81.410461
100.775970,152.414917,53.359947,80.710831
100.777359,152.504013,53.441002,80.608978
100.527534,152.780167,53.313816,80.637672
100.755730,152.783554,53.493225,80.471451
101.175079,152.237091,53.581039,80.124397
102.240532,149.752609,54.473686,79.052254
102.772980,145.522217,54.204079,80.262856
104.009491,145.615234,54.092045,78.304024
105.708054,146.088547,54.014812,76.466438
2
0
0
0
0
1
191.702545,102.625237,50.217010,65.702103
200.793381,104.341240,50.256340,68.118591
205.647736,103.045990,48.784012,70.659561
207.874115,101.809944,48.257690,73.314682
210.685196,101.587128,47.600040,75.677460
214.216324,100.448891,46.256084,77.451820
214.304535,97.975250,46.773312,79.331184
218.617996,98.622879,45.329605,80.468643
219.229553,99.562012,45.228508,81.038811
220.200546,103.392456,44.711086,81.610893
219.620987,108.957481,45.416355,81.408989
217.432465,112.708481,45.364746,81.766243
217.489746,116.136238,45.133537,82.096634
217.318558,118.560295,45.473320,82.783348
217.202805,119.239799,45.192146,83.355835
217.453064,119.789238,45.226116,83.557945
217.933807,122.395668,45.161423,83.989624
217.661240,124.663498,45.278198,83.622162
217.659134,125.888939,45.412945,83.786522
217.523544,131.880737,45.322704,82.928413
218.609451,138.317184,45.038563,82.113274
218.716278,142.770447,45.548386,81.200516
219.179428,147.649109,46.460117,79.121056
221.192810,154.300415,46.874950,77.552879
