1
224.220413,88.713272,42.763256,45.592701
224.420990,89.218918,42.925686,46.607883
224.531052,89.465401,42.924870,47.291172
224.609360,89.867714,43.042694,47.714264
224.375427,88.771973,43.511600,48.304226
223.806458,87.926750,43.922314,49.505291
222.134064,85.359520,43.403416,51.948784
220.098694,82.982635,42.793205,54.317947
218.779495,86.859039,42.948353,55.205879
217.910294,90.428215,43.891312,57.487209
217.637299,93.169495,43.552490,59.109283
217.279343,93.877724,43.986671,60.647984
216.795563,92.423073,44.430645,62.119148
215.721283,95.906944,45.942341,63.066238
216.195129,102.178352,45.495129,64.294655
213.139740,97.633011,45.423256,64.508934
212.531204,98.368965,45.545921,65.039230
211.393921,91.125916,45.888538,65.520500
211.474289,89.608696,45.114265,70.142815
212.728058,91.147469,44.047871,71.982208
215.154602,98.547783,43.457462,72.041679
215.596085,101.172745,43.284718,73.050392
2
0
0
0
0
1
108.207916,86.641312,62.913074,73.097260
97.314278,87.451569,61.755226,74.683617
93.218750,87.437477,61.366684,72.374092
75.046638,90.371498,61.731045,69.840477
58.248493,94.770073,60.494576,69.747925
50.624447,97.991013,59.728043,67.168953
42.443645,100.478783,59.922916,65.110466
44.338387,105.751617,60.727310,62.556992
44.433342,108.345123,59.820190,62.575039
43.970531,110.136932,59.977829,62.229347
42.693081,119.371552,60.234909,59.764244
43.994678,123.078056,60.612473,57.883530
47.180004,126.009293,60.814190,58.451389
44.505936,134.586258,61.136669,56.884037
48.656612,142.394318,62.800896,55.738247
55.695919,144.150894,61.311043,57.042786
67.482399,148.758957,59.500546,58.092926
85.861679,151.414490,58.148655,61.008476
97.324631,148.088150,56.338066,62.194214
101.871712,142.978775,54.201580,64.946671
102.447685,143.506256,52.082447,63.702881
102.201424,144.263138,51.729927,63.301308
102.343758,144.534561,51.832874,63.429424
102.457542,144.565323,51.963814,63.482876
102.386681,145.072708,51.973972,63.158031
102.562309,147.679443,51.506851,61.452816
2
0
0
0
0
1
176.407227,59.249527,51.749428,68.138977
183.277893,46.698498,50.632473,70.062187
191.777100,49.629726,49.859951,75.734055
198.976669,60.300121,48.784859,77.069489
204.787994,68.650551,47.485714,81.278435
212.141693,56.342163,45.376041,87.650780
213.318207,61.186989,45.068161,89.197540
215.126511,70.197479,45.933800,89.939804
215.554092,75.198601,45.904705,90.478691
215.137863,76.386414,45.894711,92.233978
212.591385,84.097778,46.559532,91.923180
211.812012,88.466156,46.226414,94.568878
209.919281,93.358337,46.081779,96.531738
209.987747,89.281700,46.169342,101.467552
210.227997,92.870552,46.416855,102.516068
210.546265,101.718681,46.115734,103.665916
211.158371,100.691383,46.101231,106.888428
211.368713,100.835571,46.516148,107.228745
211.794907,101.827553,47.035995,107.483696
212.123581,101.902390,47.390259,108.245728
212.227921,104.765137,47.534981,108.598083
213.595520,103.727921,48.485435,110.427177
214.055984,103.522415,49.817127,109.719017
216.005325,107.189484,51.622849,109.441879
216.423538,108.633720,52.105064,109.060860
217.166672,113.088654,53.423851,108.146660
219.712906,122.511780,56.040989,105.010384
224.959396,125.201790,57.509705,105.003494
229.479767,128.910995,58.960873,104.360565
232.137253,131.154160,59.071972,103.223656
232.305954,136.259018,59.697079,100.257050
231.587173,139.682236,59.857517,97.732269
230.114655,138.992310,60.827271,97.485481
229.953522,137.740219,60.939999,98.199890
228.751587,137.224976,61.093616,99.210030
226.957855,134.502335,60.921566,101.217880
221.396378,130.842667,59.456310,102.469383
217.566299,130.208237,57.737339,106.767227
215.734161,127.734383,55.777016,112.265617
212.163010,129.244431,55.947929,110.755562
205.841553,136.978149,58.606400,103.021858
195.915543,147.698639,63.130550,92.301361
194.592865,142.815079,62.849400,95.835518
192.407303,143.804184,65.362595,94.680298
188.753250,147.729721,66.988785,91.263710
188.360794,149.754654,66.786545,89.884888
187.087585,151.197189,67.029709,88.364319
2
0
0
0
0
1
108.835739,89.702805,63.249508,68.135208
110.742935,84.267418,61.671600,68.397484
110.336853,78.875191,61.542976,69.079697
110.001358,75.933151,61.172661,69.908562
109.416634,71.152191,60.112282,70.851631
110.560944,67.334084,59.036007,72.552887
112.078621,63.409336,58.462715,76.137527
112.926559,61.693420,57.780689,77.843483
114.201881,59.115383,57.391300,79.019814
117.610115,60.234970,56.997730,80.523628
117.186142,60.494385,56.738834,80.945976
115.312469,62.035141,56.774662,80.769295
114.571068,63.111370,56.865097,80.973244
112.788193,63.109741,57.108429,81.753609
109.792694,65.300179,57.915028,82.129745
109.560188,66.396294,58.089928,82.764442
110.775871,66.348816,59.393085,83.364357
110.998497,68.063019,59.749733,82.619781
111.442558,70.846230,60.208248,82.190338
111.805313,71.495255,61.657322,82.241722
111.667633,71.797607,63.706932,82.368996
113.233917,69.187096,63.633102,83.129959
113.361557,68.561081,64.021149,83.614716
113.607269,67.372147,64.496391,84.768440
113.687767,67.129852,64.279846,85.105362
114.413864,66.083649,63.911491,86.311813
115.017464,65.405220,63.641060,86.794106
115.771431,64.129280,62.906223,86.950760
2
0
0
0
0
1
174.854553,72.133209,45.432045,62.033943
173.262939,79.591316,45.215694,63.378162
167.874435,92.121696,45.317844,62.165508
161.570908,104.620941,45.673752,60.950012
148.413101,107.354858,46.058914,62.152519
133.824951,108.359184,47.237324,63.587494
126.308044,116.121597,45.879417,63.274727
123.560478,124.551666,45.766869,63.029301
122.118576,130.850403,46.019005,62.688343
121.384323,134.250900,46.338459,62.862118
119.661545,140.112595,46.345451,62.533127
119.007866,142.846161,45.773087,61.740891
117.306702,144.948090,45.777210,61.244740
116.344254,147.065811,45.903625,61.172760
116.632973,148.243088,45.782021,60.997780
117.432426,149.749557,45.585770,60.426811
118.023201,150.401932,45.510693,60.204300
117.831810,150.517517,46.060627,59.659805
116.750305,151.137894,46.473480,58.655315
116.356148,151.517273,46.005489,59.476440
114.392410,149.009766,46.814175,59.852863
2
0
0
0
0
1
26.213388,148.528198,75.138420,62.796860
28.398954,137.482742,76.571220,65.134201
25.063387,134.755722,76.777695,66.991821
27.057997,132.098465,74.472313,74.860504
27.067469,129.264069,74.135933,76.795853
27.990648,128.290924,76.507744,81.290794
34.725361,127.936005,76.481224,85.624107
33.681019,126.057289,74.058067,87.376930
38.500538,126.040680,73.748245,91.392990
40.777645,130.799393,73.377808,91.517311
46.210083,135.952438,73.887123,90.325714
46.586376,136.145966,73.998367,90.421013
46.013638,137.427109,74.162682,89.528770
46.147778,139.273071,74.881195,88.359352
47.781780,142.081329,74.960205,86.703735
47.230858,143.244308,74.932167,86.200325
48.378216,143.701584,74.788841,86.337677
2
0
0
0
0
1
76.654945,65.636322,68.945702,85.353188
77.271263,66.965630,68.988060,84.373436
80.983894,70.071205,68.888977,82.097565
85.923248,73.388832,68.861824,80.165894
86.661316,77.042358,69.380341,77.679558
87.639198,80.500374,70.618935,74.696106
88.924583,86.363358,71.900055,71.367874
95.438057,94.312187,71.652260,66.923660
97.947403,98.038254,71.320839,66.132294
98.498421,101.240402,70.994865,65.552803
98.575050,106.077995,70.469208,64.500008
100.963226,109.919228,69.064690,64.651672
99.778976,114.327675,69.595451,62.377254
100.057442,117.615150,69.389450,60.394104
98.194862,121.523438,68.947815,58.725533
96.744865,124.679886,68.849030,56.557220
97.577873,129.137589,67.786621,55.900318
98.393417,130.747192,67.735909,55.363819
2
0
0
0
0
1
209.545090,103.189194,45.803265,60.557041
210.688583,101.144684,45.554474,62.032433
213.151688,99.303162,45.322678,64.719048
214.182022,97.518158,44.923008,65.328255
215.884598,96.478897,45.036285,65.977013
219.845703,93.399498,44.650673,67.780731
219.698227,93.746681,44.649849,71.862762
220.580063,100.602455,44.536434,70.991776
219.795853,105.986168,44.487736,70.822044
218.636246,108.698486,44.667606,70.713989
218.854965,108.996613,44.817013,71.851143
218.507370,110.837112,44.928402,71.878593
219.656281,116.386810,44.485825,71.517464
221.413452,120.882164,43.928440,71.406601
221.474625,121.526657,43.879772,71.691422
221.523361,123.502907,43.756004,71.989006
221.668594,123.585785,43.956337,71.943459
221.773880,127.526047,43.473434,71.617355
222.088333,131.646149,43.435558,71.120537
221.648697,138.008591,43.718315,70.348999
221.992554,142.377274,43.918247,69.272156
222.922165,148.586975,44.178356,67.903244
