1
222.809402,90.411270,43.168598,51.358086
222.857361,91.301086,43.532291,52.494232
223.089783,91.961807,43.944279,53.252621
223.158646,93.301643,44.048721,54.361576
222.616760,94.054123,44.239227,55.256809
222.005157,92.556015,44.156540,57.755806
221.182587,88.890663,44.366730,60.543159
219.232315,85.510803,43.794300,63.965641
218.366180,85.538528,43.912060,65.374786
217.631180,85.651749,43.930656,68.861015
217.365875,86.698784,43.944115,70.017296
216.526901,88.893768,44.224499,70.911919
216.140594,89.101212,44.880764,70.970940
215.382751,91.205933,46.049290,71.022461
214.869095,93.734230,46.439232,72.199341
213.224655,92.331055,46.272247,72.445930
212.127563,93.079437,46.474583,72.259102
209.774139,88.519516,46.687874,72.057396
211.465607,94.040703,45.880077,74.572571
211.986938,94.550865,45.225246,75.985252
213.244232,97.623718,44.681541,76.691986
213.846008,100.206665,44.768536,76.656326
2
0
0
0
0
1
106.615250,87.026375,65.853470,70.405487
100.966835,88.802612,64.755409,70.849869
98.761940,88.590141,64.686783,68.921043
106.977402,83.742081,62.515339,70.962357
108.250343,82.667831,62.050449,68.983513
110.570786,82.698189,61.733173,67.815079
2
0
0
0
0
1
45.017120,134.361435,66.970604,52.803741
43.655899,138.525223,65.761650,52.980377
48.479740,145.905487,66.278389,52.843403
56.102112,149.035461,64.281181,55.110207
68.896149,152.281128,62.030094,55.166157
87.010155,155.294754,61.808441,56.811138
95.413368,151.709396,59.301182,58.789177
100.145126,147.555420,57.495922,60.885769
100.876297,148.472717,54.987293,60.466267
101.392960,148.561493,53.361267,60.857155
101.586700,148.424042,53.121944,61.055622
102.009537,148.303711,53.194473,61.601795
102.187408,148.851151,52.854866,61.680473
2
0
0
0
0
1
184.014511,62.836750,42.262058,67.434067
184.092148,58.527832,41.307590,68.405800
191.273438,46.363636,41.081680,72.672714
199.521210,43.102173,40.583149,76.219299
205.476898,52.849632,40.152920,78.007797
209.793961,51.614861,38.547108,83.766617
214.671799,51.756943,37.966866,86.115616
216.126572,56.920166,37.923084,88.482849
217.429626,73.397491,37.803246,89.431091
218.028366,77.264557,37.376572,90.319160
219.045532,75.867981,37.005196,92.068878
220.270264,74.759140,36.703743,95.939148
220.239578,73.132126,36.599331,97.075684
218.932663,76.740829,36.622562,96.130913
218.919205,77.605133,36.811722,96.299088
218.814697,79.874161,36.965137,96.296219
218.886627,85.075729,37.107952,96.001671
218.623184,87.836510,37.507904,95.852913
218.856644,89.879936,38.049866,94.846878
219.705597,97.620239,39.002583,90.555931
220.320389,105.023964,39.556194,89.364746
221.023102,110.193733,39.879154,88.568092
221.874420,111.066536,40.456051,89.328445
221.976028,112.760689,42.837921,85.706207
223.988007,114.718063,45.912724,82.792091
225.415115,119.704788,46.274426,81.497864
227.096329,129.309875,47.393791,79.653091
231.280548,137.145950,48.484245,77.382858
235.776428,137.672028,49.004524,77.426819
239.834396,140.643997,49.276592,76.552872
240.313828,141.440384,49.329575,76.516220
240.088913,142.773254,49.462040,76.571968
240.046173,143.002060,49.424137,76.984184
237.391266,140.311478,50.590820,78.172813
236.448761,138.987473,50.420460,80.429672
235.157928,136.849716,49.904995,82.522980
231.919708,132.253540,49.204895,86.510757
226.570038,127.270462,47.809296,89.702385
224.843552,126.309647,47.059750,91.079041
221.635651,121.485985,44.674282,96.594681
221.161346,121.314468,44.541367,100.020935
213.149307,128.833115,47.460068,98.463173
204.194656,133.568756,51.356033,94.963249
196.712631,131.732361,51.618366,97.175636
189.153625,134.212311,53.252045,97.491707
184.669464,138.439804,53.609657,93.034554
177.927612,143.949387,52.983978,88.614563
175.485077,148.192398,52.523075,83.964195
174.911880,149.873413,53.026638,81.450089
174.576935,152.265045,52.464539,78.059059
175.839249,153.407623,50.949245,75.929100
2
0
0
0
0
1
120.821426,65.320686,51.983036,68.103760
122.800003,61.706284,50.591526,68.381798
124.612083,60.101059,49.734844,68.176697
126.240028,58.749565,48.809399,67.980064
127.557556,58.260715,48.130814,67.959114
129.969864,55.166927,47.516750,68.228218
132.654297,55.292904,46.701698,69.009430
132.853333,55.498848,46.929405,69.462021
133.761459,55.777508,46.478203,69.597992
135.460999,56.246243,45.955139,69.511223
138.349777,56.227695,44.609131,69.910286
142.295883,55.250896,43.552036,69.815460
147.307083,53.486191,42.943138,70.002937
153.301483,50.145870,42.396118,70.176170
158.002991,47.704659,41.357609,70.229164
159.489517,47.051022,39.961185,70.377029
160.581207,45.682304,38.862438,70.401199
162.032791,46.582314,38.200619,70.088417
167.447571,43.785652,36.590565,71.775970
171.186462,44.068386,36.738655,70.855667
172.806473,44.587891,36.706894,70.430588
173.912247,45.897991,36.937683,69.951393
177.280640,45.381641,37.084190,70.200409
181.842087,43.847713,36.321384,72.502846
185.318741,48.281399,35.746353,72.598717
186.611771,53.660053,36.090733,72.199127
187.638855,57.078712,36.706657,72.179939
188.333298,58.646538,37.166481,73.352180
187.915298,62.179104,36.928970,74.515839
184.753555,70.370262,36.901993,75.301781
183.632080,79.529228,38.448029,77.665276
184.413467,82.595436,37.640877,79.435829
183.295837,84.968498,37.243896,80.747925
179.082306,90.452271,36.626057,79.224792
174.875015,106.164017,36.490284,76.130806
151.027649,104.533577,35.812912,81.234146
137.090668,103.239784,37.656158,85.152084
127.444382,111.491974,38.575089,82.938126
124.369652,114.694824,39.281876,81.752640
122.398369,119.716064,39.672726,80.731003
121.599480,125.338524,40.382652,78.837601
121.286102,129.509811,40.473495,76.714615
120.811676,132.699417,39.800041,75.259552
116.798035,137.114975,40.472427,71.097244
115.563423,142.743958,40.515591,68.298927
116.796806,145.409119,40.450287,66.185287
117.608498,147.062546,39.944057,65.592163
117.746773,147.633698,39.936066,65.643875
117.915802,148.240265,39.994133,64.974846
117.927414,149.006302,40.013470,63.555901
118.415520,149.632614,40.447483,63.553478
2
0
0
0
0
1
29.092093,141.767578,66.896431,69.043686
27.999184,139.118576,66.461830,71.467590
28.229689,129.533417,66.862099,75.928703
26.343372,126.636536,67.536255,75.200012
29.206438,124.689247,66.863075,77.730980
28.167990,122.701088,67.207962,78.378677
28.205450,120.390610,67.646019,82.865623
29.273695,120.353966,68.645432,86.409767
28.006847,117.525848,68.458672,89.446602
32.763607,110.017052,67.774826,101.538940
35.321140,111.486687,66.751122,104.633049
40.165447,113.812248,67.049759,103.616188
45.483776,118.157951,68.105293,102.611557
50.078197,127.464577,67.725235,101.322220
53.142189,131.225693,67.873840,99.420952
55.751621,137.043839,68.137527,96.733475
58.796677,137.961182,68.252846,96.253082
60.800392,138.076538,68.712555,95.986603
64.621544,138.848709,68.440979,95.094032
70.853073,140.645966,67.655083,94.834862
75.539619,140.819199,66.149254,95.251991
79.743782,141.327164,64.458458,95.241951
87.542053,143.251968,62.213078,94.592445
90.287331,144.430649,61.665009,94.167542
93.621857,145.922409,61.267605,92.804909
98.232819,148.659851,59.789879,90.984123
98.899681,149.019409,59.674343,89.584366
99.486397,148.754272,59.105900,89.521240
100.041206,149.387115,59.023224,89.423660
100.276077,149.694382,59.334618,88.825920
101.086006,151.137848,58.955601,87.749428
101.694450,151.645950,58.641582,87.298805
101.842545,151.874130,58.818096,87.181702
101.753632,151.961639,58.732044,87.298820
101.528641,152.036209,58.858734,87.298325
101.358513,151.056122,58.887371,87.280571
102.680397,146.865097,58.694717,87.714760
102.692413,144.553162,58.583511,88.517006
102.889740,144.540466,58.877514,88.791161
103.019608,145.108078,58.782784,86.799088
103.850983,145.566650,58.848156,85.902016
2
0
0
0
0
1
199.393250,101.480629,51.144695,64.240219
204.424927,102.568260,49.703415,67.079819
208.807373,100.372787,48.915123,69.911293
211.272079,98.363739,47.511570,73.158775
213.138626,97.862907,46.229755,74.961571
214.771713,97.522385,45.903286,75.510742
219.356827,99.967964,44.314575,76.917702
220.267548,101.980934,44.469696,77.794411
220.577103,102.862106,44.110054,78.178337
219.798080,106.627510,44.306984,78.602325
218.155380,108.883331,44.607182,78.996384
218.501129,109.558685,44.995541,79.196312
218.453079,111.417244,44.906265,79.500305
218.634506,113.577888,44.565754,80.236313
219.485748,116.277733,44.718166,80.127831
219.908463,119.970535,44.868561,80.165390
219.682297,124.979309,44.614407,79.896561
219.815414,125.388695,44.982502,79.836288
219.290680,129.595520,44.844154,79.306328
220.171677,134.309494,44.383751,78.837700
219.696365,142.019928,44.388466,77.118317
221.214783,149.847504,44.788189,75.010422
221.470062,156.370499,46.488495,73.685555
