1
222.359314,93.744713,44.800289,46.359573
222.566223,93.713028,44.860725,48.004456
222.690735,94.440872,45.090214,49.335884
222.891434,95.129486,45.423336,50.291615
221.753769,94.305504,45.447247,52.132141
221.370941,94.273865,45.073246,54.443336
220.712784,90.498337,45.480476,56.391464
219.578568,90.971199,44.573929,58.249622
219.009323,91.176895,44.834694,59.889351
218.543732,91.945633,45.257374,61.604641
217.213959,91.652107,45.403080,63.259716
216.766251,93.157646,45.649834,63.986485
216.625626,92.253105,46.094738,64.612885
215.686203,94.317352,46.512974,65.799255
215.821198,99.112892,46.953171,66.880142
214.486115,97.535400,46.771904,67.059692
213.842041,98.554382,46.751766,67.840218
212.868210,95.722046,46.997616,67.494713
214.118835,95.837006,46.136288,67.986427
214.585663,96.306343,45.770508,68.323410
215.467880,98.722832,45.084759,69.431313
215.841660,99.837379,45.313339,69.686958
2
0
0
0
0
1
102.509590,89.310860,62.788525,71.548409
84.510025,90.530960,62.407558,73.701416
75.253487,94.591545,62.743847,72.372566
58.249035,96.761063,62.729923,71.629784
53.230747,96.874001,59.994370,72.109741
48.512562,97.311668,58.709526,70.577850
42.349831,98.178726,59.214756,67.707588
43.292568,102.015854,59.964413,65.879768
42.991779,105.127068,59.375164,64.942162
41.869568,108.734634,59.466393,63.367352
40.022068,115.246536,59.855614,61.245667
43.409981,118.862877,61.005791,59.669224
47.855560,121.883369,61.518307,59.725594
47.968384,128.157104,61.201168,59.188896
49.895191,136.465485,62.697025,57.970795
55.832886,138.104401,62.453114,58.446579
67.809525,142.786530,61.770691,59.196430
87.943474,145.977524,61.023293,60.752098
96.986710,143.849487,57.211559,64.039322
100.800888,138.929245,54.788162,67.956673
101.953377,137.546326,53.112175,67.666901
101.583786,139.309723,52.567375,66.747452
101.354767,142.017197,52.110596,65.930138
101.564583,142.132034,52.473015,65.950165
101.451523,143.450989,52.348637,65.498688
101.511589,145.620804,51.990765,64.081207
2
0
0
0
0
1
176.287628,57.608547,51.478924,66.356270
183.116425,44.479996,51.181000,67.092873
189.070831,49.403168,51.936985,69.968285
196.807022,52.555931,50.851391,72.222618
201.905319,59.589771,49.518623,75.980537
208.960236,54.705650,47.601456,80.215012
211.114410,54.593506,46.674458,83.122185
213.884171,69.631577,46.917995,83.916183
213.611572,74.936310,46.840038,84.119347
213.150131,77.925301,46.519913,86.610413
213.358063,79.947372,46.883202,89.025940
211.220795,84.998611,46.260410,90.696198
206.645782,93.423401,45.763889,91.968307
208.890991,81.716652,44.295662,99.836937
209.108200,86.967110,43.825005,101.037544
210.143250,93.185020,43.431755,101.788673
210.631744,93.215515,43.178944,102.572006
210.821579,95.049995,43.341450,102.990723
211.202682,97.030922,43.385899,103.079597
211.124878,98.782425,43.361145,103.052246
211.068588,100.380630,43.407761,103.206581
211.128510,100.486320,43.524014,103.399391
211.204926,101.195137,43.951317,103.054855
212.431213,103.083870,44.020546,103.357422
212.789291,105.284935,44.206234,103.692650
213.694244,106.914490,44.569748,103.940697
215.086395,106.725807,45.409012,104.794014
215.940628,105.709587,45.848419,106.497948
215.770111,110.056427,45.650738,108.123909
216.544891,111.216858,45.910130,109.999367
216.893204,111.917679,45.916779,110.574738
217.287720,115.248741,45.914974,111.222656
217.402756,115.430809,45.913677,111.687157
219.457092,114.758972,46.099552,113.205971
223.423279,118.336258,46.572723,112.496178
224.042114,119.043198,47.087593,112.127014
224.266357,119.113541,47.446175,112.353394
219.793243,120.856125,46.852726,111.825943
217.386200,118.943649,45.226768,116.332802
216.579636,119.306694,45.170704,117.445000
212.057007,128.437637,46.863708,111.401375
203.720963,132.615067,49.180668,106.538383
197.250793,134.328674,48.926865,105.671326
184.948929,133.932617,49.415646,104.167870
176.938934,136.759827,49.848488,98.045937
169.135513,140.462479,50.269718,93.761246
168.780609,145.739746,50.774879,88.567421
163.012192,150.554718,51.188744,85.923088
161.213104,154.290482,50.447140,82.351585
159.910568,155.556152,50.357220,81.163719
159.716507,154.654282,50.217014,80.818550
2
0
0
0
0
1
125.893982,63.892509,46.770050,59.099354
127.709610,61.808266,45.556015,59.479858
130.145264,57.934151,43.423698,59.841507
132.800110,57.461590,41.389080,60.286545
135.718628,56.186100,40.144390,61.065453
138.666061,57.141518,39.638191,62.183796
138.840210,57.283421,39.968262,62.472553
138.857788,57.300465,39.972473,62.475990
139.699203,57.878273,39.787613,62.300976
141.799469,58.037086,39.040771,62.795864
143.452362,57.665878,38.940544,62.677769
148.416458,57.823238,38.244884,63.537842
154.667511,56.203209,37.987469,63.533878
159.516891,53.418137,37.766468,64.254684
160.928589,52.865635,37.045071,64.362061
162.033112,52.670452,36.563599,64.259010
163.335083,53.284397,36.554916,64.346657
168.516693,51.324192,34.997952,65.528221
171.902390,50.903622,34.543198,65.437859
173.647995,50.998802,34.827766,65.147720
174.979614,51.210953,34.843388,65.193878
178.302734,49.768478,34.620136,66.680565
183.690292,50.606876,33.838963,67.782631
185.497604,54.660397,33.739418,68.464584
187.074509,57.768154,33.966328,68.067886
188.413559,62.234703,34.029350,69.019867
189.002670,64.022003,34.710678,71.951569
188.766846,62.939888,34.909702,74.902336
187.503967,72.414291,34.699543,77.520004
185.847260,77.163780,36.288475,79.102386
186.353256,79.830215,36.117409,79.578621
184.587021,85.375259,36.886406,79.708809
180.371933,91.813980,36.195347,77.730911
174.245224,105.056343,36.382759,74.986694
153.014359,109.648163,36.089008,79.148087
145.518143,116.732811,38.323895,80.983330
135.092712,127.777267,38.702732,77.531998
126.114716,135.842194,39.812656,75.514198
125.189560,140.434204,39.493256,73.766380
123.840004,143.524490,39.988289,73.031929
123.318581,147.567719,39.582073,71.497047
122.669495,151.846420,38.996529,69.727585
120.365288,154.236633,38.604111,68.159805
118.362946,156.187332,38.355812,66.832703
118.021004,160.035172,38.369263,64.139969
118.571457,163.786270,38.009335,61.850365
116.253433,164.181274,38.741703,60.512810
115.853851,164.339783,39.337448,58.847038
116.694733,165.302750,39.752689,57.114071
117.277405,168.091476,40.136681,55.338120
114.879005,167.889877,41.083477,54.502148
2
0
0
0
0
1
31.209373,147.608032,66.092178,63.598011
37.678524,133.572372,68.736412,67.662888
34.834148,132.747162,69.372437,69.975693
36.519478,130.606094,67.828346,74.243057
36.862175,125.622391,67.297485,76.527412
39.223507,122.713684,67.529739,79.481850
41.523861,123.805000,66.437462,82.067657
42.086967,120.574257,65.303810,86.279510
47.780544,119.873718,63.911747,93.170067
47.677933,123.754211,62.523720,94.209595
54.079624,129.789642,62.756386,93.110428
55.230988,130.324005,63.126118,93.061058
58.622612,135.342255,63.295731,92.607834
58.805004,135.617737,63.473114,92.778847
60.220383,138.975159,63.443699,91.324753
62.900829,140.775604,63.209763,90.574867
63.449970,141.041214,63.457264,90.920990
63.924095,140.701187,63.275414,90.880882
66.746536,140.728928,63.077469,90.796333
70.735481,140.321854,62.686619,91.143547
76.465851,141.566193,61.122440,91.508003
81.858200,142.780716,60.547089,91.374405
84.820801,143.515427,60.022011,90.836517
87.285454,146.267166,59.770817,89.105759
92.184181,150.042084,58.487343,87.395493
95.458099,150.235443,58.167091,86.455589
96.409859,150.982300,58.035240,85.279182
97.595367,152.054565,57.954842,84.667557
98.489410,152.806107,57.420692,84.345787
99.059761,153.606125,56.893970,83.720100
99.526199,153.892151,56.700600,83.429596
99.637993,153.660278,56.841480,83.118019
99.438103,153.547897,56.812164,83.167000
99.457214,153.712662,56.924149,83.397713
99.617371,153.343033,57.072807,82.983040
100.063820,150.753159,57.531689,82.383270
101.043564,147.318527,57.851055,82.292183
101.340477,145.206360,57.749073,82.066063
102.592270,146.763046,57.649204,79.454079
105.088638,146.773453,56.972588,79.010979
2
0
0
0
0
1
202.751038,102.574577,49.162678,62.674480
206.230728,100.009148,47.938358,65.326698
209.733063,97.154114,47.207596,67.751831
212.205475,95.739059,47.083954,69.232773
213.224991,94.491455,46.089787,70.350182
215.515015,92.517036,46.599644,71.636452
218.637604,89.295593,45.673698,75.621956
220.143021,95.832687,45.666279,78.430565
221.159378,98.004211,45.802586,78.062454
220.905380,104.868927,45.137161,77.673988
221.173050,106.763329,44.851837,77.746552
221.237869,106.817078,44.991257,78.500290
221.171722,108.504234,45.147903,78.902962
221.438446,108.828362,45.394638,79.163628
221.681625,109.650253,45.367065,79.161987
221.855255,110.469505,45.461414,79.067001
221.835815,112.412781,45.245411,79.336914
221.869431,112.609993,45.408318,79.447701
221.800980,114.682510,45.448818,79.053024
221.831451,117.866638,45.308090,78.661560
221.562119,120.463646,45.521114,77.836197
221.570908,122.146477,46.240467,76.577934
221.955429,126.257469,46.416569,74.996208
