1
96.600891,52.165428,137.540543,131.616409
96.246902,48.290291,134.122238,132.186813
92.371643,40.254303,132.321701,129.735458
92.222092,38.587074,131.546783,129.341797
90.826302,33.787167,131.319901,125.662537
90.724625,32.764145,131.678406,124.846436
93.078545,31.022034,130.609375,124.622818
102.932610,23.741390,128.833160,121.447998
111.070793,20.325500,126.326752,119.992371
117.486290,20.149206,122.286018,119.167953
125.146194,19.447887,117.754768,118.111320
137.556335,19.987226,113.691368,119.076614
148.892670,18.149355,107.913452,119.376373
155.019775,18.845596,104.748711,121.606743
158.568268,21.711750,103.255440,125.448257
161.208221,24.303495,101.781113,124.841591
169.499634,31.130400,99.194855,125.519753
175.142715,38.904900,94.124596,125.368004
177.904037,41.041866,91.553932,125.643532
178.171555,44.188011,92.385727,124.842834
181.471909,47.592590,89.536194,126.332520
182.748505,53.398827,91.214043,123.969986
185.134064,65.621872,91.199905,122.644135
188.507446,76.183960,91.605820,120.660133
190.211533,84.427139,94.278015,117.709259
189.738419,84.501938,94.676895,116.840828
189.541061,86.086136,96.642838,116.181885
196.117737,89.609894,92.426003,118.349480
191.963425,89.253716,92.446945,118.315338
185.627380,83.929520,91.564758,117.161156
184.861542,83.771591,91.703491,117.529297
185.004379,84.005325,91.950996,117.948433
185.057327,83.992935,91.916733,117.978523
184.475815,72.707138,88.590141,124.700470
183.815979,67.284836,85.072708,130.095886
184.393311,71.045380,83.572693,130.023605
183.927383,91.098503,80.984924,124.075706
184.046402,95.968163,80.783173,120.054611
183.861893,98.630814,80.743668,116.711502
181.688400,105.002274,80.937157,114.875046
182.053802,105.381905,80.631592,114.474030
183.276810,105.699326,81.182465,112.490746
183.703812,106.557037,81.217690,111.406242
184.079254,107.415016,80.982536,111.034744
185.590729,113.288383,79.925583,109.585060
187.105804,121.012138,80.078888,108.909744
189.137054,128.954926,80.649750,107.687805
190.838623,140.786407,80.715851,105.211250
192.311005,149.594559,81.438339,104.614624
192.978226,157.994019,81.898888,102.279579
195.534912,163.818710,81.747223,101.198341
197.036682,166.838287,81.796875,100.085693
198.948608,172.975174,82.079369,98.249588
203.295975,179.359207,82.267143,97.814629
210.193863,186.686554,81.462250,99.388824
217.507812,195.576172,80.689507,97.270096
221.764709,199.762939,79.705215,96.204712
231.286087,208.487198,79.144455,95.233246
241.851151,217.986313,78.959587,90.858734
250.493759,223.286697,79.867958,88.269211
257.898956,227.994659,80.346771,87.551971
269.225189,227.173019,81.411537,86.781342
278.125458,222.147400,82.438622,88.536987
286.890503,214.703842,82.322411,90.398872
293.599823,206.459274,80.506317,91.543076
303.568787,197.001511,80.253555,92.233330
308.987701,182.638351,78.424232,93.838974
316.142029,167.501511,79.427025,89.833733
318.801575,149.526764,80.308739,86.600494
324.847534,142.627808,75.242302,81.738388
335.377228,132.714920,74.692039,81.276138
350.911163,111.640686,77.332703,81.368309
363.409454,90.656342,77.630104,84.579628
359.125824,85.357170,86.436638,84.109528
366.205872,76.120888,84.051239,91.701759
378.249939,66.314392,83.779671,89.309608
380.642120,55.951454,83.223984,88.745163
380.641266,55.816311,83.364174,88.758659
377.533600,69.516243,82.802895,89.300491
373.891937,74.625809,82.249863,92.800133
374.166260,85.057121,81.534737,92.045464
360.665253,106.215645,85.001671,90.029541
347.373932,119.676384,87.411247,88.608063
2
0
0
0
0
1
311.443268,6.644842,144.594299,149.919205
299.916656,9.619280,145.097794,149.373672
279.480194,17.495787,146.851456,148.043762
256.904449,26.061022,147.956100,150.039795
254.028427,30.718441,137.387802,155.964569
252.007095,31.468353,136.766953,155.905380
246.237015,39.114014,134.009399,155.669357
238.026550,43.803719,134.166794,155.261902
233.761154,43.773869,133.140396,155.422913
232.583084,38.276157,127.983963,156.713654
227.866730,36.950176,128.441147,155.469467
225.018524,34.627857,129.009872,154.331589
222.403946,32.792969,129.666412,153.735245
220.063232,29.471338,132.668228,150.053375
214.636551,25.733679,134.085510,144.977371
205.074112,25.736391,137.986771,139.528046
194.399078,27.570345,140.994354,135.880478
188.186050,28.691648,155.118896,135.388382
177.188034,40.291542,156.779663,133.168518
180.485580,51.911510,155.354431,134.980026
189.163788,55.333549,156.202759,136.043839
174.032150,65.452217,157.007126,142.610428
184.568497,68.810768,154.312790,153.292953
166.476700,76.608932,152.647003,154.990646
166.174942,70.992722,148.338181,150.552048
166.975677,72.766373,148.047882,150.806503
165.268661,77.044128,147.833038,146.090714
167.032837,84.582153,143.059875,144.138611
163.067398,86.492393,142.643005,141.690491
156.194061,85.379669,143.852203,137.076187
148.403778,83.777084,144.532745,134.422455
148.136810,84.054077,145.645187,133.087875
148.911682,84.140068,146.116119,133.055954
146.624680,81.988167,146.773376,133.426041
146.843475,82.350319,146.764374,132.751968
132.804932,77.366081,150.270447,131.021988
135.988571,69.445366,158.303299,131.297058
144.853043,59.037342,163.113968,133.465744
156.963928,45.268768,176.556656,136.348343
160.170609,38.064899,188.006241,136.034592
176.639481,35.958237,209.536530,134.934433
188.555084,35.971996,218.723465,131.080765
216.645020,33.341915,232.128326,129.642487
197.723053,39.646305,244.018677,127.547234
190.594070,45.501564,247.414825,123.935501
177.320969,41.319767,249.849945,121.255188
165.965149,42.623970,244.757095,118.836861
150.113007,44.659969,237.672516,118.940796
147.698837,45.156704,231.899170,119.443665
142.887985,44.738033,229.273712,120.380432
137.932922,44.217323,228.246994,119.914047
134.844757,44.276516,227.526108,119.587814
132.111633,44.854809,227.082748,120.314743
124.870422,45.543308,226.230209,120.269127
123.923355,45.745506,226.652481,120.316628
122.419838,48.156807,229.265762,121.109810
118.565529,48.055984,230.263123,120.929482
92.481720,49.867767,228.594650,124.476295
88.954353,50.394135,228.674057,126.013947
86.793381,51.662842,228.590576,127.556488
85.606384,50.155991,228.237305,128.555206
84.664146,49.920948,230.982605,128.952423
81.759003,50.023289,235.245056,128.850830
80.024139,47.585682,237.487640,128.140427
77.921661,45.877842,237.044662,128.000137
2
0
0
0
0
1
224.917053,183.254181,57.401333,57.542530
224.931946,183.501144,57.576771,57.907894
225.600571,183.917297,59.368275,57.149822
