1
110.079582,52.491367,142.963409,123.786774
109.944550,47.331383,133.806885,124.744583
102.858025,37.710041,130.905045,119.136078
97.838722,34.290215,129.916061,119.763359
97.221725,30.890879,128.219986,119.565002
97.830513,30.346502,128.397018,119.709084
100.117729,27.681458,128.203430,119.198463
106.615959,24.590860,128.009674,118.816139
112.420700,22.625359,127.503685,118.177521
118.748055,22.398390,125.272171,118.923286
121.374832,22.018320,123.939087,119.118004
136.287643,21.163498,119.406784,118.910446
146.941086,20.243111,111.861092,119.690582
152.690231,20.088068,106.618202,120.501083
155.298660,22.178635,105.069107,124.319832
161.704605,27.491871,105.164185,120.818146
168.780396,32.771999,102.169624,121.980690
174.881577,40.403740,98.247162,122.708687
179.851624,45.926594,93.640511,123.201218
180.448502,48.193260,93.426064,123.193130
183.156326,53.712463,91.849846,123.694466
185.599762,58.095978,93.369507,121.972649
187.234039,63.201408,92.579521,120.721802
191.167145,75.306023,92.368668,118.150925
193.143738,86.255737,92.744141,115.892067
193.232513,87.071968,92.699203,113.073196
192.786469,88.149826,93.581314,113.094017
197.063980,89.050339,90.755463,115.018005
191.014801,88.850746,90.460419,115.451515
188.196106,82.782448,89.146591,114.569397
186.990723,80.963982,88.696457,114.965065
183.986908,78.637917,86.967865,115.812027
177.377838,72.668549,88.436493,119.931778
181.052231,65.525520,83.360817,123.840660
181.886108,59.240936,81.535217,128.686005
183.510010,55.462158,80.438622,132.224976
183.657211,67.001244,77.217682,131.639450
186.224045,74.073914,74.706772,127.955872
187.006561,79.168869,74.328590,119.937576
184.026703,95.057884,73.326805,113.710083
184.200317,95.364731,73.368065,113.818306
184.520462,95.431625,73.440277,113.916710
185.479095,99.838173,72.770668,111.726479
186.008652,103.439095,72.525322,109.838966
188.414597,112.456573,71.402634,106.453949
190.443298,123.825691,70.979660,103.417442
193.277466,135.623322,70.154488,101.293297
194.045074,144.685333,70.986237,99.933945
195.523911,153.545776,70.808632,99.323044
197.973969,162.769424,70.220390,94.118866
201.058350,173.346619,71.002022,89.102081
204.568924,181.516205,73.194580,85.679497
205.329529,188.003555,73.818321,83.555244
208.918503,196.203201,73.017471,81.685280
214.915649,204.637344,71.910316,81.349564
222.658768,212.258331,71.430817,80.511856
230.160980,217.962418,70.572708,80.716805
239.625580,224.877655,70.091835,80.669350
246.664978,230.379517,71.608566,78.813934
252.847916,235.262299,74.477829,75.809433
259.895508,238.252365,76.080299,74.858292
273.069519,235.124664,75.914230,75.964851
281.356049,229.415527,77.658707,77.628929
289.224609,223.328140,78.296951,78.445358
297.268982,213.727982,74.894577,81.295670
305.986481,204.667480,74.656837,83.195938
312.048553,189.053543,73.285957,85.252380
318.475189,175.272552,73.945366,81.362602
321.186127,157.334045,73.569420,79.484421
326.628174,147.750000,70.619247,75.160057
340.243073,138.561203,69.537483,74.698944
354.821686,122.564270,70.095413,73.505035
369.790405,106.422707,72.252243,74.266006
367.535980,95.538063,84.167267,74.677017
374.580658,82.158707,83.826187,86.395805
391.189880,62.682278,83.069626,83.591316
403.837006,59.260960,84.436310,80.551048
420.996735,58.147709,80.409889,81.143929
436.327972,77.588753,77.237785,81.363327
435.933929,83.749146,76.837616,81.447166
425.766846,90.542770,76.892250,80.382401
411.403992,110.351166,76.389694,81.662071
401.625458,121.628258,75.950668,82.117401
392.478577,124.838150,76.487434,82.121910
2
0
0
0
0
1
290.060028,22.801168,147.350906,138.915024
280.085876,26.454670,148.279846,138.810684
253.556427,35.744972,154.268845,137.444321
248.428696,37.610596,150.391129,138.102615
244.436737,42.493683,148.183121,139.452942
235.254959,48.064148,147.981018,138.123032
228.837769,50.235161,147.384659,137.736145
224.644775,45.164295,140.630951,142.288895
225.871582,43.602024,131.982727,146.514954
224.010773,42.944122,131.350616,145.656998
220.537430,41.197548,133.899429,143.933640
218.263855,36.556499,134.305801,144.247253
218.194992,34.232018,135.805222,141.497528
212.926514,30.202690,137.809616,139.255234
204.786987,27.080988,140.081879,140.012802
199.630249,28.708113,145.243423,137.777985
195.494461,37.821434,153.102814,135.292221
181.399521,42.676838,151.103867,137.214157
185.891983,44.932163,151.013611,138.411041
189.515457,53.525032,155.643753,137.571793
187.403946,59.469414,156.569183,143.139465
183.515411,62.620056,155.786194,144.143097
171.195831,68.354980,155.350510,144.446823
151.935928,67.495895,152.494659,140.679764
152.932449,69.143898,150.830948,141.044785
155.262207,72.460022,149.436829,139.417892
162.989288,77.717201,142.528656,138.312531
141.110092,83.414665,143.438568,134.542297
128.998840,80.536415,144.687057,132.588776
137.799271,81.637383,141.440323,129.842529
137.745483,82.089989,141.546326,129.292389
143.221146,82.196274,140.592926,128.373260
144.657623,81.630371,141.210083,129.275024
147.339355,82.187698,142.615295,128.875870
139.024582,79.589668,148.127838,126.121765
151.185852,69.922264,150.349609,127.842903
162.536560,57.455101,158.336411,128.971802
170.100906,43.041851,166.060989,131.046478
179.800308,30.221821,178.212097,131.531952
2
0
0
0
0
1
168.078506,74.606728,98.402641,93.273247
175.134903,74.130791,94.838379,94.565742
178.266251,74.903114,92.064301,95.572739
181.966095,82.396622,89.588387,94.756905
183.850189,89.363586,86.928947,94.142372
187.663574,99.702972,83.925842,90.864449
190.527374,107.332993,81.736832,90.204010
193.851562,114.116432,80.217468,88.370323
197.119476,120.733665,78.757355,84.670868
197.077118,123.577072,77.900757,81.925095
196.773010,126.811989,77.076576,80.643013
198.339035,132.995178,71.838112,81.029732
199.439331,136.843597,72.051376,82.144127
202.954727,142.693390,69.273186,82.198334
204.531113,147.556290,66.921204,81.508873
207.075882,151.940399,66.567856,81.705170
207.722870,154.969788,66.624504,80.880127
208.015305,159.195740,64.537689,79.217812
208.565125,164.021667,64.622551,76.757492
208.408340,165.895279,65.005486,76.773979
209.585434,170.105774,65.513664,75.163467
212.768326,174.310684,65.958748,75.353844
217.812439,177.572815,65.066231,74.523933
221.435226,177.820190,61.107147,74.620644
221.651062,176.152496,61.583248,74.637917
221.940567,175.565109,61.897938,73.572136
222.946732,175.236954,61.789749,71.924431
223.897934,176.092499,62.546005,68.825851
