1
226.896378,89.880089,42.851528,45.510189
226.982986,89.699890,42.917389,46.361298
227.073746,89.291199,42.939747,46.828400
227.181824,89.263809,43.011086,47.576492
226.798950,88.734589,43.098862,48.708790
225.237045,87.414070,43.072529,51.623825
224.306656,83.621490,42.773716,52.978664
222.916046,82.721504,41.928097,53.904774
220.723755,85.347351,41.850204,54.635906
219.558441,88.540451,42.602489,55.862324
218.587143,91.588219,42.762238,56.974201
217.239349,92.759735,43.510975,58.414295
216.540436,89.093475,43.480003,59.626308
215.359360,95.052139,45.145515,60.063576
216.701645,101.995018,45.208630,61.304195
215.968002,100.862297,45.433987,61.460091
215.724030,101.224312,45.400993,61.618153
214.414963,95.896278,45.223461,61.865318
215.289688,98.361504,45.024937,62.249657
215.871918,98.585548,44.938564,62.828793
216.111420,99.494057,44.680355,63.465488
216.380417,100.713387,44.911709,63.797943
2
0
0
0
0
1
103.403687,92.834076,69.477997,75.682808
91.192596,94.684738,68.773903,75.358894
80.455605,97.966934,71.400230,71.929321
70.494705,101.913612,71.107338,71.550079
64.815063,106.293266,70.220085,70.921700
52.896797,107.402298,71.191841,68.056976
41.223324,109.030838,71.370743,67.056282
41.326736,112.683983,70.800446,67.355217
41.478630,117.300583,69.702087,67.122414
41.601814,119.989883,70.029938,67.047356
41.120590,126.106567,70.339638,66.861870
43.270523,129.861206,71.088005,66.786499
47.016487,133.440536,71.594414,68.796799
46.974449,135.154373,71.680069,68.838959
49.049213,140.907242,72.808083,66.935379
52.421215,141.707932,72.460617,67.853867
60.373726,144.360352,71.762772,68.103409
79.576263,149.062057,70.034370,70.150475
92.202385,145.062561,66.042618,77.876205
95.217628,143.746765,64.991302,78.859306
95.896103,139.192398,62.671955,81.146530
98.060616,139.610245,62.056793,80.476898
98.208237,139.589691,62.342529,80.444527
98.309044,139.529602,62.299408,80.541687
98.407883,139.758987,62.469135,80.965103
98.264832,140.807693,62.447586,79.870216
97.636833,142.027344,62.251335,78.406799
2
0
0
0
0
1
184.096390,51.850998,49.792961,68.875954
188.952087,62.304123,49.235455,71.068924
194.484634,63.208286,48.853271,72.604347
200.165939,64.520592,47.838974,74.860741
207.246002,54.541714,45.853153,78.582275
209.639328,56.340137,45.024303,81.561890
211.415970,70.789345,45.011017,82.025864
211.485352,75.618019,45.203720,83.385239
211.576584,79.419891,44.195881,86.274673
211.739334,76.971054,44.129723,89.015900
211.491913,80.757378,43.310448,90.582741
211.057968,84.699738,42.580242,91.279533
211.682220,84.791000,42.126087,93.547714
212.018845,87.330872,41.969208,95.113503
212.229538,96.012306,41.522034,95.254662
213.167023,101.353317,41.315056,96.105438
213.640610,103.251465,41.458511,96.485336
214.150085,104.966606,41.433643,96.300621
214.058151,105.554596,41.436104,96.586975
214.167908,105.555878,41.545563,96.983948
213.969406,105.989487,42.189865,96.601036
213.805817,106.987373,42.687084,96.257301
214.581238,106.921265,43.335003,96.013229
214.314163,110.394516,43.323669,96.699989
215.243240,112.266426,43.707382,96.882088
216.719376,113.669189,44.355736,97.807610
217.993225,114.147919,44.828053,98.349403
218.295181,117.592148,44.963253,99.215179
218.517929,117.022972,45.374279,100.635269
219.519669,120.123260,45.978024,101.660835
221.375687,123.011818,46.086697,101.911270
221.703186,123.625259,46.611870,102.174057
225.452255,126.554619,47.247955,101.761780
228.276474,127.862930,47.776794,101.839142
228.428299,128.124008,48.031746,101.878517
226.025604,126.682808,47.863991,102.382721
223.580978,125.719124,47.058311,103.508278
221.643921,118.938583,44.075485,113.345299
222.467026,124.711182,44.141182,112.825340
215.578979,133.869873,45.974209,106.130127
207.269913,138.720444,49.730453,101.279549
202.241928,144.593750,49.898216,95.406250
203.961166,153.079300,49.948669,86.920708
202.289597,158.015839,50.654984,81.984154
201.985840,158.589554,51.060951,81.410446
2
0
0
0
0
1
117.316185,93.786575,52.947231,64.671791
117.210945,84.792282,51.140373,67.013512
117.173401,78.365814,50.821262,68.811333
118.582245,74.485229,50.151203,68.925438
120.621796,72.664734,50.028721,69.281181
122.000290,69.545326,49.831757,69.873230
123.058411,67.425644,49.502655,69.943535
124.820290,63.721706,49.150463,70.122299
127.005707,61.751118,48.202595,71.024605
128.862701,60.113220,47.203949,72.224098
133.404022,60.568783,45.553825,73.760765
133.626663,60.681297,45.967396,73.970871
133.779846,60.964302,45.844700,73.879784
134.713791,61.473099,45.095535,73.997513
137.234787,61.301510,43.918945,74.424339
140.888962,60.135319,42.126816,74.579445
145.436752,59.557747,41.827396,75.475571
153.312943,57.254715,41.426224,75.811028
159.457031,56.016346,40.333752,76.114937
161.428299,60.111275,38.741150,76.903488
163.638748,61.554302,37.359135,77.141243
165.845398,63.298832,36.252766,77.745987
171.356522,59.415462,34.578884,78.740501
173.839096,57.795311,34.115494,79.414680
176.780457,57.442169,33.821598,79.996140
178.660461,57.367374,33.372475,80.682037
181.667374,55.175262,32.214863,83.381226
184.860580,52.073776,31.524708,86.921783
186.405090,50.934593,31.996254,87.747787
187.851990,49.541916,31.783478,88.264473
190.331741,50.514378,32.000702,88.014259
191.150635,55.965649,32.253216,91.967323
190.909592,58.301247,32.307541,93.536636
190.502274,62.741199,32.771790,94.071236
189.386383,72.651550,34.430706,94.409904
189.295044,79.821350,35.078686,93.730347
185.700424,82.891075,35.756180,94.708977
179.561066,90.255936,36.502640,89.681053
173.688736,103.008820,37.241821,85.013771
153.893234,106.086769,36.834225,85.694244
147.876282,112.589600,37.261055,86.305504
140.356171,127.489426,37.990219,80.219353
128.318558,137.324326,39.341358,75.400604
128.316437,142.747055,38.926365,72.942352
125.835670,145.480774,39.263969,71.953918
124.234566,149.478134,39.395157,70.527390
122.918488,153.092453,38.671806,69.636444
119.832275,155.870300,38.411102,67.737617
118.505768,158.501907,38.045010,65.706711
115.709549,161.839569,38.433605,63.251575
114.616379,164.953690,38.412586,60.254387
111.007523,169.811615,39.331280,56.927845
109.770164,173.363098,39.994469,53.484989
107.500565,176.918793,40.313232,50.805241
108.795547,181.704865,40.559799,48.009869
106.571396,182.803925,40.073475,47.465553
109.191292,183.836029,40.326435,46.682003
109.273514,183.823730,40.455482,46.896091
2
0
0
0
0
1
21.219992,130.975983,71.451447,65.016273
22.674433,131.126343,69.610596,71.562057
23.017588,125.608749,69.479965,72.507057
24.748171,125.668831,70.126846,75.336220
28.074533,123.227249,72.001991,79.875580
26.101761,120.114372,71.724571,82.633865
28.730970,115.079895,71.336014,92.430573
32.419403,119.061096,71.053108,100.089180
38.467560,122.373909,71.677872,99.940170
42.524006,126.849541,71.888672,99.073875
46.293369,132.476852,71.651665,98.830566
49.856495,136.797546,71.701996,96.949425
52.581440,140.074615,71.746964,94.470566
55.535496,143.229263,71.640678,92.753448
58.028915,144.290848,71.981148,91.695808
2
0
0
0
0
1
85.695396,73.164375,77.035301,71.347916
88.307648,77.171326,77.335121,70.126488
88.819481,80.726387,78.006607,69.603592
92.134048,84.790283,77.159050,68.528702
94.774117,89.337845,76.289078,67.057205
97.110832,93.333450,75.737968,66.133530
98.745094,95.985924,75.601570,65.674530
106.931999,102.462708,72.387833,62.893547
108.535683,103.955521,70.871590,62.499638
110.054230,105.637978,69.399994,62.391247
111.358887,110.135963,69.291794,61.350842
110.996681,114.348801,70.373360,59.948883
110.275589,121.495468,71.204071,59.475235
112.255188,125.235657,71.493805,60.316414
112.752922,127.618851,70.647087,60.528221
113.589241,132.370590,71.598206,60.261181
115.632744,135.904434,70.502396,60.323475
116.328674,137.122665,70.668747,60.031303
116.617760,137.620941,70.694237,60.658566
118.596344,138.259705,70.864830,60.813118
118.179726,138.962936,70.583015,61.038963
118.470711,139.370239,70.985153,61.386883
2
0
0
0
0
1
212.016205,96.133743,50.435028,65.417725
216.066589,98.020027,48.644447,66.661011
216.784683,100.191902,48.567463,71.085617
217.337418,101.978882,48.315895,71.327644
216.743988,105.818840,48.388092,71.268219
216.313171,109.485527,48.040119,70.996895
216.528168,109.651672,48.429573,71.209114
216.652618,110.900589,48.117779,71.466660
217.373825,115.243988,47.920803,71.061699
217.651184,116.410759,47.803661,71.490288
218.105133,119.526665,47.754631,71.606049
217.725906,122.192940,47.620861,71.743576
217.955765,123.319710,47.722542,71.937721
217.845566,126.274040,47.832523,71.664200
218.529709,129.901489,47.626484,71.515686
218.922806,140.781342,47.777973,69.347458
218.711868,144.863724,47.716980,68.637077
219.144836,150.582016,48.644867,67.246048
