1
223.807541,91.822350,43.809635,50.607174
223.772903,92.617493,44.141453,52.145641
224.011383,92.560730,44.503273,54.006443
224.244934,93.046638,44.955864,55.808075
223.606018,93.233772,44.721912,57.378036
223.067719,94.765465,44.797497,59.254082
222.457230,92.045357,44.792522,62.058594
221.833252,91.098251,44.417164,64.620049
220.916077,93.020859,44.389790,66.494263
219.271149,92.204338,44.612064,68.915359
218.251068,92.519501,44.832592,69.315979
217.222717,93.895912,45.432987,69.973648
216.740036,93.581657,45.691189,70.101257
216.711853,94.164909,46.094193,70.478874
216.420837,95.851112,46.305538,70.958977
215.521561,94.400345,46.471050,70.974693
215.085403,95.916664,46.211727,71.292336
212.571655,87.024666,46.560635,71.681831
214.124969,88.353813,45.985630,74.236237
214.759796,88.291916,44.309452,76.537483
215.527069,93.221107,43.668247,77.706642
216.325562,96.107346,43.707413,78.275307
2
0
0
0
0
1
101.851593,93.016464,60.687912,69.560738
90.294701,95.021896,59.458626,70.782845
83.818588,99.039719,59.611610,69.160507
68.685509,103.176750,59.517654,71.461250
65.868225,106.559830,57.568581,70.863655
59.788509,107.444359,56.609268,68.233932
43.299744,110.182884,55.248932,68.170120
43.229904,111.105179,55.723431,67.881737
42.993767,115.457298,55.564556,66.304695
42.677975,117.024841,55.873940,65.053238
41.433384,124.509804,56.854733,62.218441
42.978207,127.678894,57.162876,61.298172
47.917835,130.733368,58.944702,61.406509
47.231625,136.026382,58.920475,61.045368
48.715248,143.915756,59.678776,60.231003
58.154781,147.102539,58.082787,61.309448
72.058868,150.716248,56.948917,61.211494
91.646622,153.500381,57.016651,63.082977
98.429657,146.207764,54.466591,66.904976
99.560776,143.963013,52.854836,67.275436
101.112427,143.841904,51.347275,66.191414
101.187622,144.188477,51.432884,66.328476
101.266258,144.304733,51.337162,66.426331
101.383804,144.358322,51.466152,66.468719
101.417442,144.813095,51.441570,66.026932
102.020355,146.603699,50.525524,65.213371
2
0
0
0
0
1
175.190460,50.874210,49.722591,66.484100
178.919373,36.709675,50.464638,67.693085
188.780991,26.313723,48.711285,73.330902
198.575729,25.602730,47.243927,79.427589
203.085724,23.889576,45.975266,82.399696
207.887390,31.266626,45.234486,83.836349
209.982544,36.667721,45.106636,84.162254
214.220108,54.318413,45.109631,85.493629
213.806717,65.981682,44.237873,86.341942
213.287582,68.741631,43.741928,89.026611
212.778503,70.303482,43.426422,91.033463
210.327530,69.992302,42.315369,93.161652
207.925766,76.674789,41.615688,92.268562
207.776718,76.651573,41.265903,93.760063
207.035461,81.101059,40.713570,94.171616
207.799072,85.273697,40.169624,94.837402
208.600357,87.161331,39.728615,95.900856
209.063263,88.266235,39.784233,96.197319
210.108017,89.299347,39.939972,96.172745
210.228073,89.811485,39.860767,96.619026
210.449646,91.377197,39.609730,97.280251
211.308716,90.695816,39.899757,98.332596
210.787720,92.834862,39.987411,98.289215
211.758240,92.241234,40.622856,99.108719
212.515869,93.125870,40.850769,100.095825
211.836639,96.004158,41.701660,101.957611
212.081268,97.592216,42.282848,102.234009
2
0
0
0
0
1
240.451447,131.348511,47.688873,61.508945
235.661102,125.561020,47.940437,60.981720
232.928543,119.234993,47.524815,60.319946
229.873352,114.752426,45.620907,60.895012
227.380707,109.846489,43.299080,64.270020
226.994186,107.820580,39.016052,67.655197
227.232285,107.178192,39.461395,68.152946
226.064392,106.992836,39.599705,67.179558
221.099457,107.971970,43.654831,65.398560
220.203903,105.637123,44.138103,65.200371
219.646118,106.021851,44.566952,66.387817
2
0
0
0
0
1
110.955879,103.275826,61.620438,69.127403
109.462692,97.229080,60.994125,68.490898
109.698151,91.595886,60.069206,66.224724
111.937332,84.501816,58.113991,66.713440
113.182480,78.390678,57.375381,67.292397
114.175117,75.080147,57.110409,67.778671
115.897835,72.418083,56.617378,68.313332
117.021042,68.814919,55.657070,68.959808
118.902466,66.809868,55.142696,68.965530
121.012787,63.920094,54.497421,69.316208
121.925728,63.269211,53.843361,69.863495
124.200630,60.199841,52.651180,71.244133
127.270226,60.354698,51.784931,72.036163
127.922409,60.146908,51.372616,72.723671
129.393753,60.078484,50.589710,73.326706
131.834549,59.730438,49.224781,73.947052
135.230576,58.845627,47.355228,74.656929
140.204773,57.559086,45.224758,75.164047
145.251144,56.869419,44.203415,76.033127
153.266434,51.716263,43.151272,77.961639
159.582260,49.096363,41.309242,79.109062
161.663208,53.354347,39.846455,79.949951
163.204895,55.216206,38.334816,80.127151
165.227463,57.083626,36.902821,80.999084
170.820038,53.831436,34.861172,83.448265
174.497971,53.121670,33.849533,83.864143
176.659393,53.443111,33.620358,83.880943
178.454758,54.102043,33.493015,84.130295
181.322830,53.021217,32.598133,85.766777
184.537384,50.956623,31.975651,87.662796
186.411880,49.988396,31.911463,88.938019
187.999664,48.741451,31.933910,90.249130
189.297409,49.071335,31.945980,90.360123
190.413452,51.480888,32.029308,90.708069
190.146774,53.584373,32.505707,91.511780
189.435410,58.371876,33.315372,93.918259
188.691177,66.425514,34.584679,95.047310
188.952179,77.297043,35.879025,93.654442
184.343033,81.711601,36.409615,94.940575
177.761612,89.026054,37.187584,90.316261
174.110382,104.893486,37.303242,85.399940
152.794022,106.230873,37.305176,86.355225
148.297501,114.588608,37.959114,86.577461
136.385391,127.224060,39.409863,81.038116
127.987015,136.928726,41.294506,77.570518
127.399460,143.646805,41.062943,75.223740
124.390068,147.135818,41.866173,74.367043
123.883553,150.432343,41.793396,73.193916
122.929893,154.141464,40.902290,72.118652
118.822289,157.005966,40.822353,69.848610
117.270302,159.414734,40.885071,67.669716
115.428665,163.499084,40.765877,65.589394
115.106644,165.630234,40.856857,63.838612
113.657738,168.176910,41.283974,61.304867
113.407570,169.626022,42.589783,58.177052
110.427162,175.700073,45.132618,54.104244
109.731438,178.848892,46.128353,51.616970
105.215744,179.927124,46.635864,50.064003
104.678947,181.491028,46.593422,49.018497
104.999657,182.273788,46.757809,48.992626
103.915985,182.590698,46.684708,48.181442
103.112831,183.605911,46.507961,47.593922
2
0
0
0
0
1
31.443815,120.498520,74.301743,73.025017
32.446629,120.866325,74.112465,77.206367
34.155231,120.834778,72.343887,80.161987
36.622612,118.797089,68.428360,84.533485
42.635128,118.775925,67.278732,91.923912
44.714436,122.115585,66.315842,92.792244
47.604034,125.234032,66.255890,91.107422
49.032486,128.858231,66.475304,89.771019
50.492374,133.907928,66.554039,89.281601
51.209793,135.474472,66.843010,88.089279
51.505688,138.494781,66.862503,87.089043
51.422848,139.007889,67.031883,87.051270
51.371510,139.441406,67.424492,87.336288
51.622208,138.864853,67.106277,88.082428
51.913422,139.147629,67.429611,88.482666
52.093945,139.180344,67.449097,88.472641
52.862122,139.181213,67.385643,88.638901
53.996433,139.999023,67.631752,88.559662
54.927330,141.172699,68.075394,88.585106
54.463387,141.922104,68.672958,88.625404
54.881340,142.369202,68.910194,88.954102
55.083260,142.518097,68.986404,89.017273
55.170662,142.695908,69.010902,89.492920
55.708260,142.739014,69.529861,89.536568
57.156895,143.351822,69.952621,90.071251
60.339748,143.324539,70.259651,90.416656
69.097824,143.625000,70.440369,90.220848
75.701836,143.948288,69.765846,90.237961
78.539093,143.503418,69.024734,90.909721
80.523003,143.961731,68.885696,90.387703
81.467392,144.340942,68.986794,89.515678
86.976112,143.820816,68.180252,89.702225
90.770531,142.703110,67.667564,90.135269
92.301231,142.048035,67.290489,90.182953
93.596001,142.498810,66.950508,87.795967
95.831703,142.324921,66.535561,87.633186
2
0
0
0
0
1
204.773834,103.286224,45.947392,62.105942
209.572968,101.891922,44.572678,64.804474
211.195190,97.584427,44.114388,66.533226
213.972687,97.146431,44.246414,67.300903
215.526382,96.491203,43.492683,68.007912
217.381683,95.834671,43.396080,68.891014
221.205078,94.693230,42.661552,69.623276
221.847351,97.430229,43.393082,72.352081
222.258575,98.992989,43.334167,72.285889
220.882736,103.679443,43.106232,73.807159
220.740097,109.164864,43.685463,73.022095
220.929764,110.992813,43.993206,73.703941
220.538544,115.310593,44.250111,73.726631
221.049942,118.522881,43.645386,75.646461
221.339355,119.054420,43.844696,76.030228
221.502380,119.658234,43.876575,76.497093
221.461380,123.563232,43.721310,75.648415
221.639923,124.226669,43.901039,75.854134
221.474487,128.209442,43.797760,75.422752
221.755875,132.689575,43.753544,74.677589
220.925034,139.260345,44.039757,73.613426
220.509705,143.381577,44.709087,72.877556
221.691345,148.923492,45.422249,71.485039
