1
228.116196,91.659081,43.070301,46.342331
228.340820,91.535751,43.449799,46.656483
228.492981,91.334251,43.306072,47.141228
228.586014,91.289070,43.468410,47.908146
227.727615,91.537361,43.180088,48.468323
225.342743,92.173721,42.387890,50.231441
224.500290,88.659950,42.028114,51.168064
223.786163,86.711761,41.508507,52.419891
222.273865,84.901970,41.093735,53.831657
220.920242,85.845764,41.449123,55.146545
219.703964,83.768044,41.457607,56.365067
217.908371,84.963310,41.193817,58.156918
216.781982,87.743759,41.305096,59.132946
216.109665,95.874008,42.850952,59.522305
216.796585,98.580475,43.029510,61.598381
216.054840,97.235413,43.404362,61.961384
216.527634,101.553230,43.263149,61.949944
214.935379,93.987816,43.545265,61.957302
216.410248,97.343918,43.366474,61.954983
216.988678,98.462891,42.953430,62.026535
217.196548,99.923996,42.700336,62.938900
2
0
0
0
0
1
111.649673,86.188789,57.167194,70.176613
99.545670,91.209702,58.856163,70.363503
91.215157,94.652702,57.673866,70.880325
84.800125,98.801384,57.807613,68.998672
69.533974,101.742165,57.241795,70.070587
63.873566,104.673325,55.600407,70.512833
50.265438,104.949326,55.509502,68.176392
44.159389,106.225113,55.629742,64.629440
45.270092,107.676826,55.939148,64.435944
44.638996,110.318375,55.474316,63.641773
43.446705,114.181274,55.525887,62.505234
42.951073,119.335114,56.318539,60.930618
42.622120,123.665817,57.365738,58.142262
44.142082,126.259583,58.009995,58.755371
41.087727,135.914520,58.201988,56.015919
45.644764,142.750229,59.391655,55.102215
55.427212,143.708054,57.541935,56.516960
65.525352,146.156616,56.321362,57.079323
86.703033,150.264648,55.527790,59.943821
99.209251,145.952545,54.635494,60.154041
102.019272,142.058624,52.427078,60.984360
102.521629,141.564850,51.223400,60.008007
102.755547,142.650452,50.430218,60.202641
102.825867,143.189819,50.119499,60.392826
103.249184,143.465729,50.269341,60.521309
103.316139,144.395935,50.412598,60.496777
103.651825,145.740204,49.883038,59.828979
2
0
0
0
0
1
173.621170,54.079906,56.870678,67.026932
178.886841,46.430119,56.315804,67.732071
185.304855,50.026646,55.889961,71.449448
192.567657,55.914688,54.627735,73.830742
197.803040,56.879856,53.632458,76.353004
203.494583,57.699924,52.421890,78.110435
204.142166,61.390575,51.744667,79.454063
206.720749,73.838211,51.171680,80.395096
205.207748,83.468796,51.228310,81.820496
206.501999,80.703674,50.805569,84.479897
206.784058,78.893951,50.799992,86.579491
206.760468,80.400551,50.422226,87.907478
203.914246,86.385567,49.882961,87.818153
205.000259,83.265884,47.885098,93.097755
205.291611,87.565178,47.329556,94.894386
206.124939,90.857101,47.085728,95.786316
207.384354,95.733017,46.749134,97.476227
207.857132,95.781242,46.791229,97.852524
208.010345,97.674660,46.827362,98.399513
208.332504,100.063164,46.592831,98.791313
208.468292,100.710022,47.023968,99.108322
208.684753,100.475807,47.525013,99.835609
209.034332,101.906708,47.965443,99.405449
211.249191,102.709656,48.171665,99.027763
211.444794,106.891632,48.188164,99.154350
212.263336,110.869339,48.447067,99.589195
214.152191,116.082146,49.086720,99.325058
217.517563,117.044792,51.401562,99.588020
218.495865,123.530960,52.205448,100.424179
221.581009,126.397141,54.041607,99.257080
219.256332,129.322693,55.425243,97.755135
218.633835,131.046509,55.849586,97.213715
220.563293,131.392487,55.983921,97.728813
222.165253,132.584229,57.651363,98.945625
222.239700,132.618668,58.834167,99.854973
222.080978,132.405106,59.203873,100.854622
217.880569,126.190445,56.880569,105.715889
215.449570,122.338638,53.369843,111.166733
214.699493,120.590118,49.760433,115.877174
214.361053,121.890762,49.272972,117.715363
208.258179,130.038010,51.596748,109.961990
196.285660,136.749969,53.982990,103.250031
192.761032,139.025146,53.601471,100.974846
185.922134,140.293381,54.867870,98.866562
181.995926,146.396820,54.981606,91.257385
178.431381,151.052917,54.424473,86.226601
176.316696,153.508255,53.242577,82.153740
170.260284,156.180588,53.991039,80.040695
168.745102,156.798538,52.943119,77.908447
169.904068,158.488403,51.787357,76.787743
2
0
0
0
0
1
121.132774,61.704334,48.874481,64.573402
122.706207,59.785297,47.853336,64.440994
123.664574,59.546089,47.345345,64.140579
124.951637,57.298683,46.824696,63.710907
125.807671,57.062851,46.172512,63.932232
128.188019,56.295994,45.441814,64.142838
131.237640,57.032467,44.391239,65.373756
131.427567,57.088963,44.368866,65.383644
132.030457,57.590073,44.000782,64.925476
134.141541,58.008404,43.690170,64.766357
138.345535,57.296501,42.382587,65.490311
141.426834,56.809277,41.660305,64.997719
146.595230,56.573223,41.160110,65.313972
153.222809,52.583843,40.556423,65.990768
158.432480,48.714352,40.159389,65.954720
160.008820,47.181911,39.002655,66.064964
160.714462,47.357666,39.031139,66.302856
162.194305,48.182106,38.872009,66.347656
167.449753,46.875500,37.049324,67.056702
172.153671,46.391861,36.929005,67.220619
173.506119,46.809727,36.842827,66.891602
174.767944,48.822533,37.005764,65.834969
179.287582,49.183109,37.138023,65.930740
183.518402,47.408123,36.437103,67.009415
184.749634,52.032417,36.760700,66.739952
185.652344,56.497265,37.122005,65.733238
187.101349,60.340382,37.714897,65.774681
187.026138,60.980362,38.250500,69.317009
185.997787,61.504833,38.013866,70.055748
183.756439,68.048347,37.929554,72.131584
183.984192,80.160553,37.417301,73.163895
184.578751,83.838844,36.896126,74.959320
184.569046,85.592369,36.084679,77.221825
178.632431,93.403656,35.823334,74.917519
173.018173,110.341522,36.804745,72.124992
152.493668,106.653488,37.057636,76.556587
140.572464,108.180504,39.209801,81.005081
128.279724,117.042328,39.710052,79.286972
124.950523,122.117180,39.979980,78.002388
123.285271,126.636833,39.827797,77.422638
121.842407,131.464127,40.118134,76.797150
121.758644,134.905853,40.177746,75.180763
121.827904,137.082916,39.888439,74.220261
118.262993,142.123184,39.742123,70.888618
117.966820,143.553162,39.756271,69.630531
118.667793,146.768753,39.069904,67.623207
119.216003,148.617157,39.098164,67.111168
119.455009,149.355331,39.463966,66.243301
119.508636,149.937851,39.494427,65.120895
119.979935,150.696381,39.553993,64.413017
2
0
0
0
0
1
31.783443,152.576630,68.419975,63.255299
31.592392,152.825104,68.466850,63.458706
31.907019,148.682175,68.256004,66.026794
42.275673,139.555374,70.148247,69.871185
38.529152,136.752228,70.921600,70.034409
39.232994,134.246674,70.017357,74.153175
38.252022,128.789932,70.125519,74.703224
40.077339,127.047035,71.151794,78.487129
41.855350,128.773285,70.691216,80.923744
41.248055,128.483154,69.685577,82.511589
46.736942,129.853256,68.118652,90.488548
50.333298,134.834320,67.343513,90.005653
51.991669,136.575577,67.296753,89.475281
52.481575,136.527542,67.426476,89.583794
52.330853,136.941101,67.444122,89.622704
52.604336,137.492630,67.576813,89.335556
54.744946,140.484100,68.613876,88.102379
55.047821,141.209000,68.892662,88.275146
55.257355,141.903824,68.931015,88.100746
57.052692,142.854446,68.925987,87.892143
2
0
0
0
0
1
83.668404,73.916222,70.282066,73.287437
84.624741,76.760567,70.534622,72.482094
85.487946,78.735832,70.954773,72.334694
85.705872,81.658867,71.368149,71.449387
87.113190,84.529655,72.003983,69.331039
89.879669,88.776573,73.471207,67.216400
97.013794,97.813583,73.099953,63.333336
99.377930,101.938423,71.726021,62.647514
99.983307,103.091927,71.000771,63.079342
100.862839,107.314400,71.021530,62.566700
99.853676,111.327728,72.154556,61.824642
100.756447,115.125961,72.788185,59.420856
100.972908,116.774895,72.739426,58.852585
99.412315,120.240585,72.673553,57.169285
98.581512,121.673355,73.945213,56.569454
99.039047,127.157974,71.982719,54.564995
98.518578,129.365967,71.920937,54.083546
98.472504,131.211823,71.589897,54.437252
2
0
0
0
0
1
212.475159,97.583450,39.709473,57.874725
216.031250,98.183495,39.024788,58.390793
217.290314,98.274124,39.073986,58.529549
219.957779,98.265114,39.157997,58.594311
222.834198,97.771469,39.082684,59.647087
223.399643,97.812561,39.707947,61.412106
223.170105,99.547310,40.932182,60.798298
221.782089,102.612442,40.667759,61.377922
221.715317,106.619118,40.647957,61.325012
221.500412,107.190353,41.436295,61.518990
221.201736,108.475197,41.893093,61.956474
221.097412,109.288086,42.256393,61.898689
221.319260,110.016159,42.426540,61.849072
221.350311,112.512283,42.930492,61.655037
221.085220,115.018379,43.292332,61.924141
221.047409,117.020180,43.525799,61.995304
221.019196,121.343994,44.054958,61.733883
221.724136,125.688362,44.452309,60.978321
221.018784,133.060394,45.872204,59.567646
221.247116,136.708984,45.844509,59.603699
221.547531,144.284088,46.114780,59.024170
