1
388.340363,136.344299,105.232704,96.481041
388.185577,135.481201,105.398369,96.074150
382.262726,126.796082,105.426308,93.717773
382.216309,126.834801,105.490036,93.768471
382.103363,126.679428,105.352081,93.731705
377.791870,118.264854,103.584999,90.792831
378.001221,118.351532,103.948532,90.943405
377.997711,118.379219,103.940041,90.961937
374.533478,115.998444,102.495132,88.451088
374.526154,116.015259,102.444145,88.459755
374.551270,116.031029,102.448822,88.461166
370.404907,110.077232,100.989105,87.758339
370.407379,110.198189,100.949829,87.962257
370.430115,110.217300,100.950127,87.962082
365.577759,106.530128,100.199112,85.157181
365.725861,106.701775,100.450371,85.463158
365.730530,106.714317,100.399261,85.470718
359.322296,100.202972,100.545212,83.319717
359.524414,100.280754,100.891411,83.468468
359.520599,100.284416,100.829247,83.458176
356.369171,99.979729,100.115250,81.911972
356.412628,100.031197,100.323563,81.858841
355.956207,99.883987,99.758293,81.602722
350.481201,97.178017,96.926239,80.512321
350.444641,97.418549,96.921638,80.930359
350.294708,97.309471,96.778435,80.884399
344.234558,94.265747,95.489929,79.196754
344.082397,94.440567,95.455528,78.994148
344.090332,94.521019,95.408730,78.784050
338.774506,89.572174,92.993797,77.334763
338.781799,89.654808,92.940765,77.450218
338.817841,89.680374,92.939903,77.449142
332.229004,84.087013,91.200371,77.644562
332.395447,84.248627,91.441261,77.916664
332.422668,84.290512,91.454819,77.966393
329.800232,81.845978,90.470444,76.336205
329.809387,81.927139,90.447403,76.451614
329.798340,81.952713,90.427147,76.350212
322.134827,80.284195,89.568802,74.690071
322.294647,80.508286,89.997040,74.817879
322.243591,80.608818,89.980759,74.860092
320.132416,80.303352,87.230515,70.371048
320.071503,80.128738,87.313019,70.319061
320.162994,80.219353,87.456482,70.469162
317.614471,76.700592,86.110863,70.539917
317.831940,76.975876,86.155556,70.699448
318.006500,77.112801,86.318962,70.891060
315.410706,74.868477,83.513702,69.994614
315.380798,74.874680,83.949043,69.885506
315.456360,74.880577,83.796349,69.867905
309.174927,72.295479,84.869217,68.809692
309.001007,72.555153,84.602493,68.935806
309.112335,72.610634,84.841873,68.946449
300.244293,70.426300,83.495552,66.096153
300.317413,70.820808,83.231506,66.470871
300.511230,70.933784,83.399376,66.463234
291.727081,71.210281,84.431870,65.628479
291.734894,71.403114,84.432053,65.962074
291.737946,71.431351,84.460129,65.969910
291.603271,71.399948,84.473900,65.947678
291.424286,71.373581,84.507957,65.962288
291.674103,71.402802,84.959045,65.965569
291.739471,71.404648,84.761436,65.979004
291.849731,71.446793,84.898636,65.984558
291.767456,71.501305,84.882957,65.971260
291.914886,71.589561,84.938583,65.968918
291.944092,71.608246,84.957481,65.969963
292.151062,71.604256,84.759781,65.991531
292.291870,71.586815,84.664581,66.038696
292.458313,71.817230,84.956146,66.471817
292.486328,71.827568,84.939651,66.475815
292.543518,71.890274,84.727280,66.438873
292.655212,71.934341,84.939613,66.461060
293.340118,72.013214,84.036362,66.526344
293.559723,72.259064,84.439384,66.973259
293.578491,72.278595,84.455986,66.971779
293.748657,72.383133,84.271133,66.995987
293.856476,72.396431,84.433342,66.987602
293.880463,72.404327,84.442604,66.978188
293.904022,72.417130,84.426033,66.982933
293.984283,72.426582,84.388367,66.987236
294.018250,72.488937,84.440506,66.937416
293.990601,72.525963,84.429337,66.968361
294.012390,72.528633,84.430130,66.970070
294.018738,72.553017,84.462326,66.966591
293.759521,72.539520,84.407684,67.000877
293.743561,72.799728,84.446815,67.462326
293.655426,72.838448,84.432961,67.453735
293.676819,73.315132,84.334007,67.355408
293.392883,73.237373,83.974045,67.546593
293.403900,73.464272,83.958519,67.970703
293.523529,73.466995,83.734795,67.962875
293.680359,73.493927,83.941269,67.963333
293.707764,73.512451,83.958519,67.970703
293.727112,73.527573,83.958191,67.970627
293.806854,73.558800,83.953438,67.947136
293.827911,73.583008,83.957298,67.968079
293.862183,73.605324,83.954330,67.966797
293.874512,73.615524,83.904137,67.937119
293.942963,73.653366,83.996040,67.921249
293.922760,73.705276,83.969498,67.959450
293.949463,73.721710,83.954521,67.967117
293.860291,73.765686,84.004677,67.942497
294.077728,73.828728,84.408356,67.935173
294.035858,73.982124,84.464775,67.864952
294.031250,74.086250,84.397194,67.907478
294.243896,74.121033,83.885513,67.780548
294.288239,74.271584,83.926598,67.931732
294.349182,74.385155,83.927452,67.889297
294.341644,74.488785,83.879440,67.852295
294.345917,74.564041,83.966805,67.942001
294.334473,74.611618,83.949615,67.952942
294.309326,74.635254,83.916527,67.950188
294.365753,74.739052,83.930931,67.875130
294.373566,74.838333,83.857224,67.870201
294.360504,74.906586,83.851440,67.926384
294.352692,74.950119,83.861389,67.925270
294.370087,75.016266,83.829865,67.918861
294.423248,75.050285,83.917938,67.945869
294.491058,75.028671,83.965210,67.906593
294.491638,75.072273,83.933296,67.960114
294.529633,75.083641,83.943741,67.972130
295.143066,75.026329,83.095116,67.970894
295.475647,75.008919,83.225945,67.939674
295.625275,75.020409,83.435867,67.967834
297.623688,74.857506,82.975479,67.529930
297.702698,74.990646,82.719353,67.994293
298.253632,75.070900,81.927582,67.826859
299.075073,75.175926,80.669098,67.886101
299.419342,75.371231,80.722435,67.684029
299.734406,75.497505,80.685524,67.951973
299.911865,75.513954,80.949821,67.973076
300.044617,75.471771,80.820129,67.922104
300.186127,75.448524,80.901779,67.977020
300.788330,75.233368,80.516693,68.088554
301.146729,75.286407,80.658859,68.493294
301.328278,75.284569,80.920944,68.470741
301.490265,75.270004,80.885994,68.517845
301.761810,75.499825,80.462967,68.864807
301.826996,75.567375,80.344994,68.940773
307.641510,75.080025,76.440674,69.609795
307.695679,75.261055,76.375473,69.948311
307.768860,75.268425,76.430092,69.970795
307.844879,75.291008,76.429764,69.974136
307.915283,75.277023,76.444000,69.955940
307.961090,75.289444,76.435555,69.913391
307.993286,75.332703,76.462410,69.967476
308.010284,75.349152,76.462227,69.969841
308.040466,75.362083,76.454742,69.959465
309.773468,75.730812,76.079002,69.842026
310.011993,75.807335,76.448349,69.962471
311.144867,75.821373,76.005714,69.787071
312.271759,76.366821,76.267059,69.231842
312.447845,76.525818,76.440727,69.430084
313.889526,76.613525,75.758728,69.263184
314.690338,76.603592,75.487221,69.450813
314.879425,76.619255,75.403358,69.455284
316.617981,76.722954,73.944626,69.664932
321.036224,77.512215,71.874481,70.347702
321.331970,77.600632,71.734978,70.480003
321.941101,77.626465,71.748619,70.364502
323.992188,79.415222,70.157837,69.513550
324.934021,79.816368,70.187645,69.884918
325.160492,79.916382,70.415283,69.948624
327.557098,82.373535,69.545753,68.892380
327.893372,82.468323,69.893120,68.926369
328.049316,82.563774,69.932846,68.878769
329.516541,83.004967,68.670486,68.166183
329.727356,83.213600,68.916992,68.461342
329.795959,83.332260,68.942551,68.407906
330.026306,83.706223,68.929352,68.286179
330.594513,84.034523,68.679008,68.241028
330.767792,84.179779,68.943832,68.476158
333.012329,85.258163,67.192642,68.192642
333.173065,85.424667,67.461739,68.457710
333.229279,85.477859,67.443268,68.458771
334.035675,85.849884,66.937843,68.554619
334.295441,86.196869,66.777176,69.003090
334.446167,86.477776,66.939842,69.478722
334.773163,87.319008,66.861282,69.092300
334.969940,87.839027,66.938812,69.142914
335.326904,88.622025,66.715157,69.046257
335.518494,92.084473,67.087982,68.381042
335.736298,92.213051,67.452431,68.420944
335.748657,92.312057,67.463249,68.431618
335.657684,92.530357,67.565392,68.386642
335.853851,92.627388,67.963043,68.462463
335.876953,92.666298,67.959099,68.468971
335.785492,93.611885,67.640671,68.090927
335.786835,93.950821,68.101700,68.420334
335.968231,94.045967,68.469337,68.448997
335.198151,94.590561,67.875908,68.507278
334.977325,95.158386,67.866524,68.838097
334.497681,95.508972,67.969391,68.879036
334.574371,96.147865,67.797165,69.007469
334.669891,96.397781,67.965660,69.467903
334.677063,96.410332,67.965469,69.465225
334.897766,96.592598,67.555984,69.519058
335.118195,96.833260,67.966423,69.969841
335.028534,96.776360,67.999062,70.065720
331.087463,98.818787,70.737808,70.011101
331.243347,99.096397,70.949425,70.483063
331.262390,99.116653,70.990952,70.478737
331.087646,99.119659,71.002090,70.464935
331.334747,99.175781,71.460144,70.498299
331.283203,99.166107,71.486694,70.467957
328.330902,100.806076,71.534737,71.141594
328.245361,101.108559,72.094070,71.358543
328.185852,101.167389,72.461235,71.398323
323.487823,101.829605,75.614777,74.410393
323.646942,101.852310,75.980927,74.467995
323.629181,101.857216,75.996216,74.502502
320.923126,104.665588,75.887779,76.733780
320.276581,104.512344,75.947380,77.825157
318.736115,103.915794,76.095345,78.894272
314.845123,108.529594,76.732574,79.274193
314.515198,108.656700,77.222237,79.934608
313.357025,110.240417,77.920174,80.190781
308.059845,113.479378,82.076736,80.805191
307.941864,113.488297,82.493759,81.327515
307.731537,113.285286,82.556091,82.004013
300.260071,124.390373,84.033455,82.128296
300.445801,124.572678,84.477119,82.429176
300.205292,124.672508,84.593605,82.522163
288.685425,131.993393,86.716331,84.508621
288.788422,132.283997,87.017540,84.976196
287.768250,133.213150,88.260986,85.200699
279.385345,138.982239,92.211380,86.617561
279.168823,139.822540,93.784760,87.129555
279.096985,140.410706,94.560516,87.775215
267.348938,147.591019,98.789719,89.814095
267.885895,148.155579,99.622505,90.507202
268.022552,149.111374,100.796944,91.789787
263.401489,155.705933,99.534561,93.789787
262.513275,155.912201,102.044708,95.142563
262.155365,155.701385,103.494965,97.002953
247.975327,165.669327,107.454971,100.178741
247.911133,165.855530,107.452003,100.442070
247.813919,165.890884,107.717590,100.498383
242.906937,166.829742,108.795555,101.579445
242.798218,167.175522,109.769180,102.424866
241.210312,167.523193,112.098907,102.899315
234.683701,170.084045,112.808693,102.399155
234.420197,170.810974,113.328133,102.939575
233.576553,171.253693,114.014824,103.966141
230.928421,174.118576,115.353973,104.419533
230.907867,174.157639,115.518944,104.541199
230.824265,174.337311,116.374489,105.342041
225.840775,179.766846,116.296478,105.317421
225.575211,179.879227,116.484909,105.428238
225.048645,179.906082,116.646942,105.378563
223.427902,179.761520,117.579170,106.881409
221.974457,180.305328,118.239975,106.778610
221.620895,180.702118,118.804070,106.960739
217.897537,182.688263,120.005119,108.243126
217.891663,182.889252,120.522270,108.422455
217.828094,182.921570,120.947014,108.486267
217.781830,182.935410,120.954872,108.449387
216.909500,183.119965,121.013931,108.422981
216.508530,183.323456,121.492256,108.476135
216.458130,183.340546,121.452095,108.461693
215.987854,183.422729,121.517296,108.486908
216.143753,183.438980,121.950516,108.474640
215.865082,183.509018,121.993324,108.421875
215.722336,183.599197,121.988991,108.446533
215.657700,183.630386,121.962799,108.476730
215.617737,183.664780,121.959885,108.441803
215.542542,183.741364,122.002777,108.427582
215.632736,183.826111,122.518738,108.434464
215.754868,183.910553,122.981117,108.427719
215.474823,183.978088,123.000877,108.426064
215.391983,184.158600,123.614799,108.440826
215.445923,184.265717,124.017807,108.404709
215.554428,184.370621,124.516327,108.420982
215.628326,184.487732,125.105171,108.415977
215.727142,184.591461,125.525650,108.427818
215.883560,184.676010,125.991020,108.429359
215.862549,184.726929,125.951660,108.441315
215.825211,184.789459,125.988144,108.441452
215.427017,184.902756,126.093193,108.423462
215.482651,184.958908,126.487152,108.424133
215.247238,185.058426,126.520065,108.433090
215.451691,185.107254,126.972366,108.446701
215.376770,185.166458,127.001343,108.450516
215.593597,185.201813,127.480392,108.454346
215.491058,185.261063,127.526810,108.444519
215.636841,185.291168,127.938164,108.451141
215.610184,185.322037,127.937935,108.449951
215.552094,185.353836,127.942169,108.451340
215.435013,185.373734,127.941093,108.436127
215.427170,185.411591,127.940079,108.448891
215.299850,185.444855,127.925110,108.463074
215.225723,185.456467,127.928665,108.461494
215.186264,185.468323,127.927635,108.460876
215.145874,185.474380,127.930710,108.451691
215.072144,185.494598,127.919411,108.466393
214.445190,185.531143,128.134155,108.444344
214.378174,185.523514,128.472931,108.440758
214.322311,185.542236,128.441986,108.452957
214.224716,185.549149,128.510727,108.463219
214.428391,185.568893,128.982468,108.454086
214.431381,185.591843,128.937393,108.451736
214.428528,185.619980,129.018066,108.461494
214.666458,185.639542,129.436050,108.453247
214.695404,185.663208,129.436050,108.453247
214.644638,185.695663,129.742920,108.477707
214.757614,185.708313,129.972626,108.460739
214.738998,185.773132,130.025101,108.469482
214.940506,185.780182,130.431061,108.450897
214.956390,185.808563,130.445160,108.442917
214.958572,185.823059,130.458511,108.473442
215.067627,185.158508,130.511215,109.386017
215.308060,185.213104,130.932358,109.458267
215.333221,185.233124,130.932510,109.453552
215.300125,184.514893,132.320480,110.512062
215.350266,184.696304,132.506226,111.065887
215.303818,184.408203,133.345993,112.842110
216.049255,180.115860,133.492920,115.785240
216.049667,180.223557,133.434082,115.950020
216.079514,180.248871,133.434082,115.950020
216.151550,180.049362,133.437531,116.142960
216.179657,180.228210,133.434082,116.449806
216.220978,180.216507,133.484268,116.500031
216.295898,180.404861,133.393219,117.048897
216.354416,180.628845,133.436508,117.450233
216.402100,180.643341,133.438278,117.459679
216.399506,180.700226,133.459625,117.402031
216.424789,180.747650,133.436493,117.450233
216.453430,180.772858,133.434082,117.449371
216.480835,180.793915,133.449173,117.449806
216.503128,180.819336,133.434082,117.449371
216.532974,180.844986,133.434082,117.449371
216.562820,180.870621,133.434082,117.449371
216.590546,180.891937,133.438171,117.451332
216.618332,180.916595,133.434082,117.449371
216.627396,180.929092,133.474899,117.456833
216.616501,180.927582,133.471634,117.457527
216.569473,180.912201,133.566406,117.480133
216.783142,180.922470,133.933823,117.449371
216.813095,180.948105,133.933823,117.449371
216.829819,180.967880,133.957397,117.449173
216.838882,180.972137,133.924606,117.460983
216.873459,180.991974,133.933823,117.449371
216.900101,181.016159,133.939713,117.449326
216.927124,181.041809,133.933823,117.449371
216.957077,181.067459,133.933823,117.449371
216.976730,181.073914,133.990204,117.459923
216.264923,180.935623,135.986893,117.973656
216.247498,180.915512,135.992416,117.975426
216.244278,180.916534,135.942963,117.956566
216.252243,180.928177,135.933243,117.968483
216.282440,180.944260,135.932846,117.949158
216.312836,180.970016,135.932846,117.949158
216.322510,180.991180,136.000076,117.969757
216.569290,181.006638,136.432602,117.949158
216.549805,181.003708,136.533096,117.988510
216.775970,180.995636,136.940781,117.956375
216.797501,181.015823,136.942093,117.952339
216.813614,181.033463,136.951645,117.956413
216.834579,181.055573,136.932343,117.949158
216.857101,181.069153,136.948761,117.957703
216.849533,181.059052,136.918884,118.015488
216.798233,181.262955,136.955811,118.493774
216.813049,181.266571,136.940430,118.450951
216.827881,181.279892,136.955933,118.459114
216.772842,181.252808,137.107040,118.506699
216.926956,181.470139,137.520676,118.985641
216.966980,181.404144,138.317383,119.064590
216.978012,181.535217,138.550873,119.548767
217.167709,181.731827,139.000092,119.978539
217.292023,181.646545,139.639099,120.046562
217.286804,181.721985,140.015030,120.549904
217.206970,181.614777,140.694656,121.195221
217.269180,181.701004,140.942764,121.508385
217.192490,181.800659,140.958664,122.052521
217.113571,181.900589,140.985703,122.572205
217.037262,182.033951,140.923157,123.008179
217.011719,182.229965,140.906281,123.477631
216.883942,182.009842,140.977020,123.618423
216.715378,181.976669,141.097214,124.133987
216.877777,182.129669,141.440460,124.453644
216.459274,181.698624,141.775894,124.773109
216.368805,181.612503,142.191147,125.125641
216.265732,181.543549,142.800766,125.640038
216.110138,181.551086,143.225418,126.090080
215.783249,181.267532,143.951309,126.800064
215.668427,181.321671,144.098465,126.972038
215.789124,181.297455,144.522263,126.946358
215.749435,181.208435,145.208435,126.963814
215.342178,181.091888,145.619705,126.987915
215.220047,180.965134,146.309647,127.006126
214.757980,180.865036,147.125916,127.725693
214.567581,180.788681,147.813919,128.023865
214.160919,180.829391,148.250977,128.585800
213.451248,180.635712,149.098404,129.175278
213.493073,180.749008,149.566406,129.457962
213.416794,180.636505,150.114868,129.515121
213.322067,180.751114,150.638000,129.908463
212.585907,180.326981,151.379761,130.259155
212.617218,180.437988,151.439194,130.441803
212.454926,180.320496,151.617508,130.562820
211.989883,180.460236,152.096725,130.953369
211.100525,180.088425,153.632278,131.261230
210.798218,180.100952,154.115143,131.511383
210.505386,180.245193,154.465424,132.033005
210.278305,180.408875,154.507248,132.411865
210.256195,180.315369,155.079300,132.547165
208.721924,180.315308,155.921555,132.886948
208.549225,180.308640,155.903366,132.956055
208.500290,180.303909,155.976593,132.950485
203.485977,180.825912,155.319458,132.850372
202.849670,180.812515,155.504791,132.927231
202.433014,180.679611,155.711227,133.091293
199.443542,181.109680,156.267273,133.271774
198.270233,181.118378,156.206055,133.429092
197.757538,181.051956,156.303131,133.519333
197.163788,181.233871,156.503189,134.149490
197.214310,181.357697,156.930542,134.494614
197.059631,181.317307,156.866776,134.480743
197.048691,181.310440,156.988007,134.453613
196.975342,181.313034,156.909805,134.451370
196.790695,181.290939,156.885925,134.449677
196.844055,181.316467,156.922470,134.442047
196.876724,181.345490,156.921738,134.442398
196.912186,181.374664,156.922470,134.442047
196.947281,181.404007,156.922470,134.442047
196.982376,181.433350,156.922470,134.442047
197.017471,181.462708,156.922470,134.442047
197.052567,181.492050,156.922470,134.442047
197.087662,181.521393,156.922470,134.442047
197.121536,181.550583,156.922104,134.442230
197.014435,181.559616,156.876053,134.447922
197.041351,181.582001,156.912628,134.445114
197.010529,181.600433,156.911713,134.439926
197.023773,181.626526,156.912704,134.447586
197.020386,181.648041,156.910385,134.443527
196.917557,181.646133,156.876785,134.464355
196.917465,181.655396,156.911682,134.446838
196.899628,181.672806,156.902817,134.450073
196.843216,181.676880,156.931274,134.476089
196.779831,181.674606,156.892242,134.450363
196.775299,181.691238,156.908707,134.448471
196.770432,181.709702,156.905396,134.449951
196.813873,181.735107,156.922836,134.442139
196.841553,181.763000,156.930084,134.443375
196.865265,181.789597,156.925232,134.442444
196.739212,181.786285,156.940598,134.471313
196.719849,181.792297,156.925873,134.445221
196.710175,181.813614,156.913818,134.444824
196.686417,181.831192,156.899841,134.449646
196.667953,181.844070,156.926331,134.451752
196.564743,181.841217,156.936646,134.465591
196.567490,181.854660,156.912415,134.447281
196.567551,181.873596,156.938492,134.449097
196.555832,181.892914,156.906860,134.449814
196.598740,181.918381,156.922470,134.442047
196.632477,181.947540,156.922089,134.442245
196.614243,181.969238,156.989853,134.455475
196.612915,181.991989,156.927872,134.443375
196.645309,182.020676,156.922470,134.442047
196.680405,182.050034,156.922470,134.442047
196.699615,182.075745,156.932724,134.443939
196.729584,182.104141,156.922470,134.442047
196.764679,182.133484,156.922470,134.442047
196.799774,182.162842,156.922470,134.442047
196.834869,182.192184,156.922470,134.442047
196.866776,182.220520,156.924271,134.442139
196.882538,182.247101,156.916245,134.445282
196.920746,182.274841,156.922470,134.442047
196.943588,182.302521,156.918839,134.443848
196.980499,182.330978,156.922470,134.442047
197.015594,182.360321,156.922470,134.442047
197.050690,182.389679,156.922470,134.442047
197.085785,182.419022,156.922470,134.442047
197.120880,182.448364,156.922470,134.442047
197.155975,182.477722,156.922470,134.442047
197.191071,182.507065,156.922470,134.442047
197.226166,182.536407,156.922470,134.442047
197.261261,182.565765,156.922470,134.442047
197.296356,182.595108,156.922470,134.442047
197.328201,182.626709,156.924698,134.439713
197.362183,182.657211,156.922470,134.442047
197.397278,182.686569,156.922470,134.442047
197.432373,182.715912,156.922470,134.442047
197.464920,182.744919,156.921722,134.442413
197.401886,182.753632,156.901352,134.450089
197.441833,182.777222,156.920181,134.443207
197.478073,182.806000,156.922470,134.442047
197.512451,182.835190,156.922104,134.442154
197.514099,182.856323,156.917938,134.444229
197.498032,182.872894,156.917847,134.443939
197.505081,182.894485,156.921631,134.443329
197.458084,182.907730,156.921341,134.442307
197.493744,182.936935,156.922470,134.442047
197.427368,182.966644,156.935425,134.424835
197.444855,183.006149,156.929352,134.438583
197.476501,183.037231,156.922470,134.442047
197.488052,183.061813,156.915894,134.443924
197.503540,183.085922,156.916214,134.444794
197.495407,183.105423,156.909866,134.445358
197.468460,183.123245,156.907715,134.444550
197.440536,183.138428,156.903595,134.444824
197.484253,183.166275,156.922226,134.442169
197.500504,183.193802,156.917435,134.440262
197.475586,183.213882,156.913208,134.442352
197.405975,183.218155,156.909775,134.443893
197.409286,183.237930,156.915253,134.444763
197.447998,183.265915,156.922470,134.442047
197.482605,183.295166,156.922348,134.442001
197.491547,183.320648,156.922928,134.441025
197.466064,183.336731,156.904861,134.442764
197.343903,183.326736,156.908005,134.444183
197.304428,183.337646,156.899307,134.440369
197.325623,183.364151,156.916718,134.440170
197.336731,183.390305,156.921219,134.440643
197.279236,183.398285,156.891891,134.448700
197.272018,183.413132,156.903732,134.442673
197.236572,183.425003,156.896820,134.442856
197.227615,183.441360,156.905350,134.440826
197.227921,183.463379,156.909546,134.439865
197.211273,183.480988,156.911835,134.439316
197.200806,183.500946,156.911194,134.443848
197.225922,183.526642,156.923218,134.440186
197.235504,183.553009,156.915436,134.438965
197.261078,183.582214,156.919708,134.439301
197.274826,183.609039,156.916534,134.438919
197.288147,183.635239,156.915573,134.439484
197.284241,183.656448,156.914185,134.442673
197.278397,183.675827,156.921219,134.441132
197.314117,183.705627,156.922470,134.442047
197.336670,183.733444,156.919067,134.441986
197.355804,183.760315,156.916550,134.443527
197.373352,183.785187,156.914993,134.445236
197.412186,183.812943,156.922470,134.442047
197.447281,183.842285,156.922470,134.442047
197.482376,183.871628,156.922470,134.442047
197.517471,183.900986,156.922470,134.442047
197.552567,183.930328,156.922470,134.442047
197.587662,183.959671,156.922470,134.442047
197.608871,183.963333,156.940109,134.454559
197.635147,183.986420,156.922470,134.442047
197.670242,184.015778,156.922470,134.442047
198.290283,182.454239,157.148315,135.698196
198.462112,182.604355,157.422913,135.942001
198.657822,182.555038,157.435669,135.955978
198.716812,182.573105,157.417374,135.923325
198.757401,182.610947,157.422119,135.942032
198.838089,182.619568,157.440109,135.954865
201.174850,180.275299,163.487442,136.642258
201.331619,180.268372,163.727859,137.082352
201.478241,180.465378,163.933746,137.450836
201.835907,178.477783,165.294785,138.323883
201.960342,178.509048,165.512024,138.492447
202.213348,178.453125,166.049622,138.493942
202.526581,178.426071,166.227432,138.458542
202.658966,178.447189,166.417786,138.440323
202.720749,178.461517,166.440720,138.472046
206.516052,176.723068,167.267700,139.189255
207.777313,176.378067,167.485748,139.816986
208.472595,175.717407,167.549988,140.477722
220.308640,175.460571,164.270691,140.438034
221.110352,174.871490,164.285080,140.730545
221.562347,174.889954,164.333130,141.040070
223.945587,175.015518,163.502975,141.334290
224.223557,175.091827,163.910828,141.438370
224.335129,175.108902,163.903000,141.437241
231.294052,174.717026,161.780182,142.980606
231.548798,174.698959,161.884811,142.945541
231.742950,174.693069,161.874481,142.946945
249.598587,174.485672,150.965073,144.163452
249.643387,174.622681,150.894058,144.470062
249.695679,174.634094,150.923264,144.442032
250.793549,174.026108,151.208755,145.169052
250.988174,174.171494,151.415115,145.458359
251.177994,174.180969,151.406265,145.431427
251.937622,174.000427,151.177094,145.507111
252.193237,174.225525,151.450760,145.941269
252.415375,174.240845,151.316971,145.913788
257.148956,173.627243,145.854095,145.423264
257.235291,173.666718,145.922043,145.437469
257.279510,173.698624,145.925064,145.435532
257.313568,173.731247,145.927902,145.437302
257.346191,173.763000,145.927902,145.437302
257.410522,173.795837,145.904816,145.429520
257.611115,173.833572,145.698746,145.422882
257.776917,173.842270,145.910828,145.470581
257.837341,173.829620,145.913467,145.467545
257.871765,173.843231,145.927917,145.436462
257.917572,173.853088,145.914673,145.461670
258.004425,173.864944,145.814957,145.416733
258.089081,173.900955,145.935638,145.429260
258.117859,173.936722,145.927902,145.437302
258.191132,173.970169,145.878815,145.425247
258.246033,174.008698,145.924210,145.434464
258.280518,174.041855,145.927902,145.437302
258.386688,174.053818,145.839432,145.443207
258.571899,173.728638,145.514984,145.663651
258.821716,173.877594,145.911240,145.957291
258.905518,173.856613,145.867233,145.975327
258.985748,173.835068,145.904160,145.973587
259.039642,173.833328,145.919266,145.953964
259.080597,173.847443,145.920639,145.946777
259.140991,173.820297,145.865997,145.982864
259.213043,173.812531,145.916382,145.954926
259.257080,173.811066,145.916367,145.958572
259.326752,173.776810,145.897598,145.996338
259.380066,173.770035,145.922836,145.946991
259.421387,173.786896,145.922256,145.948135
259.292908,173.886383,146.093857,145.790909
259.492554,173.991348,146.427658,145.937088
259.525299,174.023193,146.427658,145.937088
259.558044,174.055054,146.427658,145.937088
259.590790,174.086914,146.427658,145.937088
259.626434,174.114044,146.424988,145.942307
259.660522,174.143295,146.427658,145.937088
259.693268,174.175156,146.427658,145.937088
259.726013,174.207001,146.427658,145.937088
259.757751,174.238266,146.429123,145.935730
259.789764,174.270813,146.427658,145.937088
259.823364,174.297653,146.426300,145.938583
259.854370,174.326599,146.430939,145.933014
259.886139,174.355042,146.427444,145.933868
259.919006,174.388519,146.427658,145.937088
259.949493,174.412766,146.426102,145.936798
259.982971,174.444046,146.427582,145.936981
260.011597,174.472809,146.425598,145.938599
260.045380,174.503906,146.427658,145.937088
260.078125,174.535767,146.427658,145.937088
260.110870,174.567627,146.427658,145.937088
260.143646,174.599487,146.427658,145.937088
260.176392,174.631348,146.427658,145.937088
260.203217,174.659286,146.425568,145.938416
260.237000,174.690491,146.427658,145.937088
260.265167,174.720734,146.425415,145.938644
260.272369,174.740280,146.414612,145.946335
260.311615,174.767517,146.427658,145.937088
260.344391,174.799377,146.427658,145.937088
260.377136,174.831238,146.427658,145.937088
260.404572,174.859436,146.425034,145.939102
260.429321,174.884003,146.423065,145.940582
260.424225,174.894592,146.435715,145.939728
260.287872,174.881714,146.262283,145.947723
260.374939,174.896362,146.413788,145.946884
260.382080,174.908646,146.411728,145.948456
260.404694,174.927017,146.418808,145.943375
260.414337,174.944046,146.414200,145.946609
260.434509,174.962311,146.418198,145.943848
260.435089,174.975174,146.417725,145.945862
260.456726,174.990860,146.419556,145.942474
260.477692,175.007019,146.420029,145.942001
260.504395,175.029556,146.422791,145.940811
260.523163,175.049179,146.419556,145.943054
260.542084,175.067703,146.418869,145.943588
260.570404,175.090134,146.423309,145.940414
260.579681,175.105606,146.416351,145.945038
260.607574,175.126129,146.422470,145.941055
260.639587,175.153122,146.425980,145.938248
260.664703,175.178482,146.423477,145.940292
260.686646,175.199844,146.421799,145.941406
260.716492,175.225464,146.424774,145.939301
260.741974,175.250137,146.423370,145.940369
260.758179,175.269577,146.418472,145.943863
260.785767,175.291214,146.422836,145.940781
260.812195,175.315109,146.423340,145.940399
260.840851,175.340942,146.424576,145.939438
260.868500,175.366974,146.424377,145.939606
260.898254,175.394333,146.425369,145.938828
260.925903,175.420944,146.424576,145.939453
260.946533,175.442917,146.420929,145.942154
260.970703,175.464218,146.421768,145.941559
260.988495,175.482834,146.418839,145.943680
261.006927,175.498688,146.419769,145.942673
261.031372,175.519196,146.421616,145.941696
261.037140,175.532501,146.425980,145.943893
261.110016,175.483414,146.023438,145.919006
261.341705,175.522095,146.426086,145.938293
261.328186,175.522522,146.385605,145.959045
261.367462,175.536194,146.420547,145.942230
261.398743,175.562286,146.425186,145.938950
261.420319,175.586121,146.421570,145.941589
261.451233,175.612320,146.425247,145.938934
261.447357,175.620789,146.411026,145.947571
261.458801,175.631027,146.413437,145.947021
261.473602,175.635468,146.413010,145.945175
261.476440,175.643326,146.409363,145.950439
261.480499,175.644455,146.406525,145.950043
261.498169,175.640366,146.403137,145.946991
261.515198,175.643250,146.414871,145.943817
261.538300,175.656265,146.419418,145.942322
261.564178,175.671478,146.421753,145.940033
261.589325,175.689941,146.422119,145.940201
261.624847,175.720245,146.427658,145.937088
261.645020,175.743317,146.421448,145.941833
261.670013,175.763504,146.422180,145.940857
261.691772,175.779175,146.420532,145.941391
261.720673,175.802048,146.423874,145.939560
261.744080,175.817780,146.421600,145.939987
261.758179,175.823181,146.418121,145.940811
261.782990,175.843292,146.421326,145.941681
261.786377,175.848236,146.413971,145.945007
261.790161,175.851395,146.410629,145.948120
261.796936,175.854767,146.413910,145.945419
261.811768,175.862045,146.415482,145.944946
261.811890,175.861099,146.410492,145.947067
261.839630,175.876572,146.420807,145.941864
261.856354,175.892715,146.419113,145.943283
261.876587,175.901611,146.418777,145.941879
261.898926,175.920715,146.420410,145.942612
261.917084,175.936142,146.418594,145.943771
261.843933,175.882736,146.389389,145.941864
261.882874,175.903152,146.421280,145.941971
261.895905,175.916855,146.416214,145.945007
261.909241,175.931274,146.415329,145.946091
261.856018,175.888306,146.350143,145.978149
261.887695,175.877045,146.407852,145.950272
261.827148,175.849243,146.377777,145.955383
261.805054,175.819901,146.384918,145.954910
261.762817,175.775024,146.363068,145.951065
261.736420,175.741272,146.379456,145.949463
261.731873,175.717911,146.396423,145.913452
261.726532,175.717941,146.403854,145.941299
261.737091,175.722687,146.408356,145.936157
261.757019,175.740768,146.416611,145.945389
261.779114,175.757156,146.419662,145.943192
261.803131,175.777588,146.423172,145.941299
261.832611,175.803497,146.424942,145.939163
261.856049,175.826859,146.422394,145.941116
261.881073,175.849442,146.422531,145.941010
261.904694,175.871185,146.421906,145.941483
261.926575,175.891220,146.420853,145.942291
261.948425,175.910477,146.420609,145.942474
261.971100,175.930145,146.420944,145.942215
261.993225,175.949661,146.420761,145.942368
262.003113,175.964081,146.413300,145.945984
262.018219,175.977646,146.414825,145.945770
262.032196,175.987411,146.415588,145.944885
262.056976,176.005936,146.420914,145.942154
261.992615,175.981598,146.433304,145.915497
261.987671,175.994385,146.409409,145.945587
262.006683,176.005676,146.417084,145.944366
262.023895,176.021164,146.417404,145.944672
262.053894,176.043716,146.423767,145.940048
262.070221,176.062073,146.416473,145.943802
262.076416,176.067749,146.412521,145.944122
262.087524,176.079926,146.417160,145.943558
262.072968,176.081528,146.398956,145.948227
261.950012,176.038467,146.390335,145.936584
261.936249,176.032623,146.393539,145.949738
261.947418,176.034897,146.415939,145.943375
261.897339,176.012848,146.391891,145.949661
261.924042,176.016113,146.417709,145.941589
261.914520,176.013733,146.415787,145.945480
261.889771,176.001678,146.413040,145.933487
261.900909,176.013596,146.412155,145.945633
261.892242,176.009140,146.413757,145.941132
261.899750,176.024734,146.411545,145.947617
261.920776,176.038055,146.417786,145.943832
261.948334,176.058975,146.422592,145.940720
261.955383,176.069931,146.405807,145.950424
261.962036,176.067902,146.407379,145.949158
261.969177,176.071976,146.406982,145.951157
261.983612,176.079895,146.414261,145.946320
261.987366,176.083694,146.403275,145.952927
262.008331,176.094513,146.415833,145.945557
262.015717,176.105652,146.411606,145.948471
262.006836,176.093369,146.382416,145.963257
261.959045,176.064926,146.442245,145.932846
261.953247,176.078110,146.406570,145.950027
261.987000,176.096802,146.422928,145.940704
261.980530,176.107330,146.404083,145.944290
261.981018,176.045670,146.263535,145.921982
262.052795,176.041962,146.397598,145.936890
262.062073,176.032776,146.396301,145.944763
262.067902,175.994919,146.369720,145.957550
261.898590,175.887100,146.053329,145.987106
262.044769,175.858841,146.380112,145.951462
262.065094,175.865295,146.409668,145.948044
262.072113,175.869598,146.410233,145.948166
262.080292,175.876404,146.411057,145.947998
262.062103,175.879456,146.392426,145.949600
262.075287,175.884964,146.409210,145.949356
262.086304,175.888794,146.410980,145.946091
262.084808,175.895370,146.404953,145.947098
262.097900,175.904785,146.412262,145.947433
262.121094,175.915695,146.418701,145.942078
262.148438,175.927109,146.421600,145.937042
262.182709,175.955322,146.426727,145.937164
262.178741,175.973480,146.412018,145.946167
261.907410,175.824051,146.275955,145.873825
261.965027,175.872543,146.402924,145.945694
261.948517,175.871994,146.389938,145.952301
261.490570,175.727722,144.883865,145.825684
261.367371,175.736755,144.750916,145.943985
261.402039,175.703186,144.862045,145.970810
261.439728,175.706696,144.914749,145.946793
261.387909,175.678284,144.799866,145.961014
261.572235,175.413651,143.367828,145.870911
261.589447,175.458252,143.407242,145.952927
261.554291,175.443604,143.339142,145.934570
261.593536,175.454315,143.432022,145.942337
261.624176,175.483551,143.429138,145.937088
261.649536,175.512207,143.425842,145.939499
261.399719,175.595383,143.581482,145.845428
259.562012,176.153381,144.524994,145.813965
259.754669,176.233688,144.909180,145.950287
259.765198,176.249817,144.913544,145.947235
259.250458,176.320709,145.021851,145.727814
259.448944,176.444626,145.407883,145.948349
259.476166,176.467392,145.420639,145.942123
259.190338,176.744827,145.543945,145.825485
259.299835,176.804016,145.879974,145.948456
259.214783,177.041168,145.911118,145.811447
258.844696,178.527023,146.312286,145.776413
258.919586,178.635757,146.420105,145.942108
258.866547,178.724152,146.496826,145.936172
258.464447,181.710724,147.470459,144.513397
258.475769,181.954422,147.427170,144.937531
258.607422,182.092224,147.728271,144.952011
258.756226,182.905151,148.053528,143.880966
258.979218,182.987503,148.465118,143.935318
258.949158,183.055817,148.482895,143.921890
258.144287,184.077759,149.674622,144.028900
258.321808,184.355988,149.946045,144.392273
258.293152,184.425873,149.989594,144.436615
261.604828,186.541458,150.535416,144.044174
261.808502,186.937500,151.189835,144.333069
261.662384,187.099121,151.778809,144.409912
265.325531,190.017944,153.357071,143.111206
264.369720,190.448471,154.453918,143.468353
263.925415,190.983795,155.088821,143.139740
268.089752,192.711624,156.681564,142.156433
267.675812,193.068314,157.453323,142.346359
267.264801,193.377304,157.710922,142.262054
266.392639,194.711105,159.231049,141.288895
266.481781,194.971634,159.515091,141.028366
266.683502,195.355850,159.971680,140.644150
267.025024,196.336197,160.059174,139.663803
267.162659,196.594254,160.464478,139.405746
267.028229,197.009567,160.702316,138.990433
266.597595,197.635193,162.185806,138.364807
266.636505,197.898849,162.509781,138.101151
264.854156,199.249268,164.589844,136.750732
264.922302,200.227509,165.432449,135.772491
265.054138,200.590637,165.428482,135.409363
265.189514,200.826187,165.551254,135.173813
262.705994,201.753876,167.464783,134.246124
262.437958,201.928329,168.028687,134.071671
262.927704,202.584030,169.918167,133.415970
259.879669,204.438934,173.680038,131.561066
259.226837,204.742569,174.506592,131.257431
258.188843,205.056747,176.056564,130.943253
256.812988,209.183243,182.362167,126.816765
256.678436,209.322372,182.776657,126.677620
256.018250,209.638992,184.325195,126.361015
252.938034,210.839722,190.704468,125.160278
251.459259,211.476440,193.091583,124.523567
251.366379,211.717331,193.736938,124.282669
248.158722,212.455643,198.727814,123.544357
247.264740,212.834564,199.886490,123.165428
247.171783,213.060226,199.986328,122.939774
238.976562,215.034729,210.329498,120.965263
238.949463,215.094254,210.581558,120.905746
238.570160,215.218689,211.974777,120.781311
236.514236,216.969543,214.328720,119.030457
236.423386,217.289078,214.524033,118.710922
236.605225,217.442108,214.917435,118.557892
236.350800,219.666565,215.919724,116.333435
236.136780,219.806290,216.094696,116.193710
235.742813,219.998093,216.877747,116.001900
235.146286,223.550385,219.252136,112.449615
235.265091,223.575897,219.391602,112.424110
235.313751,223.614304,219.391846,112.385696
235.264709,224.726456,219.378799,111.273544
235.320190,224.839996,219.391602,111.160011
235.395432,225.032928,219.372604,110.967072
237.141403,226.815582,219.971298,109.184418
237.150604,226.973679,219.891357,109.026321
237.250015,227.247391,219.856201,108.752602
237.428558,227.502213,219.968964,108.497795
237.438934,227.503616,219.891357,108.453247
237.488113,227.527283,219.891357,108.453247
242.430649,228.018875,217.693756,107.828331
242.577118,228.104660,217.925720,107.895340
242.616501,228.165527,217.897049,107.834473
242.649414,228.282715,217.951538,107.717293
242.699600,228.443665,217.948547,107.556343
244.679871,228.833908,217.187851,107.166100
244.849228,229.024063,217.378479,106.975945
244.921143,229.048386,217.397858,106.944992
244.967621,229.084320,217.428177,106.915672
245.095901,229.167648,217.499588,106.832352
245.399887,229.388870,217.266388,106.611130
245.586380,229.603378,217.449234,106.396629
245.606766,229.655426,217.392517,106.344574
245.660294,229.733856,217.395676,106.266136
245.716263,229.852127,217.399994,106.147881
245.772705,230.045166,217.384064,105.954842
246.420761,230.464722,217.163589,105.535271
246.718491,230.761017,217.430664,105.238976
247.709122,231.158051,216.992065,104.841942
248.194031,231.643509,216.883484,104.356483
248.275711,231.777496,216.969452,104.222511
248.390930,232.037155,216.867813,103.962852
248.664627,232.219177,216.929199,103.780823
248.821121,232.552139,216.973175,103.447861
248.907974,232.697693,216.885345,103.302307
249.106689,232.936752,216.890106,103.063240
249.260941,233.282745,216.929123,102.717262
249.391479,233.541092,216.905426,102.458908
249.570358,233.929611,217.161270,102.070389
249.771255,234.190399,217.402832,101.809601
249.818115,234.375763,217.403763,101.624237
249.857468,234.595154,217.478729,101.404839
249.903244,234.736282,217.373657,101.263718
249.961823,234.864105,217.394714,101.135902
250.042374,235.168777,217.385635,100.831230
250.057693,235.270416,217.648865,100.729576
250.355255,235.473007,217.905685,100.526985
250.410416,235.717056,217.912918,100.282951
250.480331,235.890411,217.905228,100.109589
250.540665,236.108841,217.934143,99.891159
251.369553,236.468918,217.375946,99.531090
251.427582,236.705872,217.394073,99.294128
251.482132,236.809448,217.397125,99.190544
251.536453,236.967422,217.394348,99.032585
251.786606,237.206116,217.412567,98.793892
251.838913,237.352570,217.387695,98.647430
251.893066,237.532593,217.391174,98.467415
251.943497,237.549225,217.394028,98.450768
252.017441,237.692932,217.460724,98.307068
252.095917,237.826721,217.431763,98.173279
252.246887,238.079819,217.423950,97.920181
252.279831,238.119995,217.392593,97.880005
252.341232,238.183441,217.404144,97.816559
252.384079,238.275528,217.392670,97.724472
252.435577,238.414642,217.397110,97.585350
252.486710,238.629669,217.404938,97.370338
252.587097,238.699982,217.429047,97.300018
252.657272,238.805435,217.386108,97.194572
252.720673,238.963043,217.410065,97.036957
252.767075,239.197479,217.391312,96.802521
252.915802,239.370438,217.362106,96.629555
252.984207,239.556778,217.391830,96.443222
253.033203,239.585434,217.392593,96.414566
253.152313,239.675110,217.363892,96.324898
253.215302,239.763000,217.392578,96.237000
253.355515,239.978973,217.351791,96.021027
253.451355,240.220444,217.384613,95.779564
253.628357,240.389801,217.381897,95.610191
253.700256,240.585754,217.387985,95.414253
253.830399,240.737671,217.386688,95.262321
253.929794,240.854294,217.361191,95.145699
253.925247,241.100739,217.513474,94.899261
254.181961,241.149689,217.885742,94.850311
254.289505,241.230576,217.897141,94.769424
254.434708,241.350922,217.884369,94.649078
254.533646,241.541977,217.885849,94.458023
254.602158,241.565994,217.894943,94.433998
254.661362,241.599686,217.886520,94.400307
254.718491,241.650757,217.897491,94.349243
254.764664,241.726395,217.892349,94.273598
254.806473,241.849014,217.896545,94.150993
254.949173,242.061920,217.856110,93.938080
255.052841,242.101181,217.872269,93.898827
255.122971,242.152466,217.888229,93.847534
255.364258,242.262161,217.790512,93.737831
255.482651,242.394226,217.885239,93.605774
255.611450,242.618484,217.854782,93.381516
255.814850,242.677902,217.844254,93.322105
255.907990,242.767838,217.882248,93.232162
255.996048,242.884277,217.862808,93.115723
256.245972,243.139572,217.841064,92.860435
256.412231,243.226746,217.861877,92.773254
256.476410,243.340363,217.892456,92.659630
256.742889,243.494888,217.823990,92.505119
256.850067,243.742523,217.893143,92.257477
256.915131,243.873856,217.895309,92.126144
256.974396,244.061295,217.888718,91.938698
257.102570,244.112549,217.890289,91.887444
257.163239,244.171371,217.896805,91.828621
257.248901,244.316833,217.867447,91.683159
257.324524,244.475006,217.899597,91.525002
257.463776,244.712311,217.890396,91.287697
257.513489,244.818710,217.892349,91.181290
257.562653,244.980682,217.892273,91.019325
257.611450,245.221268,217.892349,90.778732
257.718079,245.354767,217.887939,90.645233
257.798431,245.561279,217.893814,90.438721
257.855316,245.591858,217.896805,90.408142
257.904205,245.637955,217.893555,90.362045
257.977600,245.707062,217.892715,90.292938
258.073029,245.810211,217.882751,90.189789
258.153168,245.966431,217.879608,90.033569
258.221436,246.199844,217.893051,89.800148
258.493073,246.283600,217.835632,89.716400
258.826447,246.400650,217.788620,89.599358
258.991211,246.594727,217.873474,89.405281
259.049377,246.642334,217.892349,89.357674
259.106659,246.716125,217.890167,89.283875
259.160492,246.826569,217.891129,89.173439
259.221741,246.989365,217.891098,89.010643
259.283783,247.233734,217.890060,88.766266
259.393433,247.335327,217.869354,88.664673
259.612946,247.491867,217.862259,88.508133
259.755463,247.725891,217.863953,88.274109
259.822571,247.838943,217.894455,88.161064
259.870270,248.008652,217.892349,87.991348
259.950867,248.013184,217.884857,87.964035
260.115356,248.005875,217.825348,87.994133
260.510254,247.960388,217.723083,88.024200
260.701050,248.183121,217.854874,87.816879
260.853760,248.267838,217.855087,87.732170
260.999969,248.392776,217.863052,87.607224
261.085327,248.576508,217.873123,87.423485
261.360535,248.574677,217.770325,87.425331
261.905365,248.559082,217.755051,87.440910
262.023041,248.588669,217.892075,87.411331
262.085754,248.630661,217.890686,87.369339
262.168457,248.573868,217.943634,87.426140
262.709412,248.592087,217.660110,87.407913
262.983490,248.617767,217.840347,87.382233
263.279266,248.614380,217.737213,87.385620
264.108459,248.618851,217.916794,87.381149
264.350311,248.671768,217.853943,87.328232
264.764038,248.715286,217.888535,87.284714
264.946991,248.704208,217.724350,87.295784
265.514008,248.776459,217.822800,87.223549
265.642487,248.898483,217.875183,87.101517
265.926422,248.865570,218.170898,87.134430
266.586548,249.012375,218.336029,86.987625
266.630890,248.476593,219.771912,87.292702
267.655884,247.775070,218.959641,88.224937
267.970245,247.862442,218.878632,88.137558
268.805908,247.655090,218.007553,88.344910
268.339569,245.918167,219.395050,89.970535
268.447357,245.852768,219.385086,90.056152
267.415741,241.723373,222.931870,94.276627
267.180573,241.682678,223.369904,94.317329
267.205994,241.662552,223.512253,94.337448
266.299957,240.249466,224.735245,95.659744
267.185730,238.558090,224.396179,97.396454
267.110962,238.546585,224.471786,97.453415
267.970490,238.374329,225.899277,97.625664
268.083588,236.887482,223.267487,99.112518
268.152283,237.078461,223.401016,98.921532
267.246765,235.125320,225.142532,100.874680
266.892273,234.924683,225.453705,101.075317
266.925690,235.127029,225.397415,100.872971
266.934937,235.056000,225.539780,100.944000
267.326416,234.923889,225.764542,101.076111
267.446075,235.085815,225.907379,100.914185
267.126038,235.027084,225.905106,100.972916
266.380035,234.951599,226.154861,101.002487
266.390076,235.120407,226.487305,100.879593
265.624573,234.561661,226.220825,101.438347
265.673981,234.581833,226.443756,101.418175
265.536713,234.571014,226.450546,101.428978
264.964630,234.470749,226.858459,101.529251
264.705780,234.632645,227.002106,101.367355
264.671326,234.643417,227.441971,101.356590
264.354584,234.628098,227.524109,101.371902
263.302063,234.446350,228.654755,101.553642
263.084869,234.493851,229.102127,101.506149
263.222229,234.738510,229.398361,101.261482
263.182404,234.844910,229.415039,101.155083
263.141724,235.008759,229.409073,100.991249
263.171936,235.014038,229.385254,100.955132
263.023102,234.943115,229.455322,101.050529
262.419861,234.655136,229.130539,101.344856
262.572235,234.703690,229.412048,101.296318
262.464508,234.709641,229.449646,101.290359
262.423615,234.803116,229.406464,101.196884
262.371094,234.930237,229.418625,101.069763
262.317871,235.105057,229.420425,100.894943
262.257874,235.034210,229.439957,100.965790
262.279144,235.022491,229.393677,100.977509
262.276245,235.007629,229.412247,100.984734
262.278778,234.976562,229.407333,100.999336
262.291687,234.956039,229.397949,100.983002
262.297699,234.872070,229.402664,101.067520
262.257935,235.070770,229.415024,100.929237
262.249878,235.082596,229.395401,100.917404
262.237396,235.074905,229.412872,100.925095
262.192505,234.972290,229.391937,101.027702
262.135590,235.163132,229.414581,100.836861
262.022156,235.151657,229.445251,100.848343
262.013184,235.216721,229.402557,100.783279
261.183441,234.843323,230.150345,101.156670
261.013641,234.672928,230.712036,101.327080
260.906982,234.633087,231.009003,101.366905
259.633179,234.571228,232.272751,101.428772
257.531494,233.167038,233.582123,102.832970
257.150238,233.049896,234.155518,102.950111
256.526184,232.785919,234.953415,103.214081
255.516739,232.626205,235.173523,103.373795
255.588974,232.674622,235.410736,103.325378
253.637878,232.239716,235.825134,103.658676
253.263947,231.401428,236.117462,104.598579
253.030060,231.470566,236.508530,104.529434
252.457077,230.309021,237.674179,105.690971
252.451416,230.383270,237.910706,105.616722
252.299942,230.394730,237.907501,105.605270
251.177017,228.599228,237.302719,107.400772
248.281921,228.073029,237.711227,107.639328
247.690048,227.462448,237.814850,108.537544
246.014801,224.374390,239.727203,111.625603
242.099411,223.610977,239.113159,112.389023
241.365158,223.458496,239.424149,112.541504
230.818558,219.614975,241.179932,116.385025
230.866470,219.629410,241.423569,116.370598
230.242081,219.616119,241.737335,116.383873
227.444977,219.620331,246.105728,116.379669
221.297211,217.162659,247.109848,118.837341
220.823975,217.148468,247.716721,118.851540
219.448288,216.787201,249.509521,119.212799
218.589432,216.776596,249.459885,119.223412
217.827515,216.735291,249.561279,119.264709
214.403564,214.928925,249.297653,120.969498
213.261719,214.448166,248.875397,121.419250
211.932877,214.273376,249.367218,121.670929
210.834717,214.216629,249.796478,121.783371
209.512070,214.044159,250.124664,121.955849
209.225052,213.996948,250.480316,122.003044
203.247131,212.158722,253.813019,123.434143
202.645203,211.952759,254.040146,123.642715
201.336731,211.586685,254.692886,124.300438
197.423859,210.696121,256.277191,125.038063
196.565216,210.547638,256.708771,125.452362
195.951645,210.390213,257.027679,125.547737
196.020050,210.564438,257.350281,125.435555
194.044373,210.574631,258.065521,125.383202
193.747726,210.593750,258.473175,125.406258
193.569519,210.618637,258.494476,125.381355
193.499893,210.676682,258.375671,125.323318
193.145111,210.657227,258.496674,125.342781
192.933624,210.690842,258.505890,125.309166
192.818237,210.505707,259.017883,125.494301
193.032181,210.508972,259.376709,125.445007
193.087769,210.536819,259.371857,125.445923
193.081009,210.541412,259.371033,125.443626
193.139420,210.569946,259.371857,125.430054
193.197433,210.605270,259.371857,125.394730
193.253845,210.654144,259.369415,125.345856
193.310852,210.725891,259.368469,125.274117
193.370560,210.839172,259.371857,125.160828
193.428574,211.009109,259.371857,124.990891
193.482758,211.004242,259.366058,124.946182
193.544388,211.030807,259.371948,124.947617
193.597687,211.045441,259.364777,124.946198
193.657150,211.067307,259.368652,124.932693
193.599075,211.066498,259.523315,124.933510
193.542801,211.046356,260.146088,124.953636
193.688828,211.065018,260.373657,124.934990
193.742264,211.088547,260.365784,124.911453
193.782303,211.120132,260.368011,124.879875
193.826904,211.171082,260.368317,124.828918
193.877380,211.234467,260.376038,124.765526
193.932983,211.351288,260.370880,124.648720
193.920029,211.502853,260.433258,124.497147
193.946320,211.502167,260.369873,124.446365
193.982880,211.511688,260.364288,124.445786
194.010773,211.514664,260.386200,124.454994
194.017365,211.519791,260.413879,124.450577
194.019852,211.516434,260.381165,124.453590
194.011383,211.516357,260.422607,124.451469
194.067490,211.539474,260.384369,124.445114
194.119202,211.567261,260.371368,124.432739
194.172867,211.596207,260.368927,124.403793
194.232376,211.644653,260.371399,124.355354
194.290588,211.717316,260.371368,124.282684
194.333420,211.823380,260.372833,124.176620
194.383728,211.985428,260.373016,124.014565
194.313919,212.226196,260.460236,123.773804
194.276520,212.325348,260.375275,123.674652
194.053833,212.484314,260.700958,123.515686
194.192261,212.728668,260.873962,123.271339
194.146591,212.837128,261.003967,123.162872
194.012985,212.965668,262.622559,123.034325
194.016312,213.236526,263.426941,122.763466
194.000183,213.356125,263.408356,122.643883
194.104782,213.533493,263.517731,122.466507
194.339752,213.550583,263.869629,122.447220
194.398758,213.577316,263.869629,122.422691
198.249405,214.429184,263.941315,121.570816
198.272690,214.644180,263.869690,121.355820
198.161636,214.732178,264.144135,121.267830
198.808182,214.913116,268.793152,121.086891
202.820084,215.487579,265.310516,120.512428
202.907364,215.731781,265.369385,120.268211
202.631989,216.137009,268.578918,119.862984
207.983948,216.824265,264.958069,119.175743
208.010910,216.986115,264.877686,119.013878
208.241577,217.479065,266.514648,118.520927
208.833710,217.762161,266.483917,118.237839
208.837708,217.893463,266.369934,118.106537
209.697128,220.110886,266.650787,115.889114
210.032990,221.646210,266.932739,114.353798
210.067444,221.730377,266.858398,114.269615
210.293442,222.716156,266.748169,113.283844
211.339096,222.992630,266.068512,113.007370
211.557571,223.239777,266.363647,112.760223
210.952362,224.921082,266.877686,111.078911
214.502335,226.542831,265.064362,109.457169
214.713943,226.564545,265.368896,109.435455
217.501099,227.331787,265.996185,108.668213
224.379486,227.693207,256.912720,108.306786
224.417114,227.790115,256.873077,108.209885
226.841080,227.673264,255.988220,108.326736
233.668152,226.819565,246.309372,109.180428
