1
382.109589,130.687912,104.170303,99.354469
382.323975,130.568756,104.530777,99.224533
377.761932,122.304054,105.213486,95.636620
377.921600,122.472572,105.454628,95.916245
377.948486,122.506256,105.449028,95.942032
375.893768,113.143517,103.754616,94.851273
376.010040,113.229401,103.949409,94.964928
375.979858,113.286598,103.953590,94.931549
371.566772,111.719498,103.415619,92.850136
371.606567,111.794685,103.448891,92.959930
371.629761,111.814865,103.448914,92.959732
369.586823,107.004318,101.426544,92.114166
369.618408,107.196930,101.445236,92.458969
369.643433,107.217697,101.449875,92.460144
364.216492,101.309357,99.996056,91.221191
364.216125,101.449013,99.950623,91.460579
364.222351,101.458984,99.925781,91.462479
359.465332,97.106941,99.342163,87.500839
359.541962,97.350845,99.432236,87.958336
359.571320,97.370895,99.437698,87.959656
356.398682,97.446869,98.635925,85.704742
356.508575,97.589851,98.878716,85.895874
356.035248,97.300919,98.047272,85.543358
351.580780,94.596985,95.551872,84.466446
351.785767,94.617744,95.941986,84.451225
351.618713,94.611595,95.819748,84.225273
343.998077,92.640236,94.872192,82.037956
343.823730,92.882301,95.019989,81.377464
344.011444,93.119308,95.378731,80.933655
340.298431,88.519661,92.849449,79.246033
340.347870,88.617920,92.938843,79.411041
340.374603,88.701782,92.918488,79.357216
332.151215,81.798767,91.739464,79.798058
332.290924,81.899849,91.940414,79.940964
332.318573,81.929588,91.954567,79.965530
329.101746,78.867554,90.659363,78.352966
329.273865,78.941193,90.950699,78.457985
329.304108,78.968468,90.945770,78.443474
320.553192,77.824646,90.916603,75.486824
320.531799,78.111488,90.966591,74.892960
320.545532,78.192871,90.954315,74.938812
319.143524,78.081108,90.137596,73.447357
319.380768,78.097610,90.052422,73.229958
319.602478,78.232803,90.455116,73.468048
317.151917,74.852242,88.710464,73.385803
316.973541,74.894157,88.698547,73.249306
317.005524,75.003052,88.792183,73.427650
311.873413,73.527893,87.094810,71.752907
311.882446,73.656891,87.351204,71.838806
311.698120,73.827339,87.300568,71.331818
307.372894,72.046997,89.042778,69.545715
307.322693,72.470512,89.017960,69.880363
307.414429,72.611237,89.258522,69.921684
300.748535,72.486740,88.175888,67.786278
300.867401,72.745392,88.318878,67.999092
300.957916,72.781487,88.441612,67.956734
290.614563,72.267838,89.142952,67.304718
290.757050,72.362793,89.443306,67.464912
290.750519,72.381538,89.474915,67.470459
290.722076,72.363251,89.458778,67.451164
290.627930,72.366844,89.533295,67.419273
290.799805,72.407097,89.996735,67.416786
290.833649,72.386444,89.361649,67.434975
290.870575,72.429367,89.418808,67.470161
290.801117,72.459465,89.403244,67.464317
290.737854,72.569145,89.578621,67.365875
290.944031,72.631699,89.953087,67.466812
291.001526,72.636551,89.912338,67.473228
290.870697,72.546059,89.712051,67.649200
290.973267,72.713127,89.899277,67.969948
290.991577,72.708473,89.870056,67.977303
290.904999,72.764610,89.662018,67.954376
290.951111,72.800568,89.753769,67.965111
292.099640,72.930367,88.740364,68.038109
292.086182,73.159920,88.833809,68.451118
291.999695,73.239960,88.900124,68.450920
292.615417,73.387016,88.497734,68.451096
292.570251,73.458153,88.402290,68.454956
292.575073,73.502373,88.427925,68.463387
292.564087,73.545517,88.403809,68.464661
292.650818,73.600952,88.354988,68.456108
292.642273,73.925438,88.449333,68.175369
292.624390,74.095245,88.434326,68.461853
292.607391,74.106339,88.373787,68.442833
292.638947,74.149055,88.441566,68.460144
292.043030,74.194931,88.377838,68.440712
292.077332,74.234550,88.452278,68.463600
291.899139,74.260040,88.418968,68.427757
291.936646,74.322159,88.425629,68.467239
291.852753,74.313690,88.138443,68.446892
292.007507,74.338890,88.431465,68.462624
292.037842,74.351738,88.447906,68.467613
292.059235,74.366135,88.453667,68.468872
292.076172,74.379143,88.452408,68.468102
292.079010,74.393387,88.428062,68.466034
292.112488,74.410591,88.455933,68.470520
292.101562,74.419044,88.424820,68.455246
292.005188,74.423157,88.462593,68.422897
291.950256,74.435417,88.395363,68.431267
291.925293,74.459793,88.417351,68.460075
291.776764,74.480667,88.501434,68.413666
291.891876,74.448509,88.863777,68.440666
291.622345,74.421776,88.942734,68.423904
291.499207,74.495300,88.877655,68.423302
291.322205,74.582069,88.928131,68.369980
291.305847,74.661949,88.927864,68.449059
291.332153,74.622437,88.439026,68.378716
291.344788,74.687851,88.433441,68.464539
291.369629,74.707527,88.447319,68.468330
291.343018,74.718918,88.395630,68.442177
291.330811,74.750549,88.439445,68.455498
291.348572,74.776863,88.449684,68.466522
291.333221,74.785179,88.406288,68.450317
291.387115,74.821121,88.452385,68.459099
291.386993,74.850349,88.392807,68.434998
291.387543,74.872749,88.385429,68.424950
291.412262,74.906319,88.370224,68.445328
291.424255,74.933067,88.334000,68.440582
291.479950,74.948143,88.365059,68.444771
291.593109,74.897423,88.431610,68.231781
291.615814,75.033272,88.438171,68.465065
291.658325,75.046883,88.437355,68.472023
291.780884,75.020714,88.134483,68.470886
292.061951,75.005844,88.206375,68.452324
292.204102,75.021866,88.431580,68.471313
292.728790,74.940781,88.219513,68.428169
292.910950,74.941475,88.393265,68.480331
293.279205,74.967148,87.724815,68.387100
293.978577,75.046890,87.107872,68.424561
294.216980,75.085831,87.412430,68.458656
294.266815,75.104218,87.451019,68.472176
294.302765,75.115280,87.450798,68.471497
294.331665,75.121506,87.444817,68.461472
294.357452,75.140488,87.456429,68.470558
295.779144,74.653290,86.444733,68.526520
295.903992,74.720222,86.282990,68.978325
296.013275,74.725929,86.453117,68.971161
296.616486,74.679626,86.203278,69.155876
296.778595,74.849960,86.414726,69.459084
296.867371,74.872734,86.356804,69.452461
303.162415,74.675621,84.154640,69.764877
303.383636,74.802956,84.257355,69.933220
303.559906,74.839790,84.174355,69.937088
303.764740,74.879951,84.340233,69.951942
303.842743,74.903976,84.458122,69.969872
303.897491,74.865646,84.302299,69.942657
303.994385,74.894508,84.458275,69.969841
304.013275,74.909782,84.458275,69.969841
304.032166,74.925056,84.458275,69.969841
307.189697,75.341522,82.727158,70.078445
307.324158,75.552490,82.959015,70.469627
307.916504,75.590538,82.585655,70.396530
311.772827,77.219475,82.026459,68.501831
312.118134,77.548470,82.257507,68.910721
312.969299,77.654251,81.473495,68.797684
313.345642,77.762978,81.294769,68.829086
313.454010,77.849861,81.456955,68.970543
314.571777,77.904610,80.264351,69.093803
317.673615,78.267120,77.953995,69.795723
319.050262,78.560806,76.217499,70.005547
319.857452,78.864166,76.019669,70.354256
322.774658,80.638420,74.135338,69.488098
323.113556,80.684761,74.327682,69.454582
323.371246,80.736267,74.228912,69.453316
324.241241,81.309074,73.871956,69.365646
324.410309,81.389282,73.894699,69.466278
324.465576,81.485008,73.958786,69.400955
324.881775,81.680069,73.701408,69.188660
325.076080,81.834900,73.942520,69.466400
325.117767,81.854164,73.959000,69.467049
325.676941,82.388367,73.795044,69.518814
326.412628,82.769470,73.602715,69.860008
326.629883,82.853073,73.935570,69.978462
330.516479,84.249306,71.104012,69.740105
330.712799,84.379448,71.464691,69.969841
330.784271,84.451714,71.417068,69.954468
332.345001,85.364960,70.358986,70.031425
332.527344,85.622154,70.381653,70.484596
332.604828,85.633110,70.454193,70.470665
333.042542,86.659477,70.398911,70.186195
333.338531,87.358017,70.473999,69.915619
333.653809,87.937157,70.096603,69.527534
333.724915,90.197426,70.389824,69.428055
333.770935,90.281281,70.464905,69.441315
333.768860,90.611855,70.418694,69.288086
333.791077,90.881485,70.505409,69.395287
334.078369,91.157173,70.762207,69.397751
334.199554,91.241035,70.951653,69.459595
334.121277,92.058502,70.389069,69.341103
333.803223,92.573952,70.526245,69.342957
333.915466,92.988503,70.917755,69.384979
333.271179,93.614029,69.902702,69.446930
333.185638,94.016724,69.779938,69.346634
332.941833,94.212280,69.848785,69.497383
333.004364,96.129021,69.844376,69.154358
333.070831,96.316589,69.961037,69.467712
333.077423,96.328560,69.958443,69.463676
333.341736,96.651566,69.497398,69.598022
333.351227,96.862419,69.449387,69.978546
333.380768,96.850082,69.427444,70.139534
330.569305,97.913139,70.994728,70.611694
330.592041,98.157570,70.955551,70.974373
330.605835,98.185783,70.986656,70.978043
330.224945,98.199585,71.030876,70.962799
330.475342,98.329277,71.431953,71.022598
330.479797,98.570541,71.473289,71.469963
328.681030,98.886536,71.442116,71.808044
328.417114,99.398239,71.651062,71.892418
328.553131,99.482849,71.971405,71.952286
323.304138,101.812401,75.491493,73.276787
323.286377,101.891998,75.459320,73.479797
323.294830,101.876373,75.467705,73.509315
320.333923,105.789764,75.198608,75.840767
320.009888,105.718323,75.385887,76.668251
319.309601,105.578171,75.467278,77.259613
315.796112,109.738380,75.690338,77.535255
315.119537,110.085808,76.419090,78.557991
313.313660,112.705833,77.601715,78.933136
306.820892,116.382126,84.050987,79.686996
306.854187,116.421860,84.371826,80.257454
306.444489,116.295357,84.378983,80.930473
298.021942,126.957390,85.488602,80.698639
297.995605,127.114990,85.483635,80.948563
297.837372,127.268517,85.595711,81.104156
287.661011,133.175873,86.459961,82.912590
287.631897,133.365448,86.616173,82.997620
287.506287,134.120987,87.246346,83.338120
279.729248,140.813202,93.458977,86.197952
279.550873,141.303070,93.875862,86.510941
279.519623,141.611877,94.280815,87.147949
267.537170,148.916336,98.765877,90.464691
267.932007,149.152679,99.432549,90.585861
268.245453,149.892975,101.056160,91.919670
263.874146,155.985275,99.781746,93.486847
262.421783,155.819458,103.224380,95.603539
261.984741,155.656158,104.407776,97.410934
247.300827,166.452393,110.007118,99.561470
247.510300,166.686478,110.440598,99.932449
247.416306,166.738205,110.499855,99.967384
241.913040,168.303452,112.264420,102.174416
241.785172,168.530518,113.219574,102.919258
240.755493,166.975815,114.222000,105.337700
232.724197,170.584991,116.394997,107.223503
231.215393,171.535858,117.364326,108.377396
230.463120,171.298767,118.050720,109.512321
227.623306,174.327896,120.079918,113.150536
227.821335,174.503571,120.441643,113.448280
227.611496,174.425247,120.885353,113.653908
223.406067,175.922501,121.090469,112.935905
223.324509,175.983017,121.477837,112.920059
222.803192,176.054794,121.658653,112.870041
222.656906,176.108810,122.274300,113.270882
222.244949,176.664612,122.547356,113.261818
222.153625,176.894928,123.024811,113.403786
219.620163,179.398407,124.042839,113.207726
219.717590,179.574005,124.454216,113.431259
219.557510,179.587341,124.410217,113.447624
219.557770,179.643936,124.451424,113.421013
219.244690,179.780029,124.491699,113.438484
219.058701,179.870026,124.448586,113.447273
219.033127,179.923386,124.458382,113.425316
218.668808,180.002167,124.408409,113.422165
218.698090,180.051208,124.447060,113.442902
218.545654,180.147919,124.493660,113.420532
218.427750,180.216156,124.447571,113.424828
218.441025,180.260590,124.443550,113.446106
218.109589,180.334686,124.454559,113.380501
218.033112,180.441605,124.486183,113.404358
217.964905,180.531982,124.476639,113.419678
217.920197,180.611084,124.472427,113.417976
217.767151,180.692062,124.477043,113.413269
217.577271,180.813751,124.546967,113.429115
217.628387,180.914627,125.059044,113.401825
217.759430,181.013824,125.504181,113.414307
217.856384,181.111343,126.056847,113.413376
218.034531,181.181046,126.469505,113.429634
217.962738,181.260864,126.520729,113.428513
218.173050,181.315674,126.954445,113.433868
218.133499,181.382431,126.988464,113.429367
218.012833,181.473206,127.000740,113.413017
218.165222,181.556992,127.470314,113.406525
218.052429,181.669922,127.477180,113.416565
218.012772,181.745911,127.467712,113.421516
217.963333,181.818054,127.484695,113.435555
217.919052,181.878510,127.456520,113.429245
217.789200,181.955276,127.523682,113.432632
217.810577,182.014191,128.017014,113.442284
217.938904,182.086716,128.505341,113.425034
218.035431,182.176895,129.015411,113.437813
217.789474,182.257401,129.605087,113.440285
217.772995,182.344757,130.041916,113.462532
217.743942,182.441284,130.513107,113.458221
217.712753,182.505676,131.016342,113.461388
217.632385,182.565582,131.502243,113.458481
217.595474,182.601929,131.984634,113.441208
217.342850,182.678665,132.020416,113.451439
216.455887,182.714142,132.893982,113.446175
215.947617,182.757782,133.087265,113.456375
216.086212,182.768814,133.430237,113.460846
216.091797,182.793182,133.475937,113.457809
216.066956,182.823669,133.463181,113.445312
215.971970,182.900330,133.529053,113.422386
216.097473,182.976929,134.046219,113.429932
216.307709,183.020065,134.445648,113.444145
216.304382,183.058075,134.470276,113.448288
216.315887,183.084793,134.445114,113.453041
216.340179,183.108582,134.433578,113.451096
216.370255,183.133347,134.433578,113.451096
216.327606,183.154358,134.429901,113.447510
216.332123,183.193924,134.445633,113.434700
216.281418,183.226242,134.440613,113.458687
216.308334,183.246719,134.433243,113.451653
216.338577,183.271194,134.433578,113.451096
216.368637,183.295975,134.433578,113.451096
216.378632,183.032578,134.496689,113.584068
216.375916,183.240128,134.432983,113.951271
216.317062,183.191284,134.573746,114.134003
216.744949,177.755127,134.754288,120.237656
216.860031,177.886856,134.942490,120.450417
216.805984,177.926666,135.043335,120.490829
217.095886,177.574753,135.497437,120.456841
217.093994,177.596664,135.433090,120.448082
217.104340,177.607681,135.475418,120.461296
217.117737,177.626358,135.434341,120.448532
217.152924,177.651154,135.434708,120.448662
217.197357,177.673676,135.437485,120.449669
217.166306,177.760788,135.478348,120.376160
217.173965,177.823044,135.433090,120.448082
217.196625,177.849686,135.448227,120.451935
217.133026,177.876938,135.571106,120.380081
217.325150,177.938431,135.967987,120.454407
217.301559,177.961365,136.004120,120.463867
217.546310,177.979767,136.432602,120.448082
217.517731,177.990982,136.561630,120.463074
217.733719,178.009781,136.932343,120.448082
217.764343,178.036072,136.932343,120.448082
217.780106,178.057541,136.959503,120.449646
217.772263,178.079758,136.999084,120.457672
217.769516,178.101257,136.932343,120.448082
217.800140,178.127563,136.932343,120.448082
217.782425,178.149200,137.023499,120.459259
218.017456,178.169907,137.432098,120.448082
218.037399,178.203827,137.439484,120.440163
218.064438,178.234070,137.432098,120.448082
218.095169,178.260361,137.432098,120.448082
218.113861,178.287201,137.456009,120.454086
218.127548,178.310089,137.441940,120.449944
217.547043,178.081940,138.447479,121.101875
217.560410,178.281769,138.450775,121.452477
217.571518,178.306335,138.451950,121.452759
217.554550,178.330475,138.513977,121.475983
217.794312,178.342819,138.931366,121.447647
217.791519,178.362183,138.919510,121.451012
217.644608,178.360031,139.372452,121.485146
217.691711,178.368393,139.457733,121.454292
217.431519,178.371307,139.826462,121.475708
217.506592,178.386826,139.934052,121.443832
217.109879,178.354492,140.331863,121.477036
217.093109,178.343536,140.583588,121.474899
217.291611,178.352539,140.927200,121.449730
217.295670,178.377167,140.979645,121.459137
217.188873,178.380417,140.959976,121.480492
217.142532,178.388641,141.020950,121.459297
217.335861,178.430573,141.456909,121.431717
217.298401,178.477890,141.487122,121.444695
217.192719,178.515503,141.534622,121.444275
217.250671,178.515808,142.046707,121.447960
216.894623,178.493210,142.878311,121.438400
216.884323,178.503220,142.942062,121.449013
216.800629,178.520065,142.990952,121.440514
216.668579,178.548645,143.052032,121.434326
216.643265,178.568024,143.559708,121.443695
216.688080,178.586319,144.116501,121.446983
216.708466,178.599213,144.518143,121.459854
216.829971,178.595032,144.973572,121.452301
216.712021,178.594254,145.044144,121.443771
216.897980,178.619019,145.479492,121.455688
216.813583,178.625412,145.438904,121.451668
216.770874,178.639252,145.529892,121.468102
216.772964,178.610687,146.122696,121.514908
216.957413,178.853607,146.429184,121.947792
216.899124,178.854843,146.582657,121.986313
216.924332,178.866241,147.219238,121.986053
217.003510,178.866257,147.519943,121.969292
216.920105,178.792770,148.349060,122.071716
216.679474,178.887955,148.656281,122.606956
216.707428,179.040054,149.078949,122.978226
216.686615,178.987228,149.622421,122.996056
216.634155,178.902374,150.174118,123.032364
216.309891,179.048523,150.812134,123.523438
216.028839,179.142853,151.329330,124.121109
215.820984,179.281540,151.710327,124.501167
215.619720,179.456879,152.405029,124.975060
215.377014,179.410095,152.653915,124.953888
214.914047,179.317810,153.274033,124.981323
214.871872,179.347595,153.580444,125.054886
214.805237,179.557907,154.181274,125.481606
214.606934,179.567932,154.759705,125.385735
213.986282,179.395706,155.145889,125.645554
214.013443,179.536026,155.515259,125.950264
214.004715,179.505997,156.077515,125.976730
213.810974,179.549591,156.268387,125.972404
213.518356,179.396072,156.955780,126.182945
213.469193,179.540085,156.966446,126.448364
212.889496,179.460587,156.979492,126.620544
212.830170,179.639221,156.951141,126.949570
212.671738,179.634491,157.005951,127.078140
206.148407,179.906433,160.040741,127.687874
206.033081,180.048996,160.357147,127.975159
205.928482,180.030151,160.388382,127.991837
201.271912,180.794296,158.853271,128.669373
200.388458,180.804581,158.993179,129.059479
199.550079,180.798920,158.937988,129.706390
196.947449,181.358856,159.053162,130.208435
196.148285,181.423904,158.733643,130.508667
196.078690,181.640167,158.858185,130.960297
195.925354,181.642929,158.894012,131.011917
195.847778,181.859268,158.903610,131.468979
195.703918,181.835663,158.847244,131.481033
195.731033,181.835037,158.939178,131.447586
195.705460,181.850281,158.901901,131.452133
195.632584,181.852875,158.877640,131.455338
195.690048,181.875565,158.921478,131.443344
195.725601,181.904266,158.921478,131.443344
195.761139,181.932953,158.921478,131.443344
195.796692,181.961655,158.921478,131.443344
195.832230,181.990341,158.921478,131.443344
195.867676,182.019028,158.921448,131.443359
195.903229,182.047714,158.921478,131.443344
195.938782,182.076401,158.921478,131.443344
195.964417,182.103806,158.918549,131.444748
195.868225,182.115280,158.867722,131.451019
195.916977,182.138290,158.917267,131.445389
195.912308,182.162186,158.910980,131.440933
195.904190,182.181854,158.904617,131.457657
195.896118,182.196884,158.905136,131.446777
195.843506,182.206894,158.887604,131.453796
195.829605,182.219757,158.899521,131.449600
195.813309,182.234665,158.899048,131.452667
195.782043,182.243286,158.900589,131.463882
195.756851,182.251907,158.898056,131.449417
195.760544,182.271286,158.905777,131.450287
195.769531,182.291260,158.908615,131.449997
195.811508,182.316620,158.921478,131.443344
195.847046,182.345306,158.921478,131.443344
195.874313,182.372833,158.919006,131.444626
195.779877,182.373795,158.891846,131.468140
195.782227,182.383377,158.904892,131.449326
195.793289,182.404663,158.910309,131.447586
195.775787,182.421844,158.899963,131.452896
195.772720,182.437088,158.912247,131.450287
195.768326,182.454712,158.915344,131.447525
195.776764,182.476669,158.910065,131.449265
195.782349,182.496796,158.910034,131.449432
195.785095,182.515839,158.906586,131.451172
195.827744,182.540573,158.921387,131.443390
195.838303,182.565369,158.911926,131.448303
195.851074,182.588318,158.941193,131.456238
195.874817,182.610321,158.920914,131.443619
195.905411,182.638184,158.919937,131.444092
195.936920,182.665878,158.920044,131.444016
195.962372,182.692795,158.918167,131.444946
195.983490,182.718399,158.916046,131.446060
196.019745,182.745468,158.920883,131.443634
196.055588,182.774017,158.921478,131.443344
196.089630,182.802521,158.921051,131.443542
196.125397,182.831116,158.921478,131.443344
196.144623,182.857529,158.916168,131.445969
196.173706,182.883713,158.918777,131.444626
196.188477,182.908646,158.914108,131.447021
196.212860,182.933441,158.916672,131.445709
196.249435,182.960770,158.921082,131.443542
196.285172,182.989380,158.921478,131.443344
196.320724,183.018066,158.921478,131.443344
196.347656,183.045639,158.918930,131.444565
196.373306,183.072266,158.918167,131.444931
196.409592,183.100037,158.921219,131.443466
196.432297,183.126938,158.917480,131.445282
196.460342,183.153381,158.918564,131.444763
196.391891,183.163208,158.901215,131.453934
196.429138,183.189926,158.924423,131.439911
196.446472,183.217285,158.915268,131.446594
196.440887,183.235458,158.904175,131.452271
196.447815,183.253250,158.907440,131.450394
196.428970,183.266586,158.899063,131.453568
196.438202,183.282669,158.906952,131.450577
196.422897,183.294983,158.898453,131.453766
196.456253,183.316528,158.916916,131.445572
196.488052,183.343323,158.919693,131.444199
196.418060,183.351151,158.884964,131.456192
196.429596,183.364853,158.905167,131.450287
196.444138,183.384125,158.915054,131.447678
196.450531,183.404175,158.911942,131.447968
196.485916,183.429901,158.920029,131.444031
196.404327,183.449173,158.899307,131.441360
196.363480,183.475403,158.924500,131.436890
196.378067,183.508621,158.927307,131.440155
196.364075,183.534744,158.907639,131.447693
196.391373,183.559189,158.916687,131.445679
196.410583,183.584015,158.915115,131.446533
196.423553,183.608017,158.912888,131.446960
196.447052,183.631729,158.915649,131.446243
196.469269,183.656250,158.917816,131.445358
196.464386,183.675934,158.907578,131.447937
196.386581,183.681213,158.881119,131.455292
196.397690,183.694641,158.917023,131.448029
196.391846,183.711960,158.913605,131.448059
196.425949,183.737579,158.919891,131.444107
196.461044,183.765732,158.921112,131.443512
196.479462,183.791763,158.915466,131.445740
196.413696,183.793961,158.881638,131.459152
196.404922,183.803009,158.901794,131.449020
196.412994,183.822601,158.908447,131.448502
196.441071,183.846802,158.917038,131.445526
196.449661,183.870407,158.911621,131.446671
196.421631,183.885620,158.895508,131.450348
196.412994,183.899857,158.900818,131.449524
196.348526,183.900146,158.864136,131.456314
196.380264,183.916489,158.910065,131.447006
196.406006,183.941437,158.916733,131.444885
196.422134,183.966888,158.915161,131.444305
196.444336,183.992859,158.916275,131.445892
196.469208,184.018463,158.917236,131.445419
196.437408,184.032333,158.896103,131.450027
196.457794,184.052979,158.912750,131.444870
196.389450,184.060455,158.881119,131.454178
196.427780,184.080307,158.915970,131.445297
196.440140,184.103912,158.912018,131.447479
196.463516,184.128143,158.915894,131.445892
196.456863,184.147964,158.904846,131.450256
196.392990,184.153015,158.876572,131.458344
196.421417,184.169830,158.911148,131.447891
196.405121,184.188202,158.899170,131.452499
196.451828,184.212311,158.921478,131.443344
196.487366,184.240997,158.921478,131.443344
196.489151,184.264511,158.909271,131.448120
196.530792,184.290817,158.921478,131.443344
196.566330,184.319519,158.921478,131.443344
196.601883,184.348206,158.921478,131.443344
196.587692,184.196991,158.961365,131.581635
196.603302,184.406540,158.921478,131.943130
196.548615,184.409210,158.818100,131.962402
197.737808,182.262695,158.567642,133.352997
197.948761,182.331467,158.924622,133.445084
197.990799,182.320724,158.926926,133.466583
198.044754,182.337708,158.914566,133.439117
198.111282,182.351944,158.938507,133.455750
198.246811,182.339066,158.953918,133.460754
201.799393,179.043518,163.328247,135.292725
201.886642,179.116226,163.497925,135.475128
201.895752,179.119293,163.431274,135.449707
202.074463,178.915756,163.589996,135.519928
202.299545,179.074173,164.027863,136.021713
202.532440,179.301041,164.431702,136.451340
202.581589,179.319626,164.394516,136.444031
202.630493,179.347992,164.418762,136.441193
202.704529,179.115936,164.743546,137.046219
205.614304,178.140121,164.931946,137.965530
206.655075,177.665070,164.846725,138.389359
208.133636,176.259079,165.420029,139.747482
222.124191,175.285568,160.236588,140.775864
223.112915,174.656265,160.343170,141.330429
223.630890,174.601913,160.371857,141.557556
227.285858,175.534195,158.880859,141.350479
227.498825,175.571960,158.917435,141.468307
227.574814,175.581345,158.911835,141.437256
235.476120,174.736053,156.882553,143.945953
235.744736,174.736588,156.955414,143.930862
235.884979,174.748962,156.888199,143.939178
252.588684,174.443008,147.358734,145.197784
252.677628,174.574844,147.416306,145.459061
252.716187,174.595688,147.427200,145.437317
253.979446,174.048233,148.302353,146.022034
254.074799,174.287628,148.426666,146.436874
254.113342,174.319748,148.424927,146.435806
254.604202,174.211365,148.441467,146.381256
254.675980,174.263229,148.436325,146.434982
255.093018,174.223282,148.242386,146.345276
260.016602,173.716370,141.295349,145.582733
260.117310,173.925461,141.429565,145.936737
260.155212,173.957657,141.428162,145.935837
260.187805,173.990143,141.430130,145.937088
260.219452,174.022003,141.430130,145.937088
260.251068,174.053864,141.430130,145.937088
260.340363,174.081039,141.361115,145.928223
260.414612,174.103653,141.422684,145.952133
260.449982,174.127991,141.430130,145.937088
260.465881,174.150620,141.440186,145.926041
260.501221,174.173294,141.422104,145.953262
260.535919,174.196426,141.429321,145.935898
260.505646,174.166595,141.513535,145.903030
260.739532,174.212021,141.929886,145.936111
260.769348,174.242737,141.929459,145.936813
260.792389,174.268341,141.928909,145.935715
260.821686,174.297745,141.929291,145.937698
260.857788,174.314926,141.923065,145.950226
260.836487,174.130569,141.677994,146.053131
260.988007,174.334122,141.928986,146.439560
261.025452,174.334091,141.922592,146.452454
261.061646,174.104858,141.854935,146.566360
261.128723,174.299515,141.919373,146.954010
261.168365,174.274567,141.896912,146.977859
261.214294,174.257690,141.917542,146.953873
261.255676,174.256805,141.918274,146.955170
261.267517,174.244705,141.919647,146.943375
261.289368,174.250626,141.922607,146.941772
261.312927,174.269348,141.926819,146.934967
261.339966,174.296448,141.928162,146.935776
261.147552,174.420181,142.254745,146.659531
261.266846,174.590820,142.429626,146.936661
261.298706,174.622894,142.429626,146.936661
261.330566,174.654984,142.429626,146.936661
261.363312,174.685532,142.428802,146.938339
261.403229,174.703918,142.422623,146.950790
261.438568,174.728928,142.429626,146.936661
261.467346,174.757675,142.428040,146.937653
261.496002,174.776062,142.410461,146.938370
261.524078,174.800812,142.442520,146.928375
261.549469,174.837036,142.429626,146.936661
261.579529,174.867813,142.428741,146.937363
261.601929,174.884567,142.424164,146.938232
261.633514,174.901794,142.427185,146.932953
261.654175,174.927475,142.425873,146.940704
261.687866,174.945908,142.428604,146.930405
261.714386,174.972916,142.426514,146.936981
261.746429,175.001923,142.428787,146.936050
261.775269,175.031815,142.427933,146.938004
261.807983,175.063232,142.429626,146.936661
261.839844,175.095306,142.429626,146.936661
261.871704,175.127380,142.429626,146.936661
261.903534,175.159454,142.429626,146.936661
261.926666,175.186920,142.430618,146.938263
261.958038,175.218201,142.429626,146.936661
261.989899,175.250275,142.429626,146.936661
262.020447,175.281418,142.428986,146.937164
262.052612,175.313232,142.429626,146.936661
262.084473,175.345322,142.429626,146.936661
262.116333,175.377396,142.429626,146.936661
262.145538,175.407547,142.428314,146.937698
262.174286,175.436386,142.427780,146.938126
262.168030,175.448654,142.449554,146.930847
262.128265,175.454803,142.391418,146.951935
262.175690,175.476685,142.427887,146.938034
262.201233,175.503006,142.426483,146.939316
262.228760,175.529465,142.426712,146.938965
262.199524,175.529221,142.433456,146.941025
262.225403,175.556168,142.427628,146.938248
262.185547,175.551163,142.456314,146.926788
262.197632,175.583542,142.426483,146.939148
262.210236,175.602875,142.432419,146.938980
262.232300,175.627701,142.425491,146.939941
262.225616,175.632828,142.425430,146.942657
262.236420,175.648483,142.428589,146.942139
262.252777,175.667908,142.430344,146.937546
262.257111,175.682343,142.424011,146.944046
262.272858,175.698608,142.425217,146.942368
262.295715,175.722580,142.435883,146.934891
262.309479,175.746323,142.427399,146.940109
262.308502,175.758163,142.435257,146.938721
262.326630,175.781525,142.427582,146.937866
262.339325,175.801300,142.435471,146.934265
262.360687,175.829086,142.425888,146.939621
262.390411,175.856766,142.427643,146.938232
262.419128,175.885086,142.427612,146.938263
262.448273,175.913651,142.427795,146.938110
262.478485,175.943146,142.428375,146.937668
262.508209,175.972733,142.428284,146.937729
262.532684,175.998444,142.425659,146.939804
262.557495,176.022675,142.425980,146.939911
262.579498,176.044632,142.423859,146.941238
262.593597,176.059952,142.421036,146.942932
262.554138,176.046478,142.448044,146.929184
262.556000,176.070007,142.428833,146.940964
262.539764,176.076630,142.448212,146.936844
262.508484,176.074905,142.325241,146.932190
262.561371,176.089798,142.424438,146.941788
262.534729,176.085693,142.413376,146.949646
262.562256,176.102249,142.423477,146.941528
262.584167,176.122482,142.423218,146.941742
262.596741,176.136551,142.421371,146.942245
262.630066,176.163910,142.428314,146.937698
262.614380,176.163345,142.422028,146.941193
262.621460,176.170547,142.420486,146.941238
262.642761,176.180832,142.421570,146.940445
262.665924,176.201904,142.423676,146.941513
262.656250,176.203308,142.424362,146.942764
262.692841,176.225113,142.430054,146.929855
262.706848,176.250092,142.430862,146.937714
262.725891,176.271805,142.423538,146.941116
262.754150,176.296844,142.426361,146.939255
262.780945,176.322769,142.426315,146.939270
262.808960,176.348831,142.438339,146.926651
262.819641,176.373856,142.421783,146.942719
262.841461,176.388779,142.423431,146.938171
262.864960,176.411850,142.424149,146.940948
262.885162,176.433685,142.429764,146.939804
262.907471,176.452103,142.424454,146.936356
262.938690,176.458145,142.427841,146.926743
262.962891,176.488998,142.425415,146.939987
262.972412,176.495575,142.420517,146.939117
262.985382,176.509598,142.420792,146.942581
262.985901,176.516357,142.425766,146.939407
262.994568,176.526794,142.420685,146.941757
262.998962,176.527908,142.418900,146.941132
262.985596,176.511963,142.414093,146.939926
262.992523,176.510376,142.417953,146.939026
263.014008,176.514740,142.422836,146.929962
263.031708,176.530182,142.422867,146.933014
263.036682,176.531281,142.417770,146.938309
262.753418,176.353119,142.428925,146.866302
262.760345,176.402176,142.417526,146.946091
262.736908,176.381409,142.428604,146.935852
262.714783,176.379379,142.438370,146.934174
262.669891,176.364838,142.412491,146.950317
262.669739,176.352905,142.414963,146.941193
262.532684,176.273895,142.419449,146.920090
262.410248,176.166855,142.413834,146.909195
262.281311,176.090454,142.438904,146.908752
262.183807,176.044250,142.411697,146.930313
262.239197,176.039337,142.412659,146.892334
262.197388,176.033340,142.428345,146.929581
262.208313,176.045364,142.414703,146.929733
262.181549,176.041275,142.435333,146.931870
262.203094,176.069946,142.426208,146.939148
262.212372,176.084976,142.432556,146.935028
262.242767,176.117874,142.429626,146.936661
262.218414,176.121323,142.445938,146.932037
262.239380,176.153717,142.428268,146.937729
262.253052,176.173248,142.425461,146.942261
262.253296,176.184692,142.433502,146.941971
262.244568,176.192078,142.427399,146.941559
262.254486,176.207169,142.425003,146.942490
262.237579,176.208221,142.432632,146.939636
262.229462,176.217056,142.427933,146.939774
262.201141,176.215683,142.435211,146.937531
262.225830,176.244156,142.427475,146.938385
262.234619,176.259476,142.429703,146.934311
262.153839,176.239563,142.476364,146.902664
262.156464,176.284393,142.426727,146.938950
262.188446,176.314377,142.428986,146.937180
262.213928,176.341339,142.426331,146.939270
262.238892,176.365906,142.425400,146.940002
262.261414,176.388351,142.425079,146.939911
262.256134,176.397461,142.432480,146.939972
262.255035,176.412048,142.436676,146.937576
262.217834,176.410919,142.433914,146.937378
262.084076,176.366547,142.453156,146.914398
262.096863,176.404465,142.426025,146.939514
262.125427,176.433167,142.432495,146.936813
262.151428,176.461960,142.427444,146.938400
262.184357,176.493164,142.429626,146.936661
262.213013,176.512344,142.427612,146.935516
262.235321,176.528717,142.423904,146.939026
262.230469,176.525116,142.425140,146.936081
262.233612,176.525345,142.422195,146.936676
262.242126,176.537445,142.426605,146.940491
262.241119,176.541214,142.428314,146.939178
262.264343,176.560883,142.426102,146.938416
262.281769,176.577988,142.421463,146.942444
262.270844,176.575775,142.427811,146.941544
262.265747,176.579651,142.424149,146.942001
262.260345,176.582230,142.428864,146.940689
262.259705,176.590683,142.420258,146.943420
262.275085,176.603027,142.425568,146.939697
262.281281,176.617264,142.425522,146.941544
262.275269,176.622452,142.413681,146.947418
262.234344,176.604767,142.474091,146.907349
262.237823,176.647049,142.426605,146.939056
262.263947,176.672668,142.426041,146.939499
262.286346,176.696304,142.428513,146.939087
262.308777,176.711075,142.424072,146.938873
262.324127,176.720856,142.427612,146.938080
262.338013,176.726395,142.425629,146.938232
262.360962,176.734528,142.423157,146.938019
262.364990,176.717178,142.392120,146.953110
262.388641,176.714386,142.416840,146.943634
262.407532,176.723679,142.419647,146.942886
262.416992,176.723343,142.417633,146.942352
262.427917,176.727646,142.416809,146.944275
262.419647,176.720001,142.409088,146.946564
262.429565,176.722290,142.414230,146.946594
262.451874,176.728790,142.421234,146.941040
262.462585,176.736206,142.418701,146.943176
262.464294,176.738602,142.426941,146.942184
262.465546,176.739380,142.422882,146.941574
262.326965,176.666351,142.489975,146.893692
262.300140,176.695435,142.437485,146.934601
262.306061,176.702682,142.418060,146.943375
262.194275,176.617691,142.430084,146.912567
262.209259,176.639984,142.420731,146.941299
262.233643,176.650742,142.423004,146.939346
261.520569,176.227203,140.856995,146.917252
261.534180,176.226288,140.875580,146.939011
261.543274,176.222916,140.909683,146.951447
261.581299,176.246704,140.928497,146.937973
261.592987,176.265717,140.920135,146.944290
261.584412,176.239532,140.881195,146.957962
261.601929,176.232712,140.910904,146.949524
261.591187,176.216934,140.885864,146.943390
261.637207,176.234726,140.926178,146.938721
261.670807,176.265778,140.930374,146.936661
261.697174,176.284515,140.931366,146.933411
261.645630,176.302643,140.972275,146.945816
257.922852,177.430313,143.738205,147.066635
258.046082,177.646439,143.926804,147.437881
258.060120,177.694611,143.944077,147.417221
257.221741,178.005417,144.728333,147.073944
257.348694,178.223358,144.932159,147.431763
257.378265,178.258621,144.928986,147.435684
257.367584,178.382065,144.944992,147.368896
257.382660,178.443893,144.924957,147.439301
257.416290,178.474518,144.928146,147.436615
257.502777,178.859772,145.157608,147.295532
257.670563,178.962418,145.428146,147.436447
257.700378,178.994736,145.433502,147.438004
257.399628,181.684586,146.655731,145.934723
257.568329,181.717636,146.927414,145.937088
257.731567,181.759949,147.074402,145.951004
258.044495,183.292465,147.424469,143.691666
258.068207,183.448395,147.459488,143.946320
258.019714,183.496719,147.525299,143.939774
257.915680,183.911072,148.862503,143.969910
258.331787,184.048264,149.016327,143.854019
258.532928,184.286499,149.709900,143.934433
263.148682,187.355301,151.515396,143.718124
263.327576,187.524490,151.978241,143.929535
262.393036,187.829315,152.785599,143.603882
263.246582,189.251495,154.177994,144.126404
262.906464,189.633438,155.031891,144.350784
262.988037,190.067734,155.711151,144.244186
266.912109,192.055359,157.553284,142.726440
266.736176,192.359772,158.248840,142.867661
266.250061,192.730392,158.730728,142.688965
265.950317,193.941025,160.117645,142.058975
266.036255,194.357788,160.625748,141.642212
266.126678,194.784058,161.036514,141.215942
266.560669,196.397186,161.731796,139.602814
266.634064,196.677811,161.969696,139.322189
266.554199,196.966736,162.039398,139.033264
266.542358,197.636292,162.798477,138.363708
266.574921,197.836288,162.964417,138.163712
264.565247,199.155441,164.589844,136.844559
264.633392,200.086777,165.432449,135.913223
264.752686,200.333832,165.480225,135.666168
265.020081,200.790863,165.631226,135.209137
262.496582,201.700897,167.464783,134.299103
262.228546,201.848862,168.028687,134.151138
262.718292,202.464828,169.918167,133.535172
261.600098,203.922150,171.858795,132.077850
259.979462,204.161819,173.537689,131.838181
258.721313,204.549469,175.162155,131.450531
256.985626,211.076477,182.884750,124.923515
256.957733,211.163605,183.056992,124.836395
257.088776,211.327896,183.693756,124.672104
250.123947,212.186890,193.684967,123.813110
249.575012,212.340195,194.825836,123.659813
249.517380,212.512482,195.107407,123.487518
246.367096,212.948685,200.107422,123.051323
245.795639,213.308578,201.155518,122.691422
245.097015,213.645660,202.368073,122.354340
238.470596,215.641647,211.546906,120.358353
238.647705,215.737244,212.028290,120.262756
238.455444,215.919479,213.302277,120.080513
234.420731,219.839615,218.068604,116.160385
234.429001,220.060379,218.617935,115.939629
234.583954,220.103745,218.910492,115.896255
233.490250,221.972656,221.754456,114.027351
233.313126,222.284332,222.129379,113.715668
233.432053,222.436172,222.416412,113.563820
232.623520,224.852463,223.611832,111.147530
232.812363,225.029007,223.889389,110.970993
232.862442,225.043823,223.889389,110.952171
232.917496,225.259811,223.863083,110.740189
232.980713,225.390015,223.889389,110.609978
233.078766,225.596634,223.869812,110.403366
234.357925,226.875519,223.719330,109.124489
234.493027,227.063568,223.889389,108.936424
234.764862,227.181961,223.811600,108.818039
235.047226,227.421326,224.253021,108.578674
235.165466,227.632294,224.389145,108.367706
235.215652,227.698746,224.389145,108.301262
237.961960,228.206421,223.064560,107.793571
238.174454,228.309937,223.389633,107.690056
238.228439,228.468491,223.386505,107.531509
238.279968,228.703033,223.389633,107.296967
238.333130,228.805496,223.394745,107.194504
239.058868,229.097183,222.912766,106.902817
239.118225,229.169388,222.867722,106.830612
239.205780,229.276245,222.880890,106.723763
239.299713,229.443542,222.897369,106.556458
239.530853,229.727936,222.978622,106.272057
240.563202,230.137009,222.402557,105.862991
241.171310,230.350372,222.290222,105.649628
241.303818,230.554398,222.392044,105.445602
241.426285,230.613922,222.388290,105.386078
241.555099,230.721725,222.383987,105.278282
241.637299,230.868484,222.376587,105.131523
241.973099,231.249374,222.357788,104.750618
242.108353,231.441910,222.376236,104.558083
242.373077,231.815063,222.337051,104.184937
242.679626,232.112640,222.451904,103.887367
242.744568,232.238922,222.409973,103.761070
242.844955,232.418228,222.387390,103.581772
243.139221,232.767517,222.428497,103.232475
243.290115,232.999146,222.437439,103.000862
243.382065,233.273315,222.357147,102.726685
243.554489,233.456833,222.399506,102.543167
243.604172,233.700241,222.391861,102.299767
243.712601,233.817230,222.388260,102.182770
243.866806,234.030380,222.430161,101.969627
243.898972,234.064789,222.395721,101.935219
243.950073,234.111710,222.389404,101.888290
244.000168,234.167847,222.390121,101.832161
244.072144,234.272446,222.377823,101.727554
244.142975,234.412155,222.388718,101.587845
244.214447,234.658279,222.384125,101.341721
244.347336,234.719940,222.455276,101.280052
244.519058,234.864685,222.396683,101.135315
244.578003,235.053635,222.399979,100.946365
244.713074,235.108459,222.388031,100.891533
244.799011,235.169525,222.401962,100.830475
245.148605,235.361145,222.301849,100.638855
245.378601,235.579788,222.416214,100.420212
245.514969,235.662903,222.412521,100.337090
245.708069,235.825974,222.410492,100.174026
245.946869,236.010742,222.483612,99.989258
246.380753,236.213211,222.292023,99.786781
246.710617,236.542542,222.350967,99.457466
246.816574,236.576340,222.440231,99.423668
246.985031,236.768478,222.564484,99.231529
247.427277,237.015274,222.898926,98.984718
247.582138,237.055176,222.879837,98.937943
247.637039,237.088364,222.889969,98.911629
247.686737,237.141479,222.892410,98.858521
247.735336,237.212936,222.889893,98.787064
247.785202,237.321243,222.889969,98.678757
247.839874,237.503357,222.885452,98.496643
247.947784,237.509521,222.879669,98.459572
248.323059,237.557541,222.627167,98.442459
248.541031,237.606354,222.914108,98.393654
248.585846,237.664551,222.894073,98.335449
248.771423,237.806747,222.901321,98.193253
248.892456,237.976517,222.908356,98.023476
248.947769,238.215668,222.897797,97.784332
249.149063,238.388931,222.875031,97.611061
249.255051,238.593658,222.901932,97.406342
249.609253,238.793518,222.859421,97.206482
249.805450,238.953278,222.865555,97.046730
250.034561,239.211914,222.871735,96.788086
250.351379,239.350296,222.829666,96.649712
250.492706,239.540421,222.879623,96.459587
250.637268,239.548248,222.867798,96.451744
250.741211,239.592529,222.928986,96.407471
250.853897,239.637802,222.881424,96.362198
250.993744,239.709885,222.888519,96.290115
251.245712,239.828186,222.883362,96.171822
251.372299,240.001984,222.907135,95.998024
251.548523,240.007095,222.889053,95.964798
251.833298,240.057510,222.883118,95.934341
251.955124,240.108276,222.918564,95.891731
252.098129,240.179840,222.902222,95.820160
252.266083,240.368240,222.861389,95.631767
252.621094,240.641891,222.857040,95.358109
252.744736,240.775879,222.885559,95.224121
252.820251,240.914429,222.895096,95.085564
253.442413,241.305725,222.648453,94.694283
253.673553,241.492569,222.938034,94.507431
253.905212,241.923172,222.829803,94.076836
254.095596,242.176010,222.860855,93.823990
254.170883,242.338882,222.914490,93.661110
254.494080,242.503143,222.667953,93.496864
254.709106,242.528198,222.871521,93.448784
254.821793,242.603882,222.856583,93.396126
254.882950,242.657928,222.893433,93.342079
254.977005,242.740601,222.873657,93.259407
255.038971,242.865189,222.886581,93.134811
255.102020,243.058044,222.881210,92.941956
255.156235,243.088242,222.889923,92.911766
255.231583,243.141525,222.876465,92.858482
255.288177,243.214691,222.890015,92.785309
255.338242,243.328384,222.889862,92.671623
255.392120,243.490082,222.886185,92.509918
255.443832,243.735382,222.889877,92.264618
255.499817,243.849991,222.884720,92.150009
255.555832,244.027023,222.887772,91.972977
255.606735,244.040787,222.889877,91.959213
255.686935,244.074966,222.878418,91.925041
255.750305,244.120621,222.884888,91.879379
255.808365,244.181732,222.888077,91.818275
255.864609,244.283310,222.885864,91.716690
255.934006,244.434341,222.880249,91.565659
256.014618,244.651062,222.875244,91.348930
256.107208,244.779617,222.867905,91.220375
256.168030,244.919693,222.889877,91.080315
256.286713,245.118240,222.853073,90.881760
256.408966,245.178452,222.862335,90.821556
256.500549,245.261261,222.871948,90.738739
256.559357,245.392136,222.889877,90.607864
256.652222,245.587585,222.874771,90.412415
256.737122,245.649765,222.886108,90.350235
256.824066,245.720490,222.868988,90.279518
256.904297,245.831650,222.879974,90.168343
257.006561,245.989883,222.865143,90.010124
257.084534,246.235367,222.882675,89.764633
257.357819,246.331223,222.812698,89.668770
257.522278,246.486191,222.862198,89.513817
257.621033,246.728989,222.875793,89.271011
257.779663,246.841614,222.851471,89.158379
257.981903,247.001602,222.832230,88.998405
258.263580,246.975342,222.775085,89.001671
258.410339,247.212708,222.862076,88.787285
258.582031,247.300522,222.818222,88.699478
258.696533,247.443512,222.874084,88.556480
258.780579,247.649933,222.867462,88.350075
259.101532,247.677979,222.752991,88.322021
259.768250,247.664429,222.695877,88.335571
259.917206,247.735611,222.890579,88.264381
260.055420,247.848160,222.877899,88.151833
260.027832,247.961761,223.077972,88.038231
261.235443,248.183121,222.979309,87.816879
261.587067,248.234039,222.794449,87.765961
262.768585,248.340973,220.915283,87.659027
263.374573,248.406250,221.178772,87.593750
263.739166,248.590820,221.336456,87.409180
264.075134,248.595886,221.439972,87.404114
264.123749,248.494019,221.314972,87.505989
264.420288,248.731628,221.371567,87.268379
264.579315,248.775513,221.279648,87.224495
264.881073,248.660629,221.501389,87.339378
265.246429,248.735260,221.897079,87.264740
265.841553,247.889587,222.469498,88.110413
266.096191,247.842773,222.120117,88.157234
266.509949,247.980392,222.400177,88.019615
267.579224,247.877365,221.734299,88.122635
266.984253,246.610229,222.938599,89.389771
267.200562,246.421158,222.861877,89.578850
267.302704,243.122971,225.467361,92.877029
267.319855,243.165863,225.404846,92.834145
267.343140,243.142670,225.492905,92.857338
264.502228,240.310272,228.128128,95.689728
264.792542,237.993439,227.872009,97.865288
264.697083,237.992188,228.006424,97.999725
265.272705,237.960342,228.600983,98.039650
266.183411,235.373962,225.614166,100.626030
266.311920,235.560181,225.902725,100.439827
263.416992,233.991928,229.646729,101.923721
263.330780,233.885361,229.927002,102.033417
263.402863,233.959396,229.876251,102.040611
263.459808,233.717300,229.885056,102.282700
263.591248,233.742477,229.829559,102.257530
263.682495,233.774353,229.880539,102.225647
263.669128,233.905518,229.892838,102.094482
263.528198,234.070847,229.900375,101.929153
263.482574,234.006104,229.922302,101.993889
263.183197,233.464096,229.719528,102.535904
263.122223,233.585052,229.934982,102.414940
262.875641,233.500000,229.955460,102.500000
262.735077,233.692703,229.935669,102.307297
262.667786,233.784042,229.907181,102.215958
262.508270,233.891296,229.938416,102.108696
262.273010,234.039551,230.002533,101.960449
262.187164,233.983765,230.497223,101.993980
261.815460,233.826767,230.604279,102.121117
261.897156,234.005341,230.908249,101.994652
261.813629,233.983337,230.926956,101.973015
261.646851,233.958740,230.943344,101.984833
261.646729,233.967606,230.885620,101.953674
261.412231,233.918671,230.972488,102.027969
261.274048,234.020950,230.941223,101.979050
261.278442,234.032104,230.888367,101.954750
261.224243,234.012238,230.927460,101.987762
261.241821,234.013382,230.890213,101.962791
261.230652,234.028183,230.901138,101.956886
261.206238,234.031860,230.912689,101.968147
261.148560,234.007568,230.930374,101.990837
261.152527,234.006516,230.896210,101.963890
261.126190,234.022842,230.903656,101.954865
261.154755,234.034348,230.888809,101.965652
261.151489,234.048981,230.900299,101.951019
261.086914,234.005951,230.931549,101.994057
261.061005,233.998016,230.907394,101.966423
261.060699,234.006561,230.899033,101.963730
261.011719,233.987656,230.921997,101.985565
260.931091,233.948746,230.915619,101.991463
260.850311,233.915802,230.921188,101.981842
260.758667,233.850296,230.938904,102.029564
260.747253,234.085907,230.894333,101.914093
260.314636,233.911972,231.204330,102.088036
259.572327,233.756836,232.139130,102.243164
259.485016,233.774338,232.532623,102.225662
256.336884,233.541519,234.744186,102.458473
256.358765,233.511261,234.960068,102.488731
256.242096,233.486786,234.923676,102.466385
255.748367,233.413483,235.181839,102.484528
255.618256,233.244629,235.468216,102.587143
255.561432,233.421646,235.418243,102.578362
254.629379,233.271072,235.767014,102.728928
254.375229,232.681458,236.158035,103.318542
254.012695,232.666245,236.539948,103.333763
253.695709,231.837997,237.368683,104.162003
253.713043,231.953873,237.386963,104.046135
253.539963,231.892014,237.407486,104.107994
251.344681,229.410507,236.718170,106.589485
249.216812,228.614197,237.256912,107.385811
248.388306,227.759613,237.236481,108.240379
244.856583,223.840240,240.851410,112.159752
241.139557,222.413162,239.383667,113.586838
240.620239,222.548447,239.495956,113.451553
235.794693,220.310410,241.403122,115.689583
234.985840,220.309753,241.968323,115.690247
234.095947,220.300949,242.144608,115.699051
231.656631,220.276047,242.937683,115.723953
223.906326,217.909348,243.145844,118.090660
223.338684,218.008667,243.833939,117.991333
222.542740,217.661636,245.244675,118.288651
221.111954,217.414398,245.520493,118.585594
219.899567,216.977859,246.522980,119.022148
214.478760,214.785950,248.341782,121.031097
213.663574,214.703140,247.794495,121.296852
212.839096,214.649399,248.183670,121.350609
212.101471,214.527878,248.707642,121.472115
210.590546,214.248840,249.258530,121.751152
210.354416,214.329544,249.462402,121.670464
205.990219,213.338028,251.890945,122.615097
205.666397,213.423904,251.885345,122.576088
204.249130,213.121490,252.289337,122.878517
196.574066,211.110992,254.889160,124.024025
196.419220,211.253189,254.837799,124.481255
196.299118,211.173294,254.869507,124.493118
196.257339,211.072769,254.912369,124.532684
195.401062,211.374329,255.235947,124.625664
193.757339,211.387161,255.879242,124.612839
193.295425,211.351761,256.228485,124.648232
192.554703,211.404922,256.072571,124.595078
192.581451,211.583420,256.417511,124.416580
192.406876,211.586655,256.514709,124.413345
192.445526,211.499359,256.950592,124.500641
192.442596,211.739746,256.871460,124.260246
192.500854,211.859970,256.873077,124.140030
192.482727,212.011810,256.870392,123.988197
192.536957,212.006393,256.866150,123.946632
192.593597,212.022461,256.866547,123.946617
192.644867,212.025330,256.858704,123.946693
192.702072,212.033325,256.861786,123.946671
192.765182,212.060333,256.873077,123.939674
192.822632,212.090836,256.873077,123.909164
192.873810,212.120590,256.863556,123.879410
192.936035,212.181229,256.873077,123.818771
192.989838,212.262878,256.867554,123.737114
193.049225,212.392563,256.871857,123.607430
193.050812,212.569992,256.957642,123.430016
192.943146,212.568298,256.997223,123.431702
192.938522,212.602783,256.873077,123.397217
192.992325,212.645660,256.875183,123.354340
193.024475,212.710938,256.909851,123.289062
193.058243,212.809509,256.873596,123.190498
193.111938,212.955688,256.867798,123.044312
193.171204,213.181763,256.871826,122.818237
192.993256,213.187500,257.227875,122.812508
193.122437,213.279404,257.371521,122.720604
193.176712,213.397263,257.362640,122.602745
193.229065,213.581085,257.376343,122.418922
193.306503,213.615372,257.386963,122.384621
193.225052,213.350098,257.539520,122.637039
193.459320,213.407639,257.882721,122.592361
193.610886,213.574936,257.926758,122.425072
193.641495,213.612732,257.872589,122.387268
193.690811,213.637711,257.881195,122.362297
191.634979,213.170746,261.457397,122.829247
191.650162,213.256470,261.370880,122.743530
191.708618,213.385040,261.370880,122.614960
191.752029,213.576569,261.393219,122.423439
191.799301,213.615189,261.370880,122.384819
191.843994,213.671890,261.391327,122.328110
191.828781,213.754272,261.453674,122.245728
191.903351,213.882660,261.394562,122.117348
191.939011,214.073349,261.387115,121.926651
190.906708,213.861176,265.326447,122.138824
190.936584,214.043304,265.563995,121.956696
191.174255,214.064285,265.881683,121.935707
190.817490,213.972061,266.963654,122.027939
190.848083,214.207977,266.877289,121.792030
190.913589,214.311890,266.873383,121.688110
195.566132,214.835556,265.869232,121.164444
195.625305,215.003662,265.868652,120.996330
195.670975,215.007050,265.881256,120.954041
197.844376,214.301697,267.846649,121.698303
200.590225,214.801376,265.258759,121.198624
200.704651,214.952408,265.368896,121.047600
200.323959,215.287750,267.402283,120.712250
201.975693,215.724335,266.776581,120.275665
202.132614,215.835770,266.876434,120.164238
202.845673,216.515396,269.841827,119.484612
206.808182,217.750870,265.039459,118.249130
207.033936,217.881088,265.365479,118.118919
207.337524,218.694839,265.481842,117.305168
209.869690,221.088287,263.941284,114.911720
209.888824,221.137909,263.875671,114.862091
209.899521,221.411484,263.874664,114.588524
210.602448,221.755203,263.010620,114.244797
210.840973,221.883133,263.369873,114.116875
211.673492,224.059402,263.199402,111.940590
215.342712,225.348495,261.796143,110.651505
215.438507,225.523056,261.870636,110.476952
218.352142,226.198685,261.999786,109.801308
225.207001,226.611359,252.616791,109.388641
225.392700,226.667343,252.875061,109.332664
228.958191,226.228226,253.314926,109.693016
235.348251,224.838577,243.327255,111.161423
