1
122.886154,16.833321,47.014332,36.028206
123.689018,16.968678,47.254822,36.593513
124.639389,16.071209,47.244080,36.773277
124.191681,14.029222,47.732208,36.321869
121.099434,13.395550,50.942986,35.350674
120.701721,13.380486,50.984699,35.445374
126.382439,11.824827,48.378227,36.281345
126.346184,11.258680,47.444725,36.652267
122.637405,11.882170,47.448689,36.877243
118.280693,10.374181,48.932644,35.588451
118.444298,10.272083,48.916195,35.888420
118.121651,9.388607,47.989433,35.999584
116.846092,8.746918,47.016052,35.926025
117.005302,8.302308,47.102242,35.828651
116.815926,7.151481,47.746765,35.786831
117.137634,6.343514,47.852886,35.701572
117.121422,5.683236,47.341682,35.931679
117.902763,4.989892,46.858852,35.542404
115.565102,3.593041,46.785641,35.387730
115.419449,3.508200,46.857967,35.431690
115.777824,2.632246,45.976341,35.323517
115.584007,2.716995,45.001068,35.482212
115.187225,2.406223,44.528950,34.950302
117.153908,2.864704,45.211636,33.648476
122.176697,3.677928,44.809677,33.329887
2
0
0
0
0
1
137.871429,46.028408,24.361755,35.078835
139.520630,46.258038,25.234697,35.121700
137.982864,44.913097,25.593479,35.615486
137.702942,44.413021,26.320553,35.841537
137.706116,44.232296,26.711264,35.808441
137.087112,43.747643,27.169807,35.974613
135.842728,43.789257,28.760229,36.030323
135.981506,44.688763,31.374649,35.690292
136.570694,45.452820,32.472778,35.420269
2
0
0
0
0
1
112.111923,62.318169,15.970057,29.376980
110.781822,61.919048,15.879187,29.321686
110.209923,61.375534,15.965460,29.578445
109.370644,61.074814,15.914752,29.813665
109.094376,61.495647,16.015661,29.734760
108.125244,61.493023,16.544081,29.944752
104.906349,61.479404,17.333941,29.716146
103.098831,61.363564,17.850405,29.840382
100.350266,63.949570,17.887377,29.635340
99.496063,65.444885,18.022305,29.385708
98.859421,65.997475,18.457258,29.332193
97.021461,67.208267,18.837517,29.018064
96.802521,67.435127,19.031490,29.321894
96.076859,66.960037,19.342863,29.520290
94.997948,66.604019,19.365211,30.187578
94.317581,66.812073,20.601398,30.165972
94.210945,66.982468,21.297129,30.427130
93.663635,67.287788,22.078552,29.888630
93.262459,67.496216,22.717171,29.191319
92.655869,67.761230,23.346504,28.847055
92.291145,67.499420,23.480871,29.283472
92.480652,67.978111,23.583979,29.253252
92.763489,68.175468,23.953320,29.533554
92.817368,68.466568,23.976408,29.978027
92.755844,68.477371,24.009237,29.964745
92.760223,68.437744,24.573124,29.907301
91.956635,67.803818,25.344845,29.796280
91.983139,67.615959,26.180597,30.018990
92.504822,67.602959,26.813269,30.484089
94.693977,68.824745,26.940672,30.620737
96.358330,69.319054,27.808550,29.163525
96.304749,68.649986,28.774315,28.866203
98.812805,68.983551,29.327848,28.540466
103.910919,69.698463,29.338186,28.673759
103.952766,69.395615,29.520510,28.908440
106.084732,68.602348,29.742760,29.181873
107.035461,67.991722,29.873737,29.691809
107.386147,68.094589,30.034323,29.920437
107.786667,67.906837,30.348099,30.006622
108.497765,68.495506,30.629742,30.433662
109.033928,68.408829,31.049589,30.461355
109.289070,67.157715,31.493593,30.514696
109.624939,67.194572,31.485270,30.955978
109.122078,65.715874,31.583584,30.908003
108.696518,65.341301,31.854900,31.015196
108.663528,65.404182,31.942152,31.630430
109.100182,63.934742,32.380665,31.678335
109.044884,64.146622,32.788990,31.962261
108.122742,64.381889,35.611736,35.009010
106.941010,64.285118,37.890488,34.949562
105.289818,64.428551,42.236538,35.776192
102.902855,65.029167,45.163483,35.687660
100.347870,65.454102,50.332710,35.581551
99.061790,65.939743,55.920238,35.979828
98.200554,65.803764,60.488251,36.306026
98.398918,65.950714,61.303486,36.445328
98.560890,66.160217,64.090065,37.432549
100.645409,67.491913,65.248894,36.932102
102.661629,66.981804,65.577713,37.154106
104.786179,67.282166,66.021507,37.576241
111.688522,66.574303,67.142998,38.016506
112.800774,66.839195,67.449951,38.724068
115.395004,68.251297,71.592003,38.623562
117.653076,69.424744,73.875191,38.464966
117.922371,69.446274,73.866295,38.483288
119.859634,69.420944,73.777245,38.216461
120.449738,69.603828,74.027603,38.459709
122.999756,69.854416,74.288910,39.372078
124.936584,70.593765,75.345276,39.408775
127.438164,71.277023,76.727959,40.033253
128.728577,72.364960,79.828911,39.850990
129.500961,72.619553,80.143311,39.797894
131.184387,73.354004,81.213234,40.545727
135.354538,74.179703,80.428398,41.729031
135.694794,74.362411,80.623024,41.835125
137.210739,74.998253,83.805870,40.682884
139.150833,75.968910,84.699562,41.242756
142.323608,78.395119,85.626549,40.892700
146.533005,81.656128,89.406685,40.461872
147.751938,82.425514,89.628540,39.961926
150.172318,82.948631,90.787498,39.183548
155.527161,83.942276,90.828529,39.305325
158.039719,84.645340,89.768349,39.290047
159.008667,84.753021,89.659439,39.395248
161.385635,85.101440,90.032837,39.257591
168.334015,84.621300,89.914543,39.138515
171.755402,84.364929,90.085144,39.311100
174.130646,83.526115,90.717140,38.632202
179.038010,83.373619,91.273804,38.654613
182.123383,82.148529,90.446793,39.293457
188.467529,81.775360,89.489166,39.166931
193.415833,80.896645,88.518112,38.662006
198.243973,79.726242,86.454018,38.912170
201.061661,79.437225,84.633560,38.367237
205.696579,78.444084,84.063004,37.713680
209.290039,77.372925,81.338631,38.790558
209.593552,77.479752,81.253334,38.977287
213.472946,76.305412,80.699646,38.716431
216.381439,74.536835,78.733475,39.669209
226.602127,73.504028,75.911278,40.002995
226.641937,73.750404,75.958672,40.483658
232.263031,72.604301,72.202682,42.021301
233.390305,72.378250,71.858192,42.608902
237.435440,71.984550,72.088371,42.938789
239.398788,71.049736,72.362617,41.855019
240.701981,70.797836,72.406441,42.043312
241.625137,70.904099,72.246628,42.344318
243.727310,70.378387,70.975609,42.854439
244.323837,69.660538,70.124763,43.411709
244.829453,68.968658,71.013565,43.250153
246.255814,67.405548,71.732254,43.789410
241.631851,67.785072,75.138939,42.868210
242.348343,67.602158,75.538383,42.818439
245.701096,65.686905,75.083961,43.260071
248.147141,65.317650,75.916740,43.094898
246.570709,65.797813,75.756660,42.612537
247.420822,64.611382,74.797142,43.022434
248.121140,63.240910,74.174904,43.606640
255.653931,57.165607,71.693466,44.477131
256.603241,55.586250,70.652626,44.732498
257.018036,54.692459,70.419655,44.665985
257.093567,53.556343,70.017670,45.236149
256.158264,53.399479,69.700996,45.351189
256.156097,52.585983,69.856781,45.338840
252.325058,52.393093,70.334000,44.497303
248.529343,51.691780,70.387756,44.059971
243.661072,49.692558,72.642273,44.282463
240.556396,48.698277,73.844467,44.484390
235.977158,47.628777,74.878242,44.128624
232.797836,47.604053,76.310654,43.634884
225.270981,48.279339,77.330826,43.363277
223.036209,48.489731,77.992195,42.560097
221.629852,48.769051,78.220810,42.785889
218.914001,49.157490,78.912132,42.360920
216.723572,49.332748,79.312149,42.391579
210.943939,48.285667,81.063370,41.578510
205.616638,47.870338,82.210442,41.639885
196.795013,48.733067,82.105751,41.824825
191.795990,49.366066,81.380974,41.143562
187.531342,49.694592,81.550629,40.940239
182.079773,49.102127,80.956238,40.462742
176.007889,50.381538,80.199554,39.366196
170.033524,51.865753,80.991226,38.542576
164.804688,52.706261,79.360725,39.039452
159.054092,54.289875,80.497856,39.359589
158.060043,54.440544,80.189636,39.380543
156.203278,55.146500,79.312683,39.608841
153.346161,55.209900,78.624870,40.195019
151.954315,55.891171,78.427406,40.194656
150.148209,56.066795,78.804489,40.153286
148.879395,56.039520,79.469284,40.070442
146.124878,56.386574,79.553711,40.281635
142.484604,56.519310,80.024719,40.400829
139.229614,56.325813,80.328743,40.349483
132.963745,61.081089,83.784843,38.856335
132.430252,61.251705,83.831749,38.975925
128.642502,61.529659,85.052002,38.731937
128.040497,61.818817,85.625381,38.930046
122.948677,62.811234,87.114365,38.801315
123.198921,62.940460,87.445564,38.967392
125.977036,62.994770,87.390366,38.754509
127.273865,63.092384,87.224792,38.768852
139.137100,61.477554,87.022964,38.504215
140.454834,60.548824,86.842712,39.252590
140.773788,60.742138,86.748222,39.535118
141.079391,60.987453,86.884407,40.012238
141.200195,61.559971,86.631699,40.535252
142.648926,61.851612,86.327446,41.513802
2
0
0
0
0
1
79.528122,83.871445,42.184387,39.689426
76.827423,85.174194,42.723553,39.839909
74.846092,85.284416,42.804958,39.620110
71.801285,86.039513,42.048214,39.782227
71.490356,86.146339,41.906277,39.619617
70.133171,86.626961,41.120068,39.767227
67.435188,89.275795,40.290119,40.024502
64.542290,90.884689,39.906712,40.169575
63.800358,91.675964,39.105606,40.185406
62.449814,92.808136,37.742226,40.252186
59.534607,92.735687,37.643272,40.001465
58.155670,93.990288,37.182381,41.260082
56.733608,94.988091,37.015472,41.403461
55.762482,96.504097,37.178970,41.787510
55.526096,96.859444,37.084717,42.380268
53.799652,97.114586,37.069672,42.727451
54.006817,97.828682,37.151115,43.418354
54.185631,98.131622,37.453682,43.543716
54.076370,100.501274,37.334213,44.129864
54.094173,101.191360,37.433338,44.438160
53.603596,102.792198,38.275513,44.158699
53.962643,105.133301,38.682201,44.240360
54.126434,105.267159,38.978992,44.481510
54.131584,105.372452,38.961617,44.471031
55.077244,105.785866,38.967819,44.423363
56.354389,106.223999,39.105270,44.283573
57.292366,107.503830,39.712605,44.049702
58.754002,107.583160,40.252987,44.339466
60.864338,107.508881,40.556393,43.953270
62.534908,108.713554,41.205334,43.474190
63.041622,108.946426,41.446560,43.263756
61.716805,109.397224,41.228794,43.206367
61.309338,109.914886,41.343021,43.391766
63.761463,110.202896,41.116043,43.557434
2
0
0
0
0
1
42.890701,118.339218,23.019674,39.300915
42.799789,117.535332,23.689711,39.503407
42.945637,117.766548,23.988863,39.967041
42.965874,116.886765,26.580702,38.224049
42.550014,115.714905,27.608112,38.890469
42.547924,111.764984,28.877817,41.426537
42.664383,108.997276,29.016129,42.580158
42.184875,108.829681,30.665953,42.374130
41.678131,108.361008,32.113369,41.854431
44.604973,105.530441,33.728283,42.228336
44.524807,105.777802,34.345558,42.068722
44.568634,106.037407,34.884274,42.392376
45.262486,104.708649,35.982178,41.411808
46.028366,103.680878,36.386745,41.465008
48.265331,101.609375,36.661373,42.277172
48.879997,100.705696,37.830727,42.511486
50.374924,99.756424,39.524292,42.664516
52.216038,98.196709,43.966263,42.527729
51.382233,97.217682,46.461926,43.372723
50.918583,95.609245,47.369240,45.177944
50.197132,94.794655,51.066658,44.957718
51.366440,94.507820,56.720505,45.275959
51.496841,94.663300,57.430458,45.660587
53.824978,94.706245,60.248169,46.258282
55.517941,93.431541,66.120552,45.110943
55.619228,93.677963,67.058487,45.259720
55.664360,93.540443,73.016571,44.366150
58.138012,93.504791,73.708122,44.186836
60.377865,93.104317,74.948967,44.231926
64.735764,93.014290,78.617371,44.274281
69.670418,91.731445,80.281555,44.990864
72.934654,91.450409,81.771965,44.890629
74.415215,91.028984,82.848930,44.677387
78.497643,91.035774,84.281105,44.433582
80.273232,90.690666,85.219948,44.469818
83.549026,90.304916,86.303642,43.933575
89.633980,90.603897,86.587486,43.193150
89.935638,90.749557,87.065811,43.495438
96.729256,89.579460,87.052460,43.575729
100.314316,89.798576,86.572662,43.705151
100.637001,89.996162,87.032143,43.940144
103.957764,90.354523,87.568237,43.383987
108.785927,90.800064,90.232918,42.240643
113.950294,92.613983,91.861343,40.776363
117.261787,91.278542,90.415474,40.856319
124.392921,90.057434,88.714874,40.741600
131.231140,88.797546,85.918869,40.997143
136.014587,87.470123,83.051697,40.625053
139.818130,87.247215,81.266708,40.335346
146.046906,86.033157,79.480179,40.468628
146.721939,85.044106,78.815277,39.586712
148.568207,85.863808,79.156021,38.896042
151.260345,85.746910,79.421890,38.143620
152.684906,86.171806,78.621307,37.892490
159.491058,88.780869,78.422501,36.868309
162.815353,87.348259,77.135460,36.379787
163.258240,86.947762,76.912086,36.381104
163.446091,87.116943,76.621353,36.473351
164.611252,87.109222,76.693932,36.606339
164.672607,87.209991,76.768654,36.992832
165.266998,86.954041,76.533684,37.102734
166.993912,84.673149,74.800598,38.889580
167.215302,84.750603,74.800011,38.764076
168.115631,84.630081,74.290070,38.821144
168.219040,84.719582,74.463066,38.983170
168.437775,84.819557,74.060066,38.452972
168.414185,84.819038,74.567589,38.376556
168.541626,84.760452,74.635048,38.416115
168.058701,84.644722,74.613976,38.369793
167.925537,84.330650,75.004929,38.346966
166.211105,82.600967,75.923073,39.799759
164.788300,82.514557,76.627983,39.352684
162.588486,82.278717,78.767967,39.040775
158.213501,82.457932,81.204872,39.320591
157.698654,82.622589,81.732132,38.908569
154.432846,82.964310,83.990402,38.171337
151.492233,83.274857,85.005531,37.639374
148.720169,83.930580,86.235878,36.462070
146.877502,83.909424,87.618431,35.841125
143.191711,84.233238,89.155304,35.224709
137.406281,84.898705,91.563362,34.580200
135.262787,85.291084,92.074081,34.793472
133.041504,85.681030,92.882141,34.988831
129.739487,86.025475,93.512260,34.306709
122.268013,86.366936,96.424812,34.413010
117.813049,86.244720,96.068085,33.744648
116.927834,86.398460,96.096771,33.809170
112.960320,86.490532,96.726440,33.561756
112.179649,86.960175,96.152565,33.738773
111.826942,87.175583,95.783150,33.603802
109.616226,87.294022,95.984795,33.787769
107.646942,87.326920,95.642357,33.827213
102.616646,87.083549,94.453751,34.245056
97.864960,87.164986,94.836159,34.211990
94.205307,86.940132,94.151062,34.438797
94.129150,87.019341,93.855186,34.476128
90.793564,86.840744,93.630524,34.512432
89.037613,87.121780,93.145981,34.886707
87.097458,87.131264,92.310806,35.052963
83.925446,87.045219,90.589104,35.788101
79.697403,87.072250,88.879890,36.017689
79.658241,87.309517,87.915894,36.465965
79.028503,87.207260,85.514130,36.612179
79.171783,87.220909,84.222076,37.090881
79.224136,87.404404,82.957733,37.425606
79.275040,87.512329,80.437897,37.474903
78.802139,87.419624,80.002472,37.588417
78.558083,87.583626,80.329651,37.966164
73.081192,86.988556,79.330711,38.216751
72.965111,87.105423,79.359467,38.488041
73.038963,87.119835,79.440842,38.463493
73.074059,87.141556,79.443787,38.468349
71.885002,87.162354,79.019943,38.264164
72.472992,87.002373,78.641029,38.339233
72.209373,86.657822,77.838387,38.523178
72.385147,86.824501,77.137291,38.966988
72.610451,86.688080,77.270912,39.040478
72.944687,86.811813,76.982109,39.489384
72.487396,85.529808,74.694748,39.479313
73.509712,85.572983,73.527489,39.923546
73.938408,84.189331,71.392891,40.648144
67.575325,83.533699,69.767754,42.361824
70.918297,84.022583,69.132721,42.410709
70.624687,82.697952,69.096573,42.025688
69.643234,83.413155,68.299210,42.472980
68.986671,81.243675,66.437592,42.357990
61.530449,77.890381,65.468719,42.136932
63.084957,77.303543,65.459595,41.320557
63.830929,77.048164,64.871620,41.480331
64.560516,76.639412,63.678230,41.209465
62.966499,74.015648,62.994072,40.932526
63.329952,72.065697,61.283485,40.867443
64.499519,70.942139,61.268604,40.180992
64.279884,70.133163,64.603378,39.478237
64.244377,67.928963,65.088898,40.658665
64.491684,66.943192,65.656281,40.745937
64.299461,66.146019,65.920799,40.853714
63.717873,66.106827,66.840355,40.587524
64.055779,64.484688,68.271866,39.991463
64.732246,64.408386,68.587151,39.884903
65.660255,63.631023,70.590439,39.543861
66.665047,61.182461,72.224396,39.352871
66.537231,59.519184,76.107880,39.304184
68.227013,57.479710,76.296806,40.078220
71.662727,56.517174,77.754875,39.569626
75.622246,55.846420,79.986542,39.995064
86.111336,54.350315,79.990005,39.891273
87.734344,51.851219,79.695129,39.623077
94.606445,50.761726,80.301910,39.170738
100.496498,48.057354,80.091919,39.384377
106.101654,46.695408,79.210457,39.385170
109.717659,45.851154,79.132011,39.336536
115.121788,45.430050,79.057518,39.802650
123.681702,43.733849,78.189247,39.849567
124.423569,43.517273,78.169533,40.227627
126.426979,43.386948,78.016624,40.443413
128.316788,42.018360,78.712189,40.925686
131.474228,40.068024,78.800293,41.006947
132.044235,39.576469,79.206284,41.462830
134.043167,39.612263,80.045250,41.241940
144.192261,36.600189,80.405899,41.827442
153.593292,34.812561,79.760490,41.453190
159.149704,35.147724,77.781013,41.430649
163.115906,34.724171,76.138145,42.446289
163.559601,34.515785,78.350967,40.202858
172.221710,35.838047,77.311958,40.590984
173.402481,36.501717,77.311104,40.429070
175.595749,36.453926,76.826714,40.329075
178.294189,34.975368,77.232635,40.345177
181.276321,35.379875,77.684311,40.374901
187.198990,36.196529,78.525154,40.356266
189.631683,35.874420,78.685158,40.189529
193.391479,34.903534,82.071640,39.602741
200.761246,35.067741,84.806122,38.911415
207.642456,32.407162,81.981430,39.439930
