1
120.601555,17.575367,46.910339,35.336834
120.559189,15.744697,46.680061,35.789513
124.042755,14.915040,46.147636,35.804218
124.370155,12.736411,46.527271,35.810059
124.091919,11.545245,49.322178,35.199245
124.460838,11.587887,49.373421,35.566734
126.970291,10.593498,47.322815,36.232449
126.532196,10.821175,46.437763,37.122532
118.902626,12.277806,46.584492,37.449516
117.537529,10.811137,48.501640,36.311840
117.131737,10.719122,48.778416,36.464718
116.953430,10.059206,48.442001,36.502808
114.357498,9.296616,47.640957,36.952221
114.422462,8.748361,47.958725,36.939949
114.649879,7.323305,48.043480,36.522018
115.593933,6.885389,48.442654,36.918091
116.068550,6.026251,48.239880,36.481689
116.332474,5.467201,47.703629,36.303780
114.577789,4.297331,47.755390,35.922211
115.071762,4.088583,47.763309,35.865707
114.808220,2.861988,46.709732,35.538975
116.023338,2.451332,45.178741,35.966175
116.066795,1.954180,44.476372,35.692284
118.162781,2.135798,44.438747,34.583694
122.803856,4.720477,43.980598,34.341961
2
0
0
0
0
1
139.715103,41.911842,20.832331,37.987305
141.451111,42.237999,21.664921,38.234219
139.929230,42.608337,22.208994,38.236713
138.993011,42.643833,22.774960,38.128265
138.708374,42.917004,23.507572,38.376785
137.539490,42.222614,25.149263,38.212814
135.938736,43.232853,26.443769,38.950481
134.891342,43.877594,28.106640,38.459091
134.532745,43.858345,29.376427,37.883186
134.690338,44.193321,30.567423,37.422867
134.840195,43.972645,31.517818,36.894176
2
0
0
0
0
1
109.844963,63.390297,15.986177,28.393497
109.326645,63.117142,15.998705,27.882244
106.932709,62.928844,16.145927,27.358448
106.379059,63.046360,16.369059,27.677534
103.994064,64.038025,16.886044,27.519381
103.107903,63.315941,17.078472,27.801397
100.658501,64.257240,17.338030,27.540565
99.781670,65.540138,17.503578,27.113131
98.849968,67.192986,17.820427,27.288975
96.947304,68.092384,18.363321,27.042606
96.737343,68.284004,18.467867,27.317305
95.650826,67.920174,18.886316,27.219730
95.083023,67.691605,19.009277,27.375076
94.596428,67.384300,20.285122,27.438919
94.521477,67.907150,20.721661,27.741461
94.030876,67.857529,21.280287,27.697214
93.155075,67.875458,21.870668,27.506565
92.644218,67.729034,22.224081,27.813282
92.702171,67.786476,22.549423,28.013157
93.200562,68.683601,23.047630,28.351852
93.421158,68.818146,23.499094,28.452616
93.504753,69.014183,23.432505,28.509758
93.328461,69.275780,23.458868,28.978325
92.888664,69.238678,23.710228,28.717739
92.411049,69.029518,24.114656,29.176567
93.068764,68.878860,25.493801,29.242804
94.043457,68.180969,26.404490,29.120787
96.252083,68.667305,26.709917,29.459593
99.021301,68.942902,27.776138,28.042631
99.728500,68.119682,28.467669,28.202106
101.836975,68.881523,29.028631,28.106222
106.208954,69.282661,28.983013,28.363422
105.850571,68.290825,28.860035,28.561630
106.452690,68.187096,29.120928,28.943932
108.445923,67.645187,29.052938,30.007198
109.387535,68.017105,29.572887,30.392700
109.613747,68.059090,29.987024,30.483532
109.780891,68.114830,30.045179,30.469868
110.041786,68.092033,30.493660,30.483253
109.981003,67.285233,30.521175,30.434233
110.636627,67.161430,30.959524,30.465553
109.807449,65.561401,31.437130,30.369257
109.310608,65.308937,31.335697,30.499605
109.195511,65.014107,31.416716,30.644100
109.473686,64.933998,31.613197,30.837994
109.536926,65.058098,32.195717,31.044430
108.352890,65.597961,35.809399,32.808834
107.392105,65.498497,37.653210,32.517506
106.770302,66.226280,42.130119,33.181412
104.842590,66.292427,43.363823,33.171322
101.662575,66.488235,48.300537,33.317509
100.235268,66.845551,54.641701,33.682762
100.098251,66.693916,58.001579,34.159035
100.297401,66.850677,58.596516,34.481152
101.454964,66.647995,61.737305,35.129200
103.901154,67.693520,63.705238,35.228161
105.235489,67.425850,63.898842,35.512733
109.385422,67.720627,64.150757,35.951172
113.994141,66.986526,64.506966,36.096832
115.065018,67.162506,64.904175,36.626114
117.651634,68.738762,68.569046,36.597115
119.006996,68.986153,71.056114,36.916550
119.570099,68.981209,71.497078,37.054081
123.212654,69.751869,71.153679,37.075550
123.617699,69.951347,71.527618,37.489929
126.283821,70.448776,71.853546,38.629982
126.992874,70.677620,72.783127,39.163906
129.896835,71.234535,75.766724,39.527687
130.769241,71.694290,76.002609,39.829582
131.300247,71.831985,76.578255,39.950462
132.509674,73.604866,82.207191,40.069016
135.253357,74.556450,83.180870,41.011276
135.752396,74.819412,83.707535,41.314835
137.164932,75.165146,85.432175,40.937279
138.912567,76.272858,86.114014,41.464882
142.589722,78.482155,87.404587,40.897125
145.240295,80.477402,90.046097,41.143963
148.194138,81.836136,89.749672,41.276276
150.151749,82.474403,90.551765,40.927681
155.033142,83.689217,91.673874,40.213932
158.266739,84.442200,90.076126,40.275726
159.452713,84.609146,90.205917,40.430424
163.011780,85.222763,90.798943,39.836632
165.570007,85.191414,90.596725,39.777443
172.808624,84.581688,90.711609,39.427578
176.022308,83.686462,91.078156,38.930840
178.519791,83.487099,91.399635,38.771210
183.176590,81.679398,90.468323,39.127670
187.949219,82.044975,90.412880,39.626354
193.339249,81.241402,89.370232,39.570358
198.162598,80.119698,87.048943,39.900120
202.637924,79.960808,85.360985,38.849365
206.465637,78.596954,84.497849,38.228779
209.763092,77.570473,81.561554,38.661465
210.789169,77.510902,81.103775,38.829468
212.904114,77.244843,80.914108,38.619823
218.819626,75.321579,77.499748,39.860416
225.317886,74.481972,74.811256,40.149933
227.765747,74.231483,74.087395,40.357124
233.465790,72.830116,70.810478,41.499142
234.394119,72.268936,70.242195,41.690800
236.690918,71.872284,70.435593,42.168880
238.945419,71.285713,70.191063,42.244934
241.852570,70.466316,69.686798,43.221642
242.262878,70.656189,70.195953,43.313030
242.937775,70.624573,70.054390,43.612724
244.478760,69.901741,69.728813,44.399277
245.509109,68.955200,69.274559,45.018688
246.175247,68.411865,69.504654,45.648304
246.891296,68.248764,69.877594,46.007324
247.883240,68.118767,70.128334,46.201450
248.922287,65.640366,70.821434,46.055202
251.236679,66.181648,71.766586,45.509235
250.724838,65.973747,71.819229,45.837276
253.097992,62.855499,71.334930,45.964149
255.784164,60.599579,70.561913,46.118252
261.325897,54.722408,69.224808,46.989826
261.464203,54.094875,68.930115,47.106472
261.372192,53.310211,67.670647,47.641174
261.028595,53.162304,67.641068,47.965191
260.300873,52.889496,67.248100,48.285057
259.459045,52.264214,67.178688,48.533466
256.015228,51.906517,68.448914,48.495338
253.409012,51.086346,67.868492,47.965218
248.307678,47.649632,67.738472,48.024414
244.122238,46.527771,69.586945,48.772049
238.646622,46.620312,72.667694,48.498295
232.936996,47.373043,75.386383,46.950722
226.450073,47.388878,76.817619,46.391037
221.964005,48.015976,77.771484,45.106716
220.427917,48.415569,78.236412,45.220470
217.029495,48.871338,78.850441,44.791725
214.356247,49.130863,78.973076,44.919991
209.716919,48.804508,79.435150,43.967682
206.930344,49.652050,79.174545,43.859310
197.389175,51.095531,79.071732,44.055187
192.807816,50.965122,78.722885,43.692364
189.144867,51.833656,78.336555,43.716080
185.060791,52.045200,77.905716,43.002659
178.280182,52.704197,76.321800,43.087482
174.110016,52.897144,75.529793,42.934845
168.637024,52.997749,75.666016,42.796913
163.207550,53.392593,76.336212,42.841125
161.815994,53.507133,76.131378,42.898285
157.965759,53.661018,76.503067,42.786465
151.434967,53.662182,77.165108,42.784874
149.423462,55.478092,77.989708,41.836609
148.852737,55.763573,78.093033,41.695221
146.770599,55.931744,79.265747,41.449375
145.361679,56.143566,79.834824,41.271366
142.674973,56.217972,79.907806,41.453926
138.511261,56.294518,80.431511,41.069878
133.785431,58.384972,82.701431,40.255611
132.682739,58.904186,82.765656,40.427685
129.902939,59.429974,83.517769,40.187962
126.050888,60.227879,84.214539,40.305023
124.053757,60.668430,85.517990,40.316509
125.052269,60.936661,85.965996,40.399441
129.857788,60.853664,85.355881,40.303844
139.751953,60.224888,83.471893,40.010258
146.001404,59.561012,81.501579,40.492912
144.847198,60.429222,81.669884,40.682781
145.013321,60.670486,81.898254,41.043888
145.128433,61.036228,81.907310,41.522762
145.072067,61.700912,81.511086,42.212116
2
0
0
0
0
1
77.185928,82.970177,44.652580,39.015099
77.231987,82.598595,44.419231,39.774090
75.839622,84.028793,44.514469,39.673996
73.108444,85.259727,44.805084,39.706108
70.612297,85.857735,44.009979,39.890617
69.796959,86.604973,44.081364,39.500130
69.398979,87.049149,44.026699,39.789459
66.573921,89.297714,43.180401,40.160221
64.195518,91.070366,42.957859,39.928028
63.090908,91.976128,42.117012,39.673599
62.945568,93.339561,41.448517,39.608093
57.440681,93.916962,40.292110,39.880463
55.721638,95.069221,39.333179,41.207031
55.634216,95.420616,39.280960,41.617893
54.241402,96.540146,39.272579,42.397785
53.481304,96.620880,39.125927,42.761417
52.347565,97.372986,38.967495,43.425163
52.178707,97.403023,38.946281,43.544910
52.432362,98.193161,38.774258,44.219070
52.710045,100.154556,38.794781,44.432693
52.750645,100.794479,38.954464,44.314148
52.434006,101.554405,39.248310,44.226608
52.572884,102.985863,39.536697,44.329632
53.665016,103.850243,40.014378,44.313000
53.891335,104.054031,40.461514,44.468937
55.133591,105.245621,40.927986,43.940300
57.630348,106.622147,40.953030,43.886192
57.507336,108.679451,41.325375,43.598846
57.646118,108.878571,41.545708,43.936306
58.415016,108.817612,42.060802,43.695152
63.708088,108.976318,42.822182,43.378479
64.899323,109.220047,42.706100,43.288853
65.073952,109.461334,42.942657,43.288517
64.422859,109.888992,42.928879,43.335625
64.403824,110.129639,42.863438,43.448956
2
0
0
0
0
1
41.369923,115.933296,24.694710,45.469883
41.378368,115.297279,25.232990,44.623795
41.505985,115.471741,25.488024,44.958485
41.187675,115.270088,28.221392,43.402649
41.210045,114.938065,28.924303,43.217094
41.716797,113.617966,29.909924,43.947636
42.387955,108.981804,30.303869,46.168613
40.930916,108.691742,32.353218,44.994781
41.412964,108.314545,32.783390,44.990742
43.107918,106.997192,33.580341,44.855114
43.002304,107.468826,35.159622,44.212090
44.257416,107.017029,35.967960,44.330143
44.680927,104.214615,36.922264,43.923077
45.680466,103.209038,37.219482,44.140366
46.814098,100.818878,37.734207,44.730186
48.894512,100.313652,38.630989,44.967247
50.536823,99.234680,41.163929,44.401230
52.091934,97.656601,45.493782,44.333408
51.306335,97.045731,47.329201,44.581829
50.883598,95.603111,48.704632,46.633228
50.045227,94.400154,53.538769,46.761459
49.950954,94.017151,57.953365,47.081257
50.642426,94.346329,61.231297,47.421959
51.170811,93.800652,63.223106,47.301640
51.635132,92.594360,68.787880,46.075283
51.746731,92.880188,69.609505,46.225933
52.367081,93.320076,73.923775,45.541164
57.681797,93.927780,75.041969,45.649559
59.290699,93.626740,76.187920,45.804703
60.342911,93.720406,79.796059,45.524757
66.036316,93.409157,81.613434,46.534847
70.955368,92.997261,83.446869,47.237881
73.759651,91.361557,85.191841,46.869869
74.765083,91.018906,86.841011,46.602650
78.145546,90.694725,87.056358,47.211521
83.846817,89.924782,87.616432,46.416561
89.039413,90.003830,86.980179,46.357578
89.648888,89.969276,87.177940,46.522511
93.215736,90.059624,87.485588,46.765110
99.025780,90.536354,86.476219,46.306057
100.834549,90.436218,86.373154,46.621456
106.831291,91.214653,85.991043,46.023376
111.572227,90.132820,85.705978,46.535152
116.268883,90.742386,86.273987,46.129490
120.589745,89.487091,85.519806,45.962059
123.514091,89.195694,85.824165,45.447231
130.059250,87.384979,83.711182,45.453037
135.112152,85.929497,81.752930,45.166645
137.612656,85.749916,80.603317,45.319496
141.401215,84.674858,79.500046,46.040329
144.594986,82.988274,78.523048,46.243977
147.718811,82.757225,78.052971,46.390686
148.884216,81.841660,77.813103,46.118717
151.602600,81.977798,76.732117,46.326141
157.865311,83.799126,76.074547,45.215298
160.179428,83.356506,76.464401,44.368004
161.323593,82.004898,76.212379,43.277069
161.097488,82.635757,76.226357,42.761330
163.614365,83.032433,76.311798,42.655785
163.692352,83.189667,76.455528,42.963085
163.784332,83.095413,76.460922,42.717346
164.258759,82.972946,76.122498,42.974072
164.007675,83.270241,76.302177,41.909294
164.699341,83.752510,75.922615,40.624226
164.965103,83.895264,75.610603,40.922752
165.358643,84.004776,75.585205,39.754181
165.196808,84.124817,75.670670,39.557602
164.564102,84.121246,75.919273,38.993141
164.625259,84.191185,75.840996,38.797451
164.702972,84.292572,75.962471,38.983196
162.432816,83.399727,78.096390,38.749687
162.454300,83.352173,78.621346,38.637966
160.145660,83.353912,81.433014,38.283150
156.955780,82.920609,82.315262,37.972538
155.652374,82.862648,83.187347,37.390705
151.803848,82.631142,85.466476,36.255119
151.335663,82.859917,85.705765,36.130157
147.592773,83.523491,87.120110,34.876278
144.625061,83.238541,89.307030,34.290989
141.775818,83.820564,89.954262,33.780090
137.075928,84.689812,92.471260,33.301552
135.423370,84.909409,92.279388,33.319565
134.027283,85.275558,92.616196,33.242165
128.843796,86.303200,98.027473,33.151363
124.793816,86.407791,100.292633,33.440460
121.311249,86.377701,100.787109,33.378841
116.220963,86.588821,99.074745,32.876240
110.153542,86.631599,99.828186,32.585789
108.344666,87.107018,99.696274,32.596203
105.900673,87.306427,99.114601,32.519234
104.316803,87.409431,98.812759,32.841717
102.229156,87.251801,98.305595,32.851974
98.198769,87.242035,96.942657,32.906952
94.675919,87.196625,96.413780,32.876617
93.636879,87.076347,94.970665,33.071476
93.215591,87.336388,94.539642,33.491287
91.424873,87.109459,94.350594,33.608074
88.855438,87.182640,93.533333,34.097225
85.093506,86.808250,91.936539,34.854252
84.404434,86.865227,91.235901,35.044319
79.289108,86.740631,89.748856,35.563423
79.248039,86.930840,88.705383,35.953224
77.790123,86.904968,86.828224,35.967854
77.697807,86.872910,85.972443,36.046818
75.522346,86.881729,84.877159,36.473858
74.414215,87.366074,81.947968,36.619991
74.446823,87.547935,81.821342,36.994202
74.494926,87.547485,81.833557,36.988174
73.416702,87.303047,81.083885,37.041702
73.580093,87.528519,81.408348,37.480682
73.624016,87.538284,81.459755,37.483841
73.524651,87.524345,81.261360,37.441845
71.746445,87.547554,79.996346,37.367889
71.746613,87.625999,79.730492,37.352814
71.576889,87.211266,79.376015,37.428417
71.935020,87.016975,78.729355,37.438122
72.238831,86.694717,78.376785,37.600624
72.210167,86.794884,77.808510,38.202915
73.778343,86.239365,75.719551,38.528889
73.599434,85.898468,74.274689,39.495419
73.533440,84.987137,72.812073,40.029598
68.560577,83.439934,70.487495,42.071106
72.056915,82.901115,69.325378,42.256104
71.544350,81.565643,68.608597,42.213051
69.270576,80.949890,68.351562,42.431236
67.256355,80.062103,67.346436,42.379837
62.695148,78.960388,65.693306,42.061741
63.235474,79.039673,65.518936,42.228802
63.649845,78.970779,65.774437,42.414627
63.183849,78.186653,63.815689,42.025299
59.724789,75.840065,61.988312,41.699810
60.914761,74.523155,60.250629,41.539291
64.485481,71.994293,58.677700,41.593861
63.595963,68.323372,63.494946,40.145668
63.255123,67.648682,63.809170,40.698498
63.374626,66.704445,64.093582,40.782429
63.531425,66.189941,64.530121,40.795956
62.578957,66.118874,66.519806,40.278965
61.770336,65.294235,70.138802,39.780659
61.813477,65.183434,71.172714,39.775608
63.747501,63.093422,72.055016,39.200409
64.133507,60.758957,76.991776,38.988022
64.425224,59.055527,81.483780,38.431965
66.998047,57.398472,82.362625,38.278271
72.224968,55.691235,86.434898,37.450939
72.940338,55.547390,86.974297,37.537716
80.252174,54.334682,86.612190,37.938305
84.887604,51.532047,85.646233,37.866985
87.350456,51.060966,85.485352,38.101944
94.407043,48.625690,84.939651,38.186203
102.478058,47.354172,82.959183,38.584171
106.875244,46.439682,82.833809,38.980350
112.674118,45.480896,82.985031,39.326035
120.634735,43.923340,81.131355,38.996418
120.995567,43.736977,81.398331,39.081207
122.734093,43.670807,81.118462,39.332996
126.465714,42.110962,80.436020,41.618210
130.938126,41.466965,80.312309,42.433441
132.536972,40.510788,80.474884,43.943672
134.124268,40.337772,80.559921,43.510986
141.313263,38.654228,81.153954,44.772305
146.769424,36.274700,84.129974,43.109360
154.389465,38.448086,82.325661,42.748627
159.834335,37.573986,81.534142,43.321350
161.188126,37.992016,82.208984,41.145798
166.610565,38.111034,82.080978,41.048145
168.872299,38.702663,82.652504,40.455845
177.116623,36.862206,80.567078,40.917599
183.259232,35.092827,81.806961,40.692776
187.437576,35.446358,81.434395,40.953133
188.616623,35.524956,81.144669,40.893402
189.402115,35.410110,81.114784,40.804981
192.444855,35.344860,81.989128,40.421402
204.033936,33.585419,82.056816,39.928520
211.597687,32.128960,79.302475,40.371914
