1
121.661011,17.625246,52.258419,35.847073
125.166008,15.905940,51.873844,35.832775
125.774658,15.742440,50.756599,35.919834
125.679169,14.881971,50.847107,35.775948
123.499962,14.389637,54.207073,34.884995
123.676842,14.169646,54.325062,35.025764
123.721642,14.960050,52.731377,36.104816
122.788940,14.716561,52.623455,36.541462
113.040764,18.531092,53.240742,36.965519
105.980949,21.200556,54.766624,36.714500
106.679070,18.361975,54.348961,38.208954
109.010841,14.697931,52.279636,39.802910
108.112656,12.731438,52.237476,40.483345
111.504677,10.328904,53.165203,39.932018
110.790825,9.441508,53.938221,40.105408
110.336098,9.209585,54.434792,40.401684
110.446724,8.884606,54.463829,40.526772
109.777496,8.469132,53.283688,41.252083
109.676468,8.219359,53.372837,41.668213
109.871834,7.861119,53.438084,42.824783
110.269684,6.944681,52.874222,44.262524
110.654091,7.009128,51.946476,45.117683
111.310059,7.214303,51.348186,45.955132
112.508209,7.613508,50.872784,46.408276
112.747459,8.562522,50.443314,46.861610
113.469460,7.832825,50.012409,47.007225
113.802063,8.384909,49.895363,47.608803
111.861725,8.206098,49.483120,47.982933
117.653816,9.637315,47.681499,48.979210
118.654701,10.350538,47.149300,49.533665
117.616905,10.724321,47.901852,49.909321
117.854492,11.120866,48.312958,50.414501
118.053230,11.334236,48.256016,50.975803
118.256889,12.608875,49.467049,52.146492
117.595482,12.875689,50.346172,52.368145
117.328300,13.378614,51.368408,52.959969
117.387558,13.397978,51.710373,52.956627
118.061607,13.796998,53.027992,53.505234
118.182152,14.957104,55.078484,53.816387
120.006554,16.747013,57.326378,53.714100
122.348930,17.449621,57.720840,56.754353
123.036407,18.725321,58.682579,56.534588
123.818077,19.054922,58.717300,57.286312
124.033340,19.226177,59.018368,57.466011
124.365685,19.325611,59.443008,57.392750
124.400635,20.423716,59.540318,57.331345
124.992485,20.535864,59.876320,57.496166
125.445808,22.413916,60.180805,55.014748
2
0
0
0
0
1
101.886665,67.055969,16.561914,30.771448
100.258316,66.370956,17.056417,30.235079
98.600327,67.392723,17.815586,29.736080
97.294098,67.875519,18.231730,29.378986
96.618179,67.563156,18.496487,29.079407
95.891205,67.325294,18.791481,29.127441
95.889824,67.467354,19.019062,29.463408
94.927483,67.246193,20.346224,29.195259
94.923302,67.431854,20.681170,29.584776
94.669281,67.524475,21.348324,29.536392
94.182755,67.840927,21.826025,29.169291
92.541298,67.347878,22.659748,29.122454
92.597466,67.364151,22.925716,29.741106
93.362762,67.916382,22.949574,29.961313
93.521927,68.431801,22.969950,29.875706
93.504005,68.657425,23.019913,29.876377
93.466820,68.756477,23.511791,29.947914
93.438461,68.744591,24.024035,29.931425
92.524529,68.780304,25.452856,29.681355
92.871834,68.693108,26.381102,29.789118
93.774719,67.864891,27.369999,29.827337
95.377953,67.953529,27.459871,30.004169
96.794052,68.804100,28.214077,28.936190
96.355789,67.877228,29.970354,27.911623
99.972366,68.992493,30.394072,27.772627
103.953400,68.885536,30.341501,27.746849
104.076073,67.933189,30.413519,27.934628
104.980171,67.791092,30.335915,28.080404
106.072998,67.977379,30.057035,28.591608
107.256767,68.255043,30.419693,28.905239
107.563202,68.277237,30.345196,29.068932
108.392067,68.628052,30.581909,29.402182
108.661575,68.538971,30.975388,29.427032
108.289505,67.302559,30.954393,29.296606
109.110092,67.141663,30.723215,29.559446
108.537079,65.373741,30.933840,30.066143
108.158844,65.563690,30.856874,30.496956
108.386673,64.768105,30.856447,31.092398
109.070801,64.643700,31.189619,31.500549
109.012863,64.937111,31.637783,31.966211
107.995148,65.079453,34.635887,34.397644
107.020638,64.972633,37.585468,33.780128
105.897186,65.514114,42.178223,34.206627
104.316483,66.003853,44.853252,34.009369
101.397797,66.447266,49.781956,34.224598
100.527893,66.764992,53.966450,34.544922
99.938148,66.471359,60.369999,34.810940
99.926262,66.546989,60.630829,34.977200
100.284462,66.335297,62.810177,35.378693
102.781013,67.104187,63.712864,35.292141
104.439819,66.960930,64.686935,35.553280
108.653008,67.355614,65.001503,35.743187
113.867737,66.815926,66.200775,36.174187
114.644547,66.992058,66.395851,36.574135
117.611725,68.755966,69.668236,36.962620
119.108727,68.755890,71.571259,37.043961
119.532539,68.979340,71.861732,37.514637
122.378242,69.499794,71.438019,37.834595
123.108574,70.020340,72.467590,37.607071
125.272949,70.316269,73.143066,38.833809
126.028885,70.547714,74.519073,39.200287
128.288330,70.833122,76.429207,39.883263
130.272385,71.779442,77.320320,39.298615
130.666733,71.889046,77.634285,39.388107
133.717072,72.692276,80.521111,39.899502
136.282135,73.939262,81.180199,39.923798
136.827576,74.004303,81.488319,39.913715
137.791519,74.354301,83.813858,39.466602
142.842224,77.538025,84.853897,39.362103
143.693756,78.880447,86.077606,38.955376
148.385895,82.001877,87.536072,38.426262
150.371750,83.307625,88.223228,38.247692
152.467514,83.873001,89.175575,38.102196
157.531097,84.589005,89.548584,38.608952
158.725494,85.107437,89.568451,38.609737
160.194031,85.339699,89.604134,38.958805
162.134003,85.383743,90.259293,38.711529
170.424942,85.564941,90.269417,38.129719
171.704361,85.494720,90.467339,38.298424
174.399780,84.516678,90.548531,37.934673
179.262009,84.118317,92.284828,37.289253
183.310226,82.788925,91.761894,37.431606
188.646988,82.650696,90.000107,37.369411
192.905594,81.101089,89.620277,36.966331
196.785934,80.131798,88.686089,36.882633
202.013306,79.688988,83.866753,36.966480
205.494568,78.672844,82.647934,36.548370
210.151962,77.177025,79.669113,37.419857
211.355026,77.048698,79.054398,37.746784
214.875793,76.346581,78.617554,37.836262
218.592896,74.425758,76.729279,38.264294
225.994019,73.758965,75.284241,38.555073
226.338058,73.842819,75.326523,39.105057
232.917435,72.363670,70.880432,41.847824
234.404617,72.130363,69.815445,42.070137
236.473114,71.925079,70.272491,42.444092
238.809158,71.200905,70.191063,42.244934
241.716309,70.381508,69.686798,43.221642
242.416962,70.520363,69.860870,43.426628
243.330612,70.262360,69.327599,43.687721
244.311203,69.368813,68.469238,44.729866
244.718735,69.341736,68.467033,45.057312
245.094589,68.560768,68.596771,45.888695
245.849167,68.266769,68.854370,46.325069
246.634674,67.730064,68.879913,46.315151
246.801132,66.917068,69.188171,46.365505
247.101685,66.294533,69.548943,46.336952
242.491302,64.798729,69.659676,45.778393
245.861359,61.738556,68.807922,46.084007
252.228989,57.106216,67.988724,46.829350
255.380615,53.380459,66.748985,47.432163
255.997391,51.340618,66.563461,47.401493
256.372894,50.568882,66.900192,47.262432
256.416351,50.388344,66.849091,47.418438
256.517426,50.245735,66.828697,47.395370
255.419113,48.696735,67.669891,46.511036
249.340622,49.064102,70.627869,44.344521
247.348450,49.062737,71.043831,43.718964
242.637741,47.625870,71.659393,43.384285
239.808197,47.318138,72.965492,42.952774
236.640320,47.610798,74.262222,41.983398
231.585754,47.972935,75.996964,41.046001
225.012573,47.511799,77.181686,40.867924
222.093246,48.003868,79.085114,40.107990
218.945007,48.658733,80.042664,40.168640
215.102982,49.555145,81.606827,39.877651
211.128067,49.489311,81.581993,39.798813
207.287766,49.493633,82.593880,39.239376
203.230118,50.839352,84.056313,38.905708
197.137924,50.820911,83.513268,39.106525
191.719772,51.006134,82.490105,39.191345
188.074799,50.894176,81.363869,39.491604
183.346344,50.208054,80.739700,38.918018
176.220596,51.437138,79.726913,38.577332
169.208282,52.557899,80.637054,38.031414
165.046875,52.779739,79.298683,38.630589
159.728577,53.989155,80.215462,38.782314
157.832932,54.310635,79.987656,38.830410
156.246643,54.862030,79.021240,39.110107
152.355835,55.051849,78.462906,39.740345
151.316940,55.493656,78.308716,39.795059
151.057693,55.660400,78.446877,39.886669
150.123047,55.543251,78.790916,39.730556
146.753189,55.616985,79.142723,39.792671
142.498108,55.982224,80.008331,39.599907
136.725281,56.015118,80.829193,39.532623
133.788666,59.975731,82.670425,38.463882
133.391815,60.372322,82.859108,38.548717
130.802673,60.738945,83.689941,38.851547
127.764069,61.218376,84.140953,38.839020
124.499771,61.757160,86.482437,38.713257
125.496552,61.743214,86.294525,38.904491
130.651398,61.459805,85.824265,38.823532
146.070496,59.906605,84.707336,38.440315
146.999542,60.244061,83.994911,38.503502
143.522354,61.272301,83.373322,39.185822
143.959518,61.299259,83.294090,39.566383
144.281769,61.625114,83.264221,40.017677
143.697174,62.670952,82.685478,40.745407
2
0
0
0
0
1
78.868484,82.199837,45.446861,34.902718
76.889297,83.402565,45.072132,34.835567
75.658234,85.566437,45.865952,34.499527
73.919640,86.067131,45.454514,34.499329
71.736755,87.266663,44.264545,34.236389
71.143463,87.507767,43.694473,34.398926
70.433266,87.792847,42.964336,34.799919
67.950897,90.914589,41.663849,35.860462
67.251915,93.137718,40.688354,35.893661
63.578510,94.791901,40.091782,36.368832
63.923725,94.817932,39.313725,36.758793
59.805359,94.621780,38.317955,36.826797
58.166561,95.273659,37.420395,38.018169
57.573898,95.877380,37.040623,38.485722
55.839699,97.832184,36.787022,39.119625
55.132847,98.674469,36.565159,39.840797
53.878391,99.335838,36.661236,40.206596
54.072960,99.573715,36.959862,40.527359
54.093071,99.849449,36.967957,40.996506
54.169048,101.603737,36.895405,41.243702
54.244690,102.109024,36.901718,41.542641
53.984161,102.924255,37.445683,42.072815
54.259689,105.110077,37.670013,42.448895
54.488243,105.644081,37.986809,42.525597
54.467602,106.132896,37.941601,42.985931
54.960941,106.821381,38.072697,42.914387
57.116768,107.271652,38.458805,42.899693
58.313557,109.435822,39.001911,42.247879
60.270813,109.300011,39.857178,42.375301
60.417538,109.363907,39.993855,42.426090
63.739513,109.167992,40.056202,42.113644
65.398735,109.427383,40.166252,42.276108
65.516563,109.595627,40.393749,42.391052
2
0
0
0
0
1
42.564980,116.028435,20.447842,40.168747
42.605549,116.293320,20.484747,40.301895
42.735874,116.469040,20.749454,38.878510
43.110909,116.922539,21.500383,37.786572
43.195286,117.009903,22.073746,37.960545
42.418953,116.123055,24.566572,37.605595
42.039989,114.567360,26.255047,38.345470
42.307705,112.759865,27.853148,39.326797
42.525024,109.511536,28.398788,40.685734
41.990452,108.740189,29.849512,40.489838
41.800049,108.833374,31.184502,40.400249
44.022324,106.560120,32.379478,40.611500
44.379364,107.156067,32.913311,40.512150
46.273273,107.760452,33.854546,40.647732
46.825115,105.299736,34.728405,40.748150
47.294552,104.520279,35.336178,41.179569
48.399509,102.424805,36.125179,41.870674
48.786427,101.358002,37.344547,41.963001
50.017857,100.108727,39.409771,41.639946
51.298477,98.140221,43.483902,41.419922
50.839699,96.921478,46.569420,41.912441
50.959133,95.656296,47.387268,43.334206
50.227146,95.838211,50.676025,43.157883
52.590622,95.159592,54.874638,44.116566
54.019310,95.485283,57.041172,44.505402
55.497757,94.230499,59.761158,44.942474
56.539593,93.315262,64.534164,43.717495
56.847935,93.411415,65.369629,43.790993
55.879688,93.238213,72.251907,42.517612
57.600307,93.385254,72.531540,42.945099
60.105625,93.190521,73.472237,42.936783
65.434174,93.196236,75.951141,42.719269
71.711349,92.544838,79.632896,43.385479
74.953751,92.495895,79.958389,43.358559
76.964317,91.838821,81.309891,42.986244
79.564453,91.314651,82.119354,42.731216
82.200706,91.176239,82.741959,42.687023
85.775848,90.137619,85.462135,42.749039
88.449883,90.390182,85.350609,42.875668
93.287933,89.773140,85.329826,43.420517
98.748680,89.623756,85.029839,43.251659
102.182556,89.470627,84.758301,42.979290
103.162094,89.487679,85.195503,42.894150
107.147774,90.205368,85.489647,42.175285
112.874550,90.722214,85.740639,41.719193
116.286469,91.138382,86.150284,41.392620
119.867363,90.342659,85.272400,40.904839
126.915359,89.794884,84.346703,41.006325
133.966660,88.223137,81.287346,41.368740
138.463150,87.680138,78.386528,40.884071
140.201981,87.609482,77.485909,40.482910
144.298233,87.128532,76.822411,40.508472
147.326218,85.712708,76.207130,40.573505
150.465179,86.648102,76.239212,40.533703
151.275269,86.775116,76.206100,40.622799
152.681046,86.801834,75.312592,40.651905
158.005630,88.417145,74.112007,40.174252
160.407074,86.003578,73.322014,40.464046
162.362961,83.553093,71.631805,40.191132
161.925003,84.637543,71.611992,39.368134
164.240173,85.230217,70.954483,39.698109
164.507553,85.353928,70.862732,39.986439
167.058990,85.058685,70.071953,39.964828
167.926590,84.760147,69.984024,40.044052
167.309982,85.163712,70.591003,39.889946
168.226303,85.068100,69.995224,39.669029
168.227386,85.233185,69.965210,39.982533
168.441711,85.396935,69.764648,39.252701
168.093170,85.445061,70.055023,38.572033
168.000992,85.734680,70.416031,38.349056
167.966446,85.569214,70.394295,38.461369
167.968811,85.475990,70.472115,38.463890
166.577576,84.421944,71.806023,38.508652
163.544220,83.689987,73.882195,37.928970
161.333191,84.085838,76.752670,37.337242
158.747208,83.606583,77.908829,37.010559
157.748978,83.602898,78.157578,36.825401
155.401962,83.172623,80.108406,36.012653
152.503647,83.879158,81.275925,35.403389
147.208069,84.711205,84.964821,33.744877
143.182846,84.843185,85.197899,33.653732
139.365021,85.650223,86.563004,33.342800
135.153091,86.215988,87.895966,32.979473
132.104385,86.452011,87.964508,32.902050
127.641037,86.663055,87.864120,32.895180
123.090286,87.337852,93.002159,32.004414
118.348366,87.671227,93.855515,32.630058
114.708740,87.644455,93.336426,32.620430
113.697273,87.719711,92.970612,32.778549
106.566208,88.039162,95.509216,32.363037
105.481682,89.137230,96.109810,31.598925
104.626236,89.663940,95.841217,31.481487
104.470055,89.611839,95.692017,31.449507
102.631966,89.348541,95.433044,31.355122
99.974937,89.245277,94.236023,31.552849
95.791306,89.107918,93.601593,31.949535
94.276642,88.988449,92.238998,32.070992
93.341904,89.245972,91.492729,32.519829
89.024315,89.158669,90.199326,33.100822
85.658142,89.135300,88.918259,33.533241
82.618340,89.071419,87.098679,34.056934
81.881866,89.457397,86.547379,34.406746
80.711830,89.387627,85.459251,34.521477
81.002708,89.643898,83.389091,34.919384
79.906754,89.580338,81.385193,35.010052
79.279320,89.439835,79.024910,35.884296
78.718636,89.198334,77.821739,36.062096
77.252831,88.925560,75.167564,36.709629
77.173409,89.011360,75.151367,37.031258
76.955673,89.072769,75.490395,37.465015
75.240738,88.585014,75.314743,37.533318
75.227081,88.804550,75.435364,37.972179
75.103050,88.810463,75.415436,37.980999
75.126152,88.814720,75.464226,37.980335
71.823616,88.945885,74.261711,37.926632
71.985474,88.905174,74.326241,37.875103
71.295113,88.254936,74.251198,37.784744
71.406456,87.999199,73.999397,37.929184
71.130066,87.643394,73.679016,37.854095
71.147972,88.134087,72.964592,38.009617
72.681129,87.452736,71.396210,38.634071
72.576241,86.406433,69.554390,38.999241
70.218178,84.245049,68.633316,39.434853
67.565468,84.671768,67.685509,39.787140
67.935272,83.995377,67.744751,39.680473
69.405190,82.654922,67.664886,39.444656
69.844940,82.352013,67.929291,39.289982
68.537537,81.042717,67.099594,39.608868
64.551682,78.964760,66.348495,39.625328
65.371025,77.969872,65.944679,39.498199
65.802063,76.860809,64.940674,39.297573
68.584129,74.946609,62.968479,39.149067
66.255669,72.151375,62.094826,39.436211
65.773056,71.451302,62.015858,39.181118
66.143646,71.391830,62.264900,39.409214
63.380142,69.185654,67.822769,38.332073
62.308208,67.462021,68.014198,39.306244
60.982018,64.896957,68.773941,39.243954
61.092697,65.012978,68.971069,39.473724
61.026871,65.034874,69.162331,39.368668
61.136456,63.866714,69.988190,39.360943
61.193470,63.935951,70.256287,39.384121
63.310032,63.134281,72.718224,38.234638
64.431732,61.130951,74.133865,38.194649
64.649124,59.616901,77.173302,38.293236
66.471809,57.457706,77.595200,39.244164
72.825371,56.040333,80.399200,38.509724
75.920570,55.103806,82.550224,39.534863
83.084412,53.181477,82.228485,40.256111
86.774948,52.287121,84.553093,39.799740
89.273277,51.603222,85.143089,39.401699
93.616508,49.466080,85.958229,39.087795
101.398720,48.054352,85.065720,39.190506
105.249229,47.393490,84.867920,39.715496
111.407524,46.187920,83.997124,40.161827
119.995613,44.426609,81.966614,40.329697
120.347115,43.788349,81.991730,40.671669
122.181808,43.844158,81.438263,40.864521
125.683784,43.097439,81.371666,41.889870
126.765266,42.936481,81.326981,42.064758
129.991531,41.471870,82.159470,42.484703
131.401779,41.456890,83.448074,41.795067
139.104874,38.113617,83.092743,43.264999
145.931229,37.528275,85.082031,41.791077
155.452988,39.294189,82.050674,42.020512
158.788696,39.000828,81.821922,42.452736
162.915710,39.306126,81.243652,40.923878
167.820282,38.776478,81.578667,40.664585
169.296188,38.917294,81.857635,40.375446
176.717926,37.643711,79.754753,40.906071
180.042221,35.879204,79.995186,40.933140
184.200668,34.785126,79.742683,40.921356
188.632263,34.585266,79.930000,40.810715
189.825180,34.811245,79.650017,40.760303
194.778046,34.298401,79.865082,40.526329
202.008011,35.013302,79.377258,40.714367
209.720184,31.820877,76.177757,41.157207
