1
314.357269,167.750534,44.554123,68.840019
311.398682,171.251923,43.448559,69.440002
307.768066,170.210922,43.136589,68.918930
307.061646,170.356308,43.327278,67.852844
292.385315,172.165558,42.426041,67.806091
284.427551,173.524719,41.111462,68.744537
2
0
0
0
0
1
311.332458,162.901428,43.971756,72.925049
315.123474,163.682755,43.556259,74.860680
316.042450,162.477936,43.654575,75.658569
315.287140,158.421692,42.991657,77.711876
313.646149,160.169739,42.531300,76.195259
312.090546,162.219727,43.168194,73.958710
312.204956,155.648712,42.945824,71.259102
311.382721,155.574127,42.815697,68.982170
315.903778,158.223236,42.767754,68.939102
318.619324,160.535461,42.524166,68.235168
313.530579,158.463837,43.293873,71.955864
312.277191,155.892899,41.923054,77.711967
313.136292,155.229370,41.795025,78.725418
312.819214,155.716019,41.945919,77.894218
321.667053,158.986710,40.836849,74.307610
319.683563,159.465790,40.079269,71.629272
320.455048,156.102783,39.747288,71.918373
321.088562,153.953598,39.414829,72.312080
320.410919,153.856049,38.858757,73.976456
318.909058,158.034622,38.242821,69.348640
323.508759,155.401749,38.130543,69.212654
323.539703,155.392792,38.384052,65.948662
323.599152,156.156281,37.065308,66.796425
324.567780,151.755692,36.323605,68.662697
324.416473,146.675232,36.179291,70.156181
324.490082,146.666183,36.469700,70.463318
326.986511,151.155243,36.261566,70.533211
329.196655,148.706619,36.900894,69.522179
328.477142,146.104782,36.444256,69.998589
328.262543,145.212723,36.262165,69.629173
327.654846,150.251999,36.512451,68.705864
325.677338,149.626602,36.862942,69.384315
326.001373,147.590881,36.644180,72.800095
328.345093,147.399948,36.803543,75.564560
326.612732,148.885117,37.100533,74.959335
326.223846,144.834167,37.741817,73.293419
325.825409,148.239349,37.786915,73.274147
325.956421,148.446289,38.092014,73.403564
330.946075,147.992126,38.316517,73.260735
334.014832,155.259354,38.216858,69.232178
330.710419,153.431046,38.090130,66.913338
321.298065,154.015961,38.551998,65.308556
330.651245,154.898087,38.089024,65.820885
331.280762,154.098846,38.613914,68.936310
332.042389,153.513763,38.616508,69.537178
331.380280,153.640152,38.220127,66.884300
331.148865,152.855362,37.187946,63.243683
331.051788,153.684769,37.562149,64.340866
331.396820,153.413925,37.251610,65.187775
333.319824,152.070724,37.065151,68.677605
329.383698,155.270218,37.925869,64.718369
323.475220,157.525055,37.722553,63.463238
321.938049,156.099579,37.581436,66.144699
322.399811,155.481888,37.724369,66.533806
322.884064,155.382538,37.527168,67.837791
322.224335,154.145645,37.257835,65.854790
320.412292,154.838608,36.899483,64.575218
318.131439,156.045471,36.841869,63.930107
322.057617,153.716583,37.862736,64.333702
322.220306,153.653214,37.809196,64.346283
325.649078,152.637802,37.395771,65.241791
321.677032,164.459381,38.067429,62.910191
319.956512,163.387924,37.350773,63.918625
322.276733,160.193787,36.933498,61.594048
322.994080,161.312271,36.643261,62.635132
323.033264,158.686798,36.660267,63.447777
324.078186,158.243744,36.808464,62.842144
322.958588,160.882950,37.274498,60.811707
317.872864,162.966690,37.321278,60.342846
319.374054,161.484924,36.615074,61.399303
320.825409,161.535583,36.422554,61.348785
320.598938,161.725098,35.772358,60.954224
320.593353,162.202942,35.787483,60.594711
316.601746,164.154205,35.041260,62.023136
322.081207,162.267227,35.862766,62.098141
321.812408,162.259293,35.703224,65.550629
323.951202,161.691879,35.771969,66.102318
324.333771,157.089676,35.527573,64.696671
326.089355,155.752731,36.448994,64.551880
329.677856,156.214355,36.541084,65.753983
332.107330,157.565720,37.365322,64.409050
334.218994,154.922256,37.098206,64.669823
334.635498,154.618423,37.450397,67.054161
333.391663,159.451752,37.790859,63.176582
336.706726,152.850754,36.759350,65.012848
337.653717,155.002289,38.090546,64.249054
339.232971,153.054337,39.028973,62.100170
341.051422,152.176208,39.967587,62.781139
340.358612,152.532593,40.130363,62.532665
337.495422,154.922287,40.149311,63.116161
338.325958,153.573868,39.878494,65.248093
339.932587,153.280014,39.294388,67.103310
336.177551,152.332977,39.913887,66.781532
336.875793,157.050400,42.561981,67.341797
337.284668,156.014526,42.835983,69.394844
338.717834,152.507324,41.552395,69.234222
344.337128,152.298203,41.874683,73.180717
344.811646,151.419342,40.650593,75.020660
344.672394,151.276306,41.714344,66.812317
345.100647,151.309174,42.456188,66.447342
348.451294,148.230286,41.690731,70.223999
349.435486,148.400024,41.201859,71.165970
350.520599,151.052216,40.151852,71.882332
351.454285,153.100372,40.673042,75.113564
355.832642,150.474869,41.025795,75.977135
356.042267,151.004379,41.156425,76.092880
357.899200,145.774567,40.695190,76.837074
357.078094,143.487198,41.189648,78.167427
357.340485,142.914154,41.675640,76.390869
357.055908,142.057846,42.134117,78.496513
355.981995,145.583588,42.161781,76.420570
356.125183,145.149490,42.421425,76.795914
357.172211,145.344498,42.386509,76.722855
358.581177,143.951660,43.317802,77.794617
355.611206,142.494736,44.338364,79.596397
357.394745,140.907394,43.514835,81.852936
356.977081,140.887421,43.843338,81.441345
358.373810,136.594864,44.950012,81.577293
358.721497,138.136734,44.564159,80.843994
360.406799,138.425751,45.155006,77.680038
359.856903,139.000656,48.121216,77.800621
360.484100,140.842682,49.138531,77.325455
363.173523,143.837997,49.847515,76.634125
360.426208,140.602859,52.155502,76.495811
357.530487,137.426453,49.411758,79.296349
362.202423,140.126419,48.472904,82.154160
361.055511,148.284882,47.256069,86.348907
359.983429,145.716248,47.765820,78.874878
373.082184,144.902466,49.410767,80.530777
372.123657,144.384705,49.046989,83.531174
378.988068,150.645920,49.983967,79.552406
380.553955,151.757294,49.753986,84.756493
380.052124,150.559113,48.783497,82.426071
381.250397,151.761490,48.332512,82.445686
382.408752,152.570145,47.434483,82.405411
383.652405,150.043594,47.028370,86.815666
402.197235,156.539780,47.970627,87.861359
400.394897,146.887634,49.474850,86.293983
401.745911,144.889252,48.829617,87.355309
403.226440,143.116730,48.471375,89.918129
402.489624,142.679611,47.629745,90.486519
402.662842,137.278824,47.797733,92.493279
403.182159,133.568527,47.567387,95.083588
400.859253,133.137192,47.485718,101.171928
399.376892,131.422302,46.881493,104.064514
399.472504,135.413437,46.746040,106.937813
395.928345,129.169373,47.040527,107.262962
396.764496,123.871788,47.795033,109.081276
393.532562,122.059692,50.336491,106.150612
392.656555,121.737808,50.499496,100.633278
395.990417,127.790512,51.535816,98.064178
401.070770,137.630997,51.716709,93.657669
405.039398,143.715805,52.360508,87.821968
412.352386,149.929565,53.084484,86.836029
415.415405,154.717300,54.625427,81.016365
434.275055,158.892227,53.924801,81.948318
431.985260,155.949524,53.319180,81.499634
433.772919,159.397980,53.414902,74.762367
436.087250,159.352875,53.519787,78.348938
442.725037,159.544174,53.791058,71.526237
444.898895,158.841141,53.168224,71.841347
446.729340,157.014221,52.741013,72.935570
447.767181,157.213562,52.943378,69.087532
449.820160,155.740417,53.469864,67.543533
449.987366,155.702911,53.457054,65.052376
455.066956,155.453384,52.418701,65.878563
454.753754,154.392090,51.076931,68.015022
455.036774,155.225815,49.904034,69.676788
449.234039,154.381454,49.333603,67.493538
456.178070,157.858490,48.870373,71.799408
456.962463,159.782150,48.800518,69.527832
455.902344,159.662704,48.593937,68.073067
458.326935,157.077271,49.837963,69.013748
455.712555,156.446854,49.155701,67.418945
455.543945,158.450241,49.720951,65.712448
458.705048,165.936798,49.500610,64.151421
459.667572,166.788940,49.641819,65.937546
457.280243,166.575455,49.056774,66.372528
453.755493,167.281372,49.264736,66.056702
452.495880,167.683289,49.088921,70.686890
451.124542,167.271057,49.584038,70.992813
448.763367,164.989548,49.770264,70.119492
445.072113,164.000595,47.745552,70.101517
443.343109,165.124008,48.916348,69.272522
441.978363,164.702118,49.108265,68.391693
442.238770,165.038467,49.335140,67.458305
440.755737,165.787750,51.426479,70.968979
441.952911,167.191315,51.412220,70.693871
441.787537,166.674469,51.461189,70.642624
443.177856,166.618103,50.865566,71.230316
434.826813,165.387115,52.394672,72.235367
435.955505,164.884293,54.682709,70.783913
440.340271,159.980011,55.176640,68.830986
440.424347,159.794052,55.247952,68.148354
439.514801,159.630936,54.924335,67.328163
436.069946,159.602875,56.395500,66.344536
436.322876,158.963547,55.799911,65.231987
434.070374,158.975800,55.834351,66.066200
428.822327,160.190201,58.930977,66.533714
429.743256,159.297729,59.262009,65.539948
437.948364,158.667328,58.507576,66.731293
432.118866,159.305435,59.742550,67.487625
427.583435,153.450485,60.155197,68.823631
426.315002,149.099686,60.710594,68.253609
435.273315,149.501251,59.429401,70.707764
437.844482,150.973938,58.686699,71.639320
440.799561,153.156509,59.297966,69.093651
430.433289,152.245224,57.260090,69.914314
427.949432,150.883163,56.489655,71.567856
426.190582,151.545807,56.823490,69.848274
433.784210,149.488586,56.882420,68.073242
436.838684,149.134079,54.576317,68.801277
437.274475,148.428757,54.147858,68.799522
441.090607,152.240540,52.876282,66.730667
439.412231,151.914200,53.550720,72.185181
443.042358,148.892395,53.378693,69.068581
438.396698,144.841995,54.156883,71.821671
441.873749,143.939362,54.750217,73.710457
440.130554,143.786484,53.924061,73.015526
439.874634,143.484955,54.316647,72.279732
445.013733,142.119293,54.421631,72.414352
450.796967,145.643372,53.705231,70.669952
450.654327,145.789444,54.017853,70.716164
459.625702,149.004211,54.457130,70.136780
455.234528,151.764328,54.415474,70.949715
455.414612,155.331146,57.243725,68.102692
447.016907,152.248077,58.914982,68.874023
451.086395,154.405914,59.212406,67.215820
2
0
0
0
0
1
531.805054,122.550461,32.256439,74.098717
531.621155,118.222420,32.551678,74.811676
531.437378,117.747749,32.954681,74.042572
531.235229,119.338043,32.314548,73.280273
529.574768,118.941940,32.268986,73.042938
529.266174,117.779190,32.551319,73.244499
526.290222,114.889229,32.636223,72.809746
526.349121,116.917732,32.516846,72.279579
524.141907,116.434807,32.373913,71.422485
521.737000,116.898071,32.550064,72.767838
520.194092,115.630363,33.034294,73.328438
518.066772,114.645233,33.849846,73.349731
513.333862,113.234650,34.711857,72.700981
508.068604,114.148628,35.293736,72.227966
507.133270,114.970894,36.319851,72.308762
508.927643,114.779800,35.988052,72.446808
504.319641,112.469704,36.018387,72.436859
503.880829,112.124947,36.599213,72.600754
501.417389,111.782471,37.173870,73.307587
496.012817,113.512863,37.538448,73.878464
490.370544,114.324760,38.228825,70.552193
484.693451,118.190338,38.718388,70.349815
481.841766,119.933517,38.166634,70.852051
479.471558,114.922661,37.881237,73.898674
475.167114,122.126083,39.296013,68.341583
476.710480,118.367783,38.839214,70.677025
476.742279,113.269554,37.857521,71.279144
477.445831,108.886757,38.007492,70.314972
475.679626,111.937111,37.838257,70.186844
471.289734,126.701385,36.418831,71.414650
466.567688,134.168976,36.800575,66.686714
465.964661,130.720963,36.527779,63.653870
465.814850,136.167587,37.821991,63.841980
467.597900,135.802124,36.615273,65.843239
467.175446,135.996719,34.750214,67.017761
466.164825,138.574158,34.272224,72.116547
464.306458,141.014389,33.566463,73.929222
467.267426,133.271774,34.047264,72.777443
471.442230,131.294891,34.328114,70.955338
474.142761,132.502777,34.131947,69.094971
471.991425,132.224899,33.507759,67.295319
471.732574,137.541672,33.326180,66.711876
473.441376,136.111023,32.965275,77.052109
473.274353,134.825943,33.186775,76.366730
472.513641,131.955750,33.449291,78.135750
472.011810,125.395348,32.833996,77.808655
470.497528,127.516930,32.754845,75.202438
469.980438,125.941010,32.280220,73.504921
467.896576,128.913193,31.177050,72.997208
2
0
0
0
0
1
462.673950,84.019890,36.880043,73.118584
461.927673,82.408432,36.962616,74.112274
459.850037,82.106827,36.807961,74.088737
453.780609,85.580048,36.587067,75.057465
448.217407,92.715858,35.970058,76.338593
443.819366,93.871140,34.705753,75.082512
437.839508,93.401466,33.969791,73.657860
436.365509,91.204262,34.121284,76.476120
435.626282,91.986748,34.232002,76.177521
434.395844,92.550789,33.947178,78.771835
430.904205,94.986168,34.089813,81.561081
430.167755,97.120827,34.432846,81.227646
429.939941,97.942368,34.336056,82.616196
430.029297,100.768280,34.347588,83.615753
430.438263,100.242165,34.273640,83.683762
430.393829,100.010361,33.833900,83.858711
430.247711,98.067001,33.788666,83.543747
429.900787,95.490738,33.632401,83.248489
428.018646,91.184914,33.536480,83.127708
426.898071,90.884750,34.034271,82.142212
425.360931,92.415154,34.531082,81.224022
425.122986,95.483536,34.751259,80.789658
424.972473,99.282593,33.353325,82.819740
423.651855,102.805183,32.707489,83.827164
423.161316,101.616989,31.629099,85.341560
421.472992,103.302765,31.263071,86.702370
418.894287,109.831841,30.350723,88.638649
413.761597,122.498184,30.721846,88.277946
414.602173,119.740135,29.025896,93.081459
412.924255,138.208359,28.020716,91.283798
413.577454,118.274445,28.002977,93.678848
413.521271,117.162354,28.334335,91.615242
414.696716,130.782135,28.164806,89.857109
416.714386,140.671936,27.378456,89.563004
417.773346,149.567123,26.493776,89.742134
2
0
0
0
0
1
387.381287,92.127953,34.305084,62.137920
382.284851,93.281708,34.616547,61.442768
379.539734,93.878456,35.227127,60.991581
378.370514,94.370392,35.354012,60.593754
376.919495,95.747955,35.344669,60.080231
376.259979,96.137344,35.571053,59.799934
375.559540,96.444977,36.041988,59.060951
