1
439.480438,107.401100,51.975910,73.024254
439.489227,107.656654,51.977009,73.467804
439.822052,108.004692,51.831799,73.354721
439.925812,108.123528,51.970596,73.459381
440.338226,108.136482,51.809166,73.503975
440.434875,108.385017,51.971458,73.970428
440.447906,108.400009,51.974323,73.968117
440.610565,108.454826,51.766842,73.988159
440.725922,108.460945,51.974323,73.968117
440.741913,108.475365,51.971191,73.970551
440.756287,108.489830,51.973606,73.967964
440.787140,108.406731,51.951660,74.020302
440.810913,108.627907,51.975689,74.464882
440.849945,108.638008,51.948780,74.446808
441.053833,108.522797,51.834068,74.405472
441.275513,108.594673,51.782482,74.368309
441.500732,108.502716,51.870350,74.593712
441.703308,108.560448,51.869404,74.987671
442.282776,108.062042,51.551971,74.959648
442.770111,107.475220,51.804989,75.052467
443.095703,107.498299,51.763275,75.536530
443.120514,107.712814,51.879032,75.904709
443.136719,107.766113,51.682327,75.900352
443.246735,107.780708,51.776447,75.945938
443.250275,107.785995,51.827248,75.973129
443.216187,107.836670,51.879124,75.929817
443.228821,107.932137,51.882153,75.956772
443.242737,108.292854,51.716053,76.374306
443.480347,108.706024,51.309746,76.522194
443.445770,110.297195,50.677032,77.920723
443.658844,110.450294,50.080383,78.119614
443.785278,111.002396,49.962406,78.684906
443.946075,112.085388,49.331543,78.980782
443.818085,112.752426,48.771519,79.216583
443.211334,114.455643,48.522652,79.066063
443.096527,115.162842,48.609425,79.493484
443.232483,115.207069,48.821125,79.399315
442.974976,115.449203,48.672989,79.574821
442.117218,115.735565,48.745750,79.746277
442.083099,115.691566,48.768452,79.851471
441.204163,116.083427,48.743637,79.592163
440.834290,116.341278,48.644665,79.678757
439.119629,116.080597,48.243458,79.715988
437.332062,114.847359,47.908070,79.867409
437.086334,114.862213,47.709557,79.880821
436.726562,114.182220,47.431919,79.974792
436.180786,113.959152,47.196358,79.815170
435.498810,113.850929,47.501797,79.855743
435.659882,113.917908,47.916473,79.910004
435.618591,113.961525,47.849987,79.906677
435.226807,113.748077,47.825024,79.914543
435.082855,113.750206,47.770493,79.891167
434.855469,113.814873,47.375660,79.972672
434.464355,113.515350,47.366566,80.381332
434.070496,113.500725,47.266346,80.448349
433.851807,113.554558,47.172504,80.406067
433.575806,113.697021,47.167160,80.370003
433.378815,113.935631,47.200489,80.414742
433.462860,114.018089,47.395782,80.458031
433.180084,114.091049,47.439537,80.396477
432.755005,114.105659,47.266357,80.491783
432.637512,114.147110,47.354633,80.384941
432.697845,114.199989,47.475098,80.468285
432.391663,115.073601,47.387207,80.145721
432.416901,115.247261,47.447502,80.456360
432.417908,115.283867,47.475159,80.450966
432.129761,115.409668,47.357506,80.466446
432.111420,115.453613,47.402542,80.428833
432.517822,116.221207,46.294327,80.374031
432.491028,117.606178,46.296597,80.860634
432.754211,117.808167,46.067604,80.919403
432.971985,117.907585,46.470509,80.949417
433.081085,118.033524,46.431301,80.937088
433.506439,118.717659,46.252144,81.101120
433.649628,118.957832,46.450890,81.508987
433.683350,119.264069,46.468430,81.918968
433.700256,119.316895,46.477612,81.963127
433.711060,119.340408,46.477642,81.964752
433.642548,119.576256,46.311218,82.238625
433.734558,120.260979,46.365288,82.291008
433.737091,120.904640,46.257412,82.145660
433.841248,121.107277,46.444118,82.452026
433.543884,121.177628,46.205296,82.349541
432.827393,121.231880,46.319927,82.151924
432.278931,121.333405,46.228897,82.327492
431.860046,121.729225,46.365128,82.238571
431.911072,121.859932,46.470757,82.454147
431.867615,121.908585,46.443832,82.438881
431.742920,122.144737,46.483440,82.392525
431.717651,122.448807,46.413467,82.401924
431.828552,123.126656,46.349220,82.237625
431.911133,123.350502,46.475376,82.479271
431.933472,123.359886,46.469650,82.470497
431.995056,124.029716,46.516003,82.213013
432.254272,124.215149,46.996109,82.478180
432.362732,124.240707,46.944172,82.479561
432.391388,124.250000,46.975479,82.465981
432.568298,124.282410,46.970493,82.514084
432.620300,124.510071,46.968361,82.950439
432.689514,124.504448,46.957611,82.981262
432.797363,124.452011,46.959648,82.896973
433.069611,124.201065,47.010147,82.966408
433.840698,123.189461,47.190685,83.195625
433.967957,123.260277,47.505905,83.368729
433.697968,123.163658,47.676506,83.216553
431.363403,123.674423,47.358803,81.539635
428.296692,123.926231,47.280334,80.810837
426.661865,123.431038,47.346462,79.782814
424.986420,122.431137,47.919365,79.478348
424.348145,122.046883,47.842640,79.310570
424.436066,122.092079,47.986340,79.545280
424.349915,122.298248,48.036980,79.761002
424.567780,122.408340,48.480759,79.959793
424.530304,121.330513,48.823723,80.629745
425.169220,121.136589,48.850994,81.543076
427.256195,120.828072,49.653221,81.539162
427.546997,120.872879,49.943703,82.131363
427.653625,120.961517,50.068413,82.397217
428.363556,120.260414,50.734367,83.309189
428.722687,120.110168,50.999889,83.540565
428.746674,120.270248,51.045891,83.842079
429.519287,119.726845,51.673962,84.214745
429.648315,119.759995,51.988041,84.333588
429.687531,119.294952,52.160694,84.503586
429.809784,119.304619,52.491295,84.927994
429.837616,119.204323,52.445065,84.999779
429.686218,118.557831,52.624035,84.989159
429.828186,117.983513,53.689587,84.810318
430.335693,117.898262,54.155018,84.822540
430.917297,117.855034,54.916142,84.533890
431.803894,118.215546,55.603161,84.881294
433.104340,119.832634,57.085934,84.087608
435.207153,121.279381,59.348061,83.941002
437.686310,121.413292,59.667175,83.493225
439.706451,122.580696,61.419098,82.902679
440.404755,122.374252,62.195377,83.143127
440.557404,122.556969,62.472675,83.466240
440.555634,122.567841,62.470093,83.468864
440.729614,122.641182,62.785675,83.401505
440.831940,122.690796,62.978107,83.473083
440.841400,122.704483,62.968891,83.464020
440.885193,122.879059,62.943138,83.287544
440.965454,122.943108,63.108276,83.428612
441.834778,123.089851,63.574642,83.203392
442.154541,123.060921,64.179474,83.657188
442.391144,123.217949,64.422462,83.742950
442.585114,123.267891,64.541687,83.885635
443.475494,123.026405,65.098526,82.789139
443.781219,122.963486,65.565361,82.906342
444.082520,122.521675,66.134644,82.586449
444.293182,121.731949,66.518608,82.429337
444.525696,122.123390,66.958214,81.522934
444.381012,121.042007,67.266838,82.852089
444.529022,121.089317,67.475418,82.921967
444.504242,121.110832,67.577881,82.974976
444.707977,121.104904,67.993599,82.942184
444.715057,121.110008,67.960640,82.965775
444.708832,121.056717,68.048660,82.981064
444.932617,121.064140,68.466621,82.963631
444.933777,121.056267,68.491371,82.958443
444.906860,121.002777,68.492897,82.887825
444.879517,120.983818,68.503807,82.997337
444.881897,120.841301,69.105537,82.959503
444.606079,120.538963,69.781860,83.179024
443.892639,120.529739,70.097298,83.444527
442.451080,120.565117,70.805962,83.612473
441.106567,120.262360,71.269775,84.003380
440.891296,120.426048,71.545944,84.503510
439.838898,120.977325,72.570290,84.430168
439.974701,120.891106,73.170227,84.537643
439.659821,120.933525,74.015755,85.035217
439.738037,121.148666,74.743744,85.478966
439.848053,121.136635,75.006332,85.445442
439.866516,121.091942,75.926224,85.518272
439.528168,121.088257,76.803001,86.130852
439.625610,121.212357,76.992561,86.400169
439.604095,121.265038,76.990814,86.449905
439.608063,121.282433,76.975639,86.469635
439.618439,121.297852,76.961975,86.462730
439.635651,121.316727,76.961975,86.462730
439.687286,121.336929,76.929001,86.465492
439.829712,121.340233,76.850693,86.506371
440.853302,121.230934,76.713112,86.827858
441.422302,121.264290,76.749474,87.084549
441.548309,121.472321,76.959915,87.462860
442.312927,121.022995,76.758125,87.599800
442.774841,120.988144,76.798294,88.031845
443.820648,120.497955,76.624664,88.478798
444.521484,120.077667,76.651337,88.477875
445.376068,119.570747,76.766762,88.439545
446.035522,119.526375,76.811035,88.181892
446.238678,119.629562,76.835083,88.505913
446.476349,119.753731,76.927879,88.922562
446.626953,119.526337,76.919113,88.928757
446.678864,119.482254,76.930115,88.899300
446.740875,119.422958,76.927116,89.036926
446.743713,119.566170,76.937859,89.497704
446.810791,119.311630,76.870384,89.637527
446.871094,119.473091,76.945038,89.946671
446.898590,119.499046,76.959763,89.959229
447.101807,119.431816,76.795952,90.071976
447.281372,119.571556,76.898987,90.495659
447.390533,119.445824,76.907677,90.531410
447.868256,119.409439,76.673195,90.777122
448.944855,118.933739,76.352684,90.565224
449.315704,118.919022,76.241600,90.695129
450.763916,119.152489,75.881378,88.619484
451.962067,119.242287,75.594269,88.515999
453.143463,118.569016,75.523064,88.955811
455.623383,117.760315,74.239914,88.552704
457.098907,116.944206,73.850616,89.225937
458.320404,116.135353,73.031631,89.262680
458.974213,116.115425,73.097099,89.210457
459.270142,116.087730,73.394058,89.489388
459.473267,115.802795,73.307480,89.118141
459.874054,116.365135,73.077179,87.431305
460.220337,115.786186,72.440681,87.378242
460.266815,115.800911,72.442375,87.482056
460.232513,115.765854,72.339745,87.412849
460.069397,115.513771,72.034401,87.316589
459.225525,114.128967,71.289444,88.271736
459.283813,114.047264,71.069687,88.502533
459.597748,114.023460,70.513947,89.019005
459.787903,114.236427,70.853592,89.455338
460.065063,114.189285,69.747734,89.304901
460.314056,114.272308,69.189560,89.365089
461.084747,114.640335,68.155136,89.270424
462.543304,114.800751,66.111969,89.327110
463.495544,114.679039,65.252953,89.551041
463.888123,114.879776,65.197479,89.979568
465.413544,114.863892,63.988869,89.914192
467.971344,114.360687,61.707451,90.074348
468.187439,114.561890,61.900803,90.455948
469.078827,114.196823,61.341286,90.718552
469.683044,114.030853,61.079807,91.030045
470.324341,113.869568,61.175858,91.088364
470.669006,113.989746,61.331177,91.311562
470.815491,113.991829,61.253620,91.390877
471.034302,113.984138,60.672997,91.241722
471.278870,113.944580,60.779045,91.326546
471.634857,113.733597,60.179375,91.324142
471.512024,113.730141,59.522758,90.935112
471.708771,114.143684,58.646252,90.072197
471.706787,114.481888,58.613575,90.270607
471.326263,114.324677,58.286133,90.555611
471.043762,114.352493,58.026466,90.941818
471.053070,114.260452,58.309708,91.010941
471.090881,114.884857,58.411049,91.043373
471.133514,115.113670,58.470352,91.459648
471.136383,115.089233,58.437874,91.488777
471.166107,115.091568,58.471138,91.461823
470.903625,116.686638,58.247387,88.029655
470.867432,116.873230,58.405071,88.395920
469.326477,117.559631,58.501240,87.567070
469.380768,117.746277,58.973949,87.927574
468.465515,118.480232,59.068748,87.142624
467.613373,119.293190,59.465847,86.056648
467.290070,120.154266,59.592014,85.641472
464.731537,120.424881,59.813251,85.136620
464.733368,120.637596,59.991642,85.382942
464.721283,120.705879,59.976578,85.451645
464.186188,120.900597,60.046284,85.188873
463.218384,121.102638,60.924740,84.876038
463.115540,121.238991,60.956066,84.699615
462.083344,121.672821,61.066986,84.208473
461.719177,121.939903,61.555477,84.150803
461.799622,122.267357,61.999260,84.178986
461.693817,122.507492,62.000507,84.256546
461.472260,123.170914,62.451344,84.233841
459.428040,123.602966,62.452869,83.331627
459.214813,123.727417,62.442146,83.285065
458.713257,124.069069,62.614796,82.697243
458.199585,124.143944,62.962955,82.564911
457.506409,124.470604,62.921906,82.702782
456.570404,124.615166,62.987991,82.736458
454.516144,124.337021,63.378731,82.504005
454.446198,124.325356,63.564339,82.547813
454.769836,124.733635,64.043060,82.667320
454.999634,124.870621,64.469887,82.948944
454.999969,124.877190,64.466263,82.969597
455.133392,124.603058,64.490349,82.807762
455.136719,124.699409,64.468147,82.964241
455.188385,124.702637,64.528625,82.928276
455.419952,124.723251,64.973160,82.943710
455.313171,124.647453,64.982048,82.969978
455.304993,124.648201,64.995522,82.970734
454.172852,124.482986,64.936577,83.017815
453.484802,124.961998,65.291229,83.094658
453.346527,125.090729,65.509064,83.459663
452.265228,124.599274,66.316055,83.199753
450.971405,124.946541,66.597305,83.230759
447.221252,125.512543,67.559708,83.190910
447.174011,125.601479,68.235649,83.465668
445.541016,126.281868,69.513161,83.679329
445.316986,126.290947,70.481262,84.067856
444.556885,127.109192,70.659653,84.217796
443.404388,127.068016,71.376450,84.771606
442.926666,127.321167,71.743568,84.899109
441.576416,127.416328,72.157112,84.840736
437.628387,127.503029,72.936478,85.279335
433.906128,128.476624,73.337669,84.869247
432.659149,128.687454,73.536057,84.731026
431.981110,128.833954,73.866043,84.828171
429.747589,128.177246,73.600151,85.064705
426.370850,129.158600,73.557610,84.088646
423.864838,128.412506,74.339409,83.482666
420.504578,126.847641,74.429207,83.420242
417.922363,122.443092,76.004501,83.542259
416.905060,121.619499,77.317116,83.628624
416.626251,121.465622,77.777855,83.873413
416.453918,119.858673,78.071945,84.163864
416.179688,119.707230,78.802986,84.135979
415.543488,120.000938,81.207344,84.239807
415.689484,120.131531,81.461777,84.464615
415.719269,120.167114,81.486763,84.476173
415.573212,120.208519,81.509071,84.399979
415.255096,120.057091,82.311981,84.325035
415.230255,120.139648,82.589706,84.407768
415.030762,120.173538,83.144173,84.437668
415.066071,120.095940,83.639542,84.501434
415.177002,120.199570,84.059082,84.918449
415.321411,120.160057,84.497200,84.959885
415.308105,120.182671,84.459282,84.960136
415.274689,120.211967,84.458504,84.930908
414.859741,120.246712,84.120605,84.861252
415.046875,120.318703,84.458290,84.961617
414.860992,119.848869,84.210999,85.112907
414.850952,119.655830,84.265556,85.475639
414.965027,119.667648,84.460350,85.463142
414.975983,119.673470,84.444504,85.470894
414.953888,119.608582,84.465958,85.376106
414.678619,119.523941,84.511856,85.258949
413.384277,119.319847,85.187202,85.457405
412.933441,118.902550,85.663986,85.356483
409.959595,117.861771,86.410973,84.675941
409.508484,117.707390,86.380653,84.895470
407.237976,117.567322,87.060463,84.460442
405.790039,117.713318,87.559769,84.263680
404.856781,117.669701,88.076897,84.377716
404.810394,117.876587,88.589607,84.408379
404.850250,117.948593,89.026123,84.502632
404.613586,118.414986,89.624123,84.855087
404.029022,118.800415,90.250946,84.770485
403.767181,119.015915,90.480080,84.865196
403.320435,119.230141,90.554092,85.010834
399.968750,119.948402,90.713371,85.621277
398.094604,120.301941,91.064247,85.998817
397.696289,120.590118,90.768524,86.073952
394.821136,121.002022,90.429482,86.662506
394.454163,121.550453,89.967339,86.793625
394.279297,121.647705,89.792480,87.022987
393.688843,122.151314,89.586670,87.579033
393.475800,122.251610,89.705048,88.096596
391.958435,122.534264,89.974327,88.479897
391.939301,122.527473,89.947380,88.559639
391.938568,122.745346,89.943222,88.968307
391.887146,122.747353,89.945694,88.979187
391.333405,122.662552,90.126846,88.899940
388.326599,120.989632,91.120193,89.309685
387.435699,119.089493,90.368011,89.357422
387.005737,116.957657,90.296356,89.350693
387.089600,115.051636,90.432259,89.417648
386.376221,111.998169,90.011444,89.425049
386.582306,111.864975,90.398949,89.249336
386.405853,111.378380,90.507187,89.194565
386.529633,111.430809,90.984138,89.404922
386.374847,111.301193,90.974464,89.397331
386.302185,110.785034,91.071350,89.187836
386.468475,110.656364,91.583481,89.295868
386.855347,108.278938,92.088127,90.268394
