1
438.318146,107.279785,51.470547,73.963791
438.439789,107.656837,51.600090,74.027061
439.257690,108.161446,51.841583,74.453445
439.398743,108.268105,51.954742,74.439201
439.877319,108.444611,51.835537,74.255493
439.992767,108.568413,51.959690,74.470375
440.011719,108.583427,51.974323,74.467903
440.120758,108.633163,51.847713,74.490700
440.202881,108.635338,51.969967,74.466103
440.216675,108.652489,51.974323,74.467903
440.233154,108.667694,51.968414,74.461868
440.265076,108.549965,51.948143,74.523804
440.293427,108.737968,51.973274,74.943100
440.350555,108.756279,51.933655,74.947327
440.563416,108.582275,51.852093,74.801994
440.772095,108.681534,51.859203,74.917351
441.049103,108.344948,51.903656,75.206146
441.267456,108.331779,51.840317,75.470093
442.044647,107.502464,51.436039,75.630898
442.408417,107.227272,51.288727,75.946159
442.566467,107.210175,51.428284,75.953484
442.576385,107.199669,51.432785,75.937050
442.598114,107.236702,51.424496,75.930748
442.631348,107.272636,51.454151,75.954811
442.628235,107.294197,51.420361,75.964142
442.648773,107.319702,51.451725,75.962852
442.671387,107.384308,51.468506,75.931938
442.688232,107.658302,51.360493,76.105125
442.686188,108.714745,50.855316,76.681564
442.724121,109.790787,50.229050,77.831512
443.104645,110.109344,49.825619,78.136093
443.192871,110.739090,49.616154,78.611343
443.526794,111.858864,49.331543,78.980782
443.548859,112.355309,49.106544,79.098801
443.602264,113.835144,48.859818,79.379700
443.257996,114.549637,48.499496,79.320389
443.082977,114.913300,48.348980,79.407829
442.973389,115.142929,48.245251,79.508469
442.412933,115.440819,48.299488,79.767365
442.319489,115.410873,48.211941,79.814819
440.969757,115.753380,48.360085,79.659035
440.877106,115.888901,48.230049,79.869514
438.997162,116.107399,47.931389,79.345062
436.877777,114.922112,47.283550,79.278137
436.807709,114.978432,47.456661,79.441170
436.344238,113.937111,46.856213,79.527466
436.268982,114.112549,46.895813,79.915306
435.806885,113.994781,46.995712,79.857552
435.642426,114.009720,46.912292,79.925858
435.442230,113.939598,46.781734,79.825195
435.026215,113.759026,46.825363,79.904953
434.994019,113.794640,46.833946,79.928154
434.759064,113.936707,46.064171,79.901726
434.744690,113.669601,46.336414,80.578407
434.397827,113.690712,46.174709,80.982246
434.215515,113.743973,46.333172,80.828697
433.938354,113.880981,46.182808,80.876122
433.555695,114.187958,46.157009,80.907532
433.653412,114.239777,46.441959,80.935135
433.471558,114.328651,46.462486,80.897461
432.938141,114.353851,46.321655,80.885902
433.005157,114.412674,46.454746,80.948792
433.024139,114.437744,46.475159,80.964745
432.701172,115.096199,46.465790,80.816299
432.648315,115.190727,46.414276,80.952789
432.620422,115.268356,46.505428,80.902626
432.620697,115.346481,46.853355,80.989494
432.471069,115.452103,46.921371,80.893143
432.725708,115.963882,46.140091,80.873154
432.957336,117.318237,46.181717,81.422615
433.259735,117.579193,45.944492,81.449631
433.190735,118.572884,45.914986,81.133987
433.319366,118.783173,45.929279,81.477692
433.402802,118.919212,45.948467,81.381943
433.435120,119.000908,45.973083,81.496094
433.520782,119.181061,45.973537,81.327271
433.543518,119.277725,45.972713,81.472427
433.565277,119.296753,45.976002,81.478500
433.530548,119.450096,45.909607,81.508804
433.643921,120.391197,45.868038,81.770905
433.877899,122.061218,45.598534,81.501732
433.977661,122.359207,45.851913,81.923218
433.617493,122.278618,45.710285,81.950340
433.234772,122.235031,45.937614,81.838173
432.626038,122.359512,45.808006,81.687286
432.216919,122.782463,45.827194,81.758026
432.229279,122.927444,45.947006,81.917587
432.189117,122.994896,45.965218,81.932076
432.202606,123.028313,45.977325,81.964867
431.944031,123.302696,45.881100,81.862000
431.998016,123.718048,45.909775,81.752815
432.036804,123.989380,45.971169,82.080322
432.058441,124.269012,45.970901,82.422874
432.109894,124.850449,45.979172,82.185303
432.137909,125.052452,45.987999,82.461021
432.309662,125.046837,45.972889,82.516205
432.322784,125.288620,45.977280,82.964500
432.420654,125.301567,45.986324,82.979980
432.488831,125.285072,45.969093,82.958389
432.682343,125.202789,45.942490,82.983276
433.416870,125.204460,45.847633,82.587440
433.883209,124.797554,46.077892,83.067528
435.128235,123.215927,45.935680,83.861511
435.067383,123.084320,46.035988,83.873940
433.927521,123.361580,46.336346,82.889961
431.435028,123.800705,45.867455,80.779404
428.248566,124.239761,46.092861,79.431938
427.196716,124.067825,46.375290,78.493958
425.187012,123.581596,46.860981,77.988190
425.177216,123.535194,46.934784,77.936943
425.212433,123.519135,46.977314,78.013496
425.155457,123.725708,47.037560,78.434364
425.369812,123.747246,47.485622,78.458145
425.600647,120.662895,47.630508,80.300735
426.251770,120.553741,47.954842,81.241417
427.002472,120.481834,48.415905,81.484444
427.747467,120.164680,48.677895,81.762779
428.036865,120.117081,49.147453,81.869537
428.656311,119.684647,49.688580,82.610001
428.885590,119.809349,50.004162,82.976601
429.200012,119.825600,50.629192,82.889198
430.095367,119.419426,51.242035,83.254837
430.212006,119.502090,51.479111,83.441589
430.218231,119.285553,51.550953,83.456528
430.421783,118.943962,51.983807,83.545334
430.425232,119.049500,51.980797,83.948219
430.238647,118.619850,52.076996,83.852692
430.271179,118.511337,53.151051,83.853981
430.533691,118.428459,53.628384,83.929085
431.611084,118.051239,54.677788,83.662292
432.053650,118.245872,55.371334,84.121292
434.111725,120.532913,56.916718,83.319489
435.751648,121.498322,59.036045,83.309807
437.120483,121.730637,59.441811,83.167305
439.165985,123.251419,60.758961,82.359024
440.273773,123.208466,62.010269,82.445969
440.519348,123.240257,62.473228,82.466980
440.516937,123.247314,62.468433,82.472160
440.553101,123.234154,62.624058,82.452225
440.728668,123.258057,62.981121,82.477440
440.736664,123.269562,62.968891,82.464455
440.750732,123.287560,62.968891,82.464455
440.861267,123.194664,63.159653,82.491135
442.056366,123.794189,64.011818,81.894157
442.335815,123.485565,64.676247,82.355080
442.504242,123.562241,64.964294,82.457718
442.549561,123.548027,64.966675,82.425163
443.112885,123.309410,65.117874,82.018623
443.385468,123.237701,65.589073,82.396301
443.716034,122.803688,66.096558,82.057693
444.055420,122.462257,66.547218,81.944313
444.289368,122.451515,66.985725,81.901970
444.548004,121.378304,67.342171,82.618057
445.007446,121.384422,67.411850,82.686539
444.953705,121.529358,67.722595,82.857521
445.031311,121.528214,68.091331,82.968681
445.224304,121.483437,68.484650,82.916489
445.166290,121.470116,68.567047,82.952866
445.380524,121.492653,68.968842,82.966393
445.285156,121.008133,69.022812,82.968628
445.458923,120.947212,69.496925,82.854950
444.923004,120.663002,69.612228,83.021820
444.194611,120.321869,70.316025,83.558228
443.694794,120.282463,70.741081,84.106232
442.030975,120.207634,71.358078,84.168732
440.878876,120.377754,71.870560,84.409966
440.356537,120.242172,72.120193,84.250084
439.992828,120.309242,72.629044,84.457321
439.870087,120.504196,73.148987,84.207085
439.979736,120.569244,73.582436,84.451698
439.886719,120.506966,74.345352,84.512726
439.879669,120.730812,74.619598,84.997086
440.052887,120.718521,74.997375,84.955582
439.990021,120.715988,75.104111,84.986702
439.895477,120.538597,76.081818,85.096291
440.103210,120.740387,76.462868,85.462967
440.120178,120.759560,76.462448,85.463028
440.138000,120.772118,76.486786,85.478897
440.142822,120.782906,76.462227,85.463158
440.159912,120.801559,76.462227,85.463158
440.190186,120.817207,76.451088,85.465912
440.314880,120.818619,76.361946,85.512344
440.918213,120.783379,76.222084,86.045586
441.740967,120.986717,76.193779,86.554100
441.899750,121.211334,76.456017,86.961723
443.149841,120.731537,76.008316,87.304131
444.002625,120.553993,76.098755,87.601334
444.759003,120.369392,76.298172,87.843033
445.128387,120.248886,76.285706,87.993340
445.674133,119.841736,76.273277,87.857567
446.339294,119.890671,76.309601,87.785202
446.443451,119.988396,76.450439,87.970398
446.486969,119.974083,76.461655,87.952972
446.620392,119.880905,76.428741,87.934044
446.687653,119.898598,76.430588,87.977196
446.730865,119.893921,76.452354,87.972038
446.744019,119.613365,76.393234,88.260162
446.886658,119.324799,76.332115,88.761612
446.949982,119.432983,76.447945,88.872421
447.068146,119.477219,76.350914,89.006355
447.513519,119.498672,76.111336,89.785843
447.725067,119.582619,76.447266,89.982574
447.832245,119.450829,76.390442,90.075607
448.570679,119.317177,75.979424,90.520195
449.427826,118.903931,75.410736,90.742844
449.711182,118.819595,75.294312,90.731979
451.098267,118.832848,75.003555,89.161919
452.115234,118.978424,75.229256,89.104187
453.258789,118.478600,75.027565,89.329811
456.232025,117.475266,73.336502,89.566238
457.901062,116.613960,72.641693,89.992874
459.515686,115.718590,71.667358,89.794312
459.980072,115.864403,71.641594,89.479111
460.198303,115.760803,71.937195,89.452362
460.417542,115.426178,71.753914,88.877312
460.640350,115.150635,71.768547,88.525223
460.726135,115.071663,71.592789,88.917801
460.962311,115.071854,71.884888,88.941147
460.924530,115.063866,71.876854,88.922318
460.982086,114.939690,71.371696,88.887863
460.142059,113.509415,70.272774,89.515137
460.180145,113.696915,70.310707,89.949043
460.342377,113.625877,69.622292,89.916451
460.420563,113.604301,69.772293,89.954651
460.629059,113.631462,69.037743,89.820808
460.851379,113.554283,68.124916,89.951019
461.600861,113.810989,67.222206,89.838783
462.294769,114.133286,66.530342,89.763138
462.960785,114.175774,66.185104,90.006752
463.332092,114.394455,66.262840,90.489532
464.740601,114.350571,64.931503,90.449562
466.989166,113.723175,62.563118,90.687683
468.004303,113.698067,62.072914,90.961891
469.025787,113.129128,61.821781,91.346512
469.497833,113.045906,61.634174,91.535606
470.310120,112.637947,61.540138,91.453606
470.805420,112.579697,61.706482,91.502609
470.978943,112.828804,61.857552,91.915230
471.094147,112.884712,61.554493,91.877441
471.463684,112.913437,61.441486,91.874374
471.570984,112.668922,60.628231,91.919220
471.254364,112.719894,60.246407,91.410347
471.362030,112.982498,59.059780,90.809616
471.533752,113.198792,58.875549,90.767708
471.350006,113.234024,58.560917,90.994797
470.877930,113.269829,58.383183,90.696198
470.791412,113.334579,58.281261,91.039940
470.791595,114.225655,58.325409,90.896278
470.874878,114.279068,58.466335,90.955750
470.889832,114.301552,58.469990,90.960472
470.903473,114.321571,58.471111,90.960793
470.438416,116.427330,58.278465,87.134384
470.458832,116.601990,58.434532,87.436096
469.201691,116.899849,58.578465,87.021896
469.366119,117.160072,58.985897,87.428543
468.023773,118.187332,59.088078,86.481041
466.759216,118.796700,59.455891,85.869118
466.642303,118.954353,59.481098,85.876602
464.322021,120.288712,59.168682,84.465637
464.476257,120.313126,59.474712,84.456261
464.481567,120.338913,59.472893,84.459061
464.257202,120.456314,59.520039,84.358711
463.921936,120.533493,60.143799,84.290947
463.789581,120.663170,60.444485,84.213280
462.604370,121.111816,60.513035,83.658478
462.558411,121.352379,61.005318,83.822266
462.680481,121.519661,61.433163,83.833168
462.682587,121.643555,61.484779,83.910431
462.272400,122.326714,61.468655,83.829002
460.398895,123.697578,61.645149,82.179443
459.972504,124.042465,61.997440,82.097847
458.867767,124.394493,62.038326,81.998772
458.687805,124.217972,62.299286,81.890862
457.956055,124.373238,62.411850,81.668877
457.291321,124.621712,62.461815,81.867249
455.477203,124.520462,62.637028,81.623611
455.325836,124.532631,63.085629,81.867638
455.543945,124.673515,63.488377,81.882584
455.550415,124.730553,63.468952,81.966011
455.562683,124.755829,63.468864,81.957062
455.600464,124.488853,63.456715,82.076424
455.618713,124.699959,63.468998,82.463699
455.657898,124.719986,63.490135,82.466324
455.661346,124.737053,63.468643,82.464455
455.386047,124.634552,63.511349,82.442238
455.559326,124.604927,64.016678,82.503113
453.837830,124.680786,64.562195,82.915451
453.502594,124.811943,65.152870,82.742958
453.281860,124.842720,65.460739,82.942703
451.295349,124.695412,66.242256,82.481628
449.935547,124.918243,66.535759,82.264030
447.080719,125.599709,67.553345,82.318245
447.014740,125.575058,68.258041,82.505325
446.169800,125.889900,68.758331,83.252296
445.435822,126.006485,69.908707,83.692696
444.687012,127.002617,70.127350,83.807190
443.615234,127.056618,70.872818,84.402115
441.610535,127.557411,71.809227,84.343376
441.264130,127.878754,72.201431,84.284836
436.445465,128.017563,73.253479,84.738518
434.017609,128.541702,73.501122,84.556786
432.842712,128.839844,73.996811,84.790695
431.934296,128.956512,73.866043,84.828171
429.700775,128.299805,73.600151,85.064705
426.324036,129.281158,73.557610,84.088646
423.818024,128.535049,74.339409,83.482666
420.457764,126.970192,74.429207,83.420242
417.875549,122.565643,76.004501,83.542259
416.858246,121.742050,77.317116,83.628624
416.579437,121.588173,77.777855,83.873413
416.407104,119.981224,78.071945,84.163864
416.132874,119.829788,78.802986,84.135979
415.496674,120.123489,81.207344,84.239807
415.604187,120.258751,81.553574,84.504204
415.811310,120.510750,82.002327,84.973625
416.049713,120.519600,82.455368,84.955429
415.697693,120.364944,82.697594,84.881760
415.694672,120.345818,83.113617,84.922020
415.331146,120.469727,83.737221,84.703560
415.329041,120.467896,84.050354,85.063286
415.500092,120.524010,84.601807,85.420471
415.668640,120.495728,84.965523,85.470268
415.557678,120.518768,85.008087,85.430664
415.763885,120.532585,85.479370,85.469780
415.249908,120.600716,84.886581,85.285194
415.299103,120.714127,84.960876,85.458893
415.095032,120.440880,84.895134,85.454521
414.965027,119.887123,84.743950,85.669044
415.087738,120.044708,84.961334,85.967010
415.070923,119.952629,84.925766,85.979858
415.052368,119.906937,84.932144,85.881500
414.497437,119.632446,85.190491,85.774460
413.237061,119.393898,85.775467,85.975220
412.299622,118.790787,86.400642,85.547150
408.908752,117.918907,86.716118,85.025703
408.912628,117.867149,86.961853,85.379219
406.760468,117.858841,87.359077,84.782364
405.185089,118.038605,87.565414,84.801292
404.646240,117.994553,87.868843,84.897545
404.623016,118.084137,87.995720,84.931648
404.414062,118.173141,88.103333,84.996750
404.209198,118.459465,88.646561,84.800743
403.576233,118.972900,89.318283,84.763763
403.606323,119.158737,89.462059,84.914055
403.114319,119.430115,89.624557,85.010506
400.465912,120.213196,90.013947,85.595192
398.570221,120.459274,90.357628,86.072159
398.112732,121.007202,89.944382,86.602112
394.677856,121.155899,89.587616,87.436905
394.702698,121.263565,89.673553,87.460899
394.728516,121.297096,89.834999,87.509766
394.117310,121.903496,89.512260,88.169823
393.829651,121.950752,89.713554,88.641724
392.278076,122.360497,89.829163,88.931885
392.301758,122.384773,89.938065,89.036232
392.135071,122.623589,89.919655,89.477409
391.450653,122.619675,89.947044,89.513649
390.756348,122.741051,90.147392,89.869896
389.293915,121.587280,90.849625,90.516907
388.725983,120.235039,89.966118,90.715271
388.267303,115.924126,89.659187,90.484741
387.970764,113.324440,89.802330,90.066711
387.761902,112.884331,89.921677,89.882530
387.797607,112.658623,89.869324,89.698151
387.461761,111.915413,90.206680,89.609795
386.891083,111.367279,90.532753,89.738571
386.848724,111.081253,91.031326,89.802330
386.741791,110.104691,91.885239,89.568085
386.778046,109.954910,92.053062,89.808632
387.042114,108.856384,92.566917,90.134178
