1
201.462158,326.529388,64.928619,99.405258
201.526825,326.528259,64.964195,99.430351
200.973083,326.527832,64.663246,99.417953
201.134232,326.541443,64.962227,99.417809
199.878052,326.301819,64.412300,99.214157
197.650253,327.355560,63.788445,101.698517
196.040665,326.761749,64.203934,102.581497
189.882233,327.740448,66.140358,102.808212
188.470566,325.637024,66.603462,103.252365
185.805878,326.054565,66.400848,104.026970
181.607254,328.102722,66.815971,105.385658
179.298630,327.959351,67.091072,105.414482
176.957199,327.849670,67.230446,105.355453
174.995789,327.323853,67.383858,105.068687
172.120712,326.527527,66.644295,106.031021
168.684006,325.643433,66.514038,106.270599
166.999878,325.936188,66.379791,106.052399
165.623276,327.220917,66.410835,106.265388
162.499405,331.329529,65.779762,106.293701
161.289886,333.192596,65.778999,105.878273
159.252274,336.208435,65.853806,105.620773
156.399612,342.228241,65.463928,104.862045
156.416122,342.297516,65.467659,104.954758
157.581940,342.981995,65.490936,104.913101
157.618271,343.038727,65.443214,104.963074
157.646576,342.900848,65.339134,104.967567
155.258926,340.721069,65.976418,105.509567
155.269806,340.954559,65.928741,105.951118
154.925766,340.575775,68.848892,105.670723
160.361221,336.971069,68.294731,107.111137
160.735764,336.227722,71.489372,107.821335
162.388214,332.012878,71.574310,108.860985
162.909546,331.646667,72.031128,108.883347
164.214157,331.028137,73.215462,108.897636
169.798752,328.992340,74.303268,108.885078
172.187103,326.798309,75.153961,110.007988
172.376770,326.957520,75.485924,110.484276
175.491684,325.273743,75.235916,110.707214
177.999313,323.000366,75.907967,110.110138
178.061432,323.095398,75.957710,110.358444
178.292664,322.998749,76.319344,110.505920
181.580521,323.860504,76.667717,110.407669
184.531342,323.191071,76.301132,110.608208
186.512299,323.197968,76.213326,110.578171
190.410889,323.700073,74.983841,110.062637
190.557892,323.851532,74.933029,110.403091
190.609375,323.879822,74.960289,110.431374
190.710892,323.805786,74.986397,110.354683
194.227783,323.208221,74.872459,109.822250
198.382874,317.291931,73.872566,111.690491
198.947632,316.764252,73.926048,111.607643
201.015900,315.121277,73.815941,111.138664
204.852448,311.066895,73.444611,112.123459
205.503464,309.415863,73.057991,112.143257
206.023270,308.425598,73.339279,111.941788
205.350708,306.756775,72.934860,113.155434
205.537079,306.858154,72.889473,113.458130
207.449890,305.670135,73.256218,114.342224
208.758698,306.090973,73.541710,114.278549
209.096222,306.163910,73.917122,114.582748
209.091599,306.321899,73.908913,114.951126
209.038101,306.245819,73.913109,114.975395
208.302307,306.285431,73.484505,114.839935
208.357513,306.218323,72.434570,114.980476
208.812561,306.528351,71.805893,115.075974
209.053009,306.652527,71.904671,115.359581
209.207596,306.487701,71.880013,115.572815
206.550415,306.121979,70.732086,116.500687
206.605850,306.080872,70.215034,116.851662
206.678864,306.157410,70.496246,116.889709
206.849197,306.218689,69.603455,116.790680
207.444885,306.297607,68.947197,116.166618
207.384537,306.446716,68.801804,116.191505
207.747818,306.523193,68.141953,115.914551
207.012238,307.753143,68.007210,115.338318
207.223160,308.178711,68.291191,115.326126
207.695679,310.007965,67.944771,115.453232
207.809341,310.010803,67.918282,115.367004
207.966232,310.003052,67.909683,115.427872
208.146957,309.375793,67.971832,114.928261
208.233505,309.438568,67.944511,114.794891
208.477341,309.441376,67.824753,114.796944
208.842239,309.706451,67.761093,115.039787
209.449341,313.001526,68.271538,116.136322
215.126556,317.840424,67.996719,115.443077
216.411011,319.884918,67.249092,114.910995
217.026474,320.483002,67.309235,114.423355
217.241058,320.480042,67.430428,114.430008
217.661835,320.353455,67.320320,114.319176
217.986282,320.374969,67.423180,114.347763
218.945526,319.455048,67.176888,114.415947
221.852463,316.787354,66.569145,114.151505
223.077682,315.578888,66.279526,114.173203
226.114685,312.240204,65.784935,112.928360
226.392853,310.796204,65.979874,112.441185
226.156158,310.376221,65.943039,111.798790
226.184357,310.358643,65.859009,111.750267
226.431366,310.466278,66.256142,111.359268
230.804596,310.943542,66.599037,108.470787
235.096893,312.834503,65.916252,107.530762
237.668030,314.382507,65.168152,105.621651
238.987579,315.074524,65.198746,105.045830
241.386765,315.139343,64.958336,104.115547
242.112381,315.532623,64.734276,104.048141
243.805984,315.725616,64.727104,104.075012
246.261185,316.231750,64.361595,101.715225
245.991867,313.248383,63.103634,98.960724
245.831604,312.337402,63.051392,98.754379
246.889694,311.940674,61.989307,99.026123
248.038467,311.408539,61.143024,97.505600
249.948624,312.956604,60.690773,97.023476
254.438187,312.703888,58.498844,96.711243
256.780823,311.596222,57.163235,96.181992
257.393707,309.272339,56.559380,92.987305
258.535553,309.704926,56.469078,91.165710
260.152008,309.847229,55.169640,90.199203
261.440979,311.490784,54.585487,90.868332
262.584381,312.330811,54.525257,90.679955
263.977997,315.001678,54.244320,90.860603
266.112579,315.004272,54.246117,89.663063
266.008087,314.626648,54.490742,89.389458
263.711670,315.175079,53.597626,88.514618
263.875946,315.423737,53.943108,88.936653
266.079742,317.713959,53.964531,87.361679
266.151520,317.599182,53.946400,87.424141
265.195465,314.093597,53.255432,86.445824
266.188477,310.275604,52.502129,84.609070
268.388245,307.014099,51.516739,79.042152
268.134796,307.054413,51.854206,79.385468
267.909485,304.940094,51.706791,78.177528
268.664825,305.267395,50.978104,78.698112
268.785767,305.200165,50.701801,78.655403
268.945312,305.378571,50.965572,78.963943
269.047119,307.033539,51.056683,79.438698
267.654236,308.425659,50.323956,82.806366
265.856262,312.383911,49.833298,83.481079
265.949921,312.498505,49.980942,83.441261
266.009857,312.458771,49.965034,83.492111
265.816010,311.945038,49.787937,81.475304
264.641327,309.868958,50.399036,78.801796
263.520142,308.419769,50.655941,78.859543
259.204041,309.327148,51.481724,78.311768
259.210602,309.441498,51.472893,78.445976
259.197968,309.428436,51.472416,78.452103
259.328461,308.854340,51.386105,78.123245
256.928253,308.304199,51.199444,78.037598
255.966019,309.367035,51.429543,77.209785
252.816330,309.694000,51.263664,76.336937
252.452682,309.662750,51.434799,76.439598
250.013458,307.788513,51.350178,76.962601
248.513565,305.545105,51.020401,76.516350
246.131104,301.368103,50.993221,76.438034
246.021973,299.828217,50.788258,76.441963
243.653168,300.230957,50.887375,76.548401
239.408981,303.450745,50.939049,77.426720
239.985092,306.998352,51.147076,78.130188
240.715775,310.079498,50.464291,79.920830
240.349686,314.125427,50.021591,80.638046
238.740219,315.952759,49.790680,81.938393
238.426590,320.506439,48.069382,83.541359
237.028854,323.544006,50.795223,83.238785
237.874069,322.164154,51.107307,82.603111
237.455627,316.730408,50.839176,83.388680
237.844635,311.859436,50.786987,82.568382
237.039688,310.334839,50.942932,82.561066
234.399689,313.863342,51.150047,85.911552
233.605530,318.037506,50.135159,89.233467
232.859421,320.279541,49.990677,89.902267
234.156586,323.361450,48.928921,91.567055
235.186157,323.686768,48.652802,91.536064
236.576752,320.243744,48.586342,91.554565
235.322586,314.811493,48.696938,90.798820
232.038528,308.617310,49.028313,90.195641
229.350098,307.709320,49.262421,88.617935
230.362274,306.823120,49.012386,87.304832
230.912216,305.530334,49.672871,83.546326
231.036728,305.370361,49.754292,83.391151
231.219391,305.676758,49.857616,83.510628
231.032974,306.493835,49.738712,84.083023
230.710144,308.138672,49.514561,84.531830
231.026505,308.405121,49.972263,84.884201
231.126511,308.408051,49.879612,85.061493
231.308121,309.013885,49.827072,85.701256
232.145111,306.971405,49.482933,85.324707
230.416977,308.287811,48.909359,85.505013
230.820648,310.291718,48.576801,85.495026
232.044479,311.028564,48.596302,85.311012
232.592026,310.612549,48.888657,84.842888
234.120026,310.761993,48.373379,82.906593
234.189865,312.092987,47.918190,83.183235
235.165039,312.290375,48.706123,83.452843
235.267120,312.590088,48.755180,83.382118
233.287216,313.578064,47.847145,85.193810
232.649353,314.041595,47.846825,85.058769
234.383606,314.665100,47.701370,85.998543
231.539963,316.698822,48.497932,85.253166
230.436691,319.792084,47.843857,86.445381
230.229507,319.927521,48.222492,85.795479
230.730728,317.787537,48.607159,85.576744
231.376175,313.101624,48.493336,86.318848
230.233536,307.710724,48.113060,83.779785
229.920227,307.457062,48.210529,83.803070
228.713043,309.390656,47.822266,84.633163
226.936920,310.291718,47.251022,83.935837
227.055298,308.001160,47.445774,84.834763
228.139954,305.694672,47.284988,84.145508
228.374817,305.442078,47.373550,84.717957
228.979431,305.618073,46.641861,85.474808
228.618607,307.964569,45.652061,90.206490
228.787979,310.256897,44.672745,90.943069
229.263260,316.297974,44.675571,91.556625
229.971375,316.436584,45.089043,90.701530
232.049255,317.195404,44.760952,86.388832
232.348740,316.784454,44.897732,85.379402
232.013885,317.240906,44.254776,86.523750
227.027954,316.735504,44.290039,84.876373
226.317459,314.756775,44.329521,83.781441
226.795364,315.799469,44.085361,83.476105
227.382233,316.499756,44.099480,82.665436
227.628601,317.311249,44.232952,82.700470
226.931732,316.788147,44.396217,80.786087
225.855270,315.521088,44.485313,80.066978
225.402512,313.621124,43.936508,80.077911
226.189011,310.645020,43.424385,80.637718
227.381912,308.066986,43.019413,80.186546
226.445023,303.225006,42.677494,79.029182
225.593307,305.043365,42.491856,80.632256
226.734177,308.886353,41.904301,79.814018
228.192505,309.600372,41.700191,79.080948
228.832153,308.961151,41.577396,77.415398
228.470963,309.485352,41.757553,77.414551
228.666931,309.558380,41.861103,77.444466
227.091385,312.749634,41.584560,77.906387
225.479355,316.800598,41.444786,78.474388
226.249924,321.607605,40.446308,78.435921
227.738037,325.225922,39.338085,80.668579
228.602112,328.732666,39.383503,78.927399
228.602814,329.439911,39.404228,78.815559
228.867233,331.434418,39.169781,78.654572
229.412399,331.797058,39.390034,78.613510
229.781296,331.566925,39.378338,78.675072
231.275177,329.550964,39.403263,77.279564
232.561646,322.985840,39.170250,75.108269
232.665939,317.848785,39.236279,74.008827
232.364975,317.299377,39.328938,74.236313
229.375122,318.493744,39.021015,74.558823
229.378555,326.014404,39.356201,72.053665
232.338013,326.480621,39.328129,71.326851
234.910782,326.706360,38.841908,71.136436
233.786270,326.787079,38.591740,71.842995
232.721146,327.736511,38.676575,71.799355
232.362137,326.978790,38.733532,72.417824
231.909256,326.827606,38.736977,72.494987
230.628082,324.775787,38.579342,72.643471
229.815979,323.223755,38.773834,73.257462
228.983109,322.059326,38.699265,73.410942
228.809708,322.339569,38.540115,74.005569
228.097092,323.171539,38.211437,75.879631
228.200058,323.591309,38.178566,76.061302
228.060867,323.742737,38.332275,76.598221
227.796875,324.809631,38.445438,76.725433
224.021408,327.959778,39.842884,76.717735
222.244156,330.276917,39.492661,77.047867
218.726730,334.649200,39.439297,78.818291
218.842468,340.039276,39.336411,78.792862
221.378540,340.125458,38.657227,78.169640
221.610886,339.117218,38.704655,78.209366
220.185349,335.359344,38.805580,78.724075
220.453400,333.959564,38.497578,79.160522
219.429581,330.134003,38.033417,79.893761
217.868774,328.181763,38.773968,79.466331
216.977798,327.120148,38.534431,78.344887
216.313736,323.050690,39.330418,77.073029
217.408142,322.324738,39.023926,76.979965
217.068680,324.154816,38.331951,77.469925
215.582443,326.041962,38.455685,76.509995
215.989197,328.197021,37.946003,76.576065
216.027191,328.330017,37.869717,76.631104
214.353317,325.963989,37.973553,76.498550
214.476303,326.112854,37.887596,76.372803
214.846436,325.205780,37.882465,74.276581
214.605957,326.230530,37.926319,74.094528
213.082840,327.890778,37.498264,74.777328
213.051773,327.968109,37.608013,74.888077
211.547272,326.355652,38.524319,74.296364
212.211838,325.678223,38.438065,74.180077
212.587112,324.612244,38.226063,73.826263
212.686859,326.386047,38.266933,73.662224
212.967880,326.771027,38.384697,73.639519
213.439529,326.679962,38.466881,74.201332
217.787094,326.700989,38.128059,74.182808
214.863235,321.455200,38.816700,74.071724
214.110046,319.785736,38.879105,74.504501
214.353058,322.357330,38.228806,75.577766
211.085449,323.759247,38.400608,75.825615
212.660934,330.921021,37.684349,77.754929
210.110214,332.425201,38.507076,77.647614
212.482574,337.925659,38.200611,78.420746
208.330780,333.684875,39.209686,78.726700
210.816025,336.635406,38.855206,78.029892
204.995972,337.869537,40.646210,79.337563
205.186951,335.304657,41.091393,77.813606
209.301086,333.975037,41.167244,76.890266
208.825439,329.933594,41.806976,76.662140
203.129471,326.291840,42.341354,77.175293
200.243301,328.026154,43.376732,79.453247
201.841507,329.688629,43.896473,81.072853
202.573914,329.029877,44.766903,81.879402
199.725342,327.569916,45.443733,82.673019
199.364883,326.758331,45.619671,83.302345
201.872543,325.998108,47.081581,82.469971
200.434174,325.856750,48.029552,85.310318
199.427383,327.060150,48.620350,86.530846
199.102173,328.230499,49.042629,88.040680
199.322662,327.636017,50.017071,88.115250
199.005249,326.177582,51.342354,89.008316
198.428421,325.750854,51.803158,89.377922
198.216736,326.062256,52.315418,89.049774
196.601257,327.128082,52.729507,90.412971
193.387878,329.380005,53.661983,89.375793
192.845596,329.504242,53.985027,89.975342
192.615280,328.494659,54.060677,89.779137
189.777557,323.564209,55.057014,87.970619
189.949158,321.659393,55.549496,87.838287
189.132294,317.993805,56.285511,86.375626
189.173721,317.699310,56.525768,86.479645
187.173355,316.278778,57.491329,86.454712
185.099762,311.770630,58.903481,87.105911
184.618774,311.396027,59.169991,87.705727
182.849228,311.561371,59.871120,88.095009
182.602097,312.228821,60.062939,88.495384
184.395355,316.662659,62.141804,88.557793
184.393753,317.028992,62.489693,89.039459
181.761673,316.286407,62.479874,89.616966
180.478134,315.553589,62.636955,89.882492
180.086868,314.527069,63.225067,89.303703
179.409454,315.118225,63.591862,89.695160
178.087982,317.626404,63.831482,89.240479
177.087814,325.203369,64.898621,89.046371
177.167236,325.507477,65.002098,89.418541
177.059174,326.795868,65.422783,89.280998
175.476700,327.726471,65.893867,89.216827
175.622849,328.614441,65.928955,89.493126
174.556900,332.478119,65.877563,89.810204
173.108994,337.326263,65.590210,90.511017
173.299408,337.805237,65.996902,90.963623
173.305161,337.814789,65.970802,90.953781
173.292725,337.704498,65.976555,90.972321
173.324860,337.719635,65.971283,90.943016
173.391907,337.981842,65.967453,90.962166
173.895309,338.787750,65.854736,91.107430
174.050888,339.100494,65.968513,91.420639
174.230576,339.814819,65.831406,91.712143
174.386566,339.810730,65.953186,91.983490
174.323257,339.754028,65.943237,92.005478
174.323669,339.989899,65.940865,92.496574
174.311874,339.941467,65.928078,92.540405
174.201736,340.114227,65.888412,93.041351
174.254257,340.343323,65.963997,93.462463
174.260696,340.277374,65.947136,93.493607
174.470535,337.871735,65.591446,93.745277
173.251999,336.949799,65.496658,94.466515
173.046310,336.977783,65.402489,94.559113
173.075134,339.698242,65.087662,95.151550
173.568970,336.507568,65.010101,96.112411
171.450684,336.880188,64.837776,96.253082
171.694046,337.095673,64.461372,96.684341
171.769653,337.273682,64.401573,96.939369
171.865372,337.275085,64.313385,96.963676
171.265198,337.931274,63.795303,97.012917
171.657715,338.170746,63.757248,97.453064
172.275574,337.958405,63.627647,97.448502
172.441315,337.353088,63.876698,97.417465
172.639191,337.041046,63.833305,97.309708
172.576828,336.726471,63.775681,97.560257
172.582962,338.217499,63.592075,97.814102
173.208405,340.981049,62.853371,98.189697
173.955551,344.813995,61.894981,98.596428
174.213577,344.805542,61.892200,99.166580
174.616608,343.150024,61.655380,100.353424
175.881378,342.494049,61.584015,101.115829
176.289200,341.215851,61.773865,101.580452
176.895172,337.726227,61.835186,102.848564
177.914795,334.235016,61.753838,103.473160
180.263382,329.489868,61.608654,103.456894
181.539185,324.892273,61.592903,103.001816
183.322235,318.510223,61.423504,104.597336
183.468063,318.182312,61.208202,106.201897
184.733658,322.035736,59.960274,107.353020
187.855408,330.832245,58.769878,107.167976
187.969849,331.043121,58.951553,107.435272
188.033463,333.484711,58.274929,107.896805
189.062210,335.118622,57.768124,107.548927
189.092728,335.217438,57.938820,108.030197
188.285446,335.222931,57.686378,108.907166
187.971573,337.789429,57.573441,109.957382
187.792679,340.142731,57.569111,110.045013
187.709412,340.109650,57.860031,110.592644
187.450119,339.655426,58.021496,110.899117
186.890594,338.653595,58.077015,111.408234
186.800156,337.420074,58.186226,111.313179
186.147720,337.374115,58.367157,111.982124
185.986496,337.531097,58.216240,112.101303
183.058411,350.927124,57.785828,107.278412
183.264801,351.064911,57.924145,107.493431
183.279831,351.014801,57.970238,107.494324
183.241165,351.121155,57.976704,107.506447
182.627487,351.870483,57.745941,108.328651
183.202911,355.493134,57.621994,108.370239
183.404678,355.494110,57.955967,108.869217
181.978409,361.202759,56.944389,107.243660
179.469299,362.040466,56.640278,107.264740
180.017334,362.559052,56.817120,107.315247
180.730881,362.313293,56.821358,107.723488
178.129196,360.647217,57.036957,108.039429
175.549408,360.067566,57.119442,108.986427
172.196014,357.993774,57.273087,109.076477
169.048828,358.396606,56.757927,110.210342
167.599258,358.787354,56.611565,111.047073
163.987259,356.196381,56.354557,114.357201
162.576614,350.187500,56.083794,114.601883
159.844482,343.338562,55.613808,116.442963
155.585556,338.515625,55.532501,116.749657
153.354767,336.545044,55.526119,118.607597
152.567795,334.251587,55.546074,118.510948
148.002686,332.946228,55.450550,119.771065
141.740479,330.150513,55.208778,120.798065
141.539078,329.659393,55.248432,120.937233
142.038300,328.907898,55.228298,121.550545
141.769653,329.216278,55.099941,121.872055
134.884171,333.614410,53.943596,119.235474
135.372910,333.816132,50.473454,122.383469
134.931396,334.141785,50.307663,122.147148
135.584229,334.495453,50.460857,122.282051
134.855576,336.482361,49.816929,122.141098
135.455292,337.393463,49.812313,122.067619
135.742035,337.690308,50.024914,121.664413
135.996750,337.856354,50.464676,121.966179
136.059921,337.896393,50.411442,121.938972
136.261856,337.626312,50.451962,121.754166
138.047165,337.126648,50.222416,121.010567
142.092712,335.854279,50.147507,121.017891
143.182724,335.820770,49.893658,121.341217
143.645081,334.779388,49.867439,121.081917
143.711136,334.069275,49.921860,121.258102
144.161957,333.835327,49.983021,121.453110
146.507797,332.477631,49.934311,121.861725
145.679138,331.708710,49.939686,121.365349
153.311661,330.839661,49.500240,120.188637
153.370132,330.828308,49.998756,119.925438
152.073166,330.006836,50.148922,119.910812
152.802490,330.528687,50.354237,119.672531
155.239319,332.262177,50.297802,118.146034
155.615219,332.382355,50.514877,118.177307
155.863525,332.535278,50.970566,118.449471
157.173569,331.976318,50.887062,118.097397
163.661484,331.054047,50.316250,117.364197
163.818726,330.516205,50.385258,117.074013
167.102829,325.254517,49.352772,116.947853
168.303406,322.883972,49.408264,115.667664
164.598907,322.172699,49.223087,115.513870
164.792892,322.283875,49.497898,115.874016
165.368332,322.978363,49.716461,114.893829
165.740051,323.246399,50.025982,114.814491
166.368317,323.422485,50.460960,114.807617
167.023346,322.801544,50.374237,115.088669
167.169724,323.034607,50.429424,115.497887
167.352600,323.651581,50.400639,115.397797
167.260330,324.237610,50.257835,115.643013
167.378616,324.467621,50.472153,115.943169
167.397018,324.561096,50.472256,115.910774
167.406998,324.606232,50.471500,115.945129
167.316803,324.501038,50.447819,115.928421
168.392075,324.200165,50.387718,115.805008
168.503494,324.624146,50.436031,115.808784
168.676758,325.463348,50.440872,115.885338
168.903198,326.125946,50.471252,115.831940
168.964142,326.346619,50.452194,115.920341
170.550354,326.069244,50.591824,115.167198
170.730576,325.952179,50.922428,115.504112
170.851166,325.945251,50.878174,116.059952
173.395264,323.963989,50.529301,116.612671
173.823166,321.048584,50.342041,117.704201
173.155548,320.582703,49.643280,117.681564
168.126923,321.016449,49.634899,116.611076
168.556671,321.190308,49.713531,116.973816
170.823792,319.483337,50.316269,116.548492
170.966431,319.238495,50.385311,117.219246
170.646973,319.255798,50.232815,117.423462
170.248306,316.980469,50.548409,116.861679
170.272873,315.417694,50.668968,117.418190
166.369415,314.029480,51.734917,118.909615
162.744232,315.070129,51.748444,119.058731
162.984207,315.398743,51.900108,119.465729
163.082520,315.369873,51.969696,119.468384
163.096466,315.385986,51.974323,119.448509
162.589386,315.171387,51.956696,119.097809
161.824890,314.933289,51.678349,119.012489
161.953293,315.159698,51.971661,119.411232
161.017029,314.825867,51.941189,118.542816
158.482849,313.829285,51.928471,118.091957
158.586426,313.932648,51.966209,118.413345
158.632782,313.928619,51.952698,118.367821
158.991516,312.220673,52.652843,117.435043
158.897278,310.801025,53.700371,115.803879
158.188019,309.416656,53.978085,115.349426
158.716110,308.228912,54.767574,114.086937
158.780685,308.397552,54.964550,114.406525
158.805893,308.685486,54.974918,114.240837
159.006042,309.628723,54.983437,114.468483
162.518066,312.172089,55.379505,113.751175
164.488754,312.532227,55.872810,113.826599
164.559723,312.682190,55.995327,113.942360
163.855377,312.891785,56.128777,113.818184
164.058853,315.413361,56.562321,111.989899
164.360489,315.602020,56.985821,111.827026
164.297348,315.776001,57.011124,111.720047
164.419495,316.032837,57.429970,111.761093
164.352249,316.156952,57.475845,111.905090
164.073471,316.516022,57.457325,111.852699
161.968826,322.978973,55.314400,106.403427
162.148468,323.838684,55.712936,106.101120
162.104095,323.874725,55.990475,106.501526
160.701080,325.145996,56.069164,106.251335
160.518066,325.496155,56.247429,106.214195
161.488800,325.354340,56.533554,106.235207
162.370483,325.122314,56.876621,106.273094
162.070175,325.037872,57.007687,105.956123
162.226532,325.145966,57.486267,105.625053
160.875977,326.781982,57.328442,103.901909
160.894745,326.902557,57.470287,103.788559
161.131531,327.104797,57.471336,103.801994
161.384872,327.270416,57.443142,103.916229
162.019180,327.026245,57.287651,103.965248
166.667633,326.069061,57.032688,103.478653
166.848343,326.141937,57.440197,103.307243
166.761200,326.165039,57.481625,103.515770
166.769043,326.407440,57.471607,103.955193
166.782181,326.429321,57.472195,103.954735
168.006577,325.905121,57.350323,103.609917
168.579407,322.159119,57.318974,103.014587
168.638153,316.015015,57.463455,101.983002
168.627609,315.909515,57.351894,101.903755
169.077835,315.363861,57.322189,101.709816
175.280350,312.917603,56.721653,101.008606
174.684753,311.605927,57.147446,99.426117
175.132446,309.446686,57.646202,98.809906
175.338806,309.526886,57.957859,98.964951
175.331070,309.326172,57.999069,98.953972
179.525482,304.328949,57.218399,98.798798
179.616776,304.139496,57.468800,98.710548
174.220352,303.320648,56.448498,102.575188
174.361481,303.256866,56.459557,102.947662
174.365677,303.260254,56.470924,102.944420
173.836029,303.084747,56.293030,102.743416
172.959381,302.312988,56.261486,102.972061
172.429428,300.831970,56.587692,102.597435
172.177750,300.461304,57.060051,102.506233
172.197586,300.811676,57.444035,102.929764
171.172989,301.827332,56.892593,103.793365
171.703979,309.716827,55.261421,103.381622
170.695053,313.644501,55.360149,102.962059
176.890320,314.047791,55.115620,103.644012
177.008850,310.896088,55.781815,103.928238
176.254135,308.055145,55.871922,104.493042
176.500946,305.205658,56.179153,103.825577
183.493317,300.211395,56.137970,103.391029
183.909561,299.212067,56.500599,103.655685
184.035736,299.027710,57.004276,103.850044
184.101608,297.869476,57.505230,103.818390
185.404816,295.929108,58.029140,103.871536
184.823929,296.641632,58.205372,104.103348
185.735580,296.790222,58.529213,104.933678
188.369873,296.379425,58.967751,105.175781
187.666107,296.493378,58.929173,105.704880
187.714691,296.637573,58.985149,105.922813
187.698471,296.660583,58.962616,105.951836
187.685211,297.654541,59.005547,105.923149
187.972931,299.570618,59.156124,105.901352
183.135056,304.731964,62.712601,103.180824
180.437988,309.758057,63.135937,99.530472
175.290970,316.503845,65.222160,99.253868
174.473160,324.337799,65.249863,99.726097
174.708069,324.507538,65.420204,100.008087
174.738403,324.739075,65.464294,100.461739
174.647430,324.853088,65.468491,100.422508
174.483810,324.685455,65.410156,100.543999
174.151001,324.182007,65.530838,101.118431
173.729553,323.518890,65.795235,101.649033
173.722794,322.749115,65.796738,102.157433
173.700638,321.728149,65.916893,102.028862
173.453598,317.434021,65.673553,101.495979
173.531036,315.046753,65.905304,101.224625
173.299072,314.861481,65.752678,101.310776
172.469849,313.809662,65.585815,101.265839
170.547211,313.294373,65.296371,101.343208
170.531647,313.168701,65.394875,101.315666
168.323975,308.910217,64.388748,100.437538
164.444092,312.953766,63.303848,102.508438
161.369186,314.115295,63.521698,103.650391
160.786942,314.011597,63.872585,104.006653
156.091599,317.634308,63.480740,105.229454
152.587646,320.098053,63.359802,105.017090
152.772446,321.719482,63.959480,106.598579
152.796478,321.925171,63.963482,106.960762
152.813232,321.945068,63.968395,106.953896
152.827545,321.968414,63.968395,106.953896
152.816742,322.020477,63.953392,106.955009
152.682404,322.359619,63.848152,107.529366
152.527283,323.558502,63.900852,107.803604
152.582260,323.634247,63.955326,108.017281
152.687576,323.878143,63.914459,108.462196
152.669815,323.795776,63.731941,108.649635
152.783020,323.914062,63.972683,108.979645
152.743607,323.634277,63.890862,109.140923
149.014435,323.079712,63.347908,110.081711
143.592331,327.220734,63.093010,113.382286
143.837555,330.865265,63.259758,113.600143
145.999527,330.576141,63.043598,115.734917
145.725891,331.270477,62.907036,115.731636
142.450500,335.035767,60.005894,114.721832
145.685165,335.371368,59.707436,115.651810
151.163101,334.135468,60.179298,118.150528
151.276306,334.320892,60.426083,118.479851
150.514069,333.346008,60.507137,119.506981
151.043533,333.298676,60.808022,119.929230
150.598831,328.244904,61.088314,119.893517
150.818283,328.228271,61.451550,119.956482
150.861053,327.613831,61.352081,120.530640
150.353729,327.595428,61.415283,121.792870
150.383316,328.459625,61.307293,122.150414
152.983047,329.325226,61.163830,122.777863
153.191406,326.837311,61.307251,125.148567
152.671341,323.215057,61.855877,127.090942
152.563034,321.643829,60.725204,128.221390
152.267502,319.109070,61.097233,127.467873
152.567383,318.515015,61.394547,127.457985
152.159210,318.178864,61.180584,127.620911
152.188858,317.196381,61.198944,128.306046
152.947571,312.324738,61.717243,128.437729
152.066711,311.346344,61.560860,128.334686
149.706604,307.260590,62.215508,132.323654
149.825790,307.336060,62.457787,132.428864
149.675781,307.496185,62.854256,132.437073
149.455917,307.602386,63.113312,132.910477
151.134750,306.113068,63.502037,134.029587
151.700287,305.539825,64.542938,134.928360
151.141159,308.282349,65.547615,133.985687
151.232773,309.351776,65.628624,133.416733
151.901550,309.388794,65.972832,133.367996
155.350327,309.153076,65.808853,135.061691
159.321701,308.600525,66.719696,135.725937
163.453201,309.410309,66.231453,134.932755
170.925430,309.664337,66.732948,135.898895
172.699356,308.994171,67.518860,136.560760
173.058182,309.144318,67.953850,137.024734
173.119278,309.419495,67.961914,137.411652
174.013901,310.013031,67.814796,137.172729
177.431824,307.330902,68.140984,140.248398
181.697540,306.067047,68.177116,140.198959
182.674805,304.643768,68.178436,140.702393
182.852142,304.781586,68.432182,140.914902
182.873108,304.874268,68.474442,140.920258
183.101547,308.029510,68.155495,139.961533
183.896255,311.946503,67.455902,137.705963
187.134918,315.468597,66.304939,136.259232
187.399338,315.427032,66.417244,136.599548
189.277802,314.971771,65.909882,136.942474
192.829117,313.123169,65.445618,138.041962
194.199203,312.005676,65.000061,138.723389
196.565735,311.578339,64.719322,138.035889
197.370468,310.500031,65.036972,139.558640
198.095673,309.486694,65.922783,139.975616
198.087494,309.262207,66.065292,140.039337
198.054657,309.461914,66.580048,140.205902
195.214218,310.504089,67.367218,138.672989
191.026550,309.281250,68.766121,138.197784
190.037018,310.093536,69.499313,138.423828
190.042938,311.021210,69.370811,138.319382
192.167496,318.804169,67.251091,134.922714
193.118607,320.395569,66.923508,134.118195
193.420532,320.728180,67.184113,135.113434
193.593552,320.937378,67.493645,135.459869
194.328888,320.636169,68.296974,135.642624
194.437744,321.207153,69.803307,135.551758
194.874329,317.718781,70.555687,137.469833
195.684219,315.928497,70.940689,138.070297
200.350204,311.202057,69.320595,138.883881
201.514389,303.320862,72.013542,142.711838
200.617432,301.568054,72.650925,143.109802
196.607635,303.793579,74.327438,144.649994
194.986725,305.126099,73.594757,144.430145
195.889832,308.793640,72.841652,142.483383
195.808914,308.634369,73.212395,143.038391
194.170258,308.315247,74.228294,143.773575
193.951263,306.640594,74.406105,144.184784
192.205063,295.957947,75.937386,152.992325
188.764053,290.362946,79.958511,157.295807
183.093292,293.232788,82.215881,154.877655
182.439804,294.442474,81.896469,154.491867
182.170837,300.290619,79.948952,151.512878
180.907578,297.608368,80.986870,155.805222
180.525955,297.291595,80.994087,156.041107
178.684448,296.617157,82.074852,156.598267
176.489868,295.893524,83.053848,157.535965
176.676697,295.959259,83.486122,158.443268
178.210037,295.129974,83.404228,158.473511
178.598633,293.755829,84.103661,158.452545
177.268784,293.562012,84.762489,157.077972
177.957031,292.302643,85.107224,157.135635
179.729004,286.361389,84.326164,159.537827
179.622894,286.512848,84.369888,159.852585
179.668884,286.589294,84.522186,159.935699
180.111908,287.876923,84.604759,158.293091
180.327957,287.248596,85.234085,158.996933
179.363586,286.617035,85.686668,158.555237
178.381516,284.562408,86.219734,158.820465
176.676056,282.900543,86.121353,159.335007
173.599655,285.587524,86.339409,158.001297
173.205917,282.027100,86.950897,163.409424
174.551727,282.465729,87.632568,163.901459
177.185959,281.127258,88.783371,164.212280
175.070724,276.895386,93.329811,169.505249
171.745087,279.958282,92.786324,167.499756
171.705658,279.681885,93.556625,168.022507
171.520721,279.974640,94.705452,168.566071
170.757843,281.061310,95.232552,168.522858
167.604538,281.691559,96.004272,169.019424
164.278885,274.174988,100.367531,175.066238
159.411530,274.694031,99.959976,173.408203
