1
203.091400,330.447876,56.706406,90.362617
203.254364,330.518860,56.920300,90.452805
202.961853,329.993866,57.085964,89.338577
203.071854,329.938934,57.424679,89.275581
199.735260,328.285919,57.457077,86.821480
195.063217,324.997467,58.053867,85.359283
192.760086,321.730042,58.611244,82.904190
188.833969,321.391968,59.309269,80.942261
187.941666,317.526703,58.488834,79.246277
187.430420,317.957489,58.584179,76.652390
183.155609,316.581482,58.597988,76.373482
179.880798,317.496826,58.676453,74.305305
177.971527,319.860870,58.702145,72.367218
176.813065,320.171692,58.661667,70.670502
173.535507,321.075226,58.949772,69.511009
171.051270,319.996460,56.857819,69.543480
169.697052,318.772186,56.310459,68.311775
168.614853,319.776215,56.985863,66.802597
164.286392,325.594513,56.548176,67.031967
162.430359,329.041351,56.086761,67.127121
161.424255,333.407593,55.951752,66.944313
159.778732,337.829437,54.511791,67.115211
162.414856,339.727875,54.202084,67.593658
167.327026,342.549622,53.138351,66.790855
165.430435,345.548828,52.918545,66.107719
164.091171,342.889893,49.989117,68.899742
162.544922,343.046722,48.003231,72.961143
164.739029,342.136505,47.702831,73.894135
168.158188,343.317230,48.933796,75.576218
172.947784,343.314362,49.449085,78.311005
171.969437,340.268463,52.221882,81.381897
172.123535,340.463501,52.513031,81.458778
172.953384,340.256561,53.375065,82.726379
173.837402,341.327545,54.854691,83.206581
180.721832,338.763794,55.617374,84.591972
183.401001,336.879608,56.143620,87.087410
183.724243,336.911560,56.513954,87.711143
187.426300,332.490417,58.024876,87.936508
190.455322,330.358215,58.310509,87.776535
190.545639,330.497772,58.474274,87.956429
191.492065,330.698273,60.627113,88.430283
195.619415,332.782349,60.579166,88.786453
199.814651,333.936615,60.361450,89.319023
204.430374,335.174377,58.567211,90.438110
204.999512,335.533081,57.895359,90.669533
205.169022,335.270844,57.925526,90.970100
205.195618,335.269348,57.969551,90.972321
205.760132,333.173279,57.707207,92.472038
207.179001,332.437225,57.679058,93.265846
211.000580,322.221680,56.449615,101.005272
211.110168,321.986603,56.432323,101.335098
211.092850,320.500580,56.513733,100.836754
213.042892,316.934204,56.814178,101.874207
214.532059,314.040283,56.384682,101.832977
214.537704,313.693848,56.488083,101.867027
214.508392,313.713379,56.488358,102.020851
214.551407,313.627502,56.506424,102.661163
215.986069,311.161682,57.962814,104.597786
216.405487,310.729584,58.283157,105.874123
216.545776,310.677429,58.432812,106.269333
216.558426,310.757385,58.484066,106.449257
216.131287,310.640167,58.322689,106.615997
216.192169,310.658203,57.727081,106.741707
215.668137,310.566620,57.784405,107.027252
215.733139,310.807068,57.969727,107.451126
215.645401,309.371826,57.974045,107.726578
214.333328,305.875122,58.760437,109.145752
210.991089,305.742035,59.573772,108.975677
210.288696,306.166412,60.078384,108.486717
210.324875,306.197113,60.375603,108.528076
210.785416,306.616791,59.205826,109.076515
210.907791,306.821747,59.443287,109.395752
210.309174,307.005585,59.213474,108.976250
210.599747,307.383575,58.728584,108.691978
209.860748,309.140808,58.171368,108.861176
210.249649,310.265381,57.903282,109.652489
210.443085,312.145020,58.029202,109.932968
211.356293,312.564697,58.615093,108.778000
211.682922,312.169312,58.751389,108.498177
211.857590,312.130066,58.941559,108.412346
212.813782,312.823761,59.164154,106.373749
213.045349,312.886047,59.457333,106.391045
213.595718,315.127075,58.902443,106.177605
213.525604,318.398315,60.867455,110.900032
218.790833,322.016876,61.377331,110.575546
220.301559,323.863647,61.329315,110.313568
221.349915,324.544464,61.181618,110.184830
221.528091,324.704468,61.465427,110.450851
221.583267,324.712219,61.438618,110.395111
221.631226,324.777222,61.480179,110.416855
222.244431,324.484833,61.476505,110.193153
226.315643,323.324219,60.895767,109.218475
227.305878,322.279846,60.645325,108.767441
229.308426,319.088165,60.791157,106.963898
229.936218,316.379120,61.040287,105.965683
230.005981,315.676056,61.425404,105.535164
230.048355,315.826050,61.428814,105.840981
230.464035,316.250610,62.122707,103.857994
236.462616,316.720398,61.709736,102.015556
237.579987,317.336761,61.529243,102.348373
239.398605,318.281921,61.382076,100.795174
241.309372,318.672943,61.239773,100.575569
243.778473,317.550751,60.747490,99.795807
244.455597,317.954376,60.680202,99.578125
245.325058,317.883179,60.708015,99.752556
246.293564,317.665527,60.544426,99.300278
247.636673,315.128204,59.730888,96.802559
247.969788,312.175140,58.949871,97.161644
248.403244,312.051117,57.884518,97.263382
249.513428,311.118591,57.762623,95.939278
252.284943,312.987762,57.441353,93.336288
254.751389,312.680908,56.239532,93.342590
258.489868,312.034851,54.626686,93.439339
259.536652,310.235443,54.052357,92.608322
261.467682,310.767059,53.625149,91.003502
262.914673,310.222717,52.611607,90.057541
263.832825,311.408905,52.554050,90.891388
265.063721,312.240112,52.183411,90.142998
265.675598,313.667297,52.122780,90.029427
266.067505,313.996704,52.563931,90.094841
266.381744,313.930969,52.898628,90.422478
265.645966,314.165375,51.723354,89.748238
265.488434,314.416962,51.835873,89.744347
266.976349,315.359344,51.700104,89.538956
267.109589,315.385132,51.922104,89.882057
266.612732,312.499695,51.255478,88.566635
268.163788,308.973541,50.510887,87.374031
269.466919,306.175995,50.020622,81.983246
269.439514,306.004913,50.456615,81.880226
269.434998,304.265900,50.255672,81.137238
269.567841,304.448212,50.453438,81.458313
269.714844,304.009399,50.077583,80.140785
269.928131,304.193512,50.471413,80.468430
269.663910,307.102325,50.450661,80.846977
267.874634,308.048157,49.453552,82.683907
265.856964,312.625092,49.092846,83.558083
265.953339,313.111694,49.617992,83.865906
266.116455,312.912201,50.021729,84.024216
265.998840,311.867096,50.371109,81.389496
264.194427,309.466492,50.872082,79.628624
263.774597,308.838715,51.217442,79.366013
257.705414,310.925110,52.381916,77.531082
257.461609,311.310333,52.480206,77.785149
257.392975,311.205933,52.447308,77.714188
257.328552,310.159485,52.280949,77.188820
256.538788,310.041779,52.324989,76.757797
255.120026,311.025726,51.853878,75.179100
252.450470,311.155945,51.718815,74.555107
251.926300,310.764954,51.724834,74.588753
246.587814,308.908813,52.149868,74.974518
246.535385,306.898956,52.115906,74.977577
245.380737,302.691376,52.292904,74.637672
245.329758,301.498840,52.329288,74.823189
239.597092,302.118805,52.413692,74.179077
239.072769,303.330170,52.325966,74.263283
238.972031,305.611023,52.624119,75.102989
239.623734,309.638763,51.666431,77.754387
238.154907,313.771362,51.041260,78.878670
238.212112,314.929932,51.292366,79.607277
238.923172,318.762573,49.989235,80.485687
236.728912,321.378967,50.827709,80.418892
238.053970,320.158569,50.354305,80.698036
238.520813,315.695953,49.322254,82.236427
239.147141,312.084106,49.058662,81.918381
238.555389,310.782257,49.530148,81.482048
235.516876,312.365784,49.307285,84.671181
233.693329,315.714996,48.636826,88.850113
233.261841,321.783508,48.988289,90.077988
234.616821,324.424438,48.307972,91.873222
235.618378,324.207855,48.311958,91.095856
236.102097,320.203522,48.023769,90.924416
234.698914,314.431854,48.011776,90.471222
231.877777,308.399811,48.433598,90.021278
230.212479,307.194061,48.136105,89.064255
231.183792,306.629517,47.822388,88.587700
231.875351,305.301483,48.157959,84.530357
232.132050,304.993683,48.327995,84.315392
232.584747,305.617218,48.364189,83.964073
231.478546,307.152069,48.509434,83.654922
231.673798,308.566193,48.531097,84.347466
231.768539,308.946350,49.010807,84.304276
232.030472,309.112732,49.396179,84.457405
232.339661,309.223450,49.201321,85.267509
232.395447,307.384857,49.270916,85.085106
230.773331,308.821106,48.909359,85.505013
230.747009,310.050995,48.822308,85.469406
231.848083,310.800659,48.596302,85.311012
232.395630,310.384644,48.888657,84.842888
232.821579,310.040466,48.705200,84.496262
232.877594,311.221100,48.761368,84.129509
233.171921,311.055542,49.600815,84.408241
232.984879,311.754120,49.732082,84.264969
230.229309,313.301239,48.984753,85.039307
229.847153,313.648682,49.021263,85.283882
232.003540,314.094879,49.716568,85.467110
230.460953,315.713959,50.432533,85.528336
229.685043,317.081573,50.069466,85.633125
229.008453,317.633759,50.689224,85.008507
229.641800,316.787109,51.075211,84.361122
230.214584,313.298767,51.189018,84.168304
229.708969,307.796295,51.015850,83.044571
228.921371,307.781036,51.352852,83.092216
226.233902,310.829437,50.391029,85.142410
223.282578,311.133759,50.038578,82.511238
224.283554,309.815887,50.263065,83.720284
224.905197,307.103973,50.515774,82.992439
225.464355,306.452515,50.691811,83.128014
226.370560,306.818604,49.395271,84.637802
223.906326,311.210999,48.622108,86.568413
223.125015,313.595032,47.697853,88.253372
225.579590,318.891083,47.066246,87.455658
230.123367,320.516022,46.757141,85.738113
231.372955,320.582367,46.599255,82.458588
230.613312,317.498901,46.815453,81.320305
228.722916,317.699951,46.549919,83.036880
226.921509,317.301025,45.965359,83.251274
225.600861,315.709351,45.648094,82.560738
225.293152,315.951965,45.777710,82.316475
225.228500,316.743958,45.835335,82.031052
225.331284,317.405090,45.936687,82.224640
224.377808,316.829468,45.970024,81.448181
224.393158,316.088074,45.970451,81.139313
223.506516,313.429932,45.604771,79.853966
223.129150,309.186646,45.400169,79.361923
222.735657,306.002808,45.423756,78.861450
222.061890,301.480377,44.649902,77.659027
222.136307,303.299652,44.527443,78.313652
221.975281,306.891785,44.581478,78.340492
223.845535,307.803040,44.345901,76.364021
224.068619,307.390228,44.156441,76.222481
224.503326,308.289642,44.149979,76.676239
225.999924,309.579163,43.960411,76.438370
224.081985,312.859467,43.956902,76.629639
222.073456,318.337189,43.251709,76.826859
222.209625,322.700867,42.918278,76.857460
223.076355,325.385345,41.958145,78.791901
223.517487,328.278168,41.734062,77.892021
224.141220,330.954865,41.220982,77.730217
226.622009,334.991058,40.198833,78.800591
228.098099,334.919647,40.160519,77.441696
228.806107,333.997559,40.490143,76.892029
229.088974,331.866791,40.370502,75.070290
228.818909,320.873322,40.659424,72.849190
229.496735,314.847626,40.850616,72.937683
228.570908,313.291382,40.403431,73.418358
227.193268,316.841278,39.856354,74.194145
227.213242,323.943817,39.876270,71.821587
232.381882,327.221710,39.358608,70.112625
235.180679,327.746674,38.457539,69.442314
234.564056,327.480011,38.182419,69.662880
234.259674,327.798676,38.167004,70.156288
231.174622,325.540527,38.216400,71.245651
231.028687,325.640991,38.244087,71.862289
230.665390,324.654327,38.266880,72.028633
229.822891,323.529480,38.360672,72.717262
228.573776,322.201660,38.237167,72.900772
228.199768,322.686768,38.018951,73.612312
227.693054,323.856567,37.888584,75.454292
227.637299,324.190735,37.806385,75.466995
227.695953,324.116913,37.937290,75.502495
227.478378,324.843079,37.794556,76.033646
223.942551,327.486481,39.113899,77.300652
221.616333,331.004730,39.716072,77.337204
218.748413,334.892761,39.952244,78.920052
218.652832,340.336700,39.998375,78.541191
221.163742,340.720795,39.146820,77.603790
221.373474,340.543396,39.411201,77.817055
219.086884,335.043854,39.691341,78.297974
219.666992,334.279297,39.424095,78.515953
219.912582,333.711426,39.118816,78.792961
217.937164,329.730347,39.728184,77.743393
216.506683,327.394531,39.528221,77.947662
215.496796,324.422363,40.017044,77.512917
216.662781,323.204926,40.306057,77.567352
216.852005,324.997742,39.137028,78.317200
215.643066,326.875824,39.104950,77.545113
215.754517,328.070312,39.019108,77.469215
215.888016,327.755035,39.296619,77.337921
214.008072,325.310547,39.155827,77.398018
214.173431,325.487183,39.408573,77.305450
213.902405,324.771210,39.557949,75.292465
213.311401,326.379517,39.711243,75.449127
211.626099,328.180878,39.103718,76.764801
211.800537,329.804443,39.654949,75.868271
212.257919,328.098145,40.177917,75.041245
211.523209,326.361664,40.014114,75.019867
210.912735,324.546478,41.066502,74.166161
210.524643,327.861816,41.395695,74.150597
210.929352,327.432587,41.478081,73.653152
211.098526,326.989288,41.609577,73.708954
212.613052,325.724976,42.550610,73.619064
213.661133,323.585815,42.750492,74.196877
211.374298,321.766785,43.392376,74.153885
208.871521,327.719208,42.650166,78.371254
206.394196,330.151550,42.925941,78.752869
208.005905,333.459747,42.521942,79.196266
204.305420,332.583588,44.227253,80.669319
204.361115,332.679291,44.349491,81.941742
203.501602,330.812500,44.534527,83.850487
203.019608,330.538788,44.914158,84.377701
196.768997,327.759216,46.132824,87.306313
195.705261,326.451416,47.175480,87.314117
196.010254,324.106750,47.599136,88.491753
195.373734,319.480469,48.568638,88.438416
194.191864,318.269165,49.383369,88.126740
194.100937,320.794983,49.482803,90.254044
194.208145,324.035828,49.645374,92.073242
197.995743,326.049072,51.887478,91.605331
197.519989,326.663483,52.018887,92.453186
197.553528,325.743439,52.675999,92.326019
199.036484,325.687012,54.273510,90.391060
198.362579,326.629547,55.194557,90.188911
197.850525,328.847595,55.998219,89.306389
198.225647,330.051392,56.042015,89.379074
198.640701,329.678192,56.469120,89.158768
197.567993,329.140503,56.818817,89.706650
197.132935,328.614532,57.154869,89.491508
197.219376,328.727753,57.528343,89.099457
196.435684,330.703217,58.207966,92.164368
193.273727,332.107605,58.597794,91.608109
191.832993,331.846375,58.905518,92.016869
189.883026,329.407257,59.188084,90.965752
188.920853,325.071442,59.674942,89.811691
188.104141,321.953766,60.050861,90.229416
188.034561,319.888611,60.773331,90.665649
187.668030,318.425995,61.303234,90.976280
186.282440,318.276276,61.877892,90.814575
184.870804,316.334106,63.064243,91.932678
184.745010,315.939514,63.520325,92.034958
182.626297,315.811188,63.988205,92.327232
182.575806,316.190399,63.988815,92.479973
183.220367,316.902405,64.848495,93.634163
182.590607,317.606415,65.222404,93.921783
181.499329,317.080963,65.374641,94.260429
180.705856,316.811157,65.520149,94.417427
180.870560,316.374725,66.209587,94.046997
180.271500,316.403076,66.563889,94.474571
177.872086,320.055389,67.187088,93.336853
175.960739,326.284973,67.667068,93.594887
176.235458,326.770813,68.055504,93.950272
175.906250,327.332489,68.480118,93.726753
173.587265,329.132324,68.679260,94.229568
173.692398,330.185425,69.065491,94.338318
173.176407,333.500580,69.651390,94.647179
172.935013,337.506714,69.790405,95.511818
172.799927,338.190369,70.086624,95.751709
173.021439,338.347870,70.466957,95.971558
172.952072,337.985779,70.473267,95.763725
172.963211,338.009399,70.505424,95.892723
173.209625,338.064240,70.965485,95.957977
173.055115,338.189423,70.955482,95.856956
173.067993,338.576477,70.992752,95.929672
173.068100,338.769379,70.936409,95.967316
173.113419,338.723328,70.977646,95.934029
173.129486,338.716003,70.976982,95.947006
173.061905,339.081390,70.852859,96.114700
173.012436,339.195435,70.922836,96.573822
173.048584,339.433990,70.945290,97.003799
173.064117,339.672333,70.958763,97.465729
173.018265,339.597076,70.941650,97.529510
173.084702,338.988831,70.803658,98.167183
172.951401,338.974579,70.830238,98.635468
170.898544,339.024139,70.789383,99.270508
170.965698,339.472565,70.955887,99.480003
170.804779,337.800598,70.794975,99.765594
168.693314,337.455444,70.329109,99.596756
168.725784,337.672058,70.386070,99.932152
169.164673,337.572632,70.074982,99.828094
169.351181,337.650574,70.440025,99.915009
169.042130,337.630096,70.284210,99.848007
169.262207,337.739532,70.269012,99.874565
169.415222,337.742432,70.403709,99.900200
169.480804,337.714447,70.418091,99.895485
169.562820,337.353424,70.152084,99.216125
169.713486,337.421112,70.388748,99.421165
169.704208,337.479279,70.412697,99.479820
170.207336,343.018616,68.783653,99.355446
171.242996,345.217957,68.449615,99.317757
171.927994,345.091614,68.200249,99.599304
173.145126,343.581207,68.010696,100.351112
173.657272,342.275146,68.083916,100.685509
174.296310,340.675323,68.328003,100.681526
174.345810,340.454437,68.402107,100.811066
175.834152,339.855469,68.038353,101.312515
178.453934,335.654083,67.837051,101.592880
180.908859,330.231384,67.326561,103.265877
181.378342,325.569275,66.985199,104.150627
181.489929,325.467651,66.817993,104.584816
181.562500,325.650238,66.939003,104.931320
182.574997,328.041656,65.727928,105.553978
184.300323,332.301025,64.427383,105.950195
184.289520,332.992340,63.929470,105.862511
185.073288,334.513245,63.032906,106.429306
185.273163,334.528717,63.418449,106.493019
184.775192,334.326294,63.382687,106.701500
184.596741,341.010162,62.375172,108.880249
184.636307,341.116974,62.451015,108.986343
184.648300,340.991364,62.361462,108.975662
184.532593,339.423462,62.369495,109.131943
184.579285,338.640320,62.368179,109.716164
184.126984,337.797729,62.051586,109.339249
183.055191,337.967346,62.266483,110.067696
182.689667,339.026367,62.239006,110.454803
180.818024,347.072998,61.540829,109.183830
181.018539,347.425781,61.853813,109.504875
181.083908,347.827637,61.994999,110.025116
180.947662,347.960815,61.932087,110.649841
180.643173,349.435974,61.782852,110.896622
181.273300,354.201202,61.363487,110.594727
181.323181,355.121002,61.397179,110.952652
179.371674,359.276703,60.468067,109.830444
175.699753,362.140533,59.677792,109.403061
176.489380,363.208557,59.564766,109.313370
177.018661,363.281616,59.881149,109.427475
176.296478,360.645111,59.759418,110.205025
174.362747,359.789093,59.661533,110.849457
171.706314,358.193115,59.809704,111.210876
171.192490,358.271973,59.524086,111.679535
167.155212,361.094818,59.041714,112.198021
163.365814,360.247711,58.245544,113.351715
162.759369,353.896881,58.146801,113.542847
160.686996,344.239410,57.827473,117.210037
156.000977,338.877655,57.424778,117.720566
152.848434,336.528778,56.482986,118.625694
152.469559,334.581665,55.879227,118.813110
147.128113,331.353851,55.521866,119.893448
142.438400,328.873505,55.366283,119.389450
142.128937,328.742279,54.984776,119.573380
143.171036,328.100464,54.202286,121.757843
141.123764,329.195892,53.882187,121.222031
134.772476,332.504669,53.069599,116.766907
132.999283,331.980316,50.865288,118.912239
133.398621,334.707428,50.499207,118.290695
134.644943,336.198883,50.581264,117.140167
134.703278,338.137909,50.207176,117.641563
136.431061,338.976807,49.841438,117.886009
136.516342,338.924957,49.976582,117.855240
136.162537,339.053162,49.752785,117.895264
136.307541,339.051239,49.958450,117.858727
136.765366,338.738251,49.824997,118.100922
139.433762,338.052124,49.431076,118.271423
142.399811,336.411621,49.267506,117.896683
144.093277,335.690521,48.689354,117.040230
144.904297,334.356049,48.739471,117.235756
144.657974,333.964783,48.908760,117.384262
144.732605,333.950562,48.972019,117.472145
145.459610,333.645630,49.058716,117.329384
145.567108,333.662811,49.385162,117.478134
150.600677,331.808289,49.424141,116.376724
150.739990,331.535065,49.434551,116.479927
150.627518,331.636169,49.429977,116.458672
152.683746,333.040680,49.460087,114.626625
155.281311,334.273956,49.271500,113.116341
155.822388,334.431671,49.474789,113.259857
155.844879,334.558746,49.470043,113.457634
157.394424,333.871582,49.177216,113.581917
163.036026,331.665436,48.975872,112.803703
163.662827,330.911926,48.733242,112.674202
166.803940,326.729706,48.151638,111.548882
167.229065,326.396973,48.361221,111.616791
164.619293,326.654327,48.318810,111.071014
165.484146,326.532135,48.566860,111.103333
165.864700,326.355499,49.159935,111.340485
166.025635,326.580231,49.442196,111.474335
167.454041,326.120239,49.636993,110.542870
168.611816,325.653229,49.726883,111.014229
168.752274,325.877838,49.954906,111.498085
168.349487,326.129089,49.629623,111.922752
168.517090,326.309113,49.957130,111.950233
168.519073,326.357300,49.963963,111.949333
168.543762,326.389923,49.976536,111.940300
168.571259,326.441193,49.980804,111.925842
168.567886,326.377869,49.982857,111.963127
168.722397,326.275513,49.881569,111.887413
168.787277,326.364014,49.978172,111.922447
169.026810,327.608124,49.544384,112.229813
169.464325,328.678467,49.885441,112.439606
169.528229,328.514832,49.959351,112.489754
170.199127,328.041351,49.849506,112.168633
170.350388,327.029694,49.915329,112.822365
170.390671,327.028961,49.969574,112.977081
172.573044,325.285797,49.621536,113.609489
173.385376,322.175903,49.367241,115.264099
173.201797,321.139252,49.173565,115.756668
168.735977,321.219452,49.424526,115.702118
168.771790,321.360382,49.458878,115.959045
170.854553,319.448059,49.180069,115.130890
171.079315,319.361145,49.397518,115.519829
170.655151,319.423157,49.363094,116.011322
170.510635,318.409515,49.221256,116.421745
170.555420,316.983917,49.433300,117.145424
168.372040,316.468719,49.269928,117.556923
164.602356,316.614288,49.832901,118.809937
164.695908,316.718506,49.969398,118.954971
164.762726,316.700684,49.992706,118.933716
164.765213,316.734161,49.975311,118.948723
163.402145,315.958923,50.004471,118.476036
162.230637,315.600037,50.459412,117.683739
162.162659,315.750183,50.469517,117.912773
161.975327,315.703888,50.522163,117.632744
160.075638,314.964661,50.898502,117.331902
160.024963,314.888336,50.863075,117.235085
160.254135,313.305603,51.249512,117.069420
160.500229,310.187592,52.114651,116.660324
160.534790,309.147247,52.615185,116.778442
159.801483,307.693817,52.963806,116.710213
159.713425,307.195160,53.051544,116.818375
159.777054,307.106445,53.486717,116.928596
159.624908,307.261810,53.464828,116.745857
159.780884,307.901031,53.766972,116.923309
163.536713,309.927582,54.639938,115.951012
165.102814,310.412079,55.018223,115.947006
165.379074,310.432251,55.590698,116.097244
162.991379,311.787720,56.309956,115.104721
163.110840,312.590332,56.498768,115.164856
165.190689,315.925751,57.447376,112.765182
165.072372,316.125732,57.456451,112.659271
165.065796,316.379639,57.507446,112.809929
165.278778,316.422913,57.971546,112.923447
165.285660,316.486908,57.975231,112.936737
162.675018,322.150909,56.466450,107.163879
162.784470,322.992279,56.569290,107.399773
162.881180,322.851379,57.025932,107.514626
162.243637,323.512390,57.362259,107.435333
162.296677,323.550568,57.452530,107.437782
162.271500,323.585938,57.352306,107.363556
165.588333,322.257660,57.663273,106.996445
164.761963,322.650604,57.631493,105.043434
164.330688,323.045837,57.788265,105.023705
164.264069,323.811920,57.967159,104.970383
164.274673,323.827240,57.967884,104.951797
164.294174,323.852753,57.968800,104.957649
164.305618,323.880341,57.968517,104.948051
164.601318,323.962891,57.881683,104.955650
165.702301,323.214447,57.629860,104.689110
165.978806,323.379272,57.886642,104.864067
166.039520,323.456726,57.968922,104.957474
166.128937,323.460907,57.929031,105.040955
166.186478,323.694855,57.964184,105.449524
167.284348,323.346069,57.550217,105.422501
169.317429,320.736938,57.615910,104.987328
170.133438,314.344849,57.442451,104.561783
169.680145,313.868683,57.274139,104.232780
169.990891,312.224152,57.245270,103.677826
170.508636,308.054657,57.261932,103.692993
170.640717,308.020416,57.431282,103.931297
174.560577,306.498657,56.813728,102.719269
174.782135,306.559143,56.903187,102.987167
174.577759,306.228973,57.460251,102.993317
175.558624,303.505463,57.332767,101.739220
175.659225,303.422485,57.518574,101.396324
170.698181,303.324921,57.947186,101.769676
172.076279,302.451172,57.414532,101.959648
172.117538,302.456604,57.472954,101.957191
171.119186,302.040375,57.340523,101.353584
170.632416,301.527039,57.409283,101.161911
170.540497,300.346344,57.605003,101.235489
170.716507,300.425781,57.964062,101.461990
170.266006,301.266785,58.102295,101.188705
169.697968,301.102692,58.043682,102.968292
170.870163,308.575317,56.912880,102.655510
171.373260,312.487183,56.406853,103.668777
175.648041,313.487213,56.467812,105.267403
175.427948,310.856567,56.810398,105.046089
175.247803,308.749603,56.932732,105.379509
178.908920,305.285095,56.792297,104.926086
183.103607,300.445496,56.774742,104.863373
183.607803,298.677094,57.071907,104.815018
183.720367,298.442352,57.483822,104.789200
183.165741,296.612152,57.591507,104.938301
185.631775,294.477142,57.858486,104.695343
184.927444,295.255249,57.913586,104.793259
187.212067,296.248016,58.022057,106.475029
188.196457,295.836700,58.727192,106.263229
188.008484,295.817810,58.974033,106.710564
188.016251,295.927612,58.982891,106.921585
187.997513,295.950500,58.945045,106.973160
187.914124,296.756866,59.024284,106.725952
188.195694,298.804718,59.157368,106.974098
183.230072,303.368286,62.567528,104.128029
179.942062,309.705475,62.625557,99.231163
175.783401,315.927704,64.040878,99.931335
175.646530,323.780579,64.239220,100.615799
175.772491,323.948395,64.466423,100.963844
175.783722,323.956543,64.467697,100.958267
175.693695,324.431152,64.505722,100.741905
175.380112,324.406006,65.003922,101.082687
175.357712,324.332123,65.390495,101.558357
174.574341,323.784882,65.363831,101.898087
174.522125,323.025726,65.296127,102.127205
174.528122,321.956848,65.256668,102.138756
174.258972,317.255859,65.130722,101.677254
173.735428,313.966797,65.273468,101.790901
173.534256,313.874298,65.329918,101.685005
173.026703,312.275208,65.008949,102.247635
170.637299,311.565460,64.691261,101.932541
169.908951,310.628326,64.464020,101.875580
168.864532,307.376160,63.601631,102.082115
164.518204,310.703491,63.463356,103.880363
161.461914,312.628967,63.240318,103.802299
161.432892,312.721344,63.498871,103.949776
156.113129,317.213440,63.770649,104.546928
153.320862,320.605835,64.664986,106.514923
153.354095,320.859406,64.955711,107.331284
153.370453,320.966644,64.959305,107.464439
153.387726,320.993256,64.965927,107.450691
153.402466,321.021576,64.966881,107.453629
153.340958,321.088135,64.945679,107.506729
153.208572,321.551575,64.876175,108.136429
153.110016,322.248322,64.990433,108.244804
153.113098,322.376312,64.967743,108.453415
153.225555,322.303711,64.896919,108.671204
153.268127,322.462708,64.964981,108.957710
153.283920,322.482910,64.963188,108.954666
152.816086,322.138458,64.733391,109.128120
148.884506,322.529694,63.474487,110.470795
143.054077,327.797607,63.264236,113.197975
142.674774,331.822144,63.253002,114.251266
147.098358,331.867371,62.791527,116.802765
147.160751,331.973633,62.929176,117.160378
142.721420,334.056641,60.307648,117.670609
145.266724,333.629517,61.169643,118.620384
149.265945,331.791443,61.997696,121.602806
149.265640,331.990356,61.969383,121.947433
148.755524,331.534210,61.549953,122.065781
149.952942,330.891785,61.343834,122.318764
150.148804,327.844116,62.553070,121.485771
150.447189,327.642334,62.891422,121.470474
150.384705,327.203674,62.766293,121.696121
149.928558,327.105865,62.733189,122.961647
150.020828,327.384430,62.903713,123.355797
152.209061,328.359711,63.504917,123.813919
152.268219,327.824615,63.900135,124.310417
151.525925,323.022491,63.919353,126.628517
150.745117,321.611725,62.787884,127.984604
150.689453,320.602448,62.608147,127.431389
151.064987,320.391083,62.780125,127.387756
150.518860,319.786102,62.671474,127.641304
150.464050,319.158508,63.011959,127.962143
151.028366,314.953979,63.368050,128.549362
151.077087,315.056061,63.427956,128.864822
147.607620,309.799500,65.158875,132.593857
147.393219,309.358673,65.361099,133.014847
147.441879,309.703522,65.483948,133.369156
148.166168,309.536621,65.802856,133.712875
149.707764,305.567383,66.659676,137.619110
151.193008,305.146667,67.767578,137.532440
150.335861,305.981934,68.980209,138.730179
150.232559,306.469513,68.913361,139.001556
151.682602,306.524506,69.427650,139.200272
153.565445,304.614899,72.409554,140.052994
155.774826,305.153473,74.009056,140.610733
160.593338,305.792511,74.884926,140.789764
167.168350,307.597748,74.316483,139.732101
169.684540,306.203766,74.982124,141.204559
170.507629,306.463196,74.425713,141.570892
170.589569,306.629517,74.489571,141.972794
172.194275,307.402191,73.800682,141.543274
173.727859,305.984833,74.146233,142.793030
177.835648,304.213562,74.053612,141.746201
178.659729,303.697662,74.055435,141.995911
178.934982,303.522766,74.468063,141.952148
178.949203,303.547089,74.463211,141.938812
179.574448,304.415710,73.959671,142.048264
181.282730,307.993256,71.894180,141.717850
186.561661,312.565002,69.618515,139.401093
187.065964,312.628693,69.982460,139.523453
188.031311,312.042114,69.521500,140.319473
190.818420,310.329926,68.973328,141.691269
191.740372,309.425507,68.892586,142.168991
193.649033,308.953766,67.886925,141.904312
194.851471,307.969055,68.452110,142.819290
195.301437,307.686310,68.475700,142.750595
195.311996,307.811401,68.466171,142.938385
195.259003,307.691223,68.637314,143.013535
194.614410,307.876648,69.791428,141.848190
190.426987,307.245148,70.383324,141.270523
188.588547,307.615417,70.783257,141.539444
189.021179,311.538666,70.580826,140.198364
191.790482,313.853790,69.944519,139.232498
193.308960,317.715363,68.669327,136.905777
193.718933,319.350403,68.956039,136.539902
193.703888,319.726898,68.956573,136.928772
193.725922,319.591064,71.242073,137.444473
193.266251,320.051514,73.168732,136.994858
193.405685,315.559174,75.313629,139.878830
193.684753,315.312164,75.596581,139.773560
198.810013,311.257721,73.949196,139.692596
200.484818,305.970337,73.813522,140.681107
200.200653,305.785461,74.024391,140.757202
197.279694,305.229889,74.235329,142.666885
194.529358,308.887024,73.757126,142.330124
194.905869,311.245056,74.198914,141.721756
194.911148,311.211304,74.614197,141.988281
193.829010,310.260956,75.088463,142.249008
193.999222,306.586548,75.051201,144.700912
192.877548,300.929230,76.069763,148.210617
189.146835,297.291779,80.391449,148.950134
184.412552,298.806030,79.938354,147.930023
183.911942,298.832886,79.940384,147.985077
183.666306,304.099213,78.559792,144.332138
182.857681,303.829010,79.332474,145.203171
181.805649,301.481659,79.333038,146.650345
179.227890,301.244232,79.862946,147.385162
176.349014,302.806244,79.620964,146.338699
176.497650,302.893890,79.909508,146.450821
179.573914,302.100586,81.584900,146.836975
179.183182,296.294861,82.838570,149.751602
177.829163,297.126312,83.246208,148.826416
177.948181,286.078552,83.979439,155.030472
178.163086,284.860260,84.554955,156.642838
178.586166,287.996155,85.600655,153.288498
178.932297,288.896454,85.786743,153.940018
179.172729,289.794617,86.051689,153.702988
179.191299,288.630615,86.288254,155.129166
178.527588,288.534180,86.893806,154.163513
176.382660,283.810425,87.761330,155.451004
176.446991,283.176117,87.353973,155.190338
172.134064,283.232483,89.736832,158.379990
172.137421,281.585846,90.065498,161.641403
173.602127,283.280609,92.028000,162.181305
174.505737,281.680634,93.403305,164.802124
173.931747,280.828186,94.408867,165.683899
173.300888,280.733734,94.765961,166.089264
172.767212,281.066376,95.740685,166.750671
172.845535,281.178406,96.000946,166.968704
171.103043,281.005646,97.604004,168.142807
166.580612,280.802063,97.411331,169.961243
165.716400,277.652283,100.065544,170.864105
160.500549,276.003815,100.742226,172.169998
