1
198.115768,329.189178,61.294357,94.473862
198.756989,329.262695,61.207760,94.326897
198.922607,329.293884,61.466740,94.486542
199.004639,329.116943,61.424618,94.200165
197.418808,327.430054,61.678951,93.763794
195.697205,324.442902,61.343948,93.295464
193.639908,322.930603,61.060356,93.069038
191.110748,323.410248,61.398563,93.155289
190.553421,317.067474,61.131004,92.266296
188.390182,317.115967,60.716568,92.410645
183.554092,317.915375,61.311703,91.741432
181.421600,321.432953,60.743721,92.563927
179.813690,327.476227,60.361378,94.458946
178.837952,330.267059,60.574669,94.567139
175.853577,332.157684,61.198582,95.460152
172.960358,331.406067,60.814659,96.123245
170.066925,332.029816,60.752609,96.477615
167.137650,333.712402,60.527950,96.608093
163.645523,339.913330,60.464951,98.473732
160.640656,340.988617,60.672016,98.069405
158.958878,342.151550,61.087608,98.403168
156.434189,347.428345,60.700375,98.263092
156.582565,347.547058,60.969879,98.457558
157.751740,348.400146,61.407108,97.883385
157.799683,348.442383,61.458843,97.907936
157.622681,348.239471,61.208946,97.990074
155.713165,346.773102,61.574211,98.102943
155.943420,346.663147,61.854671,98.528831
156.637360,346.384155,62.057858,98.453621
163.734909,339.501678,62.870670,98.469009
164.840805,337.493713,64.119629,98.807518
165.101227,337.367126,64.823051,98.767960
166.641998,336.248047,64.881302,99.314415
166.765198,335.990814,68.330589,99.082199
174.061340,334.239075,68.457909,99.112335
175.641220,331.128448,70.837906,101.592850
175.965851,330.366913,70.942116,102.741371
178.758530,328.226288,71.401779,103.818748
180.915695,325.872559,70.883934,104.551826
181.037781,326.189392,70.898888,104.793823
181.121307,326.169739,73.281570,104.820358
185.080597,325.720245,73.861031,104.423309
188.883118,327.948608,73.987938,103.284203
190.753082,328.560791,74.203003,102.858368
191.027206,328.619812,74.423576,102.869469
191.708710,328.706421,74.266891,102.890114
191.850723,328.766449,74.447350,102.941025
191.926682,328.786743,74.510063,102.859634
192.997498,328.774384,75.141258,102.521523
198.761322,315.738159,72.566406,111.370773
199.237747,315.313477,72.929817,110.960136
200.462067,313.401520,72.374825,110.598022
203.982666,309.068054,72.587456,111.417641
204.943420,307.135986,72.506920,110.607971
205.247955,307.235657,72.965042,110.921272
205.081497,307.168518,72.448700,111.782806
205.749832,307.137390,72.150276,112.123932
207.848557,306.440521,73.010956,113.118347
208.828506,306.701691,73.346138,113.901627
208.974869,306.836884,73.462196,114.063942
208.995377,307.028564,73.448334,114.422821
209.036530,306.937622,73.435623,114.475716
208.664536,307.015656,73.051323,114.165245
209.060471,307.158905,72.194054,114.535255
209.220764,307.388367,72.407379,115.056320
209.664948,307.461792,72.244499,115.276192
209.758148,307.111755,72.451256,115.278763
206.790741,306.633240,71.158493,116.433937
206.500732,306.451965,70.574394,116.288116
206.588058,306.506134,70.965874,116.378830
206.949097,306.632233,69.805222,116.283096
207.397293,306.795135,69.138725,115.669662
207.561157,307.282104,68.573128,114.988831
207.937393,307.217529,67.427734,114.286880
207.388031,308.396423,66.971436,113.737701
207.424149,309.639160,66.614815,113.836555
208.016769,310.496460,66.495926,114.198692
208.105316,310.574554,66.450623,114.393967
208.368362,310.505127,66.343163,114.289299
208.937103,309.162445,66.260254,113.332481
209.167603,309.259827,66.379814,113.380043
210.349976,310.202911,65.891205,111.322762
211.152710,312.560852,65.159088,112.116302
211.421371,314.562683,65.900436,113.198311
216.755859,318.238068,65.108437,113.862991
219.155243,321.868134,64.148506,113.559090
219.413635,322.256592,64.512718,113.836678
219.657562,322.334930,64.968300,113.950737
219.710602,322.296417,64.933899,113.934799
219.904068,322.142059,64.971565,113.859718
220.697144,321.372772,64.884705,113.694351
222.066742,320.217499,64.688927,113.307846
223.517944,317.414734,64.564941,112.216507
227.434097,313.762756,64.111580,110.820801
227.835556,312.374603,64.565811,110.148529
228.089539,311.963287,64.905441,109.830933
228.136368,311.969910,64.953560,109.899582
228.415588,312.526276,65.164268,108.992966
232.933578,313.009216,65.323311,106.636070
235.013626,313.928772,65.099144,106.249336
238.293945,315.952789,64.264366,102.777344
241.350952,317.396179,64.010529,101.305305
242.502243,317.771515,63.903492,100.787872
243.416275,317.630188,63.497204,100.697548
244.383560,317.279388,63.134571,100.716293
246.124496,317.287567,63.068638,100.188118
247.126129,314.477539,62.057514,96.511452
247.598022,313.437317,60.753086,96.669281
247.881042,312.640198,60.034199,96.702461
248.597900,312.208221,60.228291,95.701370
251.724716,314.611877,59.759289,94.299965
253.721298,314.358124,58.676895,93.551262
255.345230,313.342834,58.274380,92.803955
255.493011,311.089935,57.867241,92.397186
258.401245,310.023468,56.193584,88.842636
260.169098,310.443054,54.920307,88.404587
262.077972,312.565308,54.373474,89.060982
263.977600,313.183319,53.647659,89.392784
264.648193,314.525299,53.442375,89.444809
265.232941,314.446320,53.478989,88.790237
265.376740,314.138641,53.412300,88.892380
264.791626,314.879669,51.878517,87.958862
264.843536,314.932556,51.961308,87.955582
266.995941,316.615295,51.673050,85.967400
267.183899,316.585052,51.816860,86.403442
266.166901,312.363617,51.496784,84.935608
267.145203,310.928253,51.033150,83.632996
268.712036,307.992889,50.422649,77.640663
267.669464,306.210327,50.110512,78.231659
268.111450,304.614960,50.023518,77.523712
269.157227,304.863068,49.306221,77.917885
269.356689,304.781647,49.422577,77.968330
269.409698,304.807068,49.462757,77.963486
269.386414,306.196564,49.410851,77.809677
267.660248,308.293671,48.502911,81.671562
266.727814,311.622986,48.678135,82.098297
266.844513,312.217499,49.012829,82.685265
267.095917,312.361237,49.474442,82.970116
266.707642,311.866455,49.349186,81.815514
263.986664,309.565979,50.087440,79.576569
263.061005,308.735626,51.500999,79.083008
257.357391,310.082977,52.793304,76.862358
257.447754,310.149139,52.969578,76.970093
257.457825,310.159882,52.972187,76.968063
257.683044,309.800659,52.799988,76.813217
257.103973,309.369537,52.561493,76.703453
255.034592,310.925720,52.236450,75.066055
253.543839,311.363708,52.307892,74.510460
251.185333,311.156403,52.263721,74.289856
246.077377,308.779388,52.814308,74.564415
244.894226,305.962189,52.601307,75.182816
243.989822,301.253571,52.390224,76.100548
242.512054,297.407440,52.422970,76.930069
240.812897,298.809631,51.976364,77.827591
238.429916,300.523041,52.177891,79.957878
239.007889,304.153229,52.316811,80.213142
239.439667,307.571228,51.367924,81.940277
238.728577,312.116180,50.681557,82.255035
237.920639,314.313538,50.394974,82.840118
237.463867,318.766754,49.247463,84.524635
236.829681,320.421112,50.471561,84.374153
238.105545,319.326630,50.213940,84.247032
238.819077,314.523743,49.611206,84.573677
238.768814,309.340363,49.448467,83.975517
238.375473,308.481262,48.929848,84.161728
236.208511,313.238770,48.948727,86.099548
235.567780,316.977997,47.477310,88.893013
234.512009,322.000092,47.454990,88.660744
235.234177,323.280609,46.997833,89.350616
236.559067,322.892517,46.650940,89.541061
237.316559,319.675476,46.503689,89.126495
236.058411,315.057678,46.794407,88.217918
232.817963,309.414642,47.152470,87.306091
230.514328,309.306396,47.380165,86.531532
231.240448,309.280182,47.561722,85.077187
230.976044,306.299591,49.218010,80.713554
231.211884,306.256042,49.215145,80.650070
231.310867,306.503876,49.443554,81.001381
230.901764,307.837097,49.335537,81.129051
230.638016,309.216431,49.090714,82.171074
231.034225,309.509094,49.454254,82.347130
231.092865,309.421600,49.456615,82.435005
231.104111,309.601257,49.421291,82.599609
232.364014,308.210693,48.693939,82.669273
229.344910,310.129608,48.639984,82.450775
229.654099,311.851440,48.390167,82.438507
231.283859,312.036774,48.073063,82.323082
232.279968,311.076233,48.376160,82.012077
234.695145,311.563599,47.545044,81.253181
234.732666,313.217529,47.476795,81.815819
233.985550,313.137543,49.680161,83.021591
234.326859,313.718964,49.722240,83.318718
233.491241,313.955475,48.831650,84.453506
232.716354,315.072937,48.824158,84.149849
234.857803,315.022491,48.333656,84.563942
231.878296,317.314148,48.985111,84.165031
231.001709,320.557129,48.023476,85.162659
230.704391,320.806671,48.742847,84.823280
231.058563,318.686005,48.992577,84.521461
232.066177,314.556488,48.265774,85.449219
230.550339,307.677551,48.174793,83.005882
230.602020,307.562958,48.377174,83.353973
229.196136,309.060272,48.244892,83.929726
226.077621,309.600952,47.357224,82.869431
226.095886,306.856384,47.660713,82.902153
226.799118,305.258423,48.146587,81.996086
228.063187,304.400848,47.910469,83.335724
228.848358,304.630035,46.722553,85.192688
228.447189,307.117615,45.652061,90.206490
228.616562,309.409912,44.672745,90.943069
227.348175,314.423706,45.005325,89.977242
231.244766,315.919403,44.935966,88.785217
232.424728,316.188690,44.475803,85.727066
232.704483,315.329163,44.320999,83.280907
232.181946,316.246765,44.313576,83.287086
225.918808,316.035675,43.449924,84.511238
225.809723,315.942841,43.400845,84.527855
225.928635,316.151031,43.264481,84.778214
225.931000,316.583130,43.382523,83.980507
226.369263,317.086060,43.207916,83.018623
226.212067,316.616882,43.609383,82.179420
226.007706,315.929108,44.007633,82.193794
225.575317,313.139740,43.915436,81.503304
227.121033,311.184753,43.284271,81.701134
227.301376,308.827911,43.318138,81.281723
226.252396,303.311157,43.174435,79.058662
225.597137,304.372467,42.935204,80.269753
226.129456,308.077728,42.736649,78.969009
227.180222,308.578125,42.743595,78.124771
227.753510,308.286133,42.470982,76.970993
227.336975,309.115082,42.193813,77.218605
227.457581,309.230682,42.345951,77.504761
226.649658,313.280365,42.232452,77.936134
226.615723,316.905731,41.569786,78.767525
226.979004,321.981354,41.141899,79.459526
228.266891,324.540253,40.641426,80.151031
229.874954,330.387512,40.588924,78.271141
229.427078,330.249939,40.466213,77.792221
230.260544,332.110260,39.961597,77.985184
230.483139,332.228363,39.968422,77.816521
230.488525,331.852875,39.943588,77.824631
231.461502,328.802063,39.890182,75.795471
232.902206,322.682983,39.832596,74.451225
233.109329,317.712494,39.690563,73.642342
232.131180,317.012970,39.976528,73.257500
228.999207,317.945312,39.350182,74.339478
228.500992,325.759155,39.422760,71.643608
232.983673,326.803741,38.887547,70.984528
235.347961,326.649506,38.183041,70.380074
234.686935,326.092377,38.093719,71.042526
233.991013,326.986145,38.069622,71.937477
232.544174,325.309753,38.226139,72.565178
231.698029,325.342407,38.113781,73.414665
231.404190,324.592743,38.051128,73.953995
229.287582,322.241669,38.322876,74.091003
228.540604,321.413239,38.256245,74.533936
228.209610,321.930756,38.194012,75.351234
227.679428,322.306580,38.123493,75.983253
227.807465,323.932953,38.188297,75.985901
227.977768,323.975311,38.362751,76.085312
227.003113,325.926666,38.545265,75.884109
224.167114,329.363586,39.568787,75.874863
222.826401,330.554443,39.164101,76.405319
219.172592,334.703033,39.336399,76.768356
218.933594,339.648712,39.204380,77.216743
220.984543,339.296722,38.935169,76.783554
221.099686,338.838898,38.890247,77.405258
220.170670,336.333527,38.731422,77.145760
220.001511,332.743408,38.521477,77.714569
220.189011,331.141418,38.774471,78.306679
217.956146,328.192963,39.371796,77.445816
216.716614,327.280579,38.839630,77.746246
216.123154,324.021820,39.170971,77.092293
216.997681,323.243103,39.284901,77.172379
217.204697,325.362732,38.099754,78.281052
216.590775,326.612091,38.140717,77.933655
216.701859,327.184875,38.264862,77.830803
216.746063,327.253448,38.437107,77.772377
215.276016,325.044128,38.161358,77.369904
215.258072,324.964417,38.440826,77.312782
214.148392,324.326935,38.418369,75.624809
213.854019,325.116486,38.732155,75.665840
212.553894,328.073364,38.384323,76.649719
212.535049,328.722046,38.460728,75.933441
210.871979,326.867218,39.524479,75.340149
211.110168,325.524231,39.464867,74.913742
211.400223,324.325653,39.491917,74.409348
211.552094,327.780365,39.133610,74.230911
212.173264,328.008545,39.431976,73.694016
213.188156,327.604431,39.683681,72.899277
214.406418,325.781586,40.596107,72.475052
213.140961,321.805359,41.883556,72.598572
210.445984,319.390411,42.042511,74.050247
208.908966,321.409210,42.029369,75.676186
207.025421,324.704102,41.551727,77.090714
208.436874,326.871765,41.306789,79.751030
206.223511,327.985779,41.287468,81.279572
204.654343,326.871429,41.810123,82.962196
203.021881,325.133667,42.193054,86.925049
201.073746,323.531372,43.137104,87.566589
196.405762,323.031036,44.805202,90.469803
195.412811,323.235168,45.131588,91.240349
195.734055,320.120544,46.189339,92.538635
194.688934,314.339050,47.431484,92.849380
193.787827,314.035309,47.685158,92.774475
193.267715,316.126007,48.244431,95.181030
194.443756,319.781097,49.856667,98.268623
195.475235,320.474457,50.696667,97.962715
194.794250,319.949432,51.159943,97.773964
194.959717,319.867462,51.585136,97.721146
197.025543,319.806122,53.069702,95.132828
197.081665,320.194214,53.591103,95.360008
196.549179,321.996582,54.318069,95.180687
195.886078,322.065735,54.947453,94.919876
195.774109,321.837982,55.016823,94.867004
194.508987,320.901550,56.431816,93.999466
194.146103,320.554352,56.653389,93.493996
194.207748,320.756775,57.148212,93.215202
193.507828,320.656891,57.625523,93.533775
189.655014,325.922150,58.892372,92.950653
189.172104,326.140137,59.019264,92.871185
188.815918,324.287903,59.766518,91.342857
188.441681,321.476227,60.295204,90.702209
187.976059,318.162292,60.452961,90.922302
188.146881,315.936554,60.449032,90.502686
188.195160,315.751007,60.552628,90.921051
186.423935,315.870331,61.392277,91.066132
183.666870,313.006989,62.733833,91.947922
182.394638,312.062317,63.302036,92.168289
181.705917,312.145935,63.398453,92.848694
181.417892,312.890472,63.919712,93.066154
182.606293,315.634521,64.581635,94.643364
181.799759,317.030914,65.423424,95.007072
180.305862,316.472626,65.366211,95.837273
178.709564,315.309601,65.765259,95.943832
178.786179,314.092285,66.312263,95.430809
178.720612,314.645416,66.570763,95.437042
175.784576,318.870880,67.677086,93.297684
175.084885,323.513397,67.862854,93.255333
175.078079,323.519623,68.074966,93.450996
175.013245,325.531799,68.423271,92.870819
173.185974,327.183472,68.490990,93.335518
172.886169,327.643372,68.582939,93.312592
172.551331,334.121399,69.174637,92.836914
172.001663,337.424652,69.166199,93.528389
172.150620,338.121155,69.501633,94.012901
172.454834,338.400574,69.969696,94.450935
172.443390,338.252808,69.989502,94.347069
172.451370,338.295746,69.974876,94.454109
172.475250,338.309418,69.973228,94.447166
172.445175,338.383453,69.954041,94.413025
172.589722,339.102905,70.011955,94.356430
172.897812,339.287628,70.446007,94.448296
172.941940,339.278076,70.475517,94.444351
172.902145,339.225220,70.487862,94.450958
172.900238,339.262634,70.450966,94.473663
172.862381,339.146790,70.419670,94.561798
172.891266,339.388641,70.428490,95.038315
172.893707,339.597504,70.447952,95.479088
172.900543,339.580902,70.458855,95.468491
173.103394,337.092773,69.862724,95.864258
172.255295,336.392120,69.639442,96.311256
171.681824,337.898468,69.625015,96.751091
171.706482,339.173706,69.731422,97.079285
171.688065,337.715759,69.747437,97.679008
170.270691,337.466400,69.532700,97.687065
170.287415,337.697083,69.832756,97.922958
170.464554,337.839294,69.809265,97.919426
170.436035,337.737122,69.821304,97.756065
169.971359,338.016632,69.673531,97.797913
170.101517,338.108307,69.860626,97.888496
170.243622,338.080475,69.883987,97.928963
170.292618,338.085480,69.959595,97.939621
170.323685,337.355438,69.680305,97.201462
170.374985,337.365234,69.872414,97.481476
170.207413,337.821594,69.722191,97.385750
170.239380,340.317108,69.027252,97.411659
171.895218,344.234558,68.254478,97.296097
173.037247,344.188934,67.782150,97.948837
173.180573,342.251373,67.504395,97.743591
173.557175,342.020813,67.652733,97.973946
174.541794,339.345795,67.693001,98.141907
175.256760,338.826599,67.641724,98.918312
175.742096,338.206268,67.733208,98.623222
178.703644,332.789551,67.678658,99.407623
180.657104,330.393890,67.655518,99.818085
181.597885,328.149567,67.402847,100.890236
181.623581,326.323273,67.182808,101.789795
181.742279,326.368774,67.431122,101.989853
182.699677,328.369232,66.606194,103.072754
184.915329,332.740540,64.892899,102.852684
184.633270,334.750397,64.146538,103.523430
185.405441,336.060608,63.763077,104.293816
185.482437,336.175171,63.936852,104.475960
184.797195,335.777985,63.812428,104.779640
184.647095,339.054993,63.313137,107.750137
184.768784,342.302002,62.891972,108.736511
184.740509,342.226776,62.897530,109.030304
184.687592,341.162262,62.644901,110.033272
183.967850,338.736938,62.511917,110.865395
183.348953,337.112549,62.267895,110.420837
182.756180,337.067871,62.298809,110.847176
182.139572,338.294922,62.014996,110.966133
180.161514,347.833038,61.364765,109.308876
180.291794,348.414520,61.404053,109.460243
180.322418,348.433472,61.473816,109.488045
180.332321,348.412689,61.462883,109.534821
179.758194,350.921753,61.172104,110.142860
180.178909,355.475891,60.929249,109.553993
180.215759,355.727661,60.959591,110.072655
179.847824,357.109436,60.639603,110.201218
178.204208,362.106201,60.247421,108.845627
178.577194,362.997650,60.230137,108.748535
178.818649,362.992859,60.415813,108.879585
177.798645,361.312836,60.137955,109.575584
176.334427,360.865204,59.773384,110.197639
173.211563,357.895966,59.245064,110.882034
171.108688,358.077789,58.791523,111.102562
167.235672,360.192749,58.093815,111.586807
163.712250,359.282288,57.661549,113.150108
163.187912,353.720978,57.405041,113.551216
160.473053,344.285339,56.594521,116.229691
156.027710,339.257904,56.396812,117.279396
153.572861,337.909180,55.901478,117.944885
152.994370,336.499359,55.710579,117.661613
148.508316,333.471802,54.924965,119.223991
141.236877,330.822205,54.501999,118.855942
141.511673,330.454590,54.661026,119.075760
142.223740,329.935730,54.571129,120.367134
142.351120,330.042694,54.790379,120.517136
135.556351,335.110535,53.421757,117.746353
135.284195,334.543335,50.385536,119.961288
134.864609,334.730438,50.180412,119.890335
135.362488,334.983398,50.472038,120.330887
134.740967,338.120453,49.809731,119.412796
136.114609,338.892212,49.698521,118.890663
136.437698,338.546265,49.978481,118.816772
136.434616,338.624146,49.922737,118.964256
136.490295,338.576019,49.969116,118.856010
137.365982,338.045502,49.587780,119.082932
138.797226,337.949707,49.934418,118.352737
141.817154,336.237701,49.666111,118.112679
144.101196,336.252716,49.331295,117.409904
144.371857,334.997864,49.315445,117.715706
144.486389,334.793976,49.456913,118.048195
144.532974,334.989777,49.459427,118.496414
147.131668,333.942047,49.497444,118.503609
146.272476,333.545502,49.480831,118.597771
148.565170,332.406097,49.556641,118.051353
150.513885,332.028473,50.013824,118.179901
150.675842,332.223572,50.454094,118.431969
150.908035,332.361603,50.428349,118.418076
154.765640,334.054565,50.481506,115.218254
155.953552,334.105255,50.397934,115.014542
156.159378,334.354095,50.461494,115.400543
158.538147,333.819977,50.125431,115.512901
161.731033,332.820404,50.602482,114.085739
164.216064,330.719025,50.487392,113.770569
167.018402,327.026459,49.332958,113.062126
168.791733,326.518921,49.311523,112.408554
165.063721,324.996887,49.134972,112.428871
165.224899,324.801605,49.518353,112.423607
165.614395,324.823090,50.035366,112.358437
165.925323,325.108276,50.455505,112.429321
166.593475,324.653870,50.341049,112.361557
167.624237,324.038727,50.366085,112.677330
167.757492,324.151337,50.367634,113.115051
167.819611,324.411469,50.473274,113.444283
167.657669,324.629913,50.334518,113.601791
167.751694,324.902893,50.469479,113.927933
167.926071,325.240356,50.432938,113.817574
167.957153,325.329559,50.473793,113.948883
167.977905,324.810364,50.510845,113.830215
168.257996,324.762482,50.969929,113.963165
168.807785,325.406158,50.901241,113.808334
169.274551,327.708099,50.533287,114.342651
169.752518,328.609192,50.912655,114.400368
169.855820,328.365875,50.925323,114.636742
170.481079,328.083649,50.952717,114.109970
170.311188,326.516235,50.770058,115.374619
170.426682,326.428101,50.955967,115.502274
174.359390,323.887878,50.460854,116.824936
174.293594,319.838623,49.829796,118.066917
173.787674,318.283997,49.312157,118.473969
170.030853,318.397522,49.107056,117.999748
170.223862,318.399170,49.470531,117.943130
171.093307,318.181885,49.322914,117.620811
171.255356,317.338745,49.367195,118.394028
170.198090,316.874817,49.303734,118.427933
170.323105,316.809662,49.420288,118.297188
170.253494,316.088623,49.446102,118.817398
167.515564,314.675812,49.301437,120.124062
164.845367,314.964172,49.729309,120.682320
165.033981,315.173035,49.957272,120.928925
165.162247,315.078186,49.990162,120.980125
165.138641,315.095032,49.994400,120.894669
163.115433,313.731018,49.739269,120.266647
161.908112,313.342041,49.732040,119.823074
161.442215,313.325714,49.931328,119.609352
160.584641,312.921631,50.026543,118.853409
159.092300,312.936035,50.519901,117.944702
159.716370,311.717773,51.200268,116.803696
160.238388,311.331543,51.450256,116.430054
160.431274,310.893738,51.592983,116.201180
160.589355,309.290588,52.278191,116.148911
159.857864,308.582275,52.449223,115.710899
160.032532,307.466614,52.642097,115.436363
160.065506,307.446564,52.947926,115.381424
160.075806,307.635986,53.239468,115.262741
160.545868,308.254272,53.542793,115.718170
163.373535,309.449707,54.749569,115.836884
166.244522,309.614838,55.678497,116.076683
166.354401,309.942017,55.961697,116.389526
162.328934,310.642853,56.887199,115.293884
162.559555,315.744080,56.797001,112.590637
163.199081,317.243103,57.432327,111.881516
163.231766,317.344666,57.475529,111.869530
163.264816,317.388824,57.496674,111.953400
163.081070,317.381256,57.453838,111.959740
163.090164,317.405609,57.472279,111.953705
160.512009,324.181274,55.767971,105.176208
160.740829,325.338593,56.076012,105.373672
160.679031,325.304840,56.432446,105.457588
160.607056,325.323242,56.490440,105.470886
160.284714,326.181335,56.300735,105.013512
160.736984,326.336731,56.429291,105.347771
162.818161,325.645569,56.041935,105.028008
162.765121,325.608398,56.562519,104.889969
162.875351,325.764038,56.960133,104.715866
161.141083,327.370605,56.803123,102.666672
161.230545,327.543976,56.962337,102.934578
161.704147,327.658478,56.946671,102.845665
161.747498,327.855438,56.965176,102.884850
162.568481,327.683685,56.729065,102.895271
164.947830,327.047974,56.907772,102.560150
166.544495,327.152466,56.746155,102.476860
166.661194,327.168274,56.970985,102.453194
166.753021,327.162628,56.908615,102.532562
166.802872,327.397095,56.971489,102.950607
168.922699,326.699677,56.848476,102.585640
169.506760,322.249481,56.822861,101.966171
169.870255,317.464417,56.642746,101.141815
168.401810,315.420013,56.578083,101.493927
168.828049,314.875885,56.859581,101.369804
174.757629,312.483856,56.021496,101.001312
174.048264,311.832642,57.103790,98.801178
175.463303,309.098206,57.231148,98.590111
175.911179,309.178589,57.331596,99.053581
176.138290,309.102814,57.449013,99.558640
179.252716,303.057068,57.080307,100.270630
179.397522,303.067505,57.490749,100.147484
173.861725,303.465729,56.888084,101.198799
174.100464,303.266296,56.923790,101.478882
174.137238,303.277130,56.971851,101.456268
173.223053,302.907196,56.708553,101.243591
172.906540,302.595367,56.908176,101.515656
172.827652,302.384918,56.965031,101.872086
171.037872,300.154510,57.093010,101.171562
170.834778,300.647034,57.586075,101.320229
170.460953,301.874420,57.184559,102.605141
171.033890,308.294220,55.991699,103.284698
171.312943,312.007172,55.445145,104.116165
178.238953,314.430450,54.518555,105.164558
178.321533,310.041443,54.973000,106.073761
177.953262,308.270721,54.874203,106.189362
178.530762,306.184784,55.162121,104.736343
183.862137,300.343109,55.213791,104.202187
184.244537,298.968201,55.577347,104.477264
184.260178,298.228180,56.026188,104.328110
184.349670,297.515015,56.511265,104.251869
185.132538,295.950439,57.071434,104.240700
184.320999,297.270996,57.467136,104.083572
184.896576,297.205963,57.482529,104.887306
187.935135,296.523682,57.517521,105.376465
187.443481,296.811523,57.907059,105.517128
187.414642,297.022491,57.976723,105.920944
187.412552,297.078278,57.968025,105.930428
186.849930,297.207825,57.999706,105.900398
186.692245,297.555603,57.949772,105.932388
183.437408,301.540039,58.503456,105.235435
180.438095,310.279541,59.087040,100.071564
178.421478,314.512848,59.510658,101.443588
177.173325,321.090393,60.279221,99.754471
177.277817,321.222473,60.485039,99.950462
177.271408,321.357422,60.481159,99.891251
177.258087,321.476318,60.473263,99.962860
176.375275,321.298981,60.663700,99.521324
176.374115,321.480896,60.963097,99.885582
176.032501,321.145844,61.057098,100.086838
176.206482,321.252136,61.482555,100.463600
175.962585,320.547363,61.273277,99.950264
175.860855,317.648956,61.050667,99.910095
175.435165,314.108978,61.347057,100.513924
175.482605,314.294647,61.463375,100.922409
174.712936,313.976257,61.053032,100.826942
171.008087,312.709961,60.813671,101.381630
170.621643,312.296997,60.839691,101.385963
168.679703,307.012085,59.854908,101.479019
164.102005,311.312561,59.657921,101.929131
161.463501,312.209106,59.244404,102.582275
161.550201,312.411713,59.480949,102.961617
156.799774,318.766388,60.862778,103.686989
154.303696,322.055847,61.636944,104.664108
154.309189,322.057159,61.978039,106.108192
154.240112,322.063538,62.122372,107.207062
154.427460,322.210327,62.469135,107.453682
154.441437,322.233765,62.469135,107.453682
154.409103,322.329529,62.430984,107.467873
154.216003,322.595703,62.306343,107.473991
153.905487,323.799591,62.526737,107.161079
154.140656,323.969360,62.968891,107.453682
154.155106,323.992920,62.968697,107.453941
154.085083,323.765320,62.858807,107.762321
154.152023,323.869293,62.970093,107.962830
154.050674,323.805939,62.868515,107.993690
148.907837,323.481934,61.403778,109.383797
144.822433,329.809296,61.455544,111.311707
144.152985,334.717621,60.934475,111.426048
149.285172,334.853882,60.341213,112.527679
149.111374,335.224182,60.323975,113.089874
144.550858,335.856812,59.711567,116.415497
145.424423,335.911041,59.749565,116.716225
150.213928,334.648315,60.788326,117.942200
150.317276,334.685150,60.976299,117.951805
150.233643,334.385193,60.773251,118.197792
151.078217,333.251984,60.830063,118.334724
151.152054,328.886047,61.078709,118.198174
151.460114,328.940216,61.240475,118.433846
151.291138,326.159729,61.562782,120.860764
150.514023,327.392517,61.010773,122.134308
150.728317,329.509277,60.352058,122.129921
153.629379,328.794159,60.894032,124.226440
153.269485,326.385254,60.912426,126.350426
153.188568,323.589386,61.036587,128.396042
153.284225,323.315308,61.162907,128.424789
153.346375,322.302856,61.240940,127.924423
153.927917,320.863464,61.423195,127.620102
151.342346,320.808075,61.292717,127.493370
151.142426,318.473663,61.482388,125.437958
152.160767,317.353271,61.421211,125.040001
152.102509,317.495819,61.382797,125.364716
150.387405,315.167053,61.813488,126.498161
150.415024,314.875549,61.969456,126.422783
150.376404,314.779602,61.941025,126.538612
148.628296,314.671967,67.063644,128.314194
149.331421,309.154663,67.114075,132.386520
150.989624,308.626190,69.493736,133.903824
150.210526,308.240143,70.257690,134.885788
150.268341,309.047729,70.454460,134.734100
151.009506,308.859467,70.332237,135.161560
153.924438,307.269806,71.280258,137.025589
157.449310,309.954254,71.747162,135.696259
161.385208,308.291870,72.489693,136.981750
168.334137,307.738770,73.821854,138.379196
171.003296,307.419739,74.533203,138.808807
171.304642,307.528778,74.981247,139.015610
171.364304,307.776703,74.952637,139.430252
171.937820,307.905151,75.040314,139.159958
173.773041,304.437378,76.307541,143.003967
176.794357,303.196350,75.752396,142.977921
177.073196,302.900574,75.932350,143.078293
177.414230,302.746155,75.848900,143.344955
177.528046,302.795624,75.978081,143.437943
178.561371,304.282379,75.363930,143.109146
181.231934,308.978455,73.018623,140.920761
187.264084,312.612671,71.422729,138.835632
187.391785,312.766083,71.391335,138.976151
188.156464,312.336670,71.254036,139.056839
190.822449,310.922943,70.048317,140.934341
191.746277,309.975616,70.338493,141.239319
193.835052,309.081635,69.382156,141.189087
194.824020,307.455170,69.464531,142.842026
195.123398,306.943787,69.446297,142.759720
195.136703,307.002899,69.514595,142.988434
195.366959,306.995056,69.961243,142.935654
193.942230,306.332672,71.540939,142.505142
189.338852,306.433014,71.501968,142.028687
187.793060,308.129486,72.295395,141.456406
187.997574,309.575806,72.414261,140.970856
190.261047,312.992615,72.464867,137.488388
190.651276,315.533051,72.200493,135.407257
190.919022,316.830292,72.627563,135.862854
191.135788,316.999725,72.967583,135.989456
191.657745,317.034210,72.954964,136.275406
191.622284,316.213684,74.423660,137.515839
191.836548,316.350616,74.471779,137.800949
192.858429,315.903290,74.700119,137.933670
198.167099,311.082123,73.293327,138.617294
200.511902,308.197388,73.495590,138.747925
199.815582,307.919250,73.684303,138.749741
197.330307,306.839996,74.783607,141.637909
194.200043,309.383606,76.042313,140.121857
194.921829,312.609406,75.522011,138.990723
194.921249,312.454834,76.093727,139.043747
193.295624,312.780975,76.662834,139.148514
193.459763,311.300537,76.933090,139.685684
191.993988,305.336243,78.830544,143.402130
189.794327,303.513702,80.249535,143.205444
184.627319,302.860321,80.356308,143.655991
183.093628,303.267273,80.204147,143.325363
182.412491,307.249451,79.760818,141.637527
181.823029,305.194763,80.218094,144.308548
181.142975,304.101898,80.280937,145.089096
179.531433,304.155884,80.640030,145.635941
176.546204,305.455719,81.094162,145.337860
176.672394,305.350433,81.636856,145.780350
178.764145,300.732971,82.399330,149.214752
178.731308,293.575500,83.315689,153.298767
177.934250,293.244415,83.602997,153.408188
178.148972,293.192535,83.921539,153.326996
179.532562,285.800751,83.975700,156.517578
179.195190,286.393768,84.123840,156.636292
179.335220,286.592072,84.425682,157.040894
180.012680,287.478882,84.043999,156.750336
179.868149,284.862488,85.758675,160.187149
179.431046,283.780029,85.963478,160.627274
178.397705,282.539703,86.070747,160.876144
177.522964,279.693726,86.152946,162.004684
174.147797,282.791656,86.555084,160.642685
174.333771,282.825073,87.103333,161.180115
176.797531,283.120789,90.512329,162.277542
177.922348,278.107605,92.281807,166.054199
176.351166,277.622284,92.448608,167.011475
173.655640,277.750580,92.399796,167.624207
172.115005,277.158020,95.595871,170.300659
171.597733,277.155304,97.332695,170.935013
170.472366,277.949982,98.178482,170.786331
166.491165,276.773407,98.432030,173.680893
164.936188,276.126526,100.053513,172.456467
158.676743,273.232819,101.731712,174.306946
