1
218.869095,93.295494,50.518597,50.530575
219.302200,95.061417,50.687050,52.658573
219.985947,95.347183,50.128193,54.472443
220.130417,95.636986,49.962925,56.777649
220.065781,96.150330,49.789902,58.607086
220.000122,96.838051,49.520603,60.283756
219.382523,93.730309,49.504166,63.128971
218.497528,91.377007,49.302479,65.829727
217.770462,92.784927,49.578987,66.669502
217.402939,93.538857,50.134872,67.549568
216.769836,95.977646,50.295628,68.741501
216.022232,97.221573,50.736092,69.969772
216.130661,97.306427,50.986332,69.984169
214.332642,97.933800,51.333168,69.682716
213.038925,99.148247,51.433449,70.205238
212.749649,99.018944,51.532932,70.390923
211.635010,98.575150,52.097023,70.564369
209.281891,95.394341,52.767582,70.188278
209.992432,100.648674,52.651409,70.771446
209.619675,90.238861,51.835400,72.168602
211.083954,95.291466,49.940624,73.399330
212.088303,99.532928,49.143368,73.091049
2
0
0
0
0
1
101.613083,88.274437,66.115242,66.636948
88.506325,90.760277,65.019104,67.427345
80.858620,94.817711,66.029343,65.417389
60.501167,101.114334,67.151367,64.689270
53.974102,103.193970,65.619728,64.193680
49.351177,103.022606,64.256004,62.706753
40.545895,103.420662,65.045959,61.608913
41.096642,106.812965,65.032333,60.870396
43.229218,108.655586,62.968540,61.106400
42.906067,109.851730,62.794628,61.126953
42.210880,116.456909,63.324631,58.871094
43.434109,118.722725,63.213844,57.791607
48.234581,121.688545,63.776970,57.974121
49.256367,127.116867,62.886150,58.274651
52.480549,135.294754,63.237122,57.413162
58.328156,138.752991,62.188343,58.289089
69.082855,142.863953,61.202305,59.358322
85.932838,146.458878,60.598377,60.622849
100.236580,144.751038,57.085217,62.265663
102.150902,143.589935,55.224434,63.385330
102.848442,143.955124,52.790684,62.702972
102.772903,145.088684,52.064056,62.321327
103.022179,145.763458,51.892765,62.273685
103.158607,145.815674,51.870411,62.574722
103.195419,146.405655,51.860863,62.744038
103.416771,147.517609,51.370899,62.423225
2
0
0
0
0
1
183.704987,61.863117,45.193592,73.958031
188.284622,53.462132,44.900265,75.806473
192.765228,55.187790,43.823608,77.852600
197.678406,61.182358,43.868851,78.138908
204.782318,55.652332,42.784260,81.607811
210.991287,53.799076,41.845684,84.412598
214.033325,58.161266,41.553940,84.977455
216.112564,71.740189,41.856976,85.894691
216.271591,75.415962,41.565521,87.658890
216.406555,76.250221,41.563442,90.319305
216.636505,74.292145,41.268105,93.533768
215.348526,76.684486,40.409447,94.824860
214.390640,81.234879,39.918243,94.694275
212.645584,82.270187,39.041679,96.497803
213.065063,88.055519,38.744576,97.157898
214.432266,92.085182,38.265427,98.552956
214.639267,95.686676,37.865139,99.617371
214.979126,95.673309,37.847321,100.233994
215.221359,97.805939,37.951382,99.763550
214.930267,100.646927,37.720516,99.712311
214.742447,101.963356,37.812946,99.508522
214.677322,102.620949,37.966118,99.704079
214.263962,102.241974,38.012417,99.767227
216.019226,101.797279,38.736507,99.713760
216.401962,101.076775,39.030460,100.379288
216.350189,103.112503,39.862392,101.592873
216.581284,106.827164,40.324345,101.912613
217.096664,105.474052,40.915253,102.999176
218.053940,105.892433,41.267746,105.102798
218.594376,103.125870,41.774479,107.083023
218.609467,101.892204,42.082771,109.299080
218.961533,101.122253,42.648224,110.116066
218.992142,100.047890,43.007713,111.971291
219.129288,99.695038,43.565895,112.239662
219.290192,101.191772,43.859566,111.868462
219.123184,98.513527,43.181198,113.342735
219.051285,100.352097,44.472687,111.851547
215.980927,100.824478,43.691746,113.323090
213.029419,98.477333,43.086639,115.377899
210.643890,100.145958,44.394756,113.932014
204.184937,108.164925,44.786182,110.601196
198.149094,107.746452,45.242287,108.679070
190.852249,113.117020,44.951614,105.120010
182.573441,117.495491,43.577011,100.248787
178.995270,129.123489,44.757664,91.753029
167.345825,130.920029,44.974346,87.742683
168.671402,136.742401,44.661747,82.572250
166.314911,145.551254,45.176277,78.397873
167.238876,147.945999,44.296040,76.383110
167.268478,148.960571,44.353081,75.570557
167.569611,149.193604,44.397385,75.852112
2
0
0
0
0
1
125.945183,65.478683,43.278690,59.173157
128.006119,62.885174,42.552902,60.047035
129.937378,58.488094,41.600536,61.083542
132.224747,58.294605,40.318592,61.306225
135.432739,56.049541,38.799915,61.695282
137.945038,56.698925,37.997509,62.760723
137.941269,56.819244,37.983150,62.962814
138.276398,56.959412,38.003510,63.058727
138.830643,57.363972,38.396416,63.307564
140.671402,56.680790,37.949947,63.844215
143.497330,56.248085,37.362785,63.766594
148.267593,56.421204,36.816101,64.977310
154.621796,53.171223,36.476807,65.009315
158.815353,48.927044,35.897243,66.217857
160.008942,45.996120,35.718105,66.581833
160.882294,45.390007,35.689556,66.861298
162.488281,44.261196,35.601746,67.306252
167.158127,41.186909,34.586246,68.857582
171.474777,42.752686,34.971069,68.004227
173.677536,44.476967,34.935188,67.596817
174.797470,46.268051,34.799263,67.052917
178.019089,46.842667,35.357533,66.689232
181.634735,44.891907,34.762970,66.948410
185.062317,47.965420,34.537056,66.451874
187.439575,53.735313,34.475185,65.472023
189.428619,61.686237,34.092319,65.550537
189.230057,62.926582,35.250706,68.529892
187.573502,65.549713,35.400051,72.192711
185.766235,72.381477,35.332520,74.825806
186.298660,81.477974,35.698380,76.393036
186.852661,83.528709,35.513866,76.837891
185.574127,86.170059,35.447102,78.852486
181.706680,93.317329,34.699955,76.864227
175.482803,107.390770,35.292820,74.454826
150.787964,103.269318,34.837234,80.314720
135.406891,106.519196,37.222492,83.204063
130.647522,114.600899,38.429874,81.552284
127.650070,121.228149,38.543777,80.513832
126.145210,127.795746,38.737118,79.859276
123.980385,135.078522,39.469704,77.881668
123.865654,141.234177,39.252468,75.466713
122.671288,144.487137,38.846252,73.866226
121.148132,147.091553,38.970924,71.751846
120.863441,148.272949,38.732090,71.140984
121.510666,150.418640,38.252724,69.744331
121.904251,151.076126,38.208073,69.613632
122.106049,151.364334,38.422043,69.727875
122.158867,151.680893,38.465664,69.549217
2
0
0
0
0
1
36.707588,156.366028,74.520279,63.540379
35.733395,157.215942,74.657211,63.774231
34.766541,157.732651,74.729179,63.762043
34.966770,156.630859,74.338562,64.875267
45.922337,151.537659,75.451019,67.329803
38.232262,147.027206,77.942322,67.084785
41.285301,141.653610,75.140755,71.195053
42.444134,135.079193,74.559235,74.371788
42.886703,129.256012,75.578178,80.721756
44.628040,128.325729,74.103951,83.792427
45.179375,127.940193,73.615913,85.156631
51.023174,129.742188,71.252892,89.519745
55.552338,135.430908,70.117317,89.177711
59.972839,135.267914,70.119270,88.786339
62.921871,134.742325,70.341476,89.110153
72.523979,136.415924,69.873993,89.409477
75.607285,136.389465,69.626915,89.416321
79.857933,137.449493,69.555008,89.134567
83.484222,138.075592,69.277840,89.155388
84.987534,137.467484,69.366127,89.594673
88.406837,137.658340,68.357826,90.155052
91.780342,138.127808,67.296829,90.624702
93.832588,138.913162,66.436287,90.978394
96.664520,140.393250,65.062271,90.393532
97.595917,141.259796,65.120369,89.756569
98.383087,141.915558,65.159409,89.654243
98.709808,142.538971,65.454437,89.384705
100.672295,143.361786,64.470207,88.974747
100.899910,143.865753,64.183929,88.506935
101.540359,144.590393,63.504818,88.508324
102.187309,145.371429,63.111866,88.657410
102.570564,146.466400,63.249287,88.339996
103.078888,147.912888,62.529083,87.438759
104.143280,148.446289,62.264030,86.489944
104.403671,148.919296,62.089569,85.893112
104.567307,149.058533,62.177193,85.767113
103.771698,150.122391,62.052429,85.317856
103.837166,150.119110,62.259171,85.372940
103.529381,150.023193,62.184345,84.448853
103.161545,148.378754,61.984333,84.258842
103.308411,148.162567,61.881618,84.398148
103.394493,148.168182,61.913048,84.369820
103.637711,148.147827,61.815262,84.349602
2
0
0
0
0
1
200.761398,101.987663,53.314323,66.734268
202.262802,102.510811,52.227066,68.666443
206.699081,100.564827,51.013264,71.568321
209.659378,98.019073,49.671570,74.790253
212.093079,96.259476,47.772137,76.929810
212.972046,96.574509,47.529247,78.093857
217.004639,101.276329,46.340054,78.500114
217.540192,103.157066,46.265137,78.871635
218.023376,105.913727,46.019733,78.808746
217.814880,110.290337,46.190876,79.034012
217.475586,114.564430,45.985764,79.605423
217.991425,117.781090,45.403900,80.656921
217.737503,119.213882,45.300083,81.035950
218.079025,121.427979,44.944355,81.793633
218.136505,121.689178,44.867870,82.001556
218.651627,124.107437,44.745541,82.497345
217.977463,126.344337,44.897942,81.901062
218.029739,126.738091,44.904251,81.937157
217.523285,132.410309,45.020554,80.247787
218.090027,137.679657,45.042175,79.820457
217.428894,145.308624,45.633137,78.613007
217.560898,148.974823,45.956654,78.091148
218.899750,154.766907,46.733883,76.517334
