1
6.263857,166.770752,43.707741,28.049994
6.749253,166.464005,44.406876,28.747002
7.898306,166.812347,44.694767,28.794697
8.062663,166.921890,44.949871,28.956869
10.533348,166.481918,48.319267,29.426031
10.697331,166.515839,48.484779,29.502554
10.645059,166.795258,48.662819,29.944489
10.904279,166.719055,49.481094,29.933649
11.721095,166.671906,50.127758,30.002234
11.979909,166.992432,50.509418,30.465393
13.292597,166.280258,50.823734,30.917603
13.548453,166.309326,50.954205,30.981405
14.145488,166.350891,51.008335,31.040377
16.021580,166.011475,51.470192,32.566422
17.253523,166.083588,51.363644,33.146420
18.889555,166.424866,50.683918,33.658875
19.603836,166.918915,51.966785,33.894321
20.755861,166.820099,51.444214,34.098816
21.234829,167.189575,51.764809,34.590343
24.094364,167.323669,51.180122,35.241695
26.512241,167.054825,51.433243,35.659828
29.325447,167.408905,50.959148,35.908485
33.601395,167.143707,49.551460,35.883793
34.131458,166.913589,50.525631,36.149918
35.480614,167.051941,50.613445,36.471748
36.484081,166.897873,50.993256,36.408821
37.530006,167.226257,50.973644,36.050007
37.932232,167.348480,50.996387,36.374500
37.976566,167.428741,51.047401,36.382961
37.418259,167.318253,53.800381,36.551617
39.263454,167.382568,53.228760,36.990196
39.713009,167.402100,53.676586,36.825577
40.761402,167.571167,54.420296,36.853306
40.949894,167.650543,54.471794,36.946575
41.460552,167.637711,54.500275,36.923737
41.722115,167.673584,54.962265,36.985233
41.981480,167.745468,55.106182,36.892101
43.551785,167.618195,55.055775,36.966167
44.452755,167.420654,54.633228,37.135174
45.377655,167.403610,56.005074,37.590553
48.446651,167.333374,55.244617,38.034416
49.367565,167.421646,55.515015,38.568264
51.950874,167.762619,55.084332,38.497498
53.208614,167.152237,55.094730,37.956455
55.034870,167.189667,54.027374,37.988247
57.186340,166.447021,53.835423,38.059475
58.416519,166.437714,53.553123,38.348213
59.208721,166.327286,54.321259,38.403191
60.534389,165.765381,53.793789,38.844414
62.244869,165.762726,54.276749,38.678112
62.722916,165.799789,54.308285,39.004055
64.332947,166.088806,53.657444,39.510727
66.234749,165.017090,53.173302,40.311943
66.641380,165.448975,53.513649,40.098198
67.123070,165.695297,53.852070,40.459332
68.656525,165.355026,53.056164,40.142727
70.146088,165.593323,54.024628,39.254658
70.980629,165.852264,54.361633,39.199543
71.924194,165.009354,54.766705,40.776386
72.459549,165.246964,54.827408,40.755131
73.029388,165.288574,54.699509,41.040447
74.022491,165.050201,55.308987,41.588779
74.990059,165.156937,54.954269,41.341381
75.028496,165.185608,54.985245,41.527870
75.417709,164.942581,54.933605,41.552315
75.531357,165.186493,54.938915,41.906216
75.639702,165.136536,54.943783,41.796959
75.848106,165.090256,54.971889,41.743839
75.859787,165.220749,54.972458,41.982746
75.854103,165.575073,54.948685,40.998150
76.143097,165.564850,55.081108,40.943554
76.410789,165.623276,55.367569,40.976570
76.720947,166.118347,56.790459,40.412144
76.825974,166.165955,56.950844,40.485741
76.991638,166.281479,56.753906,40.336716
77.102890,166.623718,57.083355,39.964005
77.540962,166.692734,57.331638,40.032166
77.621857,166.963074,57.481983,40.461678
77.327713,167.454330,58.024590,39.777199
77.512863,167.617157,58.487789,39.914299
76.673393,168.386795,59.363358,40.268997
76.755043,168.467804,59.465652,40.400433
77.089226,169.659393,59.692009,38.771954
77.232437,169.757828,59.989532,38.957127
77.249084,169.802948,59.970791,38.971474
78.317947,169.797256,58.331894,38.856121
77.896095,169.817307,59.134060,38.928997
78.082253,169.904327,59.495190,38.928402
78.700638,170.016846,58.087219,39.067757
78.833733,170.284561,58.593430,39.488293
78.900314,170.322983,58.929184,39.421192
78.925270,170.364700,58.972916,39.486805
78.895477,170.442245,59.058727,39.496162
79.071243,170.458481,59.431454,39.486233
79.066841,170.478363,59.509422,39.484612
78.945229,170.604095,60.709923,39.447906
79.077492,170.649551,60.975487,39.471966
79.079857,170.684174,60.975960,39.485527
79.068176,170.725403,61.022449,39.457043
79.310829,170.759918,61.460514,39.486973
79.327621,170.758514,61.476208,39.479588
79.338081,170.768829,61.469631,39.482979
79.345940,170.755325,61.493538,39.461697
79.355690,170.773117,61.472984,39.473564
79.373489,170.781830,61.476200,39.472401
79.383949,170.795746,61.469631,39.482979
79.488693,170.756454,61.487335,39.445457
79.874321,170.358322,62.170376,39.824799
80.037445,170.445053,62.469551,39.984543
79.787041,170.053726,63.134651,40.113281
80.005325,170.273071,63.447929,40.487663
80.261375,170.264282,63.811760,40.376850
79.009270,170.092178,68.598740,40.905544
79.252808,170.167679,69.028839,41.001503
79.543953,170.352341,69.417641,41.490337
79.600822,170.079056,69.686249,41.770168
80.003159,169.986267,70.006630,41.674423
81.412575,169.988571,69.439545,40.960506
81.463882,169.892456,69.629738,41.090149
81.648155,170.085190,69.967270,41.497017
83.457047,169.449387,68.333763,41.745327
83.582870,169.521774,68.546951,41.866810
83.607613,169.236542,69.313156,42.091320
85.141045,169.157181,68.614807,42.691395
86.370354,168.865265,69.037834,43.411823
86.663254,168.473083,70.632950,43.861794
87.249107,168.217468,70.245880,44.146786
87.472237,168.355179,70.537842,44.536018
87.713715,168.587250,70.966850,44.979580
89.234329,168.438965,70.687599,44.839893
91.642708,168.447037,71.752808,45.053314
91.956024,168.658920,71.966522,45.475349
92.103241,168.657623,71.942329,45.447712
93.378922,168.465714,73.617538,45.459015
93.568420,168.486359,73.963440,45.480423
93.901726,168.303314,74.223007,45.670155
95.584312,167.968735,74.814781,45.632660
95.779617,168.108383,75.016541,46.035774
96.029953,168.334442,75.472694,46.463566
98.177368,167.535645,77.437508,47.136536
98.353592,167.630142,77.764534,47.472874
98.937286,167.495789,77.861153,47.272877
99.034584,167.622543,77.974304,47.487068
100.308060,166.121902,78.542046,48.660473
100.684029,166.124207,79.180923,48.870445
102.163918,165.184067,79.232933,49.035549
102.781296,165.270905,79.440102,49.335209
104.627274,164.963882,79.510109,49.963013
105.343750,164.714722,80.392990,50.441273
105.421364,164.728271,80.460777,50.452961
106.360245,164.741211,80.776222,50.406364
107.460815,163.819321,82.996086,52.017445
107.132027,163.748795,83.599693,51.300594
108.373703,163.658401,83.850151,51.980469
108.560623,163.443451,83.871773,52.469105
108.752113,163.450012,83.902168,52.484669
109.724075,162.772598,82.596848,53.328842
111.766640,163.324783,79.803108,53.548561
111.408348,163.634521,80.188522,54.333744
114.305542,163.350662,76.059753,54.776325
114.528152,163.972733,75.757690,54.763100
123.850639,164.390182,79.218048,54.250057
131.946594,161.056137,87.109650,54.163815
132.342590,161.106796,87.919289,54.395378
134.537460,157.161362,82.652161,54.117783
135.435059,157.970261,82.103867,54.324150
135.099869,156.847382,83.249298,54.149490
141.656479,156.041443,80.173370,53.732361
130.049591,155.361420,91.089485,60.906025
139.838104,154.245422,98.605690,58.774822
141.492859,155.107544,100.349945,58.855801
142.253006,157.369766,100.205742,58.712177
145.653244,157.061279,101.895554,58.606880
139.246414,156.213394,106.363251,58.946476
132.274017,155.513046,116.589188,60.755360
130.785492,155.030228,117.538689,61.039993
126.639641,154.861694,125.407639,61.860645
126.682007,154.925049,125.464569,61.958683
123.918457,154.899994,130.657913,62.957222
123.260132,154.083954,131.646393,64.508148
123.108246,154.192261,132.335510,65.352928
123.397911,154.236038,132.513397,65.466087
121.366714,152.340698,137.370880,67.889313
121.432655,152.396301,137.434479,67.969612
118.190430,151.556946,141.903412,68.891319
118.197495,151.606857,142.008148,68.982773
118.708923,151.406052,143.212448,69.218185
121.752060,151.336227,143.963959,69.473297
126.129898,150.990997,147.031158,70.852859
128.113922,150.772522,147.920395,70.798515
133.464600,149.071945,152.460953,75.051849
135.096939,148.540512,154.606857,75.419296
136.736389,147.681244,159.950989,76.765442
137.381714,147.712173,160.125778,76.924576
137.743958,147.617065,161.680023,77.322517
138.016922,147.686447,161.960297,77.481384
137.123077,146.785263,166.431763,78.881599
133.337326,145.759003,170.638046,79.838356
130.255585,145.280975,176.255295,80.420395
128.613358,144.586960,177.377014,79.666382
116.966217,143.757950,189.580887,79.927185
105.522545,142.201477,203.190079,79.961479
100.508873,141.454102,207.596130,80.051712
98.024849,141.032700,209.763702,80.153275
91.559921,139.881378,214.065704,80.471245
85.375916,138.664032,212.985962,80.170708
79.532562,136.211670,215.245514,80.349236
75.270355,135.743271,221.279770,80.640404
73.117554,134.555420,225.719543,80.251099
73.968987,133.502975,235.978821,79.937805
74.387810,132.825638,238.253174,79.257492
75.608597,131.880768,243.459061,76.782837
71.759201,131.417282,250.475357,77.282730
76.159004,128.875580,255.498917,80.083038
80.933823,129.407013,254.165649,80.738037
88.867096,130.166458,258.229492,83.434052
77.689095,124.284904,274.102509,86.196655
82.033325,124.379044,272.872803,87.040520
84.845337,124.738869,280.270721,88.184166
86.052414,121.814735,282.169708,94.965508
88.499672,121.600899,282.573975,95.381668
90.504776,120.857025,285.703583,96.617821
94.861801,119.089699,285.995392,98.572800
98.937897,118.921738,284.900909,99.463516
102.313927,118.582214,284.171875,99.636070
108.981155,116.901764,282.998108,101.640533
114.173599,114.349907,284.567383,103.471298
117.515053,113.751480,284.624176,104.074341
118.326385,113.909386,284.832184,104.262344
121.737694,113.532066,285.191223,104.736595
123.929214,113.531891,284.877899,104.452431
126.547302,113.069260,284.378784,104.553070
131.104874,113.223457,284.109833,104.354355
133.705154,113.041069,283.773621,104.494148
137.021439,112.990364,284.279236,104.022522
148.704071,111.777321,280.177826,105.549088
151.901718,111.728653,279.875488,105.729820
163.904770,110.872169,280.504303,106.399376
167.351471,111.036461,280.570801,105.791756
172.308899,109.740402,281.480347,105.842598
175.593430,109.352089,281.715210,105.246460
177.683868,109.449799,281.418518,105.406044
183.564880,109.095200,281.727234,104.711296
198.726639,108.734970,283.343872,103.617432
206.568695,109.102371,282.006317,103.597908
209.647644,108.737328,283.845123,103.797134
241.155106,109.270248,274.966278,101.784264
252.480789,107.183151,281.767212,102.559135
267.039429,107.904099,280.141876,100.855553
288.696808,104.520660,277.540710,102.907814
310.015320,103.014137,269.985260,103.378876
