1
7.820470,165.736725,47.002674,27.632086
8.085899,165.731110,47.450817,28.159967
8.400658,165.886749,47.691132,28.633192
8.553998,166.070221,47.976295,28.987465
10.137212,166.049225,48.530827,29.103531
10.396157,166.248352,48.985100,29.483894
10.376518,166.268509,49.102287,29.484404
10.738824,166.237457,49.673897,29.480223
11.872082,166.430634,51.346737,29.299501
12.598495,166.470200,51.195076,29.792067
13.267517,165.636063,51.667934,30.563244
13.466269,165.815155,52.139519,30.981064
14.073153,165.796082,52.591545,31.111969
14.565291,165.914185,52.858368,31.561241
15.469515,166.095016,52.796185,32.050865
16.355694,166.397751,52.420876,32.512531
16.974579,166.648254,53.246490,32.886898
20.631855,166.186035,52.631359,33.275188
21.015495,166.330872,52.952263,33.591396
22.666006,166.300110,52.819359,33.929977
24.855474,165.932388,52.448570,33.986191
28.087366,167.320404,52.953129,33.243881
31.955305,167.059036,50.984467,33.696213
32.008526,166.842712,53.092018,34.483868
34.825718,166.774384,51.903542,34.519588
36.057980,166.909210,51.849876,35.111206
36.629250,167.123474,52.002689,35.168293
36.942841,167.284256,52.509190,35.464714
37.207924,167.297333,52.972157,35.482239
36.967644,167.271286,54.737190,35.370167
38.604393,167.347473,53.691116,35.558514
39.066338,167.570618,54.157307,35.943802
40.253223,167.527924,54.756359,36.005424
40.738071,167.749207,54.927185,36.428829
41.928375,168.000381,54.508663,36.276382
42.199715,168.106949,54.952888,36.486988
43.208145,168.277832,55.069710,36.525188
43.906170,168.360077,55.327969,36.947372
44.671043,168.171951,54.633228,37.135174
45.432388,168.144287,55.480373,37.638901
48.109612,168.164871,55.276329,37.748699
48.752502,168.176788,55.470901,38.043686
50.527519,168.309601,54.669483,38.231949
51.001163,168.271378,55.139221,38.332298
53.701202,167.776611,54.394573,38.520748
56.169495,167.544800,53.799789,38.975628
58.184299,167.784409,53.342060,37.877342
59.758064,167.484909,53.813534,37.600246
61.917374,167.261765,53.130692,38.079388
63.045311,167.360275,53.200146,37.493793
63.804798,167.021393,53.181133,37.496178
64.834312,167.148453,53.478466,37.408249
65.929276,166.559128,53.141575,37.690762
66.490204,167.047211,53.653744,37.481579
66.872597,167.052414,53.869183,37.480694
69.811668,166.422531,52.957863,37.031773
71.039238,166.995407,53.544373,36.570679
71.907310,167.021439,53.770191,36.991299
72.205544,166.874527,54.009163,37.214092
72.914467,167.160339,54.238552,37.063484
74.238678,167.291168,54.088882,37.590950
74.542145,166.982758,54.686081,38.050831
75.146240,166.979401,54.648285,38.258934
75.356796,167.080414,54.947636,38.495911
75.621552,166.895630,55.056534,38.411385
75.884354,166.915787,55.474567,38.408440
75.983002,166.906982,55.456856,38.375530
76.186691,166.858673,55.379631,38.285255
76.306793,167.067703,55.392651,38.496708
76.290833,166.963593,55.635929,38.206196
76.560341,167.157227,56.042545,38.436592
76.790222,167.193832,56.471382,38.480392
76.891762,167.480484,56.825588,38.267254
76.972023,167.593170,56.910675,38.495998
77.150299,167.640976,56.681149,38.329922
77.337967,167.747253,56.985153,38.434822
77.762291,167.730408,56.948650,38.630005
77.756348,168.025192,57.054424,38.918304
77.385880,168.176636,58.214787,38.655205
77.496353,168.373505,58.466076,38.945751
76.916534,168.838898,59.121487,39.314110
77.138275,168.848648,59.460052,39.338291
77.553276,170.059799,59.592632,37.574997
77.723610,170.220886,60.013130,37.967976
77.995987,170.271378,60.446976,37.985546
78.975975,170.268326,59.013737,37.866570
79.017059,170.361969,59.664043,37.944096
79.141243,170.399582,59.975166,37.989838
79.311325,170.432663,59.200397,38.023861
79.427795,170.685104,59.495556,38.484764
79.321007,170.715561,59.414032,38.457111
79.343788,170.738937,59.475281,38.495171
79.329994,170.809174,59.507858,38.507557
79.536621,171.068207,59.947865,38.985588
79.499771,171.057343,60.021477,38.975769
79.710747,171.067200,60.517082,38.991131
79.938972,171.079315,60.970543,38.985111
79.924538,171.088013,60.952755,38.980610
79.945602,171.101303,60.971462,38.980659
79.958557,171.111282,60.969032,38.983341
79.970543,171.115952,60.971973,38.982044
79.983536,171.171356,60.979122,38.933346
79.993874,171.202438,60.972919,38.979374
80.007339,171.212708,60.970329,38.981709
80.019089,171.226105,60.972229,38.979805
80.031548,171.236313,60.969879,38.983196
80.077896,171.173462,61.015755,38.928585
80.330223,171.180908,61.545246,39.005135
80.555916,171.427429,61.969818,39.484825
79.621742,170.788391,63.222382,39.701298
79.898384,170.935226,63.386574,40.005722
80.185104,171.167404,63.811760,40.376850
78.933006,170.995300,68.598740,40.905544
79.189270,171.121048,69.109055,41.035393
79.574211,171.228180,69.283485,41.516281
79.779381,170.980164,69.521164,42.395370
80.026085,170.967575,69.994888,42.455154
81.002426,171.047333,69.011124,41.519691
81.684196,171.095505,69.321861,42.037689
81.811356,171.210266,69.501244,42.423923
84.104393,170.500198,67.733986,42.786186
84.341049,170.533066,68.072090,42.961273
84.931061,170.078064,68.626717,42.686115
85.231560,170.227768,68.960846,42.968769
87.695969,169.597763,68.615944,43.530521
87.996002,169.482239,69.420036,44.096188
88.415810,169.298904,69.165230,44.470303
89.080612,169.210449,69.715584,44.466988
89.220284,169.223663,69.969398,44.479416
90.399635,169.173248,69.841110,44.497631
92.568260,169.494858,71.516357,44.541866
92.988861,169.557877,71.822189,44.996124
93.234993,168.400681,72.009529,45.153252
93.940872,168.121979,74.077042,45.593403
94.151154,168.325333,74.462723,45.980206
94.207985,168.251175,74.521133,46.070133
95.862160,168.137939,75.156059,46.019566
96.424362,168.133560,75.535072,46.693970
96.665413,168.278336,75.970306,46.961769
98.109901,167.973679,76.782455,47.241974
98.387062,168.025650,77.215073,47.375401
99.010315,167.678650,77.555962,47.553871
99.218788,167.919769,78.086708,48.017838
100.333946,166.989777,78.463058,48.971661
100.565102,166.219345,79.557167,49.355446
103.278236,164.889023,79.474754,49.212772
103.519966,164.964249,79.417297,49.470051
105.377342,164.589813,79.510109,49.963013
106.399406,164.435669,80.711777,50.308723
106.536644,164.529251,80.958855,50.478115
108.347191,164.480927,81.637955,50.356606
110.111755,163.613419,83.021210,51.482513
109.902161,163.246521,83.863243,50.704849
110.496559,163.254623,83.898315,51.130238
110.724739,163.326828,83.795509,51.684502
110.868065,163.482391,83.871407,51.993931
111.152184,163.261520,83.988129,52.037708
111.744370,163.522095,82.656792,52.662312
111.989899,163.694778,82.965622,53.007812
112.156425,163.800690,81.387520,53.522251
112.243774,164.220795,81.326111,53.949463
118.346436,163.402756,82.610077,54.108589
122.243713,160.560684,91.520592,55.216366
123.330231,160.987122,95.690643,54.560093
123.031517,159.710617,94.261742,53.741253
130.426483,161.009781,90.358795,54.256294
129.817307,159.573914,91.596840,53.615128
133.595108,158.719498,88.129501,53.692566
133.072021,161.471649,89.986740,58.142387
131.584702,155.973038,96.249992,60.046741
129.610443,156.855377,100.549179,59.978943
128.427505,158.940521,102.309448,59.328823
132.688812,158.585022,110.152718,58.541153
131.335327,157.602295,112.194672,59.111794
130.193695,157.790161,115.100388,59.854546
127.812912,157.023453,115.417801,59.955555
124.024902,155.524979,123.078308,60.561268
124.258652,155.721283,123.487053,60.940468
123.596542,156.163544,126.223381,61.092876
123.550789,156.252197,126.851799,61.733250
123.399757,155.801575,127.401070,63.132042
123.189209,155.034454,128.923309,64.139854
118.563271,152.874466,140.667694,67.715370
118.736275,153.017136,140.935608,67.968361
117.180367,151.785751,143.199997,69.127502
117.327019,151.972183,143.429138,69.470055
117.884415,151.833984,143.976578,69.712936
120.638786,151.933060,144.989655,69.765099
124.883377,151.687256,146.718658,70.540390
127.434654,151.352097,148.174911,71.018806
132.347946,150.194946,152.831039,74.393486
136.113083,149.308167,155.898865,74.695808
136.710403,147.712738,158.707367,76.463066
137.435379,147.646881,159.036530,76.463974
138.894653,147.552567,161.895935,77.220337
138.963394,147.682526,161.955170,77.482162
138.072128,146.780960,166.431763,78.881599
134.156952,146.043869,170.446609,79.602982
130.564178,145.902328,176.847519,80.180862
129.076599,145.425735,178.047958,79.931404
117.388039,143.468994,187.767456,79.821739
106.343575,141.980194,200.131699,79.903351
98.277824,140.766327,205.778442,80.418900
98.040253,140.321289,206.681198,80.546150
86.936432,138.623184,213.175079,81.020096
78.722404,137.425659,213.971512,79.205750
72.329987,135.483704,217.010239,79.592888
65.707954,134.407700,227.207901,80.373337
63.523781,132.432053,230.507736,80.716377
65.474533,130.846954,235.248611,81.165268
67.557053,130.336014,236.885605,80.032440
69.536072,128.049927,237.637100,75.487373
69.016602,127.001976,239.444061,75.510826
71.295761,125.206329,245.345688,79.085907
76.454529,125.245987,247.275177,79.823395
78.903526,124.699303,253.985840,82.629303
69.276237,120.544495,273.260925,83.612534
73.676575,120.927254,272.001892,85.300751
79.143837,121.157013,273.677917,87.919540
83.170433,116.918579,274.559753,95.131371
86.363892,117.043839,275.212036,96.190033
86.711906,114.013245,280.604095,100.500565
92.998627,110.299232,281.545959,104.890350
97.201630,109.820160,281.774231,105.519287
98.166786,109.983215,282.048004,105.962921
99.040176,109.936279,282.489380,105.946465
103.243721,109.579292,282.529510,105.620277
107.069275,109.148781,286.406738,105.742805
111.504593,109.542618,284.762207,104.770714
117.208817,109.469978,284.506592,104.900467
123.622620,110.250595,284.817535,103.310738
126.504753,109.913605,284.517181,103.833374
131.951294,109.920357,283.439484,103.298973
134.282288,109.963127,282.544922,103.582596
138.223633,110.520973,283.154602,103.244675
150.691193,109.315186,277.570129,104.864632
153.235458,109.483658,277.282410,104.750549
160.935120,107.928146,280.550690,105.181610
165.123077,108.388741,280.420746,104.469353
170.551605,107.074921,280.965698,103.699562
173.320419,106.860832,281.135986,103.027580
174.508072,107.063530,281.444153,103.438057
178.579193,105.747368,283.662079,102.908745
189.957031,105.001030,285.568939,102.741386
198.363708,105.400009,285.021820,101.867584
208.042130,105.340851,286.174683,102.389091
239.597672,106.688591,278.417450,99.177338
249.056625,105.624664,287.030975,99.709038
259.949951,105.445755,283.553497,99.734909
288.902100,102.867432,272.896332,101.124268
313.449493,102.133881,263.856384,100.986549
