1
6.151293,163.812256,45.463467,29.509380
6.233691,164.007156,45.454330,30.017937
6.747078,164.285645,45.553135,30.448820
6.945416,164.346695,46.082047,30.398909
9.159775,164.772903,50.643616,30.438076
9.382140,164.784012,50.954071,30.510515
9.533545,165.132401,51.195717,30.858845
9.753811,165.104187,51.569748,31.069439
10.529573,165.300003,53.679951,31.279936
10.698442,165.418243,53.991035,31.486059
11.574012,164.867432,54.064014,32.047771
12.311934,164.759888,54.451504,32.723293
12.780482,164.642197,54.879681,33.540260
14.233686,164.696365,54.984375,34.307137
15.496893,164.793930,54.853428,34.443455
16.296453,164.845703,54.801510,34.555573
16.891180,165.297241,55.249962,34.630329
19.885086,164.512268,53.048588,35.677361
20.774548,164.742157,53.367485,36.192524
23.210335,164.750534,52.707245,36.377583
25.030254,164.649734,52.745903,36.458241
28.434366,166.036575,53.584946,35.761513
33.219578,166.069229,51.011559,35.742149
33.598030,166.076263,52.108944,35.986244
34.877747,166.155472,51.986313,35.877247
35.911621,166.135895,51.954399,36.024990
36.641441,166.637421,51.896400,36.113037
37.062687,166.879379,52.142040,36.397968
37.440960,166.969009,52.485336,36.374908
36.742050,167.000900,54.538479,36.360981
37.957054,167.066513,54.306263,36.497787
38.627518,167.143845,55.638226,36.393764
39.510628,167.190079,56.021030,36.601841
40.890896,167.606506,56.114243,36.533215
41.806126,167.958008,56.464886,36.790703
41.829998,168.061508,56.465721,36.984612
42.022163,168.083038,56.412327,36.943123
44.377792,167.797745,55.306145,36.993393
45.153576,167.586609,54.633228,37.135174
45.914921,167.558945,55.480373,37.638901
47.980621,167.536926,54.977032,37.902130
49.404831,167.109131,54.798035,38.307796
51.911186,167.801117,54.249939,38.209675
52.982849,167.616272,54.185062,38.464054
55.148270,167.565155,52.958054,38.561462
56.800346,167.487381,52.759239,38.714115
59.202034,167.733780,52.080334,37.931129
60.342487,167.495132,52.653294,37.853642
62.043156,167.187897,52.437916,38.095249
63.844532,167.422943,53.074314,37.398167
64.526436,167.159622,52.942242,37.473549
64.720009,167.184128,52.941429,37.457523
66.531639,165.955429,52.691814,38.305622
66.810394,166.178162,52.939194,38.295414
67.325867,166.410370,52.924412,38.221794
69.867188,165.883698,51.812958,38.010559
71.596230,167.133820,53.264992,36.836430
72.711494,167.150513,53.557285,36.793327
73.116173,167.102570,54.009163,37.214092
73.786957,167.211899,54.280212,37.038723
74.198891,167.405655,54.338951,37.495304
74.312386,167.121140,54.634457,37.552555
75.575066,166.992401,54.451969,37.708218
75.647575,166.901016,54.505417,38.183056
75.956886,166.946274,54.986366,38.322563
76.018867,167.032242,54.954479,38.458080
76.140762,166.987320,54.917839,38.319004
76.550354,166.926956,54.978123,38.125458
76.620705,167.298004,54.891632,38.510521
76.294525,167.251068,55.948166,38.778385
76.486687,167.335800,56.003513,38.923637
76.750946,167.379242,56.442139,38.986286
76.966942,167.945007,57.083534,38.281479
77.165817,168.058594,57.463516,38.479958
77.209099,168.068039,57.325523,38.467636
77.308990,168.299118,57.541954,38.130936
77.689224,168.445618,57.916416,38.485302
77.722534,168.451721,57.981209,38.487934
76.970055,169.098557,58.654381,37.118729
77.138870,169.288055,58.967045,37.484680
76.547638,169.891113,60.057640,37.830635
76.649681,169.880234,60.773457,37.408764
77.209801,170.548767,60.770664,36.320881
77.116501,170.433914,61.457767,36.498905
77.127029,170.509415,61.499382,36.513409
77.966843,170.792068,60.308525,36.919308
77.997398,170.754608,60.537785,37.005867
78.219933,171.060333,60.996246,37.505409
79.385574,171.199875,58.199631,38.217716
79.516365,171.304611,58.511745,38.553871
79.672829,171.555374,58.966740,38.944748
79.411018,171.442612,59.038609,39.150341
79.636559,171.620834,59.477020,39.485851
79.626450,171.631912,59.464432,39.483486
79.542030,171.631851,59.581882,39.499664
79.652252,171.631012,60.159138,39.468189
79.821266,171.647034,60.470123,39.482979
79.834793,171.655640,60.470123,39.482979
79.847542,171.666687,60.471203,39.481220
79.860527,171.676178,60.470123,39.482979
79.873146,171.681671,60.473541,39.480534
79.884956,171.691513,60.470123,39.482979
79.858627,171.657745,60.521511,39.462429
80.099258,171.676331,60.970821,39.479847
80.109917,171.682968,60.977905,39.475723
80.119537,171.695206,60.969879,39.482979
80.160133,171.606232,61.020157,39.400333
80.553513,171.537277,61.524418,39.630890
80.789154,171.718887,61.970680,39.988338
79.360214,170.826019,63.582958,40.202461
79.651932,170.953598,63.893925,40.519306
79.883629,171.104813,64.067696,40.892056
79.304581,170.690887,66.759216,41.917763
79.449455,170.757538,66.983498,41.975330
79.738663,170.705902,66.798126,42.002434
80.031158,170.643845,66.964363,42.616684
80.450584,170.551437,67.110039,42.512230
81.185951,170.646729,67.225800,42.722237
81.639465,170.570374,67.441864,43.123398
81.742752,170.738510,67.492500,43.450363
83.002907,170.318085,66.869919,43.760101
83.216637,170.420715,66.987923,43.950729
83.532372,170.157455,68.277603,43.755791
84.843277,170.132080,68.237679,44.035442
86.306702,169.856674,69.141541,44.665783
87.417336,169.627762,70.025322,45.241421
87.817566,169.404175,70.244904,45.516983
88.220154,169.591721,70.454369,46.008038
88.254036,169.781311,70.517014,46.483433
90.404320,169.311768,70.897964,46.238079
92.742462,169.414032,72.271378,46.264847
93.054863,169.413742,72.352020,46.307194
93.278740,169.137192,72.617134,46.458332
93.976425,169.051361,73.500748,46.402718
94.252327,169.096909,73.939171,46.477055
94.288315,169.030045,74.003830,46.535683
95.417381,168.984085,74.281166,46.664658
96.166443,168.910507,74.659782,47.270390
96.451973,168.751175,74.973656,47.226257
98.077774,166.580963,78.718353,48.890625
98.230202,166.620239,78.978752,48.978260
98.740288,166.467361,78.778542,48.829441
98.851669,166.548660,78.966118,48.997231
100.200722,165.070282,79.328178,50.096527
100.586136,165.088348,79.682579,50.430962
101.445427,164.824432,79.990570,50.352798
102.089241,164.698776,79.941681,50.558105
104.924500,164.353989,79.859131,51.647182
105.544662,164.258514,80.169769,52.258305
105.786545,164.244492,80.501480,52.419922
107.885368,164.172531,81.576813,52.259525
109.078278,163.389191,83.428459,53.079803
109.119858,163.489502,83.597656,53.195778
109.758484,163.475327,83.774200,53.584553
109.889084,163.665146,83.917290,54.022522
109.967964,163.894363,83.978287,54.477131
110.910889,163.810242,82.390251,54.507950
113.368416,164.717239,78.195885,55.172096
112.912529,164.956268,78.407707,55.513298
115.440689,164.129593,74.476074,57.259731
115.637405,164.841583,73.788170,57.094273
124.329407,166.855347,74.536263,57.049431
127.744591,165.771973,76.999344,57.928265
123.500702,165.855194,79.490868,55.974594
125.989700,167.100174,77.907150,54.606754
130.601227,167.397232,76.894638,54.681988
130.089539,166.054825,79.467270,53.748959
138.231644,163.196625,77.391708,52.717640
127.521805,164.532684,77.281845,57.065609
130.992096,159.197845,80.896774,56.420662
124.312813,161.012665,81.269775,55.929161
125.508614,165.411194,78.302666,54.606655
135.060486,163.441498,95.103760,53.221012
133.233414,161.530136,97.883163,54.196980
131.248428,160.757065,105.775871,55.294430
127.324150,157.625137,105.039268,57.794060
126.199272,157.413895,108.916656,58.363132
125.904312,157.350159,110.463112,58.426224
125.814873,158.310623,119.212105,59.569832
125.364227,157.435287,120.415787,61.496822
124.128235,155.952118,122.247131,63.557285
125.186836,155.144302,123.953476,64.781967
119.422615,151.278076,139.114853,71.013878
119.635422,151.521255,139.450989,71.459564
117.027145,150.589066,142.850037,72.376144
117.114502,150.651520,142.939545,72.464981
117.260628,150.638702,142.994446,72.487648
121.288643,150.715103,145.521500,72.300117
125.463135,150.610077,147.700500,72.805077
127.273544,150.317581,148.351654,72.939705
132.012360,148.902039,153.374588,76.261009
134.878357,148.525635,155.023163,76.102951
136.637161,147.449219,159.285690,77.550476
137.172455,147.546677,159.739670,77.930939
137.477203,147.483551,160.660660,78.082314
137.595901,147.497604,161.103470,78.609344
136.922302,147.266876,164.502777,79.157478
132.552872,146.448669,171.263885,80.257164
129.317642,146.291077,177.268036,80.650139
127.157684,145.591324,178.485779,79.838150
117.841866,144.771057,189.049973,79.168251
107.847252,144.300781,202.162857,78.594711
94.951088,142.568878,211.665680,79.511063
94.807266,142.649490,211.964508,79.936348
90.063911,142.118301,214.738907,79.338249
81.843895,140.021622,213.764160,78.444641
74.294579,137.209763,215.481445,78.024147
68.461456,136.141861,220.463715,78.916191
67.070877,133.018066,222.578629,78.721992
68.536705,131.580307,224.786438,78.941193
68.686096,131.521866,224.978989,78.862862
68.567184,128.547195,234.468918,74.992004
68.115669,127.799515,235.143234,75.057510
69.254768,126.726181,255.025803,78.043884
83.719749,127.720558,258.595673,79.462860
86.051285,125.889435,263.551697,83.296326
77.948425,120.000923,274.526855,86.021744
81.558304,119.991325,273.260742,89.435905
84.054893,120.577873,276.927246,89.868561
86.251991,117.026077,280.443359,97.381340
87.380684,116.983109,280.917511,97.851555
88.732254,116.363358,282.716949,99.249908
94.344292,113.924118,283.687286,101.433762
98.933006,113.174362,283.193451,102.246017
100.641350,113.047783,283.236603,102.567093
102.109535,112.472374,284.467377,103.490463
105.499168,111.743332,285.956299,103.666336
109.371864,111.384964,286.753815,104.042923
114.664078,111.462090,285.101837,103.811554
119.374573,111.297638,286.212708,104.047302
122.226410,111.515282,286.906525,103.936325
125.998978,110.864555,287.041351,104.290421
133.202942,110.406891,284.819763,104.456627
136.414017,110.300598,283.771729,104.666908
139.709122,110.596199,283.968292,104.454742
151.446381,109.549644,279.228394,105.843834
153.180862,109.702232,278.817932,105.655807
160.506424,108.373032,280.326965,106.077522
165.178070,108.985092,278.998596,104.776817
170.934891,107.355904,281.248779,104.583717
173.449692,107.099426,281.217346,104.545120
174.618683,107.317871,281.293427,104.908958
179.235214,106.071960,284.108582,104.081650
194.864532,104.640808,286.304199,105.321686
198.946640,104.621681,285.323608,105.423080
206.608017,104.314926,285.006531,105.558556
235.769775,105.506653,278.157257,102.761421
247.145370,104.461975,291.663422,102.705971
269.561310,105.326530,281.996948,101.636665
286.410919,102.969429,281.346832,101.956932
317.399689,101.430153,262.762115,102.605568
