1
8.593909,165.203110,44.470287,29.980932
8.810075,164.839142,45.044209,30.314192
9.940943,165.015182,45.995956,30.109070
9.952069,165.260193,45.983521,30.332079
12.059079,164.838806,46.706066,31.130575
12.302086,165.004608,46.987053,31.498610
12.322751,165.008926,47.014881,31.482710
12.472809,164.975006,47.997692,31.465044
12.827432,165.111420,49.203476,31.145790
13.683454,165.397354,49.502064,31.500277
15.018700,164.815979,49.812069,32.258976
15.283497,164.702423,50.136333,32.590454
15.605889,164.881424,50.496868,33.079987
16.788725,165.017944,50.211521,33.693855
17.927919,165.049561,50.529503,34.184959
19.605787,165.500717,50.037735,34.955982
20.338562,165.718811,51.184097,34.877560
22.300547,165.493393,50.356617,34.951859
23.178179,165.527527,50.456295,35.088116
24.229597,165.716003,50.728928,35.459873
27.395769,165.184265,50.113525,35.716667
30.128311,166.283585,50.707680,35.446583
34.569118,166.366837,48.646442,35.387054
34.770954,166.289383,50.828011,35.723522
35.418568,166.408310,50.854118,35.924995
36.959919,166.326202,50.797356,36.066265
37.602798,166.438019,50.923641,36.179504
38.204681,166.466904,50.921299,36.311802
38.545052,166.573959,51.017601,36.395618
38.689320,166.426483,52.304878,36.426476
39.446518,166.461884,52.299175,36.510201
39.961681,166.705826,52.979214,36.853451
40.687496,166.909821,53.633747,36.844032
42.396286,167.079712,53.747993,36.781094
43.190937,167.461945,53.859516,36.682392
43.286133,167.615158,53.955662,36.986332
43.579166,167.641388,53.981743,36.948082
44.377686,167.524689,53.918655,36.883186
45.070419,167.486160,53.201862,37.015335
45.886852,167.443802,54.585419,37.690289
47.752796,167.440735,54.693172,37.920166
49.318935,167.003922,54.798035,38.307796
50.800751,167.081070,54.467281,38.514336
51.527382,167.122803,54.887028,38.786983
53.201382,167.428696,54.240837,38.993618
56.518036,166.560547,53.876675,39.526321
59.017815,166.912659,52.996838,39.412514
60.053402,166.650391,53.626076,38.672596
61.990746,166.214340,53.024261,39.250668
63.185627,166.093475,53.862835,39.012993
63.514194,166.214340,53.870110,39.511894
64.675362,166.532639,53.621231,39.713417
66.595268,165.359573,53.173302,40.311943
66.783859,165.412582,53.481243,40.452194
67.008682,165.528427,53.419353,40.318420
69.046844,165.301819,52.238144,39.733349
70.325684,165.645981,52.914448,39.020996
73.194283,165.664307,53.547855,39.578739
73.415062,165.775070,54.001587,40.347206
74.124428,165.972565,54.376793,39.753418
74.788673,166.044006,54.228973,40.045105
75.225296,165.374008,54.427544,40.213741
75.945755,164.976974,53.853992,40.185726
76.051437,165.104187,53.946007,40.606777
76.280968,165.300858,54.037277,40.642124
76.585159,165.660233,54.453041,40.676853
76.650276,165.778931,54.450199,40.896027
76.881721,165.822479,54.447811,40.692749
76.904083,165.981247,54.472351,40.983849
76.834442,166.138199,54.512951,39.944374
77.285530,166.169266,54.964813,39.940002
77.331955,166.220963,54.917980,39.993996
77.477463,166.578003,56.246544,39.579433
77.602409,166.791473,56.471054,39.980961
77.631432,166.823868,56.401230,39.968147
77.682251,167.377213,56.589931,39.223339
78.137772,167.397018,56.832554,39.670242
78.173798,167.694702,57.048199,39.861012
77.586464,168.130173,58.304867,39.258957
77.685921,168.259079,58.470291,39.475616
77.403053,168.640335,58.712658,39.763626
77.501976,168.695236,59.059414,39.657795
77.970062,169.914124,59.500065,38.445023
78.177742,169.904465,60.022320,38.466412
78.215935,170.016663,60.692101,38.534126
79.701965,170.306763,58.752171,38.896755
79.420753,170.620010,59.092678,38.740616
79.602715,170.775497,59.507988,38.976265
80.097794,170.777603,58.901619,38.978405
80.051514,170.799881,59.114391,39.006779
80.074318,171.078888,59.499973,39.457748
79.891563,171.050659,59.439842,39.577240
79.899696,171.276764,59.477314,39.984940
79.684700,171.262192,59.303665,40.013489
79.780983,171.503784,59.472481,40.481163
79.210678,171.420013,60.266537,40.336548
79.325302,171.499405,60.472725,40.480640
79.334305,171.509903,60.464935,40.479866
79.353394,171.512527,60.477394,40.464973
79.362114,171.526276,60.465508,40.483326
79.377357,171.532654,60.472340,40.480927
79.390915,171.544403,60.471081,40.476337
79.409760,171.544952,60.481495,40.465515
79.486359,171.557266,60.451538,40.424374
79.426163,171.570862,60.523720,40.480118
79.662880,171.580902,60.969879,40.482552
79.689201,171.439896,61.044754,40.371132
79.987503,171.462616,61.564934,40.531723
80.203583,171.696869,61.969383,40.982334
79.614471,170.983536,62.632393,40.953281
79.816917,171.006058,62.968914,40.980629
80.108109,170.901688,63.264328,40.882729
79.239731,170.689026,66.320023,41.614338
79.358383,170.927582,66.528244,42.021221
79.724922,171.044983,66.860092,42.513500
79.970711,170.954956,67.041832,43.134693
80.584435,170.863373,67.640488,43.185650
81.008705,171.023117,67.735031,43.097698
81.200043,170.979843,68.061630,43.629524
81.427612,171.151764,68.458702,43.979752
83.242363,170.541061,67.321960,44.163689
83.695412,170.634979,67.582169,44.336868
84.033867,170.610092,67.987946,44.489346
84.676384,170.526840,67.834160,44.451794
86.330666,169.889420,68.883713,44.809685
87.272705,169.636337,69.614784,45.324032
87.687592,169.387863,69.789635,45.484505
88.107437,169.357559,70.056686,45.459835
88.286736,169.258194,70.602982,45.571102
90.271820,169.187500,70.604485,45.696609
92.828156,169.562088,72.058914,45.500008
93.230850,169.707916,72.435135,45.820820
93.399887,168.834183,72.330826,45.897118
93.888618,168.422501,74.657722,46.021652
94.078804,168.658951,74.944069,46.480972
94.112251,168.645004,74.974312,46.483170
95.539833,168.325256,75.156059,46.019566
96.039009,168.477539,75.492554,46.586235
96.042725,168.670898,75.472260,46.969707
98.283760,167.077744,78.672897,48.006489
98.443092,167.292969,79.008583,48.475365
99.348175,167.236832,79.160957,48.281868
99.532318,167.350632,79.461075,48.488873
100.484375,165.987930,79.538673,49.097328
100.859772,166.013428,80.297859,49.493301
102.981827,164.361938,80.183815,49.443012
103.329796,164.284683,80.473969,49.478428
104.934158,164.047974,80.914017,50.323421
105.232475,164.140259,81.297661,50.617935
105.346581,164.313400,81.450943,50.969440
106.000320,164.288605,81.831650,50.734146
108.018486,164.056686,82.560699,51.783802
107.818245,164.272110,83.465691,50.057838
108.863205,164.322342,83.262840,50.741405
109.265137,163.717819,83.259140,52.594143
109.450333,163.895370,83.448334,52.956898
111.030556,163.533722,82.318909,53.440434
113.459053,163.831558,79.536224,54.011261
113.554359,164.126541,79.907059,54.480721
114.786385,164.143158,77.573685,54.532803
114.865540,164.686996,77.763313,54.883175
120.915817,164.340958,78.989899,54.952782
123.694611,162.117065,82.503723,54.632889
127.106949,161.139877,83.577339,53.907902
127.180771,160.222870,79.104118,53.938889
127.474884,161.217026,78.675369,54.020592
127.828712,161.116562,79.968681,53.405312
137.778183,159.992844,78.550110,52.366470
123.963745,159.592636,80.170311,57.898014
125.802055,153.440094,81.337563,58.138744
122.237511,155.592407,80.979782,58.908455
125.491539,161.311523,77.051605,56.526718
132.859436,158.834763,90.123314,56.396614
132.680969,158.660553,91.347420,56.546345
131.475494,158.826187,95.450844,57.124557
127.801430,158.202225,94.781166,57.993214
127.527649,158.103531,95.818008,58.107346
126.315681,157.344482,101.165459,58.996582
124.075043,157.950745,112.762794,59.053082
123.638397,157.519531,114.898605,60.009899
122.813110,156.311447,118.658936,63.264221
122.832565,155.653442,120.257721,64.153893
120.189438,152.184540,131.513947,70.140305
120.380447,152.348953,132.059006,70.499886
117.346298,151.379547,138.042267,71.984215
117.658768,151.378738,138.470581,71.955582
118.442741,151.172806,139.428696,72.186317
122.535042,150.947495,145.885406,72.796341
125.716309,150.457901,147.986847,73.326950
126.856583,150.348602,148.188736,73.403587
131.776749,149.011520,152.045380,76.847351
135.023224,148.668808,154.055344,76.439728
136.349106,147.639999,159.452957,77.382851
136.804932,147.569321,159.960129,77.502930
138.138428,147.644135,161.147385,78.255989
138.301758,147.634949,161.437302,78.550171
137.461243,147.433807,164.502777,79.157478
134.055817,147.055771,170.084412,79.846008
132.312103,147.016998,174.698715,79.980484
127.723824,145.838745,179.502319,79.808533
117.455498,144.937149,191.139999,79.440353
110.203644,144.139404,199.839371,79.014771
99.092056,142.836502,207.405945,80.065117
96.517838,141.853165,208.274231,80.489822
86.287895,140.095352,212.705811,80.497162
76.442421,138.591461,212.479568,78.434532
70.889854,135.572968,214.709656,77.841469
69.676910,135.542450,216.820541,77.988251
67.269897,131.458023,218.789169,78.076485
68.805305,130.132767,222.736115,78.868912
68.694366,130.082291,223.572205,78.799011
68.006683,127.726898,233.495010,74.945869
65.414314,127.114738,239.969131,75.051155
70.432350,126.479126,248.384445,78.096634
80.851822,126.563332,252.770538,80.821732
88.606117,127.018639,261.084961,83.524696
77.975578,122.268143,275.011963,85.946777
79.118416,121.700539,274.717804,87.774437
83.251114,123.096741,283.626740,88.588753
83.301582,119.515419,287.980682,94.915909
85.232887,118.570679,289.445679,97.210098
86.301338,118.249496,291.013489,98.845383
92.526093,116.348106,291.175232,100.315445
96.523811,116.020317,290.126862,100.637634
99.898033,115.337082,288.847687,101.113182
103.079933,114.552795,289.086761,102.160133
107.197243,114.284248,289.071045,102.333740
112.186546,113.218605,289.660187,102.942139
114.818085,113.125679,288.846832,102.566200
119.894775,112.806656,289.397949,103.787811
122.125565,113.175102,289.184814,103.329803
126.052322,112.852753,289.012878,103.788010
131.583206,112.581291,287.715210,103.820190
134.769547,111.914993,287.139160,104.452568
137.558426,111.938339,287.406006,104.121132
146.180649,111.020096,283.975464,105.387596
149.621964,111.064865,283.261261,104.998322
159.652328,109.304520,285.851562,105.014397
162.893463,109.736771,284.848816,104.834923
167.965775,108.339264,286.616699,104.826523
170.252899,108.221344,286.125702,104.723709
173.135330,108.249382,285.722717,105.074326
177.738693,107.563416,287.802765,104.869148
192.857117,106.489555,289.541748,104.443947
199.872269,106.513741,288.228760,104.057243
207.388336,106.231865,287.026184,104.141319
235.669083,106.648743,283.200714,101.973808
243.884384,105.724014,289.853973,102.064491
265.790131,106.426369,287.037781,100.398651
286.603912,103.513306,284.196381,101.131310
311.739563,103.470009,274.867279,100.576187
