1
3.904330,165.674774,43.848530,31.245398
4.099558,165.723389,43.938091,31.470484
6.126307,165.674164,44.798672,31.309963
6.225919,165.769257,44.977779,31.486427
9.215221,165.931595,46.695648,31.229219
10.001642,165.983627,47.174133,31.276014
10.163466,166.095718,47.476543,31.486427
10.289438,166.045181,47.791405,31.424852
10.971495,166.016113,48.109776,31.542683
11.210467,166.282516,48.531456,31.983315
12.162444,165.790451,49.115520,32.188236
12.481325,165.849182,49.415840,32.539974
14.819116,166.020691,49.725384,33.227871
15.751983,165.946762,50.626827,33.692921
16.411459,166.036362,52.078171,34.086094
18.732424,166.441666,51.236275,34.631046
19.831392,166.683350,51.760506,34.932972
21.486938,166.350647,51.360912,35.158630
21.833197,166.565445,51.604977,35.516022
22.759619,166.768280,51.887241,36.014751
26.077444,166.968216,51.809517,36.069721
28.741825,167.408188,51.543205,36.498474
33.056923,166.875137,50.464184,36.460976
33.167652,166.232666,51.754444,36.978607
34.229912,166.269165,51.767746,36.903965
35.608921,166.257797,51.941677,36.915817
36.433224,166.453873,51.813091,36.695019
36.926655,166.544861,52.122086,36.960049
37.168739,166.572388,52.469284,36.920586
37.866039,166.188324,54.216900,36.801628
39.367889,166.372025,53.387066,36.956535
39.686314,166.489716,54.401489,36.739365
40.606873,166.753891,54.668957,36.805965
40.927532,166.915100,54.932194,36.901764
42.542332,167.193100,54.352127,36.951775
42.732620,167.189285,54.404221,36.996826
44.205868,167.375565,54.241871,36.970104
44.767860,167.514740,54.538517,36.722717
45.154377,167.639603,54.812469,36.987541
45.812057,167.396393,55.594707,37.149498
48.375946,167.578644,55.038738,37.528030
49.812279,167.671158,55.262123,37.998631
52.595421,167.847061,54.366512,37.794388
53.695759,167.481522,54.715069,37.689522
54.916309,167.641388,53.984455,38.030457
56.900093,167.256851,53.670422,38.377514
58.920708,167.090530,52.539043,38.249352
59.917244,167.018341,53.459995,38.266026
61.003017,166.639023,53.102283,38.722923
62.563934,166.603973,54.123528,38.656197
63.291634,166.286331,54.503086,38.996716
64.171646,166.433197,54.529835,38.954926
66.014496,164.454971,54.586506,40.229362
66.428665,164.726120,54.937088,40.138500
67.457512,165.025284,54.028263,40.489426
68.882225,165.315765,53.855042,39.664360
70.367706,165.974823,54.025032,38.271332
71.450760,166.421921,54.290348,37.736004
71.801117,166.531357,54.531441,38.057175
72.879845,166.845123,54.632427,38.050072
73.961868,166.972794,54.392551,38.589882
74.762207,166.456573,54.918018,39.018890
75.272392,166.481552,54.715900,39.233467
75.477859,166.524612,54.956238,39.557034
75.750687,166.517288,54.926723,39.809864
75.843513,166.626999,54.985683,39.881325
75.962875,166.605286,54.863754,39.855690
76.265228,166.524445,55.101307,39.688709
76.492973,166.705673,55.432522,39.997498
76.348885,166.466995,55.768406,39.474949
76.570526,166.499786,56.051437,39.407997
76.795822,166.550705,56.470184,39.480156
76.918991,167.215225,57.065941,39.016735
77.125481,167.470337,57.468903,39.473534
77.288460,167.488373,57.080536,39.447319
77.449600,167.984726,57.672432,38.751308
77.957237,168.025986,57.724777,39.058228
78.084312,168.237030,57.990479,39.489536
77.338745,168.990356,58.697605,38.377483
77.489311,169.056076,58.970104,38.480743
77.043861,169.321060,59.366764,38.907734
77.061188,169.262695,59.582840,38.674267
77.568405,170.496033,59.960617,37.515713
77.554741,170.686768,60.013130,37.967976
77.827118,170.737259,60.446976,37.985546
78.807106,170.734207,59.013737,37.866570
78.848183,170.827835,59.664043,37.944096
78.972374,170.865463,59.975166,37.989838
79.821640,170.882355,57.605740,38.013199
79.991150,171.130295,57.999855,38.493595
79.901863,171.142014,57.905300,38.463947
79.925423,171.160629,57.978397,38.489685
79.891487,171.260193,58.041485,38.499100
80.115395,171.260635,58.469166,38.483719
80.094284,171.257019,58.503860,38.479866
80.116493,171.287567,59.535572,38.410141
80.344719,171.332413,59.969185,38.483974
80.352081,171.341675,59.967026,38.480148
80.366379,171.354126,59.971466,38.481651
80.379280,171.367508,59.967278,38.485157
80.387794,171.368835,59.968578,38.484158
80.400780,171.380951,59.972225,38.480438
80.285149,171.326096,60.215988,38.467728
80.425735,171.342346,60.470123,38.483410
80.439629,171.349777,60.477390,38.474506
80.449516,171.362625,60.470123,38.483410
80.500183,171.257294,60.523178,38.497063
80.723557,171.143494,61.063820,38.524731
80.940208,171.381241,61.469631,38.983196
80.288895,170.527756,62.245430,39.555782
80.434418,170.747879,62.471355,39.975323
80.849007,170.778107,62.721985,39.922264
79.310143,170.624451,68.132584,40.465462
79.487289,170.673645,68.608559,40.507378
79.705162,170.897324,68.945358,40.985538
79.622765,169.819122,69.403183,42.248524
79.932022,169.657394,69.476593,42.135323
80.558449,169.892120,68.923042,41.758266
80.732933,169.479599,69.162315,42.301666
80.924355,169.538544,69.446297,42.527008
82.223640,169.288513,68.312561,43.114464
82.329544,169.469971,68.480186,43.470829
82.310440,169.181961,68.790085,43.480385
84.315147,168.925903,68.665024,43.731220
86.337265,168.497650,69.342514,44.514530
86.783585,168.471085,70.239349,45.173447
86.982010,168.596786,70.401573,45.502029
87.425499,168.780487,70.674934,45.987839
87.603302,168.786163,70.971001,45.974380
89.111526,168.664368,70.672531,45.837273
91.562401,168.699295,71.949051,46.088490
91.869095,168.878448,71.898682,46.478012
92.242020,168.776260,71.979370,46.361603
93.173882,168.777710,72.825104,46.277809
93.294998,168.889359,72.965141,46.475246
93.646164,168.382019,73.001396,46.741886
95.231377,167.415771,73.554291,46.763973
96.308838,167.376663,74.399063,46.973484
96.357567,167.390045,74.463211,46.979748
97.744797,167.274261,75.174355,47.004810
98.427841,167.354538,76.264275,47.240166
99.001282,167.348267,76.308205,47.320679
99.142021,167.161438,76.635742,48.044334
100.524681,166.252045,77.000069,48.802853
100.857567,166.160400,77.744667,48.841038
102.364182,165.835403,77.501999,48.909214
103.332504,165.649826,77.973938,49.147758
106.077492,165.034439,78.806000,50.391220
107.022385,164.797043,79.581429,51.237743
107.243469,164.901230,79.970703,51.462429
108.975922,164.800552,80.123077,51.692539
110.477684,163.043884,83.509644,54.852077
109.666252,162.864853,84.932495,53.081551
109.983192,162.970520,84.965248,53.518719
110.024887,163.198059,84.935501,53.993637
110.214806,163.111008,84.752373,54.069027
110.464920,163.315155,84.837433,54.456692
111.634850,163.884430,81.901787,55.284283
111.481262,163.875046,82.383270,55.684776
112.383423,163.674957,80.246155,56.538948
112.902893,164.663498,79.283928,56.792095
120.815376,163.954727,78.650597,57.013630
126.129349,161.514328,89.469505,57.332687
125.611786,160.721283,90.516327,56.793964
126.438179,160.205887,91.083817,55.986366
131.942429,161.297562,90.363808,56.193932
131.159515,160.237122,91.024696,55.649635
132.680191,157.419113,90.980698,53.591614
130.667618,158.304459,91.829605,56.619804
134.223892,154.048843,97.261833,56.086872
134.117203,155.689072,100.008713,56.132168
135.487930,156.893860,101.064087,56.008038
135.631195,156.856186,105.333931,56.322464
133.369736,155.625671,106.834747,56.614033
132.436996,156.262665,109.194046,58.148731
129.290237,155.888474,109.471306,58.556046
126.661133,156.040024,115.050400,58.953442
126.763687,155.983627,115.892670,59.056042
123.905960,156.434067,123.881096,60.305046
123.820129,156.491333,124.216591,60.579163
123.397522,154.714783,125.843483,64.068916
123.612068,154.860901,126.056534,64.511192
118.335648,151.589676,140.979233,70.027718
118.358116,151.826294,140.938293,70.465942
117.168381,151.191895,142.754288,71.021255
117.275406,151.432602,142.995010,71.476425
117.384789,151.426834,142.927017,71.481087
121.720055,151.530060,145.585373,71.394592
126.019569,151.161255,147.697144,72.093155
126.950012,150.863281,148.291626,72.344971
131.641449,149.483429,152.290054,76.105797
134.257141,149.135147,153.899063,75.940994
136.529999,148.744186,157.519257,76.282379
137.656921,148.714981,158.578003,76.301109
138.030731,148.495529,160.426407,76.872581
138.015930,148.483307,160.551712,77.024223
137.823898,148.429474,163.858185,77.912575
133.959991,147.707840,168.920319,78.402252
129.248489,147.089020,175.788055,78.836571
126.732635,145.783157,177.439438,77.763046
115.052330,144.866623,188.562744,77.633141
105.850632,143.568115,199.409775,77.478981
96.301994,141.108185,206.387253,79.518425
95.970444,141.203812,207.118591,79.922455
86.846107,139.760345,211.920654,79.835503
79.511131,138.799316,211.556854,78.131378
76.893837,137.809937,212.448349,78.287384
69.551048,136.979965,220.190750,78.727356
67.599022,133.966263,222.048904,79.024406
70.774597,133.235535,231.075470,79.175972
71.346970,132.860016,236.334106,78.092316
71.871796,132.178024,238.679443,72.962059
71.506210,129.248459,243.435013,72.631905
73.863457,127.844711,248.659973,75.727127
85.343185,128.727814,251.781372,75.982742
88.699539,128.400131,253.551926,76.797600
81.173615,125.535461,267.895081,76.779930
86.693237,125.171043,264.103607,79.667465
92.856453,125.253906,271.170685,79.725952
95.435486,121.607948,275.788879,86.897636
97.089172,121.052017,276.536377,88.145180
96.282021,120.157463,287.713928,89.903839
99.453117,117.685593,293.562561,93.300552
104.806137,116.150787,293.593170,95.772537
108.306595,115.406555,290.511719,96.784752
109.892281,114.643150,291.003967,97.728333
113.618416,113.019348,290.149170,99.107353
115.305527,112.226509,290.814484,100.143417
117.874382,112.463051,289.816620,100.158539
120.748695,112.382454,290.104736,100.693733
123.319077,112.815857,290.006805,100.416519
125.294510,112.567780,289.614044,100.840820
130.343674,112.324036,288.083801,101.020508
135.178009,112.324760,285.579865,101.654793
140.178070,112.778229,286.031433,101.252007
150.339111,112.276268,282.588013,101.958458
152.393417,112.262169,281.913330,101.634010
160.792007,110.462219,282.787720,102.802734
164.557022,110.618172,282.407227,102.428673
169.339554,109.498306,283.259003,102.205437
173.667053,108.871269,283.111847,101.950302
174.519485,108.860237,283.448456,101.953659
180.088501,108.184883,284.298218,101.098129
195.685989,107.278839,287.186096,101.007500
199.923553,107.467316,286.840637,101.370041
209.151962,106.664368,287.457489,102.008392
234.225876,107.089897,286.188446,99.082085
246.145691,106.531517,289.255249,99.880310
262.958527,106.221413,285.568970,99.132416
284.879761,104.126793,283.164368,99.717468
312.683990,102.819160,268.521606,100.772598
