1
198.354767,113.550232,45.531528,48.545353
198.587234,113.776688,45.975613,48.979397
198.598358,113.787125,45.977283,48.978886
198.611633,113.788956,45.962650,48.976437
198.629242,113.800873,45.977283,48.978886
198.639526,113.811569,45.977283,48.978886
198.649139,113.822495,45.976204,48.978001
198.659958,113.833626,45.977283,48.978886
198.597031,113.841766,45.926075,48.962303
198.625107,113.861771,45.980175,48.980293
198.404861,113.908714,45.927795,48.895782
198.087952,114.017136,45.719841,49.010826
197.694199,114.444031,46.211094,49.362961
197.523270,114.612549,46.495548,49.476299
197.179138,114.756012,46.476166,49.311035
197.111038,114.887383,46.420406,49.459530
197.125671,114.909470,46.471378,49.474674
196.328842,115.231476,46.768871,49.302719
195.844055,115.803001,46.923687,49.387146
195.842804,115.864227,46.972599,49.471268
195.604721,115.891838,47.006687,49.513260
194.768997,116.463570,47.420742,49.801266
194.169373,116.656082,47.597038,49.956074
193.624329,116.910065,48.080093,49.767250
193.658340,117.028984,48.361935,49.948261
193.114502,117.026039,48.346981,49.972054
193.031982,117.060509,48.455399,49.950489
192.820358,117.122719,48.534981,49.958492
191.440994,116.858055,48.908447,50.080875
191.368378,117.068596,48.883377,50.430611
191.059448,117.082237,49.029884,50.401783
190.200500,116.951691,49.645329,50.388519
189.620468,116.888771,50.011429,50.460327
189.509964,116.718765,50.417336,50.483868
189.349640,116.588829,50.296135,50.508102
188.798737,116.789566,50.666981,50.875942
188.733109,116.784035,50.725719,50.981277
188.442230,116.873314,50.941189,50.814358
188.455109,116.962578,50.959766,50.967861
188.448364,116.976830,50.940029,50.959236
188.473740,116.996933,50.975605,50.978699
188.473953,117.006691,50.978367,50.970612
188.459976,117.025177,50.999763,50.961067
188.454117,117.044846,50.967957,50.974762
188.462860,117.057442,50.966228,50.974316
188.148514,117.748276,50.823814,50.193123
187.921402,117.963249,50.819447,50.399445
187.970322,117.991661,50.692482,50.460747
187.849686,118.035011,50.736389,50.445595
187.870377,118.001854,50.760216,50.453297
187.800461,118.011398,50.897530,50.466789
187.750458,117.926750,50.521610,50.407574
186.366394,119.677063,50.618420,49.723179
185.628067,120.144951,50.608753,49.856754
185.492706,120.162689,50.585308,50.002159
185.113892,120.358063,50.745533,50.582642
185.148300,120.451149,50.831337,50.985077
185.161850,120.391357,51.061298,50.960201
184.859299,120.433304,51.495949,50.956184
182.386841,120.548035,51.082027,50.931992
180.112656,118.744347,51.366310,52.397511
177.023636,118.484734,51.929073,52.914700
173.197296,117.976509,51.044685,52.694656
167.490387,119.940781,52.441456,53.481720
161.882950,120.744011,52.012142,53.714828
159.293320,125.222282,49.052200,53.439262
156.280197,125.738258,49.457573,53.053452
152.510574,130.566772,47.547180,49.358555
148.019241,135.517990,48.318806,47.808846
145.196808,137.544724,48.114948,47.695301
141.281540,138.496017,49.276665,48.200333
137.458420,140.244308,48.786427,48.504128
133.306259,141.308823,48.898514,49.954334
128.335098,140.798019,49.522659,50.906967
124.412308,141.765411,52.220901,50.903908
122.992058,141.955673,52.412003,50.642590
121.347382,140.818283,52.316025,50.661377
121.833588,139.859894,52.070194,51.116871
121.921745,135.967911,52.356838,54.001251
122.383072,130.701126,51.877392,55.661880
123.615280,125.330711,52.844421,56.404297
126.389641,120.774467,53.203247,56.318741
127.739616,118.114586,52.982380,55.133461
131.744675,115.729385,53.307468,54.685101
132.747360,112.418999,55.384529,57.165119
132.886780,112.377663,55.417912,57.613174
133.827286,111.294998,56.409283,57.714058
135.039886,110.956581,57.327045,58.304489
135.886627,109.860916,57.779163,58.201027
138.030960,108.916969,57.447002,58.511951
138.288696,108.693855,57.432774,58.828236
138.322769,108.771164,57.472004,58.982803
138.320007,108.493759,57.490379,59.000378
139.304932,107.273552,57.788975,60.238682
139.419266,107.406639,57.978889,60.466526
139.431351,107.425110,57.974487,60.477448
139.466766,107.589188,57.959057,60.362728
139.188126,107.335098,58.413979,61.143242
139.131805,107.657921,58.550694,61.557796
139.340378,107.876892,58.973763,61.977051
137.225555,108.019547,61.350754,61.778561
134.572281,109.024780,64.730675,63.119816
134.425629,109.244530,65.058060,63.416702
134.634750,109.286377,65.484016,63.477692
134.459625,109.198273,65.343124,63.609261
133.830673,109.362724,65.379478,64.088470
133.662827,109.495186,65.376129,64.539955
131.721054,108.085968,64.969139,65.505287
131.567200,108.085587,64.804893,66.027321
130.528351,104.298935,66.452721,68.125168
128.854553,104.285683,67.803467,68.219818
128.835129,104.367050,68.230797,68.255348
130.320084,103.231987,68.325386,68.975136
130.784790,102.129227,68.612808,69.582825
132.216507,101.509323,68.921265,70.485497
133.738953,100.618828,69.013451,70.917870
136.227402,99.940559,69.121719,71.313431
138.766296,98.317261,70.544304,72.157394
140.354721,97.924103,72.231430,72.542816
140.484375,98.026367,72.545959,72.904953
142.081558,96.203133,73.404335,72.670448
142.390488,96.297409,73.479355,72.907379
142.399094,96.343925,73.463707,72.968544
142.415527,96.359856,73.463707,72.968544
142.293762,96.808563,73.413002,72.934792
142.357910,97.009369,73.368965,72.886604
142.260605,97.764549,73.572388,72.917984
141.911087,98.202713,74.929855,73.488670
141.944260,98.258057,74.913689,73.426155
141.519119,98.377106,74.996399,73.324249
141.134827,98.505020,75.379120,73.511131
140.212936,99.340477,76.217903,74.254059
138.208237,100.548599,76.826607,73.722191
137.187103,100.879616,77.655403,74.013153
135.993317,101.163216,77.749939,74.772118
135.567932,101.381332,78.176033,75.069527
133.904846,101.547775,78.781303,75.573181
132.595032,101.420349,78.774017,75.926117
132.703339,101.453873,78.955391,75.967636
132.204895,100.622757,78.941269,76.038406
130.533218,97.629890,77.728348,74.931908
126.226746,89.669197,76.458664,74.961105
121.941208,83.903580,76.793884,73.717651
118.635284,79.502686,76.051117,73.752800
115.445450,75.091438,74.715370,74.466049
110.789604,70.637253,73.522812,71.715782
106.998352,68.817429,71.638260,70.512779
104.995148,67.601906,72.311745,70.577332
102.544327,65.228394,72.934914,67.808449
97.898491,64.076080,73.205475,66.336678
93.589287,63.586353,72.386528,66.394989
92.450249,65.383888,71.096390,66.005264
92.540634,65.711586,71.026535,66.328789
91.431145,65.501015,71.358665,66.450020
90.511475,65.487160,71.300751,66.226006
89.061317,65.985405,70.789757,66.952858
88.737617,66.903053,69.402710,66.850479
86.150200,69.280487,68.582985,65.236488
84.427299,69.721428,70.073883,65.403358
84.375076,70.200127,70.448074,65.719856
83.595856,73.061623,70.531677,65.905586
83.516487,74.610390,70.933311,63.824482
83.557007,75.777145,70.560623,63.495171
83.570580,75.884087,70.967621,63.476315
83.552254,76.404099,70.050232,63.142742
83.396332,82.284981,69.115860,59.658932
83.063469,82.471962,68.544548,59.868740
83.321213,82.936577,68.466782,59.496197
83.081886,83.219368,67.927063,59.457466
83.565811,85.062363,66.184982,57.741539
83.756416,86.638153,64.185219,55.717422
83.850220,87.014885,63.240055,55.877419
82.837540,88.080841,63.208355,54.325493
81.296379,89.779533,63.058090,53.030602
78.060646,90.874908,63.487633,53.212944
74.512062,91.962273,63.479778,52.115822
72.202667,91.919243,62.572815,51.919907
69.349113,91.299942,61.009937,52.352970
66.665253,90.468491,59.973572,52.868866
64.642502,90.172356,59.713505,52.086025
68.832901,90.426468,60.837833,51.412094
77.533928,92.172806,61.057453,50.807514
91.505447,92.963676,61.815525,51.390942
106.501007,98.800171,65.145493,50.550587
124.692497,105.732986,65.046761,50.068214
139.032761,106.641739,62.336300,50.584354
168.894226,124.285805,61.841095,51.558815
169.894516,124.896980,61.205448,52.108749
170.175400,125.094788,61.389839,52.572815
169.460892,125.214958,61.508373,53.112183
169.883408,125.439949,61.827431,53.399441
170.688507,125.512733,61.722656,53.455105
171.086395,124.395012,61.693447,56.586929
171.113937,124.711197,62.181110,56.960609
173.475571,125.025352,62.913376,56.844143
173.731995,125.244698,62.774956,56.914085
174.276749,125.494377,63.051231,56.725334
178.165878,126.610474,62.534351,56.134167
180.379990,127.585312,61.785892,55.771435
181.606018,128.459549,61.419846,55.149529
183.090103,129.119568,60.958931,54.901386
183.400085,129.059189,60.851856,55.069527
185.076324,129.251389,60.834599,54.549866
185.506378,129.074921,60.860756,55.323803
186.201584,129.513763,60.465309,53.345211
186.245712,129.151245,60.722286,53.762642
186.355087,129.078171,61.023754,53.814388
186.773956,128.993103,61.411198,53.986801
187.747299,128.718826,61.105797,53.931442
188.732712,127.419128,61.332745,54.187325
189.237640,128.083328,61.064686,52.554459
191.881042,125.738045,61.148678,54.180660
195.885345,124.750549,57.654839,51.554771
196.317734,124.035194,57.942211,52.014454
199.892792,120.906517,56.853622,55.160938
199.148880,120.857101,56.704346,55.807064
194.434814,119.483650,55.661053,56.191132
186.605087,119.271042,59.434280,56.796730
181.228516,118.192505,57.792973,56.957474
175.210419,118.372292,58.891659,55.845608
171.503647,117.481163,55.056740,56.684746
169.080261,116.415833,51.693478,57.329491
165.238449,114.919991,53.417400,58.550880
162.925858,115.502678,52.087044,57.831863
161.357254,115.050133,51.751053,58.299129
160.491013,114.910248,51.957985,58.429485
160.055756,114.754967,51.771408,58.391445
159.830566,114.374725,51.873165,58.905418
159.673492,114.150986,51.913864,59.069672
159.445679,114.228012,51.929947,59.616886
159.170639,114.068962,52.222908,60.283768
159.220840,114.183884,52.647606,59.874744
159.371307,114.494339,52.955559,59.649746
159.237488,115.569580,53.074436,58.733177
159.436340,115.923363,53.451206,58.712315
159.233566,116.493172,53.877590,58.135117
159.308731,116.775795,53.971779,58.334949
159.301559,116.870018,53.947014,58.442741
159.329391,117.093819,53.905773,58.230110
159.410233,117.382263,53.929798,58.288864
158.180405,118.341545,54.033337,57.276424
154.271881,118.673912,55.014774,55.704895
151.922531,119.184837,54.593510,55.512466
146.268600,120.566154,55.084465,55.084061
141.051071,119.002113,56.610138,56.639832
136.569839,121.528320,54.969688,56.621670
132.898956,124.004074,53.795761,56.166340
129.798553,130.368347,51.859856,52.070690
127.341270,132.415894,50.971802,51.923706
124.022186,134.033798,51.603756,51.966328
119.912697,137.915878,51.662022,49.320389
116.074585,140.031479,53.205750,49.345779
115.740852,140.229095,53.483524,49.738838
115.687859,141.078171,52.824932,50.667042
115.763184,141.291290,53.049957,51.007542
116.027779,141.801788,53.035610,51.083584
117.952301,141.452835,53.370228,51.390343
121.680046,139.660568,51.900467,51.727047
126.315125,137.479187,53.199696,53.249584
132.534134,134.126007,54.174435,54.223942
133.206528,132.474701,54.931717,54.658554
135.465973,131.322678,54.324291,54.939854
141.123062,129.845062,54.017773,54.946815
142.070740,128.923462,54.836033,54.733200
145.426605,125.967079,54.746513,55.940086
148.601425,122.618248,56.416149,57.997456
148.172302,120.889038,57.970188,58.360302
148.409012,117.606239,58.864082,58.860466
148.433670,112.560509,59.076698,60.113922
148.582809,109.902756,58.902779,60.877552
147.293564,109.062248,58.618294,61.120399
146.371490,108.171402,59.083431,61.374992
142.243973,104.238510,62.432449,62.342304
140.634033,102.490860,61.395908,62.098118
137.361572,100.115669,61.253895,63.412308
135.669205,99.699638,60.469868,63.360512
132.093292,98.409897,60.429230,63.973087
129.713196,97.895340,59.818138,63.207939
129.732605,97.985802,59.935715,63.492207
126.544128,96.334480,61.176140,64.097878
125.356911,96.140106,61.407089,64.451492
123.791443,95.663773,61.299046,64.545746
122.428467,95.131386,61.753155,64.776207
122.353271,94.912613,61.924934,64.805222
122.213219,94.802681,62.156849,65.116417
122.369774,94.550545,62.343857,65.496490
122.534004,92.079567,62.095844,65.331635
122.623283,91.173714,62.182919,65.186157
122.570969,90.977776,62.614132,65.481148
122.745331,90.728737,63.025143,65.635048
123.075722,90.418884,63.523571,66.016129
126.570831,87.874031,64.925980,67.135925
128.083633,86.789215,65.280823,67.257278
128.751770,86.292458,65.269142,67.242592
131.204514,83.956985,65.023994,67.110672
131.723267,84.007668,65.564095,67.430168
131.887772,83.648117,65.958099,67.719994
132.227615,82.859810,65.485260,68.072197
132.107742,82.440445,66.615311,68.589066
132.207123,81.607323,67.121780,69.369873
130.488632,80.002556,69.658806,70.360069
129.033234,79.498779,69.853699,70.377769
125.211517,79.415977,69.067062,69.813889
123.205902,79.702011,70.195816,69.428078
122.968048,79.675728,70.393402,69.438850
120.204803,79.584198,70.223312,69.770538
116.074471,80.332268,71.714668,70.263939
114.278427,80.347961,71.964340,70.630913
113.428558,80.477806,72.150055,71.076057
113.236664,80.597740,72.531654,71.441338
113.025032,80.648476,73.111099,71.450119
112.739586,80.628181,73.431099,71.499329
112.759033,80.624733,73.456200,71.471115
112.774132,80.638687,73.463593,71.469589
112.629921,80.621811,73.374931,71.469284
112.690735,80.637367,73.463707,71.469193
111.789162,81.048737,74.291489,71.764580
111.172615,81.334953,74.947540,72.074951
109.596008,81.416046,75.306702,72.612816
109.658478,81.600037,75.444031,72.970177
109.122223,81.659233,75.797462,72.936020
109.017929,81.652016,75.801872,72.966843
108.310196,81.596687,76.226639,72.899834
106.876831,80.922516,76.141304,72.812866
106.114159,80.774490,75.896103,72.674744
105.986908,80.838493,76.011658,72.977707
104.921059,80.606178,76.198967,72.793533
102.260925,79.716011,76.519028,72.810974
98.501419,79.497421,77.022591,72.576363
93.392296,79.390663,77.941055,72.966339
89.581337,78.369514,76.747116,73.260849
84.798729,77.541634,75.934341,72.958176
90.880058,75.526093,77.756714,74.689896
104.572899,75.918587,76.804024,76.150848
113.659653,75.880760,77.366394,76.564827
120.618248,76.233345,76.341042,75.725601
121.208305,77.571373,76.675713,74.876701
121.784035,78.724327,77.768898,73.205505
117.562546,77.974632,75.902321,72.632523
111.084404,78.945839,74.056412,71.789558
102.314484,79.934509,74.819099,72.298264
93.042107,82.839699,73.189896,68.971802
82.028648,85.114891,74.863800,69.075111
72.570633,86.291428,74.425438,69.291130
67.732071,89.364449,72.230591,68.252815
63.517242,91.237915,72.594719,68.677727
61.863529,92.349518,71.844627,68.439125
62.207935,94.773094,71.240944,68.458427
62.494568,98.153755,71.860268,67.750984
63.954712,100.418480,70.653076,67.473648
67.730225,103.105835,70.318275,66.129578
70.441238,107.087143,69.620499,62.322090
75.523987,108.552086,68.231468,61.194164
81.240158,109.444992,63.784260,59.892601
85.545914,108.468239,63.202526,60.463741
87.866829,108.647202,64.065536,59.849121
92.748299,110.031464,62.354095,58.854279
96.343346,110.779617,60.963135,58.917706
100.221451,110.190521,60.238708,58.635838
104.022942,110.967758,59.235142,57.883095
105.930138,111.142342,58.295193,58.084110
107.664421,111.243462,58.571449,58.182079
108.729721,111.164856,59.111984,58.959003
111.415161,111.313400,58.989315,58.528736
113.848915,110.919235,58.514420,58.581551
115.593712,111.222801,58.677624,58.688438
116.074387,111.351067,58.971893,59.092175
120.750389,113.260963,57.476841,58.072453
123.983704,114.795952,56.351181,56.646702
124.036003,115.299141,56.799438,56.897861
125.584824,115.143425,56.404659,56.229820
125.814705,115.253807,56.611370,56.578583
126.385857,116.091789,56.691227,55.531799
126.642166,116.383392,56.949738,55.862556
127.146950,116.273483,56.734303,56.015072
128.836838,115.946648,56.728455,55.705868
130.604172,115.654099,56.576851,55.402191
133.540588,115.064400,56.299145,55.507679
134.946396,115.490494,56.327888,55.428677
136.733475,115.381729,55.622089,55.243473
139.571075,114.905426,56.256657,53.042866
144.045319,112.709328,56.356239,52.908264
148.031525,112.540192,56.325287,52.176792
151.344406,111.986130,54.803864,52.408642
155.018768,110.723030,54.058788,52.266922
159.626480,109.685013,53.746586,50.965557
163.798370,107.913017,52.839451,50.392246
168.962112,106.630814,52.353100,49.707497
173.954926,105.902069,51.649124,48.926193
176.063797,105.291801,51.581722,48.254433
181.189667,104.255455,51.766685,47.950527
186.647095,102.437157,50.274979,47.153862
188.652344,103.127571,50.003456,45.689545
192.358627,102.723717,49.766136,44.730228
196.676559,100.621025,49.606804,44.487602
199.646774,98.910133,48.864349,43.155952
201.388153,98.096848,47.711395,42.950272
204.922318,97.765350,48.130459,42.786465
206.772827,97.184700,48.612366,42.793972
211.111420,94.991341,46.190002,42.425743
212.124878,94.427299,46.031063,42.715538
213.637299,92.295784,46.412170,43.358471
209.955246,91.538528,46.483425,43.382145
204.190781,93.239365,46.660774,43.226322
199.963333,94.427162,47.980099,43.198940
195.477814,94.578522,46.159229,43.496258
190.892029,95.017563,47.049171,43.782444
186.009567,96.168823,48.046780,43.248894
182.141602,98.488228,48.794991,43.620277
179.264160,102.124870,48.938568,42.311672
175.626358,103.095848,48.589668,42.013687
170.717819,104.745750,49.949505,42.145565
167.807968,108.798592,49.367104,41.792358
166.671600,110.423508,47.722115,42.059864
166.857498,110.761002,47.935314,42.449356
167.064651,111.930748,46.857338,44.004768
164.117844,113.254967,47.723843,45.275120
161.824142,114.607056,46.684475,45.005623
158.761642,116.500328,47.678005,45.199806
155.063339,117.839005,48.781246,46.012253
153.283478,121.282005,47.055786,46.776245
150.920151,122.935844,49.380962,46.998470
148.875580,124.190338,48.626507,46.398994
147.714401,125.056534,48.497688,46.499046
145.568497,124.905739,48.487534,47.396961
139.595673,126.132111,50.732506,46.748035
137.327835,127.654854,51.596088,49.036846
137.318298,127.797333,51.849850,49.814342
136.958557,127.858253,51.943680,50.048515
134.787476,127.489479,52.026978,50.753998
135.310654,127.856453,52.436085,51.245205
133.809830,127.784920,52.528587,51.650364
134.006607,127.919128,52.961430,52.007275
132.647110,126.864151,54.531853,54.384815
130.555939,127.121384,54.606052,54.154213
126.117310,127.543068,55.318848,54.212494
120.461327,128.285782,58.868279,54.133724
115.130096,128.534882,59.809978,54.554661
111.510559,129.185715,60.489887,54.780540
108.502991,128.844666,59.806763,55.418163
104.206970,130.157181,58.495380,55.031673
101.820221,130.698730,58.477020,55.176647
101.830345,130.860565,58.471111,55.476086
102.207245,130.737564,58.419361,55.509026
103.416557,129.316055,58.612076,55.782288
110.106491,125.231239,57.861359,56.181087
112.943527,122.002151,57.687866,55.720333
113.831696,120.233086,58.209400,55.517551
118.984642,115.549515,58.555565,56.904503
119.295738,115.530762,58.911873,56.920006
118.920181,114.480766,59.046478,57.151752
118.936142,114.663612,59.751774,57.476780
117.378822,114.499771,60.020382,57.524620
116.499290,113.679176,59.244419,57.561672
116.607681,113.894188,59.474617,57.984482
116.516640,113.858765,59.462681,57.996082
115.795853,113.672684,59.486393,57.919308
116.485977,113.486618,59.510002,58.228115
115.806198,113.615112,60.105534,58.489208
116.295746,113.762314,60.752869,58.559029
120.518684,113.408989,60.344337,59.261295
121.774178,113.563004,60.209190,59.268669
124.731232,113.938019,60.359520,58.510353
126.389900,113.944832,60.462978,59.039474
126.802071,114.190414,60.417278,59.488564
134.040222,114.363548,58.672207,58.856964
138.240799,114.074669,59.238220,59.580658
138.400772,114.288269,59.486790,59.956497
138.392166,114.431160,59.497749,59.919945
138.391907,114.471352,59.470619,59.974148
137.840744,114.492065,59.651863,59.907036
137.802444,114.565903,60.115158,59.689541
137.824203,114.607765,60.604889,59.715919
137.870148,114.756683,60.991276,59.915314
136.618256,114.509697,60.428959,59.718399
134.798401,114.217766,59.302258,59.280113
134.463806,114.334587,59.682743,59.383915
133.310379,114.411163,60.214649,59.108604
128.703400,115.143181,61.105343,58.524746
124.023888,115.739876,62.775337,57.240307
118.875633,114.595955,63.689884,56.812862
116.802521,114.687477,63.923134,56.178974
114.751984,114.665550,63.663002,56.347775
113.568665,113.021767,62.812950,56.552147
111.494553,110.792664,62.117519,57.247280
111.594887,110.886391,62.418468,57.479134
111.360237,110.921150,62.463562,57.585197
108.294006,110.746376,62.369259,57.217995
107.260826,110.802177,62.184181,57.339806
106.557579,110.984177,62.578121,57.163929
106.078606,111.082695,63.124424,57.364189
105.728966,110.963051,63.371567,57.421921
104.202682,110.997581,63.920441,56.931438
102.482391,110.844795,63.693321,56.565968
100.828537,109.707420,63.263588,57.301411
100.812592,109.375046,63.298363,57.357128
100.833183,109.336678,63.310787,57.499935
100.769402,108.912910,63.566486,57.414200
100.519234,108.706512,63.341640,57.889835
99.688911,108.673851,62.916927,57.629662
99.687584,108.864517,62.970615,57.971840
97.685349,108.250580,62.066582,58.395451
97.202057,108.292419,62.782661,58.818501
97.259056,108.434807,62.922016,58.936504
95.811531,108.761696,63.647766,58.882175
96.364738,108.822090,63.741554,58.960964
96.303185,109.032494,63.959553,58.866257
96.374092,109.949585,63.838234,58.463207
96.435425,109.984871,63.996307,58.496040
96.463295,110.555313,63.622559,58.327759
101.386879,111.977570,62.567196,57.381882
113.680641,110.299416,72.031067,58.767181
128.991776,111.766495,74.223648,58.431038
147.999695,116.618828,72.780830,58.509346
168.735123,125.045700,70.082191,59.123501
182.082474,128.142365,68.172516,58.989025
186.639984,128.132553,67.304100,59.242535
188.768234,129.410400,66.418480,60.233585
190.889130,137.013657,66.660835,60.993145
191.782776,136.999374,67.216934,60.940281
191.886520,137.213699,67.505859,60.988750
189.262482,142.686813,67.432373,60.114372
189.124359,142.741684,67.674263,61.045807
184.301834,143.341232,68.969826,60.502491
184.429947,144.007523,68.891228,61.070633
184.547165,144.244003,68.897369,61.470669
184.596863,144.258835,68.965927,61.473503
184.612289,144.272263,68.965927,61.473503
184.617615,144.287827,68.968979,61.470554
184.573120,144.343430,68.817764,61.386517
183.407806,143.861710,68.658890,61.411545
180.306656,143.313248,68.244255,59.350498
180.258499,143.257645,68.311943,59.436317
180.571457,143.089172,68.356644,59.289196
176.099838,140.930283,69.075768,59.130009
176.336868,141.073624,69.437553,59.492317
176.496338,140.805710,69.333267,59.546936
173.623703,140.016266,69.415474,59.450104
173.099152,138.293823,66.658791,59.318043
172.367310,138.286392,66.009621,58.249474
169.511841,137.346664,66.082558,58.272804
167.410782,136.910477,63.502827,58.112965
165.352631,137.207535,63.534225,58.291893
162.623215,137.161438,63.679424,58.121456
160.565018,136.861786,63.298679,58.174881
158.317474,137.193390,63.535526,57.413490
156.014267,137.790527,63.291740,53.987236
154.280029,137.728973,63.292553,53.836411
154.032623,138.184677,63.548306,51.969090
155.389450,137.791977,63.386620,51.356258
155.822906,137.704117,62.314590,51.581020
156.714035,136.997437,62.436913,50.350956
157.152939,136.528885,62.042797,50.713333
162.191345,134.921539,57.996067,50.621601
162.321182,134.437286,57.552551,51.081333
162.693756,134.143616,57.804295,51.401417
163.750443,133.624573,57.102207,50.989464
165.015610,133.045685,55.387276,50.540356
165.111267,133.091843,55.365597,50.476822
166.289200,131.753677,54.124599,50.648304
167.503693,131.438629,54.266899,49.776360
168.601105,131.705811,54.719986,49.468330
169.560089,131.443466,54.538681,49.127617
170.098846,131.636505,54.952530,49.238598
170.278687,132.783173,55.765308,46.542469
170.371857,132.842941,55.927128,47.021782
172.212738,132.420197,54.859810,47.246342
172.420197,132.430557,54.942909,47.507137
173.332352,131.739395,54.705971,47.666111
173.856247,132.162872,54.151413,47.579678
174.056931,132.328735,54.473988,47.942104
174.075211,132.204117,54.473530,48.002811
172.641174,133.400269,54.569988,47.551434
171.918137,135.099594,54.498684,47.035732
168.990662,137.261337,54.116058,45.750587
166.759949,137.985626,54.075199,45.784203
163.482300,141.256943,56.050003,44.118790
160.406433,141.596344,55.732845,44.350151
157.831085,141.946701,54.308823,43.984238
156.376114,142.259567,54.577175,43.934105
154.079926,144.478973,54.622223,43.239376
151.561523,147.249756,55.182674,41.862854
149.473053,149.258728,54.689781,41.207687
147.335999,152.343307,52.513466,40.223133
144.974747,152.937164,51.222618,39.941177
144.191238,153.065674,51.052174,39.839554
142.190216,153.860931,49.663517,40.527512
141.260132,154.270935,48.741734,41.223728
139.038315,154.502182,48.009392,41.596386
138.303787,154.961151,48.223728,41.837315
138.222015,155.148682,48.139515,41.945740
136.053085,155.682266,48.203117,42.014637
135.727386,155.984589,48.191368,42.352551
135.747528,156.407135,47.497417,42.524235
135.737335,156.660995,47.456108,42.960079
135.445038,156.741562,47.336761,42.927631
134.639221,157.117325,47.046738,42.829636
134.236618,157.556992,47.148098,42.852882
134.042816,157.905380,46.913261,42.878708
131.985275,158.894485,45.367283,42.570957
130.786545,159.360321,45.543571,42.782619
