1
198.983765,113.429039,44.471432,47.488892
198.996994,113.434723,44.478024,47.479534
199.006943,113.445091,44.478024,47.479534
199.016037,113.452499,44.476856,47.481159
199.026566,113.462051,44.478024,47.479534
199.036514,113.472420,44.478024,47.479534
199.045441,113.483139,44.476391,47.478180
199.055664,113.494209,44.479115,47.479866
199.046738,113.529442,44.460171,47.445633
198.997177,113.577660,44.491158,47.494133
198.732010,113.719666,44.550385,47.422855
198.644653,113.778130,44.854099,47.545528
198.164276,114.139740,45.226292,47.893345
197.780838,114.272949,45.621021,48.070881
197.776810,114.542961,45.812195,48.449276
197.068680,114.852707,46.122063,48.400631
196.813171,115.050522,46.486992,48.410442
196.320038,115.406281,46.534176,48.408558
195.327240,116.152985,46.894604,48.293098
195.376740,116.257278,46.973423,48.476414
195.364304,116.269638,46.985229,48.483364
195.238632,116.312347,46.972919,48.471783
194.786591,116.467064,47.123798,48.359535
193.971680,116.800705,47.542004,48.325935
193.140610,117.334068,47.992058,48.329933
192.561905,117.461273,47.895828,48.479019
192.516479,117.498909,47.887333,48.421040
192.151062,117.675713,48.023777,48.428616
191.661896,117.490997,48.267769,48.454861
191.649887,117.477806,48.366756,48.456444
190.869370,117.498283,48.534599,48.254440
190.297546,117.377060,48.958496,48.523197
189.968796,117.519531,48.858711,49.028088
189.808411,117.574699,48.887314,49.392212
189.699661,117.568069,48.925758,49.448643
188.798782,117.534821,49.264462,49.353554
188.485916,117.558525,49.088131,49.497875
188.653793,117.558083,49.436577,49.453983
188.680679,117.580925,49.476776,49.477825
188.684860,117.593132,49.465691,49.472431
188.700867,117.607056,49.475555,49.478672
188.711929,117.617859,49.475555,49.478672
188.686646,117.637009,49.535828,49.467831
188.917191,117.653152,49.974819,49.478577
188.794510,117.681572,50.013775,49.470222
188.740051,118.306610,50.426510,48.729160
188.502121,118.457611,50.359955,48.968510
188.538467,118.408501,50.287571,48.990494
188.266663,118.551811,50.254799,48.861664
188.223785,118.596565,50.414749,48.928921
187.741577,118.549149,50.411549,49.060162
187.551498,118.647942,50.057808,49.428425
186.661987,119.390366,49.984154,49.330299
186.539062,119.470993,49.828293,49.440773
186.355850,119.518822,49.872536,49.429863
186.142746,119.540710,49.900097,49.493748
186.009872,119.477386,49.776646,49.495037
185.783875,119.480927,50.135021,49.429981
185.239410,119.434998,50.447861,49.453568
183.004257,119.670967,50.018181,49.605709
180.772675,118.702896,50.334663,50.992893
177.675461,118.293564,50.667816,51.500862
174.213058,118.138008,49.678268,51.822865
168.782715,120.468605,50.787579,52.042583
163.028809,121.429764,50.466831,53.396454
160.251678,124.938087,47.888313,53.159008
156.741943,126.080238,47.899910,52.840393
153.277252,131.153885,46.544159,48.799744
148.784363,135.751450,47.253567,47.305557
146.239822,137.763199,46.880672,47.372581
141.946503,138.577164,48.655888,47.644642
137.645050,140.194809,48.389050,47.895084
133.321426,141.251480,48.636452,48.777508
128.575211,140.388962,49.051941,50.412159
124.218208,141.356369,52.129173,50.780979
122.248779,141.769989,52.326488,50.483349
120.827316,140.524002,52.324520,50.116905
121.249969,139.939255,52.293892,50.615719
121.123672,135.872131,52.457664,53.574085
121.902496,130.380417,52.251671,55.020168
122.242065,125.664848,54.661625,55.669933
125.262581,121.435692,54.783703,56.289974
127.641594,118.216782,53.729439,55.901054
131.870285,115.238930,53.729557,55.800438
132.475662,113.153458,55.009991,57.013760
132.850250,113.076073,55.443653,57.687210
134.365265,111.528496,56.204403,57.999149
135.011429,111.339752,56.651512,58.033749
136.013428,110.149506,57.568020,58.533592
137.860367,109.526321,57.462730,58.854507
138.110458,108.467766,57.614918,58.897243
138.310226,108.457848,57.964134,59.013573
138.320587,108.628357,57.972942,59.464161
139.090973,107.191330,58.231869,60.340530
139.257141,107.274033,58.499245,60.466198
139.256149,107.291100,58.471111,60.473934
139.274963,107.335342,58.467995,60.461494
139.022476,107.195961,58.863689,60.863079
138.908310,107.571892,58.978928,61.317944
138.849518,107.655899,58.991379,61.516594
136.725891,108.028786,61.350754,61.778561
134.072632,109.034012,64.730675,63.119816
133.768661,109.198311,65.201698,63.535492
133.881653,109.430916,65.505653,63.984016
133.856964,109.227005,65.804268,64.242561
133.642014,109.306915,65.948807,64.542046
133.595657,109.522873,65.962807,64.981949
132.000946,108.029724,65.321541,65.513123
131.870544,107.909660,65.238625,66.075310
131.740845,106.025734,65.941498,67.179565
130.695251,105.443581,66.609047,67.689087
130.914780,105.564415,67.028000,67.901306
131.788559,104.988556,67.562508,67.859566
133.039719,102.049324,68.117027,69.934570
134.462250,101.112930,68.683296,70.721199
135.503525,100.813133,69.251595,71.170563
136.602631,100.421448,69.242233,71.709343
139.319122,98.722343,70.603973,72.700630
139.882355,98.068214,72.306297,73.299232
140.366516,97.900490,72.934708,73.171288
141.493774,96.896980,73.099388,73.160492
142.422119,96.828026,73.293587,73.283676
142.523605,96.936394,73.463707,73.468330
142.628525,97.115578,73.534065,73.685402
142.795547,97.508972,73.736931,73.986137
142.913834,97.675079,73.893768,73.850739
142.605057,98.425148,74.287865,74.073624
141.453690,98.888336,76.187363,74.690033
141.608215,99.043526,76.462227,74.967682
141.401871,99.145126,76.204582,74.845520
138.023331,99.302078,80.740143,75.087395
137.811005,99.554871,80.977623,75.546722
136.481064,100.462944,80.953545,75.224716
135.418472,100.668449,81.218391,75.492065
134.809341,100.682579,81.453804,75.642151
134.172958,101.065506,80.858162,76.000595
132.708832,101.133644,81.546806,76.445114
131.911667,101.127686,81.857376,76.420303
131.979111,101.154999,81.926453,76.478058
131.712021,100.466141,81.832947,76.549156
129.016235,96.335457,81.100281,74.631989
124.388168,89.540306,79.736053,72.704948
119.618134,83.481674,81.031250,72.650146
117.201904,79.822647,79.883942,73.028503
114.105690,75.089806,78.089279,74.371117
109.715950,70.528183,77.012642,72.159363
105.764076,69.175919,75.212914,70.705055
103.846024,67.632172,75.427155,71.040100
100.532692,64.609238,76.389252,68.917755
96.383057,63.323631,77.078560,67.141693
92.544861,62.778439,76.212036,67.469170
91.684090,64.178955,74.947853,67.495628
91.515221,64.240784,74.729836,67.379120
90.872772,64.159996,74.932419,67.335213
90.083549,64.509537,74.670593,67.263374
89.138855,65.547798,73.489944,68.239288
87.911209,66.693542,71.762604,68.399834
85.387405,68.925865,71.218681,66.959763
83.027618,69.311951,73.566452,66.896301
83.036850,70.004082,73.764496,66.945091
82.239365,72.428337,74.433937,66.679787
82.216949,73.746979,74.367134,65.564423
81.812286,74.709831,74.344398,65.618881
81.437805,75.267059,74.057220,65.824783
81.732399,76.377037,73.417961,65.125061
81.838577,82.376030,72.112419,61.473335
81.505600,82.412102,71.794075,61.133720
81.745804,82.882225,71.593758,61.192078
81.876732,83.399002,71.013100,61.337875
82.072823,85.066116,70.619370,59.859783
80.530983,86.472466,70.204132,57.543221
79.648407,86.870094,69.799973,57.860054
77.983864,87.462570,69.723328,56.747559
77.318581,88.569160,69.536072,56.214348
73.742798,89.856194,69.710945,56.074574
71.722343,91.340363,69.602661,54.401932
69.441101,91.103523,68.473038,53.304699
68.083427,90.479202,64.183289,53.792839
64.701088,89.655746,63.352875,54.147209
62.985634,89.108040,62.642014,54.193413
67.786507,89.755898,63.950050,53.376019
74.406502,91.457275,64.546669,53.197308
88.597343,92.940704,65.287453,53.332470
101.610344,99.064209,71.362190,52.234386
120.831978,105.615807,71.098511,51.440849
135.042557,106.962440,67.319199,51.687561
164.226395,123.818993,66.680641,52.218941
166.475586,124.344078,65.513931,52.884071
167.955505,124.596786,65.250832,53.697487
167.858124,124.741188,65.415352,54.026569
168.127228,125.075592,65.038506,54.367317
169.043442,125.241043,65.147774,54.345158
169.192413,122.923141,65.894501,59.569496
169.249588,123.138756,65.970482,59.971550
171.943466,123.405426,66.536057,59.952774
173.145691,123.685799,66.293907,59.931923
173.738464,124.485558,66.472389,59.529541
177.195831,125.719948,65.518921,59.096146
179.365448,126.809448,64.888969,58.830868
181.135834,128.262665,64.230133,57.380081
181.631668,128.637589,64.269096,57.067318
181.982986,128.736282,64.321342,57.590790
183.062424,129.468979,64.468163,55.730797
183.679749,129.153931,64.210716,56.130611
184.694183,129.130081,63.605019,54.962418
184.807907,128.832794,64.086426,55.153637
185.092972,128.762878,64.367874,55.493862
185.318512,128.646057,64.392738,55.465584
186.762772,128.046082,63.812145,55.336731
187.390076,127.460739,63.860966,55.480293
188.667725,127.390327,63.133972,54.033081
190.573441,125.040077,62.670235,55.210560
194.118866,123.695145,59.573490,52.743301
195.267792,122.067795,59.939705,53.411804
198.451294,119.442200,58.719662,55.244907
196.580185,118.706612,58.247810,57.329201
191.656738,117.031937,56.526592,57.930981
185.441025,116.108467,58.615131,58.295486
180.918991,115.682480,55.831436,58.124413
175.376221,116.474113,55.871010,57.447834
172.318878,115.489540,52.389359,57.862587
169.952515,114.558846,49.009518,58.008923
166.684586,114.727760,50.409458,58.299908
164.355774,115.034683,49.508450,57.771255
162.525436,113.815346,49.806610,58.859409
161.544052,113.511421,50.017208,58.812107
160.546387,113.464752,50.221840,58.796108
160.455246,113.404297,50.411491,59.027378
159.985031,112.843674,50.717487,59.909409
159.719162,112.837189,51.002163,60.011806
159.567993,112.915199,51.549610,60.529701
159.630020,113.931450,52.125381,59.494415
159.663788,114.666191,52.504032,58.677586
159.588043,115.613037,53.175774,57.723366
159.484924,116.870445,53.383942,56.525291
159.290512,117.193642,53.837658,56.739201
159.401627,117.502953,53.967995,56.721478
159.375580,117.657524,54.008869,56.919090
159.616913,117.868820,54.462818,56.717308
159.629105,118.099899,54.409752,56.863007
158.006760,119.070831,54.405781,55.869263
154.201477,119.555504,55.099201,54.330666
151.619308,119.951828,53.848431,54.354294
146.077744,121.580307,53.744949,54.035709
140.914627,121.511238,54.789181,54.750000
136.476410,124.165283,53.130177,54.862930
132.595337,125.925232,52.590225,54.530212
130.004715,131.097229,50.821434,51.368607
127.635742,133.299164,50.056255,50.871189
123.240433,134.912842,52.258656,51.307877
119.414093,138.112610,52.233128,49.232567
115.896103,140.081528,53.188652,49.337021
115.570908,140.283524,53.483524,49.738838
115.517921,141.132599,52.824932,50.667042
115.593246,141.345718,53.049957,51.007542
115.857841,141.856216,53.035610,51.083584
117.782356,141.507278,53.370228,51.390343
121.510109,139.714996,51.900467,51.727047
126.145180,137.533615,53.199696,53.249584
132.364197,134.180435,54.174435,54.223942
133.036591,132.529129,54.931717,54.658554
135.296036,131.377106,54.324291,54.939854
140.953125,129.899490,54.017773,54.946815
142.930069,128.278534,54.930153,54.936607
145.550049,126.302841,54.540176,55.147205
149.365555,123.086960,55.978653,57.399136
149.317261,121.198097,56.921886,57.732407
149.586426,118.119682,57.689171,58.251549
149.453522,113.813293,58.175129,59.317326
149.565414,111.479080,57.828365,59.628948
148.082626,110.627831,57.800907,60.165039
146.408493,109.026573,58.653721,60.610874
142.005646,104.592949,62.026207,62.236153
140.836197,103.398575,61.848476,62.248165
137.272354,100.501366,61.739162,64.030891
135.382278,100.321915,61.225334,64.226135
132.376358,99.032806,61.323311,64.462593
129.596466,98.151978,60.962616,63.521069
128.584930,98.013176,61.420601,64.263016
126.021683,96.816666,62.211586,65.059509
123.917397,96.487061,62.321854,65.690926
122.301079,96.543800,62.719475,65.676338
121.340958,96.539658,63.143326,65.627953
120.530602,96.092789,63.693657,65.625542
120.586517,94.357788,64.100792,66.866928
120.798180,94.338417,64.422386,66.984421
120.944733,93.361885,64.320221,66.966286
120.993553,91.609695,64.286011,66.915672
120.731476,90.728218,64.737640,66.706810
120.868622,90.845772,64.994225,66.974342
121.363358,89.105408,64.949425,66.651314
124.249146,87.624275,65.138168,66.738373
126.505211,86.097961,65.538025,67.412407
127.999741,84.565308,65.444191,67.539696
130.597992,82.993675,64.863686,67.639908
130.932053,83.092560,64.940460,67.883743
131.002258,82.779068,64.945740,68.216362
131.236771,82.072525,64.833557,68.660774
131.357697,82.070023,65.032669,69.030342
131.098892,81.190605,66.755318,69.960228
130.557861,80.566391,67.697723,70.248726
129.747559,80.200485,67.812294,70.541870
125.940018,79.958244,67.398010,70.304123
123.559006,80.214806,69.085815,69.943390
123.405380,80.137299,69.149902,69.956909
120.881844,79.812767,68.990997,70.191925
116.145599,80.593788,70.421280,71.061844
114.221512,80.773186,70.291000,71.403984
113.714279,80.787689,70.582481,71.513268
113.185020,80.946487,71.303352,71.934486
113.004959,80.949478,71.513199,71.986626
113.009109,80.929161,71.940613,71.979485
113.037117,80.939621,71.964447,71.968979
113.036850,80.946510,71.947258,71.972366
112.492439,80.914078,72.124939,72.028587
112.678276,81.149986,72.464195,72.468765
111.882210,81.503174,73.181007,72.601753
111.255608,81.739975,73.812027,73.161438
110.165405,81.803986,74.104202,73.423058
110.069572,81.799240,74.483635,73.491074
109.350456,81.870430,74.786079,73.336838
109.297829,81.944954,74.947365,73.438133
108.645111,81.878326,74.934036,73.475113
107.776451,81.464088,74.697380,73.460228
107.208229,81.356842,74.677155,72.968483
107.153397,81.220566,75.012718,72.968636
105.498848,80.865982,75.176880,72.605759
102.689926,80.087784,75.838486,72.737183
99.791039,79.694191,75.571938,72.930962
94.163399,78.899567,75.650253,73.431709
89.635422,77.775108,74.749420,73.777191
84.833878,77.288933,73.743553,73.248161
91.234085,75.412300,74.526337,74.294258
105.751076,75.795967,74.681488,75.076675
115.146286,75.147583,75.380302,76.199989
123.065422,75.881393,74.315422,74.484726
123.170815,76.706154,74.960213,73.847870
123.744102,77.367729,74.986992,73.317719
119.775467,76.865013,73.427650,72.595276
112.570419,78.262291,71.883934,71.747566
103.679062,80.003586,71.962318,71.928261
94.589622,82.181160,70.287888,69.090935
83.946579,85.110947,71.751091,69.786430
73.990044,85.908356,72.268669,69.869476
68.903023,89.617546,71.198929,68.606888
64.707069,91.405777,71.400620,69.249680
62.375889,92.478363,70.216682,68.961533
62.621105,94.808052,69.682365,69.201172
63.054562,97.484016,70.085426,68.801270
64.215981,99.747978,69.709320,68.296822
67.861984,102.488235,69.319298,66.987473
70.319466,104.613396,68.582718,65.715454
75.413101,107.519638,67.814514,62.559010
80.275200,108.366859,65.498795,61.684704
84.877655,107.814240,64.127419,62.147358
87.865219,108.222847,64.813667,61.630299
90.743698,109.131546,63.668434,61.337143
93.081985,109.672821,63.441689,61.414352
96.382179,109.612862,63.449181,60.679440
101.673271,111.273270,62.386734,58.681713
103.638824,111.356438,61.545311,59.400002
105.415375,111.544319,61.498798,59.010262
106.902374,111.552612,61.592491,59.938503
109.647354,111.601234,60.959908,59.518101
111.914078,111.603111,60.055389,59.744606
114.488602,112.024315,60.325722,59.371990
114.691002,112.121292,60.541016,59.420101
118.477638,112.748795,59.774773,59.364861
121.178787,114.276550,59.135681,57.500675
121.574112,114.745079,59.542599,57.936031
122.786804,115.109840,59.666523,56.752857
123.168823,115.260086,60.003479,56.942848
124.101929,116.332245,59.917614,54.914352
124.366798,116.686539,59.876884,54.450966
124.758835,116.602219,59.768341,54.471615
127.857117,115.540833,59.129673,53.701450
129.542313,115.318985,58.697075,53.116322
132.929398,114.861702,58.189308,53.678791
133.515350,115.013611,58.360165,53.880234
135.545471,114.949303,57.455914,53.921654
138.138290,114.283699,57.363667,52.691399
143.484543,112.072266,56.230988,52.507893
148.106079,112.145782,55.498268,52.356113
151.053314,111.918724,54.330128,51.954006
155.204819,110.965897,52.794956,51.682640
159.653595,109.872482,52.734962,49.955025
163.316696,108.429146,52.478008,49.349121
168.015182,107.640175,52.267155,48.594875
173.647949,106.946304,50.515465,47.699947
176.140732,106.367790,49.978554,47.473797
181.201324,104.763245,50.102039,47.143475
186.323074,103.232193,49.365654,46.557545
188.566162,103.356133,49.077461,45.581150
192.434601,102.970428,48.498848,44.797943
196.762024,100.915573,48.063034,44.361015
199.954483,99.301292,47.941456,42.994194
202.380524,97.862190,47.333565,42.449753
204.433762,97.872070,47.707199,42.443272
206.557892,97.062225,48.760124,42.194847
210.862473,94.888420,46.060303,42.321503
212.070724,94.313057,46.042114,42.763256
213.426056,92.400261,46.280415,43.563156
209.890427,91.866859,46.253956,43.881062
204.029892,93.444717,46.725967,43.456627
199.769836,94.517365,47.980099,43.198940
195.284332,94.668724,46.159229,43.496258
190.698532,95.107765,47.049171,43.782444
185.816086,96.259026,48.046780,43.248894
181.948120,98.578430,48.794991,43.620277
179.070679,102.215073,48.938568,42.311672
175.862625,102.440804,48.318588,42.824383
170.605621,104.184074,49.375427,42.650024
167.336136,107.716606,49.398216,42.595692
166.380463,109.368965,47.526649,42.780193
166.815384,109.880531,47.781956,42.852940
167.053635,111.287315,46.662289,44.582127
164.345016,112.808029,47.470116,45.239082
161.600235,114.378197,46.466930,44.971142
158.531677,117.700127,47.431938,44.282417
155.074341,118.869835,47.581169,45.182442
152.657104,121.147179,46.333431,46.138424
150.324387,122.908272,48.237598,46.494030
148.526031,124.730583,47.440063,45.741226
148.387131,125.238098,47.384941,45.907856
145.809601,124.848038,48.059311,47.288349
140.050903,126.128723,50.732506,46.748035
137.783051,127.651459,51.596088,49.036846
137.773514,127.793945,51.849850,49.814342
137.413788,127.854858,51.943680,50.048515
134.381927,127.302719,52.214813,51.063934
134.821823,127.819557,52.494526,51.963058
133.485199,127.813049,52.937069,51.854149
133.477722,127.845375,52.961430,52.007275
132.410858,127.082558,54.501122,54.222275
130.335068,127.421066,54.606052,54.154213
125.896423,127.842751,55.318848,54.212494
120.240440,128.585464,58.868279,54.133724
115.866882,128.856064,58.789253,54.154350
112.604179,129.368011,59.481937,54.348618
109.848618,128.787003,58.635635,55.033936
105.431831,130.252899,57.660706,54.614853
101.813637,130.601715,58.826126,54.788609
101.899193,130.707565,58.970863,54.976303
101.946976,130.711594,58.968502,54.982250
103.338562,128.742645,58.968185,55.021988
110.685188,125.354294,57.269924,56.193935
112.956635,122.021378,57.661793,55.872974
113.857841,120.175987,58.209400,55.517551
119.010788,115.492416,58.555565,56.904503
119.321884,115.473663,58.911873,56.920006
118.946327,114.423668,59.046478,57.151752
118.962288,114.606514,59.751774,57.476780
117.404968,114.442665,60.020382,57.524620
116.525436,113.622078,59.244419,57.561672
116.633827,113.837090,59.474617,57.984482
116.542786,113.801659,59.462681,57.996082
115.821999,113.615585,59.486393,57.919308
116.512123,113.429520,59.510002,58.228115
115.832344,113.558014,60.105534,58.489208
116.321892,113.705215,60.752869,58.559029
120.544830,113.351891,60.344337,59.261295
121.800323,113.505905,60.209190,59.268669
124.757378,113.880913,60.359520,58.510353
126.416046,113.887726,60.462978,59.039474
126.828217,114.133316,60.417278,59.488564
134.066376,114.306450,58.672207,58.856964
138.266937,114.017570,59.238220,59.580658
138.426910,114.231171,59.486790,59.956493
138.418320,114.374062,59.497749,59.919945
138.418045,114.414253,59.470619,59.974148
137.866882,114.434967,59.651863,59.907032
137.828583,114.508804,60.115158,59.689541
137.850357,114.550667,60.604889,59.715919
137.896301,114.699577,60.991276,59.915314
136.644409,114.452599,60.428959,59.718399
134.824539,114.160667,59.302258,59.280113
134.489944,114.277481,59.682743,59.383915
133.336533,114.354065,60.214649,59.108604
128.729538,115.086075,61.105343,58.524746
124.050034,115.682777,62.775337,57.240307
118.901779,114.538857,63.689884,56.812862
116.828667,114.630379,63.923134,56.178974
114.778130,114.608452,63.663002,56.347775
113.594810,112.964668,62.812950,56.552147
111.520699,110.735565,62.117519,57.247280
111.621033,110.829285,62.418468,57.479134
111.386383,110.864052,62.463562,57.585197
108.320152,110.689278,62.369259,57.217995
107.286972,110.745079,62.184181,57.339806
106.583725,110.927078,62.578121,57.163929
106.104752,111.025597,63.124424,57.364189
105.755112,110.905952,63.371567,57.421921
104.228828,110.940475,63.920441,56.931438
102.508537,110.787697,63.693321,56.565968
100.854683,109.650322,63.263588,57.301411
100.732033,109.611938,63.552635,57.382820
100.953781,109.640770,63.909824,57.469673
100.631798,109.054245,64.029480,57.513023
100.143295,109.086082,64.169769,58.327927
99.618774,108.957207,63.228481,58.254383
99.662689,109.072754,63.408218,58.491699
97.891838,108.853828,62.834053,58.485874
97.234138,108.762039,63.263367,58.874500
97.141373,109.008385,63.386906,59.035030
96.138672,109.567070,63.500359,59.295708
96.386993,109.669380,63.968395,59.474361
96.318634,109.726494,63.984367,59.450249
96.384262,109.970474,63.917576,59.342651
96.437027,110.056496,63.963440,59.474110
96.223152,110.303833,63.920654,59.392685
101.256241,111.526894,62.182854,58.393177
115.170647,109.850716,69.938911,59.682400
130.568558,111.926682,71.856316,58.952461
149.471146,117.266602,69.806610,59.081482
169.225067,125.061813,67.450607,60.235790
181.435272,127.684715,65.946716,59.353848
186.870102,128.181152,65.123627,59.067722
188.672455,129.316666,64.566010,60.264053
190.907852,137.247025,65.523254,61.313938
193.008713,137.402359,66.556396,61.030457
193.193939,137.677505,66.988022,61.476788
189.987122,143.692017,66.894127,59.826088
190.086716,143.626205,66.983582,60.494312
185.311539,144.112076,68.478333,59.671150
185.644440,144.510529,68.125992,60.049740
185.837646,144.738953,68.459900,60.477203
185.855621,144.749435,68.465691,60.472977
185.871170,144.763123,68.466171,60.473934
185.885818,144.776459,68.466377,60.473740
185.802933,144.887085,68.042603,60.192150
184.771744,144.413193,68.111053,60.508846
181.345169,143.143112,67.836792,59.985634
180.891037,142.675385,67.706520,59.827095
181.040924,142.735840,67.978317,59.919220
176.544693,140.385574,68.054314,59.026962
176.765930,140.622269,68.466171,59.474361
176.952515,140.247040,68.144188,59.566326
174.379532,139.664352,68.704453,59.203526
173.018784,137.645004,67.073624,59.816105
171.885895,137.815430,66.582855,57.793652
169.153076,137.453918,66.862282,57.527298
166.975494,137.355179,63.331207,57.710484
164.696365,137.817642,62.457554,57.551445
162.072922,138.232819,62.440788,56.974491
159.603409,138.233887,62.710686,56.082096
158.109085,138.198853,62.412041,56.113178
156.048538,138.558853,62.138741,54.342476
154.521347,138.450150,62.046753,54.297173
154.340927,138.415359,62.604542,53.860798
155.927078,138.298416,62.405411,52.640697
156.159225,138.112976,61.723568,53.134151
156.933456,137.370346,62.083389,51.188271
157.718216,136.840775,61.954201,51.672333
161.822296,135.357040,58.027996,51.042591
162.154449,134.847366,58.110050,51.532825
162.363358,134.675385,58.463764,51.897144
163.285736,133.998657,57.597561,51.508812
164.802597,133.710403,55.871933,50.897709
165.075287,133.556976,55.800457,50.752899
165.749557,132.166458,55.337303,50.783867
166.692520,131.876221,55.194668,49.768135
167.733154,132.204636,55.695305,49.390343
168.886108,132.018600,55.517601,49.087978
169.553940,132.180511,55.896397,49.220169
169.736771,132.770111,56.750572,47.440670
169.911057,132.591721,56.922413,47.473465
173.204422,131.906860,53.424496,46.818806
173.527542,131.811096,53.548840,46.928158
174.702484,131.533524,53.895466,46.522659
174.840912,132.009872,53.879951,46.583065
174.907928,132.210892,53.944363,46.978825
175.088409,131.767715,53.730625,47.179756
172.789215,133.391388,55.752327,46.189278
170.926392,135.791946,55.397995,45.960117
168.268646,137.519440,55.006042,44.968842
166.662048,137.928223,53.947720,45.112659
163.921661,140.640137,55.598610,43.743172
161.410782,141.073914,55.272854,43.615376
158.905502,141.708786,53.292915,43.233795
157.424759,142.266953,53.268845,43.405285
155.577179,143.610367,53.145447,42.794022
153.216476,146.204666,53.431568,41.481483
150.798569,149.435211,53.347408,39.085083
148.429718,151.858612,50.370415,38.489906
146.956635,152.418289,48.454906,38.049057
146.078369,152.609100,47.824699,38.355869
143.585892,153.179123,46.233723,39.793327
142.627060,153.192474,45.351341,40.539406
141.001602,153.911896,44.261810,41.106098
140.876083,154.178604,44.317673,41.506096
140.329117,154.623962,44.355103,41.923100
138.318665,155.603195,44.403854,41.948685
137.740204,155.719070,44.137035,41.890102
137.382706,156.111954,44.177116,41.968292
137.233917,156.307938,44.457966,41.835613
136.979294,156.528717,44.142902,41.969700
136.038391,157.029892,43.859829,41.821220
135.557358,157.335541,43.999344,41.915714
135.373489,157.461700,43.306000,41.949978
132.842896,158.418457,42.919491,41.316467
131.891693,158.668442,43.056725,41.415134
