1
225.332535,90.163506,42.974506,45.536694
225.399719,90.655243,42.966709,46.232529
225.448807,90.734566,42.979851,46.548599
225.498581,90.663612,43.038780,47.555065
225.266617,89.647476,43.511600,48.304226
224.184326,89.987022,43.640045,50.023170
223.579025,88.795074,43.414707,50.996483
221.919113,87.692574,42.822632,51.808678
219.831406,89.183762,42.625206,53.555550
219.237396,92.016228,43.671078,55.290348
218.474655,93.360527,43.688076,56.275379
217.979691,94.615463,44.375111,57.618961
217.998581,94.140976,44.232239,58.988636
216.934219,96.845276,44.905334,60.608238
217.488922,103.023415,44.898605,62.285915
216.607315,101.484093,44.785500,62.444092
216.226089,101.446831,45.055161,62.416641
215.244797,96.332397,45.238216,62.372742
216.078491,95.469810,44.896259,62.973309
216.574829,97.482071,44.244652,63.102940
217.094818,101.501686,43.982811,63.861774
2
0
0
0
0
1
109.799980,87.290085,61.168930,70.592133
102.506447,90.299934,62.268848,71.180450
86.099304,91.768181,61.755920,72.489288
79.317841,96.291046,62.125473,70.070152
67.368393,99.582642,61.552738,70.561241
59.806644,102.701614,59.982044,71.052612
53.118416,102.005386,58.934494,69.007698
40.977249,102.776138,58.437504,68.218803
42.601086,106.769753,59.602661,66.051079
42.793823,109.217293,59.234921,65.855247
42.148613,111.736221,59.400620,64.627632
41.487888,117.305191,59.532013,62.938450
41.881176,120.370399,60.438667,60.501575
45.086788,124.594780,60.847290,60.476620
44.770458,131.684845,60.883621,58.448704
48.804623,139.886307,61.979816,56.606392
54.737705,142.548965,61.386387,57.510880
65.632820,146.378418,60.597248,57.812935
84.836189,150.515305,59.468491,60.423752
96.643044,147.951080,56.781174,60.717976
100.393829,141.738815,54.932125,64.381371
101.107765,140.700394,53.150139,63.762676
101.307037,143.225708,51.560177,62.797127
101.529480,143.458786,51.749512,62.906631
101.711998,143.499954,51.954586,62.986176
101.352165,144.833054,52.198593,61.888641
101.741776,146.716095,51.804718,60.609699
2
0
0
0
0
1
179.030426,58.814842,47.423931,68.742210
185.060074,42.784943,46.490612,72.879181
194.343430,43.692493,46.082642,74.415375
203.459473,57.460426,45.425045,75.736023
205.997223,59.201103,44.175137,80.149529
213.319565,55.906597,42.951401,84.469086
216.413208,61.863953,42.463272,85.909966
217.806763,73.878090,42.601696,86.331757
218.211578,76.941360,43.060230,86.829140
218.501389,78.136147,43.276756,88.293114
218.364273,79.229767,43.510250,89.427231
218.200241,82.385681,43.788757,89.037231
216.723846,86.973190,43.982773,88.990997
216.771805,79.065346,43.338009,92.774231
215.871994,82.215500,43.888432,92.665009
215.916458,84.584412,44.120495,92.796921
216.030304,86.274567,44.505615,92.707794
215.699112,89.449501,45.118843,91.919708
215.334473,97.950165,45.748806,88.945793
215.176498,102.818947,45.361210,89.168945
214.149323,107.431473,46.397839,88.628365
213.439270,112.192894,46.675793,88.605652
212.406982,114.538376,48.074265,88.122383
213.917313,115.625183,49.675232,88.080009
212.993134,118.851997,50.731541,88.218048
212.119125,122.727158,53.130646,87.803596
216.075150,128.316879,55.639851,86.707047
221.368622,132.870361,59.592796,85.082794
223.536911,136.031647,61.172314,85.633644
223.634201,138.556366,62.542889,85.659721
224.176010,140.708496,63.924908,85.118904
223.046356,141.519379,64.267563,85.094467
221.587601,138.908112,65.405449,88.010628
221.567078,136.624466,65.677208,91.870903
220.866287,134.085434,66.064613,95.716461
219.072983,131.990219,66.414062,99.479271
215.076004,125.328453,63.593674,105.775421
213.889633,123.376434,61.465721,110.489891
212.336258,121.829102,57.767704,114.179176
209.323074,123.863159,58.023148,116.136841
201.702042,130.971313,59.791412,109.028687
191.052094,137.545364,62.515854,102.454628
189.209335,137.812515,63.055931,101.906189
185.882858,140.461441,66.247337,99.538551
183.813324,142.669586,68.028473,96.943253
183.871811,144.720886,68.480301,94.949989
183.350952,145.281616,68.677666,94.050034
2
0
0
0
0
1
113.696800,85.327248,55.476200,66.014694
114.054016,78.898590,55.086617,66.835960
115.549255,75.563766,54.509583,67.794495
118.239403,72.798859,54.196648,68.766144
119.464523,69.605804,53.717403,69.235992
120.633766,67.746582,53.402843,69.295204
121.902252,64.366653,52.906826,69.541153
122.983582,63.788589,52.246529,70.489410
125.277893,62.498856,51.255039,71.245872
130.438583,62.193657,48.904091,72.869720
130.666611,62.151920,48.664318,73.021889
131.362839,62.865826,48.369370,73.648308
132.842987,63.799774,46.922562,73.882843
134.604156,63.226791,45.350891,74.124054
139.328094,62.836266,44.031620,73.896027
143.919540,61.749527,43.994526,73.478859
152.596924,60.285828,43.467152,73.660400
158.046570,59.812668,42.255844,74.176468
159.071426,60.675934,41.685078,74.744331
160.459686,61.427677,40.836262,75.172401
163.105225,63.797337,39.631927,75.865860
169.355942,60.317749,38.242493,76.113647
173.876007,56.773544,36.988308,76.048805
175.769196,56.011887,36.345528,77.067810
177.996643,57.208809,35.566982,78.895187
180.709488,56.265633,35.058681,83.691818
183.830566,53.891098,34.557262,85.537148
184.967209,52.548042,34.624420,86.418015
186.174637,51.322823,34.763012,87.985077
187.811737,52.470867,35.387726,86.937256
188.656647,53.809696,35.409229,88.014122
188.625137,54.291248,35.459137,88.749321
187.452011,60.469044,35.791348,88.688118
184.994675,68.584747,37.922153,90.016678
186.667145,78.485123,37.898869,88.301613
183.723434,82.375717,38.401466,88.648262
178.512497,87.977707,37.675388,86.564247
172.533707,100.237892,37.414059,83.495888
156.079407,104.270874,36.933289,83.845619
149.539948,119.086090,38.610535,85.597839
141.720856,131.906555,40.002911,80.874504
138.240829,136.618164,40.499393,77.469803
135.844971,143.795349,40.322472,74.651749
127.900871,145.960999,40.852543,74.785904
126.078026,149.991653,41.041714,73.308815
123.938477,153.034958,40.689220,71.973534
119.642731,156.269363,40.333580,68.736885
118.021729,158.208008,39.989811,67.284203
115.110641,162.385666,39.771442,64.179459
114.843880,164.720474,39.921268,62.211868
112.746681,167.702576,40.453648,59.506767
109.755768,170.409439,41.548737,56.467445
105.570320,178.067276,43.297604,52.506557
102.570122,180.591400,44.316559,50.882126
100.956192,181.166199,44.026791,50.494133
101.291779,182.028702,44.221050,49.691025
102.327805,182.656754,44.139492,49.823914
102.102852,183.163544,44.368439,49.218620
102.115074,183.601974,44.435356,48.883179
100.089691,183.300522,44.200447,48.544662
2
0
0
0
0
1
36.537163,119.247032,71.219841,71.725189
39.525017,119.737938,69.659111,73.642433
40.395645,118.601959,68.318695,74.130341
47.039822,121.274422,65.270416,80.809227
50.369198,128.895264,62.760014,85.130653
50.872307,132.719284,62.761742,84.653519
50.827053,132.885681,62.914520,85.050224
50.895229,133.633667,62.661259,86.023300
51.747967,135.071640,62.868896,85.881004
51.328472,136.169891,62.948387,85.449547
51.257828,136.190170,62.951740,85.342392
50.818626,136.245438,62.981171,85.365189
50.840313,136.502518,62.862610,85.764755
51.143337,137.227402,63.019176,85.930016
52.406254,137.292938,63.471889,86.114616
56.359837,137.909531,63.830151,86.307556
57.476776,137.814377,64.278076,85.988045
57.862442,137.808990,64.427315,86.035133
57.696182,137.999451,64.493965,86.405319
57.683121,138.072678,64.470390,86.436745
57.730644,138.202240,64.504509,86.536240
57.927036,138.531235,65.130028,86.985077
58.502121,138.405441,65.656792,87.394691
59.201969,138.812195,66.360069,87.651566
59.680054,138.757645,66.710793,88.160828
65.217186,138.426193,67.022575,89.232513
72.818199,138.962936,67.636086,89.965996
76.683899,139.620926,67.032555,90.069260
78.106071,140.152832,67.012024,90.437164
80.168221,141.154831,67.473419,89.333664
84.131561,141.587585,67.141830,88.650635
91.637451,140.344757,65.429008,89.313950
92.414932,140.246338,65.123306,89.309425
95.116753,141.165176,65.240173,86.404747
95.682617,141.320297,65.297455,86.316711
2
0
0
0
0
1
206.329300,101.292336,43.887970,60.480022
210.804230,98.467987,42.773464,62.872684
213.523804,96.350845,42.293098,64.145927
215.654053,95.860283,41.962833,65.237465
216.318161,96.289635,41.682724,65.267403
218.133621,95.096924,42.048016,65.561142
220.002853,92.427910,42.197250,67.727074
222.125015,94.155640,42.068050,70.658096
222.331848,98.594376,42.597912,70.179184
220.717651,104.973534,43.332077,70.424942
220.697769,111.213615,43.419834,69.259567
220.837769,112.624321,43.738995,70.098915
220.643600,114.475693,44.193436,70.551071
221.060272,116.556892,44.141144,71.177399
221.337021,117.779144,44.432491,71.289101
222.011307,120.553749,44.348450,71.298935
221.337769,125.348900,44.371437,70.847755
221.410614,125.517212,44.456459,70.947998
221.666397,129.722748,44.012547,70.308472
222.411636,134.817886,44.004955,69.911430
222.045609,140.583344,44.168385,69.031097
222.158508,143.402573,44.339088,68.731491
223.327759,151.319061,45.646954,67.021111
