1
37.914391,59.615723,23.989233,52.971931
39.044998,58.629215,23.554150,53.529701
39.154308,58.620625,24.086660,53.981869
39.465160,57.514038,24.462406,53.150719
39.430668,55.972065,24.731609,52.486439
39.941479,52.895340,24.724550,52.040192
40.273518,52.541504,25.104139,51.509766
40.572014,52.247147,25.493423,51.997692
40.609398,52.205040,25.476330,51.834888
40.633453,52.403725,25.480749,51.903576
40.554668,53.107216,25.529758,51.708927
40.637924,54.466522,25.942892,51.658077
40.821182,59.858559,26.197924,50.669643
40.964645,60.611626,26.506350,50.704189
42.244644,65.938812,26.485170,49.946484
42.207794,68.125496,26.393736,49.292080
42.651039,70.921326,26.517536,47.907097
43.376186,72.369301,26.761417,47.626995
44.134914,75.517899,26.991079,46.738056
45.920864,78.152229,26.893465,45.429577
46.405106,79.249474,26.852556,45.066090
49.124485,81.393845,26.211201,45.717278
50.597427,82.185455,26.336073,45.382141
52.818172,82.686806,25.963943,46.006630
54.133011,83.578758,25.900625,46.429478
54.213661,83.657547,25.986921,46.443413
55.013821,84.304985,25.869959,46.118500
56.513447,84.355263,25.747112,46.229912
58.990162,84.698608,25.299425,46.739517
59.360397,84.787804,25.500019,46.960251
61.739128,83.659943,25.521816,46.542862
62.803852,82.717384,25.741180,46.254360
63.034565,82.592232,25.922171,46.502434
64.090218,81.940742,25.991175,45.476410
64.585167,79.717834,25.687101,45.927700
65.372871,79.271202,26.301193,44.812298
65.696434,78.186340,26.433949,44.874092
66.766373,76.595055,26.359495,43.386253
66.900398,75.964920,26.253792,43.156170
67.164543,76.076736,26.445511,42.678024
67.164970,74.915443,26.261675,42.934357
67.270775,75.083046,26.409876,42.298512
67.449814,75.643143,26.254129,41.924717
67.516273,75.693138,26.432941,41.989044
67.357994,75.955780,26.434811,41.738716
67.226784,76.487816,26.422525,41.523632
66.689247,77.742256,26.317913,41.516304
66.762527,78.022331,26.472124,41.978230
66.587387,79.290604,26.470488,41.477993
66.489754,80.709732,26.275196,41.293819
66.498833,81.842514,26.418295,41.093128
66.212288,83.570992,26.331549,41.119083
65.451485,86.030678,26.221151,40.994404
65.634262,87.043655,26.033285,41.228230
65.866463,87.178734,26.445559,41.575104
65.894196,87.395065,26.470911,42.029121
65.424416,87.643105,27.066893,42.277309
64.641037,86.985474,26.974630,42.474373
63.677013,85.427063,26.342794,43.812164
62.953144,85.341682,26.670080,43.904022
62.754646,84.376900,26.585773,44.312321
62.905148,84.438713,26.970404,44.475281
61.704643,83.584442,26.401014,44.974903
61.261189,81.574852,26.101135,47.134155
60.441975,81.014252,26.231890,46.303005
60.014866,80.785057,26.301027,46.593204
60.058178,80.830383,26.498768,47.201653
59.981224,80.253426,26.198082,47.840961
59.586376,79.950676,26.544220,47.591125
58.096874,78.601059,26.668644,47.682835
57.570877,78.532616,27.060818,47.941975
56.338970,77.130058,27.370388,48.175121
55.463383,74.623886,27.111542,49.465721
55.598431,74.526695,27.491224,49.395214
55.318336,73.418182,27.187780,50.050961
55.673466,72.780823,27.067219,49.998070
55.614666,71.916023,27.246912,49.453384
55.560013,70.882820,27.317921,48.705685
55.938435,69.502541,27.026741,48.674191
56.171078,67.855453,26.969166,48.519825
55.905685,66.895500,26.690989,47.471844
56.008526,66.039696,26.585087,47.318615
55.987064,66.323250,27.095619,46.281353
56.146152,64.612839,27.254496,46.509571
56.580463,64.368324,27.224810,44.711304
57.059284,63.284481,27.303125,45.077682
57.187817,63.754581,27.529354,45.224197
57.736820,62.504066,27.795376,45.511246
60.643852,60.578396,26.197287,46.495064
60.862186,60.217682,26.498396,46.562565
63.198215,59.132488,26.172825,48.825005
63.427608,58.988445,26.498869,49.013840
64.489189,59.455215,26.412426,49.212437
64.951149,59.635357,26.472458,49.509388
66.895752,60.447044,25.917110,50.103737
67.546791,60.596355,25.953924,50.902218
69.589935,62.539982,25.537956,50.754894
70.863495,62.696419,25.336452,50.967834
72.333435,62.983402,25.237762,50.760525
74.062004,64.326859,25.146051,50.423576
75.204071,64.596054,25.271141,51.021942
75.830605,64.674347,25.444166,51.746651
76.308617,65.092598,25.425848,52.328304
78.652626,66.470184,25.442877,51.872475
80.433830,69.388855,25.577772,51.893066
80.687134,69.436340,25.956097,52.060436
81.163902,69.551567,25.981646,52.643700
82.009010,70.290230,26.128155,52.426910
84.213936,71.652359,26.509470,52.190281
85.398323,71.899803,26.901283,52.502895
85.944023,72.204300,26.993593,52.998146
87.404236,72.097214,26.800163,52.706268
87.757294,72.098251,27.181526,53.197704
89.159973,71.650154,27.141520,53.529408
91.118477,71.983696,27.224527,54.201832
92.012474,71.952766,27.395241,54.591969
93.045479,72.463043,27.477026,54.590515
94.072311,72.359482,27.090963,55.038544
96.217049,73.547600,26.992752,54.961422
97.559700,73.042297,26.623379,55.836975
98.710167,73.486473,26.772684,55.602390
99.932953,74.028145,26.451275,55.829372
101.346474,75.406250,26.794611,55.543152
102.483826,75.481812,27.056705,56.416267
103.197815,75.720215,27.537081,57.110210
104.429443,75.401199,27.447744,59.300251
104.832870,75.756325,27.456957,59.477360
105.596329,75.560265,27.238541,59.964989
108.388771,75.292610,26.965542,59.370541
109.720490,76.265244,27.047729,58.572239
110.127022,76.406548,27.420094,58.939327
112.159004,75.942490,27.468737,58.815338
114.713615,75.358925,26.563387,57.697227
115.015419,75.266960,27.006653,58.204384
115.598663,75.100731,27.369848,58.112045
118.060036,73.529709,27.177729,58.743580
119.227219,72.523026,27.187426,60.368176
119.689873,72.356956,27.476536,60.752537
121.039558,72.529831,26.950169,60.548672
121.200150,72.055405,26.935299,61.597656
122.083122,72.215599,26.921728,61.298645
122.261215,71.991577,26.977392,61.327026
123.283257,70.581650,26.599789,59.505840
123.484123,70.829315,26.987503,59.977081
124.047989,70.981499,26.791847,58.761894
124.149925,71.075310,26.995722,59.007732
124.293221,71.652222,27.233540,59.552402
124.414909,71.899368,27.532909,60.111401
124.635254,72.031433,27.968325,60.655083
124.644325,72.256912,27.989389,60.941551
124.648514,72.282715,27.983149,60.958664
124.618217,72.497993,27.967087,61.098755
124.614891,72.794533,27.969790,61.550690
124.583359,73.196793,27.986261,61.861710
124.593376,73.586349,27.952612,61.480289
124.450974,73.927696,28.097406,61.647984
124.650505,74.104660,28.484158,61.970310
124.640282,74.229980,28.503349,61.858921
124.887924,74.300690,28.985680,61.973286
124.894409,74.314224,28.985680,61.973286
125.115410,74.697510,28.844576,61.673950
125.417023,75.510941,29.009577,61.336212
126.297592,76.213615,29.343184,61.007774
127.356667,76.960594,29.248390,61.309540
130.160629,78.321060,29.167477,60.505730
130.533218,78.567596,29.471737,60.844326
131.712173,78.888229,29.172964,60.639931
133.626099,79.056763,29.060299,60.823505
135.335953,79.199837,29.268524,60.371506
138.759613,77.952225,28.430189,60.760975
141.309921,77.809456,28.284800,60.310162
144.033127,77.338387,28.074633,59.130665
147.471451,78.740036,28.673412,56.670479
147.810196,79.127121,29.002918,55.447823
151.725357,77.373177,27.995798,54.330540
153.812653,77.847351,27.091024,53.317383
154.939331,77.721329,27.686132,52.330353
155.934341,77.615646,28.047453,52.439148
158.700714,74.291656,27.853975,51.734077
162.017822,74.210220,27.107725,51.014969
163.612122,74.736839,27.731262,50.378487
165.309357,72.598694,27.409100,50.413158
166.626404,72.109543,27.469437,50.370777
167.156677,71.922806,27.472418,50.716518
169.323456,69.748276,26.861372,50.603069
170.453598,67.820694,27.117699,51.311081
170.941376,66.586479,27.281507,51.389236
171.059250,66.335121,27.729050,51.288456
171.354279,66.556190,27.472647,51.819790
171.568954,66.574799,27.356632,51.577156
172.146988,65.880554,26.821600,52.037270
172.475922,65.710121,26.725183,52.711163
172.595581,65.852570,26.978912,52.955971
172.485458,65.480247,26.768450,53.048584
172.323196,65.507843,27.012476,53.458626
172.471405,65.352753,27.347034,53.145943
172.294815,64.488861,27.184908,53.692471
171.480408,62.794933,26.742096,53.662785
170.638153,62.634472,27.107275,53.358227
169.536545,61.713100,26.759819,53.749004
169.088974,60.152466,26.215700,52.767147
167.950180,59.876713,26.657475,53.456898
166.956329,59.707100,27.139465,52.490959
164.755035,60.341007,27.630856,51.604389
164.751526,60.514019,27.913143,51.910519
162.648438,59.879658,28.080158,51.396370
161.710358,60.102947,28.351149,51.314575
159.889771,60.270100,28.435276,50.331745
159.338013,60.370079,28.761152,50.063869
158.641785,60.305935,28.751049,50.571983
156.514008,59.864914,28.368910,51.025112
156.499557,59.983868,28.456623,51.404064
155.481094,59.730419,28.513237,51.273594
155.533981,59.397243,28.788273,51.940865
155.504044,59.379677,28.918875,52.006367
155.282745,59.495243,28.988050,52.536499
155.272003,59.464207,28.934200,53.104374
155.264786,59.606300,29.014263,53.522408
155.453583,59.090847,29.488848,54.957935
155.447098,58.970833,29.509706,55.113594
155.785507,58.956062,29.919750,55.531609
155.874512,58.913982,29.978683,55.957203
155.926727,58.278999,30.010647,55.192055
156.178421,58.195774,30.509867,55.180046
156.384445,58.250656,30.975359,55.380486
156.432602,58.141850,30.930691,55.239506
156.700699,57.319756,30.754396,54.998821
156.781769,57.120544,30.996164,54.865749
156.056641,53.663734,30.868402,56.015568
156.100891,53.820602,31.010176,56.473328
156.175430,53.611423,31.468054,56.469784
155.199112,50.619221,30.950369,56.748363
154.963974,49.827652,30.873529,56.397606
154.736115,49.833412,30.848215,56.358509
154.899536,51.450562,30.612473,54.161942
153.931046,52.087326,31.278801,53.081059
152.599289,54.172066,31.154219,51.005913
151.799347,54.623585,31.309397,51.301064
151.255310,54.573593,31.474943,51.566914
150.966751,55.301811,31.525011,51.258335
151.376556,55.954624,31.611115,50.924820
150.207855,56.335182,31.732290,49.560215
150.191040,57.298779,31.843166,49.120735
149.761734,59.846115,31.885071,48.524937
149.817719,60.089512,31.984547,48.973351
149.255539,61.281845,31.967358,48.684578
147.872971,63.753803,32.388096,47.900448
147.025421,66.341484,32.506012,45.904068
146.669495,66.721161,33.110336,45.470528
144.400589,70.223511,33.917744,42.977489
143.812180,73.325142,34.181328,41.773140
143.369797,74.776237,34.699261,41.228447
142.552887,77.522293,35.462170,40.102272
141.885376,79.763885,35.475834,39.887245
141.546463,83.571548,35.414909,38.970066
141.185074,85.436798,35.285877,38.951275
140.191666,88.647835,35.613323,38.450760
138.318741,90.592247,35.966038,38.385227
138.028305,92.019554,36.086124,38.189575
138.077835,93.186523,36.005371,38.547318
138.057281,94.863747,36.346588,38.731777
137.957428,95.295609,36.591862,38.716263
136.704849,100.185966,36.808147,38.847023
136.780884,100.428925,37.033081,38.923748
136.836243,100.537056,37.463833,38.942650
136.839020,100.568924,37.462627,38.989685
136.702957,100.788208,37.319012,39.170063
136.631393,101.127480,37.455681,39.588879
136.895309,101.232193,37.505844,39.717590
136.237244,103.029701,37.655914,39.733894
136.521820,103.357399,37.835644,39.932140
136.776047,106.035431,37.546204,39.683033
137.671158,108.458992,37.685719,39.383209
137.686722,109.387238,37.995064,39.227779
138.265228,109.722809,37.262920,39.452984
138.360580,110.682655,37.292664,39.460060
138.626953,111.019859,37.270008,39.467422
141.106720,113.256088,35.859047,39.775814
141.677551,114.537445,35.451141,41.033031
142.322998,115.282005,35.054478,41.654118
143.294022,115.531685,35.067448,41.975208
