1
40.358902,64.118263,20.969957,46.505672
40.609886,63.468647,20.934536,47.817570
40.446270,62.324062,21.319572,47.916161
40.847717,60.438332,21.419252,47.377434
40.980282,57.745728,21.695055,46.755127
41.697327,54.704563,21.854256,46.222549
41.886791,53.327168,21.989145,46.247990
42.449566,52.399929,21.874067,46.738941
42.505482,52.518726,21.988783,46.935734
42.445770,52.651367,21.984325,46.943001
42.273373,55.342373,22.000210,46.539429
42.277943,57.293407,22.411877,46.632912
42.562592,62.589375,22.663633,45.677856
42.611599,64.838402,23.123268,44.823803
43.032368,68.082581,23.244997,44.914349
43.783195,70.943581,22.961264,44.464333
44.601196,73.627983,23.013786,43.440639
45.273842,74.591087,23.093235,43.275990
46.274048,78.861366,23.970335,41.102737
46.797741,79.763214,23.960484,41.291763
48.627907,81.262627,23.736612,40.958717
50.825233,82.699760,23.467911,41.343910
52.061806,83.027451,23.378386,41.158932
54.493320,83.263695,23.272617,41.869541
55.901226,83.774368,23.252329,41.929684
56.023029,83.828308,23.490040,41.978443
56.799419,86.053825,23.405323,41.679195
57.786964,86.240273,23.532518,41.657249
58.917702,86.475708,23.779400,42.412643
59.955196,86.712616,24.284277,42.387791
62.604630,85.357445,24.157276,42.854328
63.881729,84.386353,24.103144,42.614361
64.328316,83.635612,24.303188,43.194988
65.312904,81.728546,24.281273,43.675644
65.611420,81.072746,24.439512,44.078808
66.919640,79.099930,24.216049,44.077656
67.223366,78.527168,24.421911,44.243233
68.408691,77.317398,24.153906,41.824314
68.409637,76.098282,23.928757,41.680420
68.494194,76.080727,24.013472,41.676041
68.463684,74.882896,24.252577,41.803131
68.586174,75.238693,24.445395,41.482929
68.636711,75.496414,24.427067,41.139267
68.712944,75.865723,24.197607,41.286148
68.713150,76.246040,24.478247,41.267063
68.493660,76.803673,24.447941,40.712421
67.815666,78.581589,24.433163,40.169353
67.833931,78.751671,24.483620,40.494473
67.678062,79.870621,24.486057,40.169060
67.526405,81.093040,24.359413,40.278904
67.533295,81.960739,24.270784,40.484779
67.318924,83.053268,24.415989,40.294891
66.803520,85.017853,24.477528,39.880219
66.874115,87.248550,23.973745,39.890224
66.891800,87.249252,23.960340,40.073086
66.913139,87.488724,23.986347,40.477501
66.909355,87.501472,23.991150,40.488041
66.383995,87.494003,24.006014,40.385609
65.212776,85.754875,23.767677,41.817654
63.707726,85.539551,24.277981,42.356384
63.572647,84.646904,24.156069,43.201469
63.702717,84.629021,24.419384,43.554703
63.153603,84.686378,24.364756,44.037056
62.979626,83.736717,24.209564,45.462234
61.748222,82.534485,24.200779,44.392910
61.265450,81.933472,24.355606,44.589317
60.865261,81.856712,24.473965,45.144852
60.796227,81.614365,24.412090,45.601669
60.035076,81.260696,24.605137,45.641888
59.581985,80.084724,24.530449,45.789539
57.795586,77.980560,24.973957,47.407192
57.380089,77.561531,25.025625,47.417694
56.653633,75.857437,25.158072,47.562748
56.540981,75.791679,25.507683,47.817772
56.455791,75.144135,25.717478,48.046425
56.547459,74.007332,25.476196,47.720306
56.423531,74.186462,25.452347,47.216297
56.268192,72.599373,25.211224,46.399460
56.379311,71.587822,25.258905,46.030575
56.483311,69.747025,25.230211,45.783714
56.617531,68.632790,25.299520,44.214088
56.696655,68.609413,25.472504,44.435158
56.674095,68.121056,25.558960,44.096531
56.826191,66.242104,25.853844,44.737324
57.366947,65.862808,25.752651,42.875835
57.861359,64.291161,25.489443,43.390846
57.871410,64.361595,25.490789,43.473156
58.229324,63.001507,25.371820,43.190636
60.795887,60.678997,23.987799,43.851032
61.168415,60.504459,24.151226,44.173794
63.355167,59.723503,24.234112,46.135807
63.996147,59.277180,24.451536,46.384903
66.267960,59.740158,24.275953,46.179859
66.479919,59.965843,24.462784,46.488369
66.923256,60.387798,24.413050,46.590034
68.647438,61.050346,24.365009,48.260460
70.642555,63.694473,24.209208,48.937729
70.820709,63.729885,24.493101,48.978588
72.782608,64.530594,24.362312,48.280022
74.334045,66.146233,24.372374,48.140045
75.335686,66.566582,24.330631,49.324512
75.740570,66.460014,24.531054,49.639488
77.328506,67.279480,24.762388,50.669285
79.366310,68.484062,25.115450,50.434895
79.992950,69.007095,25.497311,50.971142
80.051682,69.021049,25.452602,51.077629
80.762642,69.355461,25.362185,51.528172
82.549469,70.435234,25.398890,51.520275
84.560989,73.038467,25.454556,51.370140
86.182671,74.062729,25.603153,51.526699
86.633163,74.211273,26.038935,51.865334
87.920944,73.850533,26.225000,52.202328
88.861382,73.731995,26.645203,52.492847
89.436371,73.369232,26.860262,52.560043
90.617744,73.128937,26.782974,53.342846
91.988129,73.068817,26.893385,53.713280
93.348328,73.421097,26.975727,53.088219
94.724480,73.473763,26.808441,53.613644
96.544792,73.861572,26.512945,54.276249
97.778847,73.776466,26.577816,55.101299
99.230873,74.480545,26.804790,54.937309
100.223564,74.499634,26.525642,55.260231
101.429443,75.599174,26.847681,55.483101
101.890862,75.742546,27.061628,55.878761
102.681747,76.178009,27.348364,56.577938
103.570381,76.520088,27.130953,58.257259
104.116791,77.314407,27.620470,58.189884
105.471336,77.042694,27.656151,58.712589
108.027451,77.398514,27.733383,58.085945
108.682686,77.742111,27.951666,57.987556
109.422256,77.488449,28.265417,57.725784
110.968811,76.714294,28.456421,58.196667
114.660255,76.092628,26.814840,57.850128
114.782372,76.092972,26.998289,57.993931
115.836365,75.051254,26.613319,57.313236
117.723900,74.108780,26.720909,57.548504
118.795525,73.654144,26.831999,58.834057
119.630318,73.226357,26.780741,59.661385
120.822449,73.305695,26.704790,59.091656
121.049858,73.112572,26.952961,59.506824
121.644028,73.171371,26.978203,59.593239
121.789085,73.006805,26.957123,59.780693
122.788246,71.260025,26.533190,58.191681
123.024292,71.412727,26.991535,58.486374
123.143188,71.331383,26.957203,58.309189
123.376007,71.089691,26.970259,58.840878
124.868462,71.998100,27.069057,58.768616
124.954765,72.135475,27.498642,59.092701
124.899361,72.221031,27.459110,59.700668
124.862808,72.660904,27.494078,59.810684
124.864098,72.753395,27.483643,59.962563
124.827545,72.914398,27.439304,60.232468
124.776924,73.278053,27.475157,60.455013
124.765808,73.322983,27.480593,60.442585
124.714951,74.005455,27.454016,59.615734
124.600967,74.727722,27.523724,60.461063
124.791618,74.910751,28.022436,60.512703
124.973167,75.325928,28.535566,60.756458
125.204704,75.447868,28.985680,60.973717
125.214035,75.454735,28.981220,60.980114
125.437050,75.691048,28.852552,60.840851
125.553650,75.906158,28.987083,60.877377
125.870979,76.277451,28.895786,60.728729
127.495209,77.333588,28.740025,60.439617
129.924042,77.981598,28.712425,59.847488
131.099182,78.360359,28.933777,59.833000
132.607925,78.595558,28.492098,59.636631
134.574722,78.884048,28.052259,59.657726
136.532791,79.203812,28.249897,59.204983
138.832108,78.490738,27.792055,59.718510
141.778961,78.606400,27.864408,59.339802
144.697739,78.010338,27.577267,58.605259
147.654724,78.755409,28.277380,57.741966
148.367157,79.044373,28.698757,55.733509
151.125198,77.419579,28.018883,53.980671
152.846237,77.965714,27.565262,51.996059
154.698929,77.978127,28.218517,51.307701
156.214203,77.566292,28.615694,51.372345
158.576767,75.196419,28.805824,50.659462
160.906082,75.225327,28.335094,49.939980
163.543915,74.021294,28.255318,50.259579
164.864822,72.914215,27.736345,50.765884
166.602203,72.131767,27.787153,50.857582
167.179352,71.784676,27.898695,51.214512
168.703659,70.030014,27.632614,50.853222
169.696793,68.157043,28.108076,51.261356
170.186111,67.065506,28.246233,51.325996
170.414917,67.018272,28.308138,51.476036
170.542252,66.983582,28.385046,51.668541
171.385208,66.407303,27.763063,51.178120
172.170502,65.707565,27.035231,51.404869
172.415237,65.727448,27.469860,51.474987
172.410797,65.745529,27.453547,51.497150
172.294250,65.556839,27.382917,51.226379
172.180756,65.487152,27.433704,51.715935
172.071625,65.511543,27.352825,51.946190
171.893387,63.693630,26.963287,51.950287
171.282654,62.816483,26.299713,51.658810
171.061905,63.001411,26.481247,51.784218
170.449448,62.585217,26.125406,51.986496
169.498047,61.612354,26.220655,51.594460
167.427170,60.496971,26.399206,52.961849
166.498276,60.703945,26.717695,51.701965
164.555298,62.220676,27.541235,50.362408
164.288559,61.934849,27.882807,50.328979
162.356293,61.057465,27.970404,50.235359
161.557709,61.583607,28.016470,50.141117
159.961716,61.926769,28.551777,48.867077
159.155029,61.940994,29.365114,48.905918
158.185913,61.802307,29.304934,48.791466
156.394760,60.493526,28.831676,49.717117
156.429047,60.421196,28.948389,49.868923
155.819733,60.301105,28.991777,49.805668
155.575027,59.574505,28.727688,50.959389
155.626099,59.561619,28.924868,50.992039
155.492844,59.406185,28.979294,51.172062
155.225662,59.424355,28.964767,51.554710
155.221573,59.607021,28.991291,52.034794
155.213425,58.746094,29.053219,54.062180
155.417191,58.808620,29.507963,54.576733
155.727097,58.874950,29.934555,55.091568
155.777359,58.964314,30.001186,55.530605
156.095901,58.332642,30.537508,56.001198
156.326935,58.497051,30.985264,56.416485
156.278900,58.316845,30.992659,56.193481
156.382889,58.154198,30.923716,56.067062
156.667984,57.604656,30.990252,56.129768
156.609207,57.298573,31.018038,56.021446
156.138321,54.813587,31.543585,57.145451
156.066208,54.424652,32.085907,57.244556
155.610489,53.569862,32.426231,57.369694
154.757019,51.083145,32.018925,57.450512
154.519699,49.525692,32.229439,57.113140
154.377579,49.309166,31.816568,57.128365
154.494553,50.971561,31.764372,55.265644
153.476303,51.344975,32.229641,54.445805
152.763748,53.341228,32.073593,51.498840
151.967560,53.747665,32.193207,51.566917
151.338516,53.913353,32.487072,52.175274
150.812576,55.485561,32.574802,51.259426
151.153473,56.054714,32.653309,50.988209
149.650055,56.723854,32.734020,49.637848
149.611526,57.609230,32.874641,49.282242
149.195618,59.976292,32.873955,48.470932
149.254135,60.123196,32.991131,48.402145
148.771713,60.814495,32.925259,48.518387
147.675278,63.070000,33.359905,47.490925
146.859695,65.235016,33.283520,45.960968
146.630737,66.123512,33.508846,45.169113
144.840164,69.608543,34.564484,42.974827
144.311462,72.505943,35.195602,41.421932
143.508423,75.444359,35.671337,40.210278
142.625092,77.788788,36.538174,39.517002
140.639160,79.541412,37.048904,39.354053
140.565704,83.052452,37.130341,38.743412
139.886154,85.374580,37.236992,38.981026
138.908722,88.801590,37.723877,38.622742
137.469727,89.947723,37.699604,39.068676
137.385956,92.163124,37.923374,39.437992
137.270584,92.946487,37.643093,39.598522
137.313797,94.714859,37.911915,39.933613
137.051880,95.304802,38.105164,39.680462
136.125793,100.733757,38.171021,39.832310
136.295364,100.819977,38.476223,39.983566
136.278366,100.834068,38.487724,39.975662
136.277054,100.840393,38.474155,39.987156
136.237442,100.997353,38.372505,40.051239
136.035187,102.112137,38.091064,41.045177
136.258942,102.425789,38.531956,41.357639
136.500854,104.142265,38.105751,41.431866
136.768661,104.437325,38.418045,41.386631
137.198303,107.040047,37.564068,41.624287
137.857208,110.083176,37.719467,41.258427
137.998444,110.203896,37.981762,41.481113
138.890839,110.795692,36.452351,41.557800
138.992966,111.580109,36.312168,42.042912
139.173141,111.819221,36.324993,42.612114
141.294846,113.884041,35.094070,43.048916
141.928604,114.147057,35.036964,44.096161
142.430359,114.430946,35.346481,44.693535
143.118637,114.654961,35.240654,44.955227
