1
38.526314,66.992302,20.542953,45.100765
39.348156,64.749382,20.918064,46.455841
39.546757,64.481293,21.345358,46.269554
40.215084,60.542027,21.275095,46.523415
40.553238,58.504574,21.831139,45.819862
41.527119,55.335434,21.798494,45.752384
41.674423,54.036625,22.157761,45.390839
42.035225,53.395699,22.483944,45.529282
42.044941,53.627316,22.489826,45.971340
42.047451,53.658356,22.484360,45.974800
42.033943,55.543030,22.579891,45.477764
42.100819,57.641220,22.840376,45.197540
42.607025,62.716053,23.100872,44.365536
42.611889,65.356865,23.580875,43.349678
43.620785,69.032005,23.410580,43.256718
44.300148,71.820984,22.823761,43.382965
45.019093,73.969536,23.136087,42.396770
45.908993,75.049881,22.879473,42.295383
46.638702,78.497475,23.178766,40.226963
47.112762,79.608635,23.312918,40.189320
48.408550,81.276863,23.343155,40.146049
51.030933,82.360153,22.884026,40.972847
53.220276,83.588394,22.864614,40.150021
55.224255,83.533272,22.670408,40.970161
56.288067,83.648132,22.820889,40.978107
56.383320,83.688728,22.993139,40.980392
57.371273,85.254921,22.868164,40.763466
59.133297,86.217445,22.871222,40.871429
60.209232,86.360741,22.742346,41.920258
61.341869,86.419540,23.371799,41.951080
63.035328,85.460732,23.171740,42.114998
64.311615,84.771439,23.270679,42.145687
64.571053,84.500298,23.483175,42.655556
66.262985,82.823952,23.233883,42.328785
66.607307,82.141495,23.402912,42.644470
67.831711,80.690475,23.397976,42.183708
67.878685,79.925812,23.465252,42.079636
68.776932,78.879539,23.172384,39.706158
68.851540,77.917488,23.184464,39.594196
69.046638,77.478714,23.493824,39.360050
68.867424,76.613541,23.299299,39.145855
68.972572,76.731865,23.462454,39.307270
68.993027,76.833717,23.421957,39.312832
68.986099,76.942024,23.456522,39.469116
68.959724,77.102524,23.447786,39.361553
68.845291,77.512527,23.431826,39.047276
68.133011,79.745888,23.320055,38.871143
68.195686,79.792435,23.482613,39.060097
68.010345,80.879738,23.645737,39.265144
67.885117,82.368591,23.714579,39.672657
67.827950,83.253075,23.954805,39.856483
67.695244,84.533966,23.958197,39.638718
67.258698,87.222610,23.894604,39.115829
67.291626,88.077866,23.619383,39.595959
67.354782,88.071739,23.849983,40.356869
67.367020,88.203102,23.996305,40.449776
66.957924,88.198875,24.106764,40.482792
66.358299,88.034180,24.418755,40.431904
64.980713,86.271904,23.767677,41.817654
63.959106,86.053177,24.250181,41.872898
63.791294,85.153763,24.052889,42.478664
63.935661,85.119766,24.452534,42.463623
63.078270,84.686920,24.272631,42.871189
62.869980,82.803612,24.091322,44.768898
61.946075,82.363007,24.116219,44.421604
61.505585,81.747650,24.355606,44.589317
61.105396,81.670891,24.473965,45.144852
61.036362,81.428543,24.412090,45.601669
60.275211,81.074875,24.605137,45.641888
59.822121,79.898903,24.530449,45.789539
58.035721,77.794739,24.973957,47.407192
57.620224,77.375710,25.025625,47.417694
56.487858,75.347191,24.978989,47.492485
56.495647,75.063385,24.936283,47.375889
56.137695,74.131760,24.761511,47.988575
56.423714,73.705582,24.735737,46.942734
56.261341,73.268097,24.899002,46.558826
56.256481,72.094940,24.765955,46.320980
56.628529,70.462448,24.399118,46.084579
56.833149,69.313721,24.364382,46.022171
56.999138,68.771309,24.298290,44.327198
57.057125,68.639206,24.463305,44.360512
57.043522,68.321053,24.578140,44.009426
57.178627,66.710045,24.883175,44.646126
57.702263,65.359375,24.674871,44.114582
58.312004,63.521938,24.560810,44.819935
58.531727,63.607887,24.991737,44.976429
58.814655,61.948071,24.964178,44.560432
61.082657,60.966732,23.658989,45.105350
61.491650,60.749767,23.941458,45.616409
64.318283,59.763699,23.748753,47.397030
64.961151,57.984512,23.787901,47.955811
65.747337,58.473164,24.055777,47.723907
66.190430,59.027355,24.633224,47.704678
67.441727,59.446529,24.663834,48.124626
68.090431,60.591690,25.003782,49.443455
70.278580,63.423885,25.154148,49.803371
70.511406,63.524448,25.476324,49.947987
72.476631,64.724762,25.486410,49.209358
73.972549,65.991051,25.218660,49.401855
74.721603,66.421448,25.285980,49.967136
75.454834,66.153290,25.363049,50.229401
77.299744,66.138702,25.217266,51.280041
78.989128,67.228745,25.445406,51.083500
79.388962,68.613716,25.578354,52.189243
79.741241,68.789330,25.950489,52.626751
80.908768,69.221397,25.872345,53.024708
82.670128,69.949379,25.799026,53.132088
84.210457,71.403152,26.073753,53.043987
84.927856,72.174789,26.509350,53.346157
85.988289,72.435944,26.949923,53.157547
87.602928,72.698586,26.816189,53.544086
88.084335,72.659676,27.379948,54.196640
89.908539,71.556679,26.742826,54.927853
91.022247,71.575050,26.798897,54.990524
92.481964,71.420982,26.840302,55.109188
93.435623,72.069366,27.047737,54.880058
95.059128,72.166061,27.286278,54.940727
96.751083,72.677269,26.761631,55.121307
97.882088,72.669830,26.637957,55.877300
99.375656,73.737015,26.664560,55.091991
100.071121,73.993263,26.587608,55.850475
101.335022,74.857506,26.905727,55.875397
102.540482,75.032867,26.991148,56.736954
102.800278,75.470047,27.009232,57.936378
103.667793,75.740288,27.350815,58.469135
104.879005,76.130806,27.389204,58.540306
105.734795,76.035484,27.204105,59.742439
107.462936,76.392883,27.325600,58.767094
108.942184,77.011559,27.542452,58.116821
109.359863,77.155106,27.979832,58.286530
111.349571,76.080200,27.960571,58.520267
114.526749,75.468246,26.808079,57.813400
114.706207,75.318192,27.006653,58.204384
115.289452,75.151962,27.369848,58.112045
117.750824,73.580940,27.177729,58.743580
118.917999,72.574257,27.187426,60.368176
119.380661,72.408188,27.476536,60.752537
120.736290,72.736092,27.185017,59.892960
120.893669,72.587334,27.449522,60.171539
121.015663,72.829849,27.482691,60.395973
121.477768,72.371094,27.325504,60.548080
122.987732,70.908875,27.022825,59.535938
123.225571,71.139595,27.486629,59.972267
123.276581,71.063126,27.478064,59.818378
123.288704,71.126404,27.498226,60.012341
123.723633,71.549904,27.687817,60.577621
123.877251,71.767120,27.992542,60.980927
123.879295,71.744568,27.981890,61.036568
123.895142,72.153999,27.988661,61.358864
123.900093,72.222763,27.986433,61.470917
123.922279,72.296867,27.967649,61.532314
123.954391,72.597824,27.943325,62.099663
123.982719,73.172386,27.982212,62.206108
123.991089,73.326958,27.986340,62.467896
123.987930,73.403969,28.000563,62.474579
124.235405,73.417831,28.485819,62.474560
124.241341,73.456032,28.485060,62.452885
124.252121,73.477592,28.486246,62.467049
124.261566,73.493904,28.482006,62.483025
124.553215,73.969566,28.371870,62.025402
124.922394,74.910088,28.544271,61.826237
125.968422,75.777672,28.913050,61.714287
127.420914,77.213699,28.889652,61.246639
130.405777,78.911690,28.860321,60.299938
131.132919,79.215363,29.001394,60.214958
132.050171,79.306587,29.283613,60.193546
133.551208,79.616989,29.094063,60.200260
135.607071,79.985580,29.143051,59.547874
137.439194,79.439835,28.849178,60.038601
140.206680,80.283081,28.918367,59.103832
143.136917,79.889198,29.114973,58.226418
146.485992,80.454529,29.627588,56.642300
147.161606,79.713043,29.899982,55.414997
150.599106,77.824226,28.894585,54.376274
152.716995,78.403664,27.937840,53.127735
155.250885,77.744652,27.875271,52.803593
156.849762,77.653305,27.994612,52.329594
159.531540,74.415627,27.224222,51.529369
162.296906,74.040565,26.726721,51.358471
164.177353,74.056602,27.200798,50.361187
165.701431,72.854118,26.669661,50.889397
166.915741,71.934021,26.914989,50.745270
167.579498,71.613220,26.855989,51.302689
168.911133,70.414787,26.734356,51.194717
170.125366,68.523338,27.288656,51.386139
170.527664,67.251595,27.281507,51.389236
170.914139,66.932198,27.357021,51.370609
171.005890,67.008751,27.361609,51.713860
171.875122,66.312836,26.936335,50.912712
172.808578,65.380493,25.898504,50.877552
172.947357,65.209930,25.930193,50.738728
172.983292,65.347672,25.984703,50.980030
172.967010,65.231079,25.916002,50.903877
172.636169,65.174576,25.969496,51.092052
172.513031,65.200584,25.825378,51.515755
172.533585,63.567513,25.431759,51.850704
172.068192,63.253803,25.008335,51.516945
171.687729,63.482380,25.642542,51.392178
170.846390,62.782570,25.773062,51.751015
170.116577,61.374771,25.603794,51.474529
167.960159,59.540802,25.829012,53.151646
167.458054,59.191902,25.913649,53.416252
165.876740,60.313931,26.297209,52.317028
165.162064,60.107517,26.279402,52.274963
163.084091,59.560097,26.582943,52.030102
162.518936,60.432518,27.022495,51.763565
160.397324,60.237442,27.173275,50.432259
159.884064,60.494171,28.016068,49.724865
158.768631,60.829277,28.391682,49.594181
156.956696,60.202927,27.989870,50.594486
156.855270,60.289360,27.989782,50.831516
156.087448,60.177330,28.070335,50.690895
155.822159,59.955868,28.212158,51.351112
155.931183,59.925827,28.427439,51.582165
155.868454,60.052299,28.518114,51.988934
155.822220,59.543926,28.781853,52.267948
155.701080,59.387665,29.007132,53.028210
155.549194,58.176495,29.573011,55.357037
155.731812,58.012367,29.988962,55.569302
155.760742,58.139397,29.971987,56.003315
155.799774,58.216038,30.003864,56.530525
155.986069,57.502213,30.541533,56.581108
156.203888,57.586468,31.007351,56.737000
156.366638,57.286098,31.425022,56.932495
156.418839,56.693275,31.241468,56.720043
156.556747,56.451401,31.488869,56.708721
156.535736,55.852486,31.503845,56.438652
156.375183,53.632069,32.018711,56.763317
156.142365,53.110344,32.528328,56.797276
155.908340,52.488686,32.767376,57.115841
155.300613,50.600872,31.906937,57.036774
154.790253,49.784103,31.849871,56.608128
154.288315,49.540516,31.564934,56.798668
154.476562,51.259090,31.786291,54.260498
153.541260,51.642746,32.217743,53.519905
152.568192,53.797138,32.083748,50.945396
151.898361,54.119370,32.240448,50.824032
151.527435,54.130684,32.502892,51.164982
151.055771,55.142101,33.164577,50.659630
151.174149,55.907139,33.254768,50.336689
149.630478,56.742367,33.178341,49.402386
149.293350,58.126415,32.979115,47.505142
149.150986,59.514275,32.937664,47.320831
149.093506,60.418499,32.991230,47.156284
148.716400,61.060333,32.946602,47.518517
147.574356,63.389824,33.322598,46.403500
146.743652,65.666962,33.260967,44.908836
146.462387,66.563713,33.545780,44.417671
144.818390,69.875206,34.523510,42.269619
144.360199,73.774025,35.183552,40.372383
143.699020,75.760353,35.455170,39.850468
143.166336,78.487076,35.827301,38.845703
141.214401,80.083595,35.980663,38.403786
141.048615,83.739296,35.777737,37.652607
140.741028,85.534195,35.797558,38.098694
140.145233,88.577805,36.007137,38.124744
137.912750,90.474861,36.362217,38.371483
137.854584,92.129326,36.541538,38.260983
137.949921,93.544052,36.367626,38.589741
137.976059,94.772629,36.298153,39.185448
137.877243,95.692192,36.606586,39.038754
136.580566,100.641434,36.690918,39.435654
136.733658,100.787155,37.050049,39.424957
136.944351,100.801537,37.477039,39.456532
136.920227,100.818954,37.444355,39.510342
136.793411,101.546570,36.953182,40.893055
136.382828,102.500534,36.571804,42.819317
136.636887,102.573784,36.968571,42.977173
135.862549,105.457039,36.530788,42.351669
136.294006,105.563560,36.902164,42.504520
136.354874,106.201416,36.974922,42.820602
136.934158,109.722298,36.774330,42.550327
137.166458,110.326591,36.910255,42.932175
138.068268,110.673569,35.962639,42.904148
138.103287,110.966156,35.914238,43.003109
138.320496,111.357956,35.805218,43.731438
140.505447,114.136726,34.643780,44.263412
141.165237,114.368881,34.632927,45.013462
142.636673,115.283424,34.156696,45.909363
142.964874,115.347801,34.421589,45.995064
