1
40.143951,66.873291,19.221794,47.060616
40.757462,64.419807,19.591288,47.946045
40.900066,63.738354,20.345169,47.203827
41.197479,59.772266,20.528250,46.860088
41.515762,57.206120,21.316355,46.471352
42.284405,54.456741,21.063036,46.787518
42.479145,52.547157,21.594559,46.794937
42.694416,52.239681,22.055296,46.976788
42.833378,52.264957,22.513254,46.846996
42.720379,53.290016,23.055134,46.442333
42.377151,54.435547,23.421406,46.647465
42.179066,56.765789,23.347872,46.657509
42.467194,61.530064,23.610544,45.964382
42.565639,62.191494,24.048492,45.658047
43.273823,66.884254,23.990480,45.368027
43.428658,68.864761,23.780161,45.215858
44.369164,72.551353,24.045166,43.789524
45.340305,73.800285,23.871407,43.834099
45.909111,76.863899,24.110168,42.086861
47.184292,79.332642,24.463978,41.849049
48.356030,80.749512,24.364214,41.589008
49.809975,82.463547,24.064087,41.990162
52.095432,83.077827,24.564419,41.109661
54.302971,83.285461,24.484179,42.122379
54.614826,83.685921,24.454758,42.429592
54.846886,83.824234,24.462938,42.571220
56.966141,86.065826,24.276880,42.816284
57.888649,86.361801,24.482533,42.650959
59.619617,86.602455,24.103064,43.455818
60.105442,86.487267,24.543819,43.540497
62.199825,84.833633,24.646875,44.867619
63.376450,83.421333,24.792234,44.297806
63.634457,83.089943,24.927401,44.658237
64.678215,82.319153,25.047569,44.771080
65.144341,81.112717,25.411354,45.193989
65.887375,79.815125,25.440834,45.062504
66.087219,78.379707,25.458132,45.503971
67.055931,77.488190,25.426189,43.641956
67.217834,77.177155,25.351591,43.323902
67.402061,76.933411,25.431486,43.200848
67.374939,75.246857,25.424831,43.173378
67.439667,75.318558,25.476212,42.948261
67.540115,75.674385,25.342886,42.317482
67.663933,75.802773,25.375473,42.358425
67.716927,76.086143,25.488894,42.221653
67.689545,76.828438,25.422438,41.802021
67.626755,77.653267,25.328091,41.741039
67.688614,77.830360,25.470776,41.963200
67.446518,79.022530,25.562071,41.698200
67.368401,80.733391,25.799368,41.847260
67.086121,82.450356,25.877439,41.470455
66.393982,84.249130,25.981316,40.793911
65.847176,87.022781,26.026012,40.101997
66.142517,87.812492,26.033714,40.732830
66.078926,87.938240,26.315075,41.213043
66.171509,88.081421,26.479649,41.510632
65.930527,87.998985,26.686171,41.963963
64.543800,87.102829,26.482748,42.015007
64.085495,85.600266,26.080021,43.147026
63.009163,85.020554,26.297277,43.649830
62.930695,84.350174,26.148870,44.209232
63.086502,84.476509,26.476927,44.470451
62.524506,84.134979,26.200994,44.660782
61.605938,81.983299,25.962610,46.872231
60.928951,81.735809,25.777636,46.411316
60.282803,81.259445,25.767101,46.568825
60.239101,81.395248,26.009754,47.049820
60.042473,80.373901,26.030663,48.040298
58.889057,79.884087,26.507116,47.963531
58.294483,79.843117,26.969917,46.920860
57.125797,78.267273,26.971596,47.541542
56.293739,77.480751,26.888935,48.207764
55.578445,74.790848,26.450392,49.374733
55.561852,74.718163,26.436165,49.394253
55.295357,74.024597,26.346157,49.547260
55.364700,73.763512,26.393837,49.502903
55.339485,73.393005,26.300230,47.981407
55.127052,72.923973,26.483658,46.717896
55.240730,72.286919,26.336300,46.526371
55.467129,68.992294,26.185820,45.904667
55.592335,67.839043,26.312103,44.224834
55.712029,67.863724,26.464388,44.415371
55.688725,67.773071,26.518505,44.371365
55.927162,64.900276,26.703606,45.212738
56.512295,64.528725,26.692520,44.247898
57.030521,63.487621,26.499977,44.689777
57.101501,63.623512,26.482296,44.952271
58.221470,62.173046,26.378294,44.760208
60.731106,60.648182,24.678366,45.341858
61.101696,60.075863,24.940016,45.846859
63.753963,58.742107,24.601965,47.581425
64.485840,57.786602,24.702997,48.372406
64.980934,58.055397,24.932798,48.361824
65.764305,58.838993,24.976561,48.337227
66.955406,59.733593,24.686840,48.421673
68.497086,61.215675,25.027918,49.186623
70.449287,62.638687,24.991339,49.645733
71.034950,62.936687,24.713278,50.100536
73.139038,63.691074,24.585875,49.999004
74.509346,64.880280,24.832817,49.755638
75.097900,65.175140,24.815781,50.338646
76.469383,64.693924,24.829533,51.084362
76.819939,65.369148,24.848495,51.580738
78.880264,66.767845,25.038792,51.729164
79.269585,67.608894,25.519011,52.329254
79.826134,68.029900,25.848003,52.718945
81.106201,68.760483,25.913628,53.032116
82.243553,69.691849,26.037203,52.874516
83.191681,70.383675,26.418797,52.768734
86.055649,73.015610,26.260353,52.764103
86.841263,73.329369,26.475655,52.657608
88.046768,73.146881,26.224062,53.106232
89.019585,73.148712,26.663460,53.476196
89.628548,72.793732,26.869905,53.525627
90.972549,72.331161,26.752022,54.399632
92.335823,72.202377,26.948896,54.662674
93.634911,72.466492,26.909245,54.648483
94.688042,72.416229,26.674248,54.987507
97.041107,73.103851,26.277575,55.150864
98.485992,72.989799,26.141954,56.121449
99.416061,74.024033,26.202240,55.820316
100.476692,73.817352,25.712288,56.567997
101.729889,75.043465,25.863733,56.971676
102.873749,75.202499,26.226450,57.526798
103.825775,75.906540,26.534660,58.838161
104.583641,75.891602,26.810596,59.908215
104.795700,75.980774,26.989305,60.012432
106.026665,75.997108,26.808054,60.522289
108.118919,75.921043,26.811493,60.156494
109.126434,77.088715,27.113779,59.249420
109.730659,77.203735,27.533697,59.142834
111.834061,76.570396,27.984497,59.361591
114.508987,76.157875,27.168203,58.377132
114.863991,76.089935,27.471632,58.472733
115.214745,75.789528,27.369848,58.112045
117.676117,74.218513,27.177729,58.743580
118.843300,73.211830,27.187426,60.368176
119.629669,72.743866,27.406828,61.009247
121.093536,72.483398,27.014719,60.957325
121.427177,71.460701,27.382395,62.290894
121.623962,71.630760,27.524332,62.264442
121.983223,71.550125,27.993166,62.278728
122.833855,70.317917,27.603481,61.351788
123.031464,70.392189,27.986174,61.473503
123.051140,70.378166,27.973440,61.386871
123.063507,70.433968,27.987349,61.475086
123.112045,70.388268,28.023390,61.489468
123.342323,70.355217,28.513847,61.759224
123.569077,70.490379,28.981361,62.015144
123.523323,71.137840,29.014309,62.237297
123.765335,71.267441,29.485710,62.470615
123.736000,71.316330,29.458735,62.574444
123.672028,71.630669,29.429981,63.041046
123.688927,71.906219,29.477051,63.450291
123.710304,72.076569,29.472176,63.307072
123.690598,72.292244,29.518715,63.446426
123.888702,72.350693,29.967556,63.497746
123.863487,72.782829,30.019749,63.168221
124.097733,72.954399,30.483599,63.464439
124.105789,72.971924,30.484531,63.473198
124.327316,73.387321,30.377256,63.156197
124.447525,74.098312,30.502655,63.115467
124.992386,74.707520,30.886417,63.286709
126.427147,75.749237,30.711901,62.951668
128.706116,76.910500,30.667259,61.845314
129.616745,77.043686,30.867937,61.793015
131.243118,78.019615,30.385303,60.809273
133.324631,78.593422,29.891045,60.139248
135.270523,78.897179,29.798290,59.941978
138.320618,78.262291,28.988087,59.763367
141.308472,78.343147,28.734760,59.366566
144.443024,77.815437,28.420509,58.718891
147.134369,79.233040,28.774078,57.182858
147.994400,78.940033,29.091169,56.204979
151.660934,77.334564,28.106873,55.378532
153.459091,77.960220,27.541880,53.496593
155.107330,77.486267,28.103451,52.332493
155.585037,77.497131,28.507103,52.531803
158.285065,74.325912,28.350113,51.542912
161.152084,73.889458,27.731289,51.278347
163.331696,73.875435,27.919052,50.332161
165.166306,72.499710,27.172583,50.617802
166.714310,71.918823,27.384705,50.537899
167.024490,71.826828,27.415417,51.105442
168.904678,70.012512,26.922529,51.258900
170.024826,68.088974,27.288656,51.386139
170.427124,66.817230,27.281507,51.389236
170.813599,66.497833,27.357021,51.370609
171.124603,66.667419,26.980206,51.653019
171.723267,66.461777,26.808577,51.228260
172.578049,65.580528,25.950497,51.359428
172.833740,65.125229,25.726467,51.362194
172.968216,65.203629,25.984858,51.474289
172.943451,65.140800,25.960403,51.377884
172.903275,65.012871,25.973873,51.625095
172.806290,65.081306,25.914085,51.924862
172.782501,63.243683,25.431759,51.850704
171.723419,61.644764,24.908751,51.733326
171.690079,61.847248,24.999903,51.824783
170.897186,61.735134,24.882357,51.995243
170.196014,60.452534,24.810471,51.013744
168.809265,60.555717,24.980806,51.605904
167.588806,60.615170,25.254358,50.647251
166.695587,61.093811,25.645683,50.421532
165.533127,61.002281,25.913448,50.057110
163.612732,61.082382,26.181252,50.160210
162.990738,60.992722,26.282969,50.420620
161.069885,61.271679,26.317656,49.024929
160.376587,61.441265,27.011282,49.023815
159.339035,61.537395,27.294746,49.309399
157.618713,61.212318,27.386732,49.437450
157.608521,60.894196,27.438343,49.510479
156.436417,60.635517,27.562826,49.749313
156.369797,59.979740,27.735386,50.873646
156.342651,59.993412,27.923779,51.008869
155.952362,59.935303,28.022161,51.719902
156.128052,59.581345,28.337519,52.287292
156.144745,59.526600,28.466927,52.767044
156.114883,58.471268,28.464378,54.377357
156.105392,58.422264,28.498690,54.557159
156.138947,58.606983,28.475550,54.985775
156.173462,58.474243,28.514631,55.050385
156.443237,58.170795,29.073973,54.854710
156.655289,58.214005,29.528046,54.704704
156.864670,58.093456,29.951519,54.900501
156.932632,57.953403,29.919464,54.727535
157.066895,57.356106,29.837158,54.785854
157.094849,57.213001,29.994921,54.808540
156.335266,53.985950,29.935970,55.808144
156.205307,53.730267,30.057478,55.863850
156.277969,53.638981,30.482342,55.977688
155.429321,51.060040,30.002085,56.221085
155.181702,50.494217,30.575573,55.875965
155.003891,49.954651,30.306469,55.976570
155.058609,51.583668,30.305754,53.761635
154.374817,52.097775,30.697811,52.882900
153.283829,54.005669,30.706244,50.233421
152.378494,54.612690,30.786217,50.573807
151.787888,54.554497,30.941305,51.072525
151.484604,54.955639,31.037058,51.255001
151.922485,55.622768,31.115744,50.750835
150.619324,56.189278,31.161198,49.294487
150.252472,58.404942,31.331318,47.227596
150.142944,60.072327,31.234436,46.986050
150.059357,60.511673,31.574938,46.948284
149.420242,60.731220,31.875549,46.935581
147.387665,65.040276,32.845539,44.591694
146.849380,67.150116,33.157272,43.778625
146.703995,67.440575,33.471252,43.490051
145.645447,70.088188,33.566429,41.901497
145.088470,73.223930,34.133732,40.620586
143.714203,75.861885,34.572948,40.202763
142.986237,78.318962,35.543655,39.514236
141.030258,80.016884,36.048851,39.310204
141.111893,83.287468,36.243435,38.708031
140.827866,85.679207,36.411850,39.058411
139.740234,89.898537,36.424488,39.237965
138.531052,90.198692,36.280224,39.583187
138.246246,91.518898,36.729034,39.527355
138.373962,93.864525,36.256966,40.445663
138.408066,94.840225,36.330936,40.417072
138.024200,95.531952,36.771950,39.912861
136.812454,100.282471,36.711319,39.833572
136.976624,100.403221,36.979828,39.976631
136.980133,100.420959,36.979462,39.979572
136.969574,100.432457,36.959946,40.013584
136.794434,101.583099,36.612377,41.163406
137.028183,102.138329,36.680519,42.069374
137.204483,102.339317,36.975681,42.462173
136.177002,105.704010,36.529030,42.152447
136.609329,105.910141,36.902164,42.504520
136.597778,107.494049,37.208698,42.421478
137.547165,109.451996,37.301426,42.026363
137.663345,109.742981,37.471626,42.459637
138.362137,110.000763,36.355625,42.499981
138.498291,110.320023,36.406837,42.412182
138.706482,110.498512,36.249664,42.609619
141.171463,112.702126,35.186832,43.290207
142.203110,113.127045,34.795143,44.434853
142.564468,113.605896,34.726154,44.708595
142.794724,113.804634,34.947014,44.957317
