1
39.816669,63.024555,22.970789,50.453827
39.876087,62.660240,22.963213,50.719860
39.743896,62.046272,23.297215,50.639217
40.059616,59.901825,23.629267,49.687237
40.278553,57.564945,24.386892,48.561817
40.607796,54.889732,24.460945,48.395329
40.751492,53.417282,24.429001,48.251331
40.983765,52.662109,24.417360,48.854031
41.037781,52.693108,24.478588,48.826344
41.052059,52.830143,24.485777,48.950439
40.934006,53.564434,24.516161,48.785198
41.246464,55.686249,24.822517,48.537514
41.932529,60.859116,24.983791,48.110676
41.868355,62.644527,25.036053,47.843082
42.927464,67.324753,24.805901,47.787983
43.148750,68.539848,24.795158,47.599491
43.715935,72.176064,25.163147,46.352825
44.553120,73.252541,24.867180,46.479626
44.897221,75.530777,24.982689,44.910133
46.197021,77.444435,24.783180,44.643543
47.800213,79.498642,24.647264,44.178574
49.281921,81.352425,24.541815,44.367584
51.248589,82.239876,24.991690,43.656956
53.810692,82.765640,24.587912,44.373463
54.510399,83.006348,24.839075,44.478703
54.637581,83.093979,24.997175,44.489243
55.881996,86.070114,24.900183,43.646530
57.465027,85.536232,24.588116,44.265057
58.727886,85.453484,24.651621,45.270340
59.942608,85.425354,25.036829,45.496964
61.563919,84.456070,25.238861,45.554115
62.967175,83.344521,25.168467,44.962364
63.834869,82.231262,24.792301,45.169186
64.652428,81.915298,25.008942,45.392563
65.333778,79.030525,25.164886,46.156071
65.927925,78.924866,25.585638,45.746246
66.299744,77.609421,25.785057,45.670971
67.078285,76.905594,26.002846,43.518757
67.289917,76.516251,26.283604,43.017681
67.509048,75.870392,26.160505,43.190056
67.406174,74.762459,26.398956,43.002991
67.409462,74.923843,26.454411,43.086132
67.357986,75.479568,26.349121,42.774776
67.197723,75.640091,26.338326,42.919876
67.181465,75.755905,26.466114,42.938351
67.104813,76.538147,26.414713,41.842987
67.072540,77.284409,26.336742,41.735329
67.136406,77.454964,26.472124,41.978230
66.965607,78.555588,26.526417,41.802181
66.880318,79.849487,26.757704,42.154472
66.651657,81.377922,26.747175,42.341728
66.129753,83.241211,26.921200,41.774048
65.663124,85.627289,26.985447,41.248112
65.635971,86.647804,26.380735,41.688480
65.678177,86.861298,26.459795,42.064816
65.689110,87.133522,26.472233,42.507923
65.654640,87.387337,26.516644,42.962425
64.296036,86.833488,26.637903,42.997513
64.369995,86.085739,26.799107,43.142624
63.482346,85.759903,26.870317,43.669926
62.169991,84.375160,26.206650,44.491814
62.296909,84.360199,26.476927,44.470451
61.734913,84.018669,26.200994,44.660782
61.391468,82.166153,26.101135,47.134155
60.572254,81.605553,26.231890,46.303005
60.301327,81.274544,26.340149,46.599110
60.039211,81.335274,26.463602,47.108028
59.979839,80.805122,26.198082,47.840961
59.584991,80.502373,26.544220,47.591125
58.095490,79.152756,26.668644,47.682835
57.024788,77.558517,26.917217,48.564346
56.218346,77.089775,26.925175,49.069298
55.434364,74.883667,26.572906,49.885406
55.472649,74.597008,26.946281,49.843662
55.313278,73.738037,26.770273,50.218651
55.671646,73.089676,26.590839,49.890808
55.288246,73.163979,27.047550,48.207661
55.348549,71.796005,27.243961,47.738270
55.650581,70.678810,27.198889,47.522434
55.851048,69.159653,26.948236,47.593849
55.524620,68.668724,26.887316,46.104622
55.476662,68.188797,26.874609,46.152828
55.303619,67.932617,27.128992,45.690620
55.570286,65.900146,27.355991,46.192711
56.071537,65.806198,27.361113,44.094292
56.633511,64.116135,27.146942,44.826862
56.829746,64.183548,27.533278,44.877144
57.185963,62.768074,27.898855,45.005623
60.123417,60.063267,26.243202,46.302898
60.435562,59.728405,26.433294,46.690479
62.804142,58.579254,26.172825,48.825005
63.788403,57.741241,26.342836,49.012753
64.924034,58.455669,26.389597,49.231388
65.666580,58.851166,26.496769,49.576118
66.359894,59.137756,26.108524,50.233868
67.132294,59.489201,26.302645,50.855228
69.517075,61.327690,26.005308,51.308849
69.883209,61.774326,26.448328,51.368179
72.143257,62.923729,26.139223,50.899212
72.759399,63.721821,26.359146,50.734985
74.754593,64.632881,26.018513,51.237713
75.602585,64.658737,26.380287,51.690411
76.367241,65.127090,26.301462,52.415249
77.926338,66.215408,26.430971,52.165550
79.966286,68.703613,26.350163,52.461479
80.099472,68.719101,26.465673,52.535240
80.897194,69.069695,26.320700,52.974087
82.872498,69.861984,26.367380,52.440281
83.428299,70.850197,26.502462,52.281372
85.203613,72.147522,26.814178,52.259495
86.506279,72.435364,26.845840,52.296440
87.116638,72.738693,26.959419,52.376846
88.192917,72.012154,27.069746,52.565315
89.725220,71.851357,27.260319,53.028481
90.660919,72.080887,27.380817,53.810680
92.441536,71.818634,27.278419,54.559265
93.532951,72.345253,27.477026,54.590515
94.559784,72.241692,27.090963,55.038544
96.063133,73.212730,27.242302,55.001492
97.689102,73.123566,27.021496,56.313175
98.940071,73.962769,27.054487,56.016457
100.134682,74.289925,26.882206,56.712734
101.312431,75.309189,26.817804,57.081760
102.501762,75.345100,27.123417,57.622673
103.529388,76.086975,27.492887,58.677814
104.515495,76.354416,27.198328,59.911552
104.876472,77.038963,27.625635,59.470547
105.289154,76.920975,27.958128,59.505104
107.331436,76.434387,27.803482,58.859188
108.546600,77.288666,27.882990,57.879807
109.320518,77.088882,28.265417,57.725784
110.867065,76.314728,28.456421,58.196667
114.558510,75.693062,26.814840,57.850128
114.734589,75.524643,27.006653,58.204384
115.317833,75.358414,27.369848,58.112045
117.779205,73.787392,27.177729,58.743580
118.946381,72.780708,27.187426,60.368176
119.409042,72.614639,27.476536,60.752537
120.764671,72.942543,27.185017,59.892960
120.922050,72.793777,27.449522,60.171539
121.044044,73.036293,27.482691,60.395973
121.506149,72.577545,27.325504,60.548080
123.016113,71.115318,27.022825,59.535938
123.253952,71.346046,27.486629,59.972267
123.304962,71.269569,27.478064,59.818378
123.317085,71.332848,27.498226,60.012341
123.752014,71.756348,27.687817,60.577621
123.905632,71.973572,27.992542,60.980927
123.907677,71.951012,27.981890,61.036568
123.923523,72.360443,27.988661,61.358864
123.928474,72.429207,27.986433,61.470917
123.950661,72.503311,27.967649,61.532314
123.982773,72.804276,27.943325,62.099663
123.905762,73.383774,27.996710,62.260487
123.906876,73.511154,27.986340,62.467896
123.903725,73.588165,28.000563,62.474579
124.151199,73.602028,28.485819,62.474560
124.157135,73.640228,28.485060,62.452885
124.167915,73.661789,28.486246,62.467049
124.446800,73.605827,28.307077,62.636421
124.743317,74.410393,28.449524,62.591377
125.053459,74.998672,28.418695,62.581554
126.592712,75.932129,28.344416,62.520241
127.760162,76.584183,28.151514,62.771015
130.051620,77.411087,28.261225,61.946907
131.811249,77.706856,28.315580,61.682095
132.792389,78.431396,28.224472,61.075569
134.965805,79.195129,28.011646,60.832413
136.614380,79.367973,28.347347,60.276333
138.138947,79.004593,28.016823,60.547413
140.759659,79.258446,28.455797,59.987118
143.131973,78.787323,28.543865,59.032669
146.713913,79.086006,29.115622,57.702610
147.346710,79.025940,29.390484,56.459595
151.486465,77.027657,28.235086,55.645458
152.920380,77.312790,27.849075,54.660511
155.611130,76.641212,27.840384,54.593838
157.369293,76.183846,27.962013,54.169945
159.616364,72.865707,27.393875,52.814735
161.936020,72.863998,26.819685,51.527840
163.883743,73.597404,27.120108,50.654049
165.561432,72.033623,26.731604,51.254581
166.680191,71.681137,26.900499,51.427189
167.091492,71.529602,26.941956,51.554688
169.526413,69.556976,26.485041,51.599247
170.561844,67.056129,26.289581,51.895386
170.772675,66.741798,26.644033,51.235126
171.105026,66.527626,26.934477,51.380074
171.273788,66.672279,26.725147,51.646912
171.999985,66.469696,26.808577,51.228260
172.854767,65.588448,25.950497,51.359428
173.110474,65.133148,25.726467,51.362194
173.175476,65.140144,25.934265,51.532230
173.144684,65.243118,25.819527,51.852825
172.633774,64.944832,26.117727,52.502022
172.455078,65.198242,26.453112,52.827236
172.470871,63.379230,25.877663,52.521202
171.994675,62.974121,25.718279,52.613182
170.933807,63.408123,26.301903,51.974094
170.411011,62.896992,26.125406,51.986496
169.459610,61.924126,26.220655,51.594460
167.938766,61.362675,26.551960,52.349216
166.892670,60.342426,27.053205,52.209522
165.050781,60.513111,27.335310,51.972218
164.513763,60.300907,27.294392,51.905609
163.100159,59.895233,27.599640,51.596695
161.777496,60.075890,27.846281,51.597416
160.653610,60.289791,27.895399,50.471130
159.867249,60.272633,28.243605,49.900154
158.638062,60.520092,28.391682,49.594181
157.426514,60.351463,28.237394,50.163643
156.880646,60.256767,28.400354,50.453850
155.868393,59.699032,28.506550,50.313515
155.811752,58.999893,28.686493,51.560760
155.832718,59.172379,28.918875,52.006367
155.611420,59.287945,28.988050,52.536499
155.369324,59.307529,28.905367,53.019485
155.376541,59.492069,29.014263,53.522408
155.565338,58.976612,29.488848,54.957935
155.558853,58.856602,29.509706,55.113594
155.897263,58.841827,29.919750,55.531609
155.986267,58.799747,29.978683,55.957203
156.038483,58.164764,30.010647,55.192055
156.204880,58.131065,30.494167,55.347904
156.187332,58.175018,30.482071,55.437916
156.272949,57.890064,30.381630,55.126820
156.557816,56.484173,30.188457,55.021664
156.653168,56.408154,30.486994,55.434822
156.128281,53.587597,30.500048,55.894283
156.308548,53.506519,31.019272,55.997047
156.490921,53.434689,31.481873,55.969559
155.651123,50.688755,30.872890,56.181568
155.354507,50.100220,31.020140,55.986336
154.973816,49.473469,30.950411,55.879536
155.147263,51.239071,30.480814,53.648655
154.375931,51.809669,30.697811,52.882900
153.284943,53.717560,30.706244,50.233421
152.379623,54.324585,30.786217,50.573807
151.789017,54.266392,30.941305,51.072525
151.517807,55.625751,31.084204,50.540871
151.973938,56.101475,30.991571,50.642490
150.950455,56.764568,30.768486,49.545437
150.977127,58.018986,30.722845,48.505428
150.371490,60.104771,31.097897,48.204987
150.571045,60.252800,31.483206,48.477627
149.651932,61.380493,31.487467,48.326385
148.367371,64.779068,32.441326,46.951385
146.901398,66.313454,32.465969,45.416977
146.406479,67.291412,32.686180,44.586979
144.849442,70.528671,33.251400,42.446774
144.383453,73.148026,33.467392,41.129799
143.534912,75.109772,33.699394,40.738708
143.180618,78.158318,34.373707,39.492882
142.511795,80.509155,34.576157,38.864567
142.020355,84.160088,34.807739,38.139633
141.624756,85.931183,34.678429,38.507771
140.482803,89.892006,35.038582,38.569393
138.883255,91.013329,35.477306,38.936127
138.200058,92.489197,35.788662,38.469189
138.069290,93.712013,35.648998,38.637058
138.014832,95.757462,35.867943,39.131847
137.923233,96.384468,36.154045,38.804367
137.166458,100.133026,36.164700,38.945221
137.313431,100.255424,36.510406,38.962101
137.247772,100.352280,36.963158,38.877193
137.265976,100.416107,36.972916,38.987740
137.326065,100.561195,36.739597,39.265472
137.466446,101.041733,36.601276,39.767578
137.516724,101.377449,37.215431,38.953625
137.584427,103.241600,37.200558,38.612751
137.995544,103.857071,36.940903,39.053944
137.820694,105.796013,36.749493,39.258053
138.371353,107.203896,36.633755,39.224056
138.293259,108.407310,37.101898,39.169693
138.811493,108.757462,37.019863,39.491970
139.043594,109.764015,37.134411,39.421490
139.558090,110.098572,36.836834,39.666157
141.328461,113.102417,35.730003,39.941196
141.963791,114.301079,35.451141,41.033031
142.255264,114.581184,35.407394,41.585632
142.635849,115.061035,35.390648,41.895081
