1
41.284920,63.660137,18.968193,45.674244
41.448559,62.851841,18.980957,46.638847
41.509880,62.241478,19.127373,47.252457
41.919060,60.189682,19.481220,47.086136
41.933723,57.652565,19.752439,47.142384
42.670017,55.057953,19.918795,46.620380
42.764992,53.109299,20.169632,46.479149
43.021053,52.672558,20.554615,46.381130
43.240639,52.725170,20.982981,46.441650
43.191471,53.025307,21.017225,46.340885
43.279594,55.005322,21.449606,46.192982
42.948845,57.196514,21.489923,46.000885
43.035728,62.824406,21.760969,44.624569
43.087086,64.740074,22.081177,44.147221
43.729305,68.626038,22.068398,44.229115
44.344326,71.066696,22.076345,44.142998
45.077122,74.115540,22.470556,43.155621
46.717392,75.194214,21.803156,43.533432
47.224819,77.287369,22.115303,42.614365
47.822922,79.133057,22.388874,42.250549
48.881580,80.544868,22.463877,41.866390
51.427586,82.523911,22.193916,41.931259
53.055767,83.170288,22.571474,41.125061
55.191139,83.324806,22.750193,41.702564
56.121437,83.618790,22.827511,41.900814
56.243092,83.786064,22.999533,41.948368
57.450615,86.171501,22.989746,41.423477
58.948593,86.342133,22.874155,41.246403
59.907692,86.570183,22.829477,42.276222
60.799625,86.826576,23.372393,42.419659
62.579948,85.449173,23.260391,42.767029
64.425827,83.995789,23.345057,42.181850
64.875694,83.426071,23.273314,42.697788
65.674309,82.310005,23.351418,42.887886
66.401192,80.888092,23.394890,43.099613
67.511833,80.354034,23.720804,42.697681
67.711227,78.539078,23.707008,42.539948
68.540092,77.060043,23.859436,41.254055
68.612091,76.498932,23.799528,41.186432
68.870155,76.537407,23.947624,41.202015
68.934013,75.405487,23.667221,41.199253
69.041420,75.667160,23.938551,41.081539
69.017250,76.120018,23.805088,41.148849
68.887482,76.216705,23.727438,41.324402
68.684052,76.835228,23.958845,40.846001
68.632690,77.510712,23.964905,40.324123
68.247986,79.166237,23.918501,39.080788
68.249596,79.420753,23.991808,39.566227
67.968323,80.805847,24.060541,39.933624
68.024757,82.146782,24.299864,39.782379
68.027046,82.651413,24.472153,39.898594
67.854462,83.686371,24.338964,39.703571
67.502975,85.400627,24.432732,39.441017
67.409538,86.637329,24.295845,39.261791
67.269203,86.682716,24.224113,39.954449
67.322433,86.830452,24.453768,39.978832
66.319061,87.081261,24.651667,39.978851
65.949951,86.862633,24.759129,40.080841
65.126350,85.812569,24.579210,41.195850
63.983212,85.730026,25.276258,41.701183
63.259735,84.405998,24.677485,43.162300
63.414158,84.572212,24.982533,43.473309
63.273914,84.302910,24.809355,43.806072
62.819603,82.569809,24.617966,45.629562
61.711456,82.210670,24.792261,45.540592
60.764561,81.574799,24.868015,45.899345
60.636333,81.393356,24.990423,46.113037
60.341282,80.704094,24.628767,47.010105
59.617016,80.655807,25.219963,46.813377
58.481991,79.663162,25.299967,46.499897
58.025841,78.851700,25.555202,46.731789
56.817554,77.834373,25.893793,47.179142
56.058060,74.630333,25.485825,48.478790
56.029800,74.569504,25.472448,48.424938
55.826847,73.287140,25.118761,48.992481
56.079021,72.898026,25.340811,48.634605
56.143921,72.592072,25.396496,48.669525
55.790092,72.330070,25.485346,46.918465
55.867981,71.063370,25.233713,46.491241
56.277557,69.499084,25.273348,45.947361
56.390205,68.303032,25.299520,44.214088
56.469330,68.279648,25.472504,44.435158
56.446770,67.791290,25.558960,44.096531
56.658127,65.315445,25.729265,45.094364
57.186886,64.974052,25.714569,44.136036
57.793850,63.800106,25.404760,44.484390
57.862083,63.851131,25.495832,44.429531
58.194790,62.476692,25.333424,44.137936
60.919369,60.690083,24.024343,44.594109
61.461258,60.632381,24.537460,44.976196
62.962658,60.029831,24.861446,45.879562
64.297363,58.365570,24.689404,46.296734
65.929489,59.354034,25.051786,46.296524
66.340088,59.518951,25.435833,46.526123
67.067017,60.051323,25.298723,47.062599
68.340851,61.319866,25.230846,48.672710
70.292587,63.870811,24.909519,48.965858
71.160751,63.884579,24.590946,49.139393
73.220245,64.155113,24.681639,49.161701
74.496223,65.339745,24.932907,49.084267
75.055664,65.349747,24.840231,50.419029
76.414925,64.828346,24.829533,51.084362
76.765472,65.503563,24.848495,51.580738
78.825798,66.902260,25.038792,51.729164
79.557022,68.186180,25.542997,52.609924
80.133453,68.655258,25.869154,53.109463
80.515106,68.801125,25.979095,53.486801
82.223083,69.298058,25.799026,53.132088
83.410614,71.411057,26.076138,52.886890
85.267891,72.570198,26.350887,52.774868
86.008240,72.878578,26.475655,52.657608
88.316864,72.966881,26.023659,53.148270
88.827591,72.875748,26.668657,53.652565
89.530472,72.620125,26.734995,54.098312
90.593811,72.693726,26.748932,54.689030
91.850708,72.688339,26.903893,54.996758
93.234962,72.867653,27.023415,53.969780
95.097046,72.751343,27.080229,54.337616
96.591125,73.267693,27.136995,54.449715
97.367241,73.108276,27.127762,55.488262
99.054512,73.465500,27.188225,55.248367
100.156975,73.670258,26.875338,56.052979
101.135017,74.936951,26.879829,56.205235
102.446770,75.171623,26.983942,56.790588
103.395195,75.788483,26.831099,57.465549
105.283348,75.898415,26.426083,58.207882
105.399811,76.092018,26.480644,58.559769
106.097603,76.025604,26.330172,59.503384
108.572380,76.133026,26.033695,58.936096
109.689522,76.899422,26.492556,58.246677
110.383171,77.112518,26.757767,57.355392
111.712677,76.422401,27.118420,57.538868
114.646057,76.144905,26.462936,56.499512
115.202789,75.495842,26.347383,56.951458
115.756119,75.383064,26.409031,56.299656
118.154083,74.819221,26.332945,56.276726
119.987450,72.797241,25.814024,59.107521
120.230072,72.861359,25.996078,59.630577
121.318794,72.708305,25.622452,59.041275
121.669968,72.381142,25.902725,59.467438
122.207375,72.532310,26.035870,58.683064
122.454582,72.665268,26.489035,58.973316
122.828316,71.835030,26.290941,58.295616
122.963913,71.915947,26.475771,58.492825
123.521759,71.648514,26.408783,58.024368
123.572044,71.829033,26.508814,58.514317
123.862984,72.285492,27.251308,58.913704
123.976219,72.397881,27.503687,59.033512
124.200699,72.577034,27.980145,59.592731
124.200943,72.879448,27.990252,59.908573
124.205147,72.922188,27.985796,59.967495
124.191116,73.132156,27.915401,60.222984
124.216225,73.283401,27.983252,60.505222
124.102890,73.955757,28.040987,60.576523
124.296753,74.245934,28.489729,60.855484
124.086273,74.562668,28.564255,61.004074
124.302078,74.811760,28.983444,61.469841
124.299843,74.882042,28.996677,61.438671
124.300827,74.912872,28.985680,61.473503
124.528000,74.857368,28.805923,61.532433
124.701347,75.216972,28.936760,61.816914
125.030220,75.638229,28.910961,61.587044
126.227043,76.587753,28.861237,61.676064
127.779228,77.746735,28.678305,61.489342
129.779068,78.227882,28.736357,60.646358
130.774231,78.881264,28.937744,60.790947
132.039749,79.152565,28.659506,60.715179
133.943863,79.383179,28.675507,60.711182
136.254913,79.947044,28.753424,59.559223
139.015030,79.049759,27.990208,60.111107
141.202103,79.198837,27.842367,59.635796
143.443008,78.602287,27.912077,59.233330
146.602036,79.479271,28.288523,58.369705
148.420303,78.803780,28.195055,57.324326
151.707840,76.928078,27.495344,55.815746
154.384552,77.231750,26.700737,54.875851
155.023605,76.949883,27.022221,54.484180
157.205368,76.663643,27.494165,53.215126
159.456543,73.371895,27.010784,52.138794
162.340271,73.195503,26.641308,51.389263
164.064056,74.326492,27.164839,49.506031
165.574585,72.825867,26.806860,49.910618
166.775146,72.513077,26.879135,50.089859
168.066193,71.861282,26.610975,50.681328
169.543259,70.234879,26.718786,50.632858
170.250977,67.842880,26.695326,51.353661
170.770981,66.860115,27.064047,51.260395
171.060760,66.823181,27.411879,51.418159
171.125092,66.875969,27.361609,51.713860
171.994339,66.180046,26.936335,50.912712
172.927780,65.247704,25.898504,50.877552
173.066559,65.077141,25.930193,50.738728
173.070175,65.161316,25.962965,51.040314
172.868179,65.210892,25.853687,51.263332
172.881363,65.140244,25.973873,51.625095
172.784378,65.208679,25.914085,51.924862
172.760590,63.371052,25.431759,51.850704
171.701508,61.772133,24.908751,51.733326
171.668152,61.974617,24.999903,51.824783
170.781799,61.479984,24.752605,52.174782
170.121124,59.806667,24.419977,52.051315
169.090271,59.817734,24.489124,52.611813
168.487564,59.465675,24.539614,52.516991
166.051285,59.643738,24.956985,52.487488
165.823151,59.724861,24.965397,52.265415
164.000626,59.748055,25.218885,51.751926
162.503189,61.078938,25.939777,51.011562
161.041519,61.192142,25.895294,49.819485
160.202637,61.230591,26.384354,49.380493
159.158081,61.092926,26.286041,49.322609
157.502640,60.954124,26.403568,49.354488
157.433212,60.703804,26.460632,49.493546
156.848022,60.327492,26.512117,49.326351
156.786789,59.952820,26.795399,50.083050
156.550476,59.926182,26.847807,50.660324
156.502197,60.007442,26.990725,51.059914
156.235367,59.887203,26.791565,51.572483
156.267349,59.994171,27.010595,52.127045
156.309067,58.704742,27.609718,54.450043
156.435318,58.618092,28.000866,54.531425
156.702911,58.752041,28.468424,54.990826
156.738632,58.603649,28.484583,55.053028
156.606995,57.694958,28.566420,54.756618
156.796188,57.794983,29.005861,54.814133
156.938904,57.591175,29.451368,54.906303
157.004044,57.399960,29.377085,54.768578
157.143600,56.738228,29.348028,54.749939
157.156860,56.516369,29.507973,54.824108
156.640747,53.281532,29.935970,55.808144
156.602417,53.222729,30.019432,55.986683
156.694107,53.070023,30.482342,55.977688
155.845459,50.491081,30.002085,56.221085
155.597839,49.925259,30.575573,55.875965
155.416138,49.885662,30.527954,55.578892
155.459503,51.119965,30.826847,54.164585
154.309219,51.240906,31.118246,53.720158
153.526489,53.400845,30.999414,50.885174
152.274811,54.144238,30.624023,51.072273
151.605515,54.210976,31.007889,51.629814
151.166153,55.368977,31.775393,50.920391
151.339203,55.873367,31.788660,50.464993
150.142960,56.362122,31.696732,49.870262
150.143921,57.170692,31.843166,49.120735
149.714615,59.718033,31.885071,48.524937
149.770599,59.961426,31.984547,48.973351
149.208435,61.153763,31.967358,48.684578
147.825851,63.625721,32.388096,47.900448
146.978317,66.213402,32.506012,45.904068
146.622375,66.593071,33.110336,45.470528
144.353470,70.095428,33.917744,42.977489
143.765060,73.197052,34.181328,41.773140
143.322678,74.648155,34.699261,41.228447
143.173859,77.083542,35.291065,40.225170
141.830124,79.053993,35.324059,40.088543
141.434799,82.901184,35.356812,39.454533
141.000473,85.295815,35.385311,39.370209
139.756699,88.656075,35.569210,38.942047
138.979248,90.705696,35.733292,39.131546
138.358597,91.939613,36.181961,39.075550
138.307861,93.594154,36.024368,39.868977
138.269241,95.625832,36.326809,40.006676
138.068436,96.511009,36.702827,39.810291
136.892548,101.401932,36.718468,39.932129
137.092590,101.399246,36.997154,39.985542
137.091537,101.396149,36.980427,39.969307
137.096130,101.410294,36.980686,39.983768
136.964523,101.647675,36.562912,41.002880
137.223007,102.283173,36.680519,42.069374
137.399307,102.484154,36.975681,42.462173
136.371826,105.848846,36.529030,42.152447
136.855667,106.055786,36.836277,42.519802
136.877060,107.632057,37.208698,42.421478
137.939301,109.545959,37.420918,41.624783
137.983215,109.759392,37.473679,41.971050
139.087784,110.591446,36.089016,41.974815
139.342911,111.020638,36.321461,41.971436
139.615433,111.096275,36.148819,42.189224
141.482864,112.851273,35.163074,42.412811
142.114838,114.675842,34.955479,43.578613
142.278305,115.045074,34.890224,44.063210
143.025604,115.231514,34.761578,44.444099
