1
38.669987,63.773560,23.838339,49.819027
38.866913,62.995998,23.849403,50.412464
38.994713,62.434658,24.052074,50.187572
39.426449,61.185448,24.596401,49.798588
39.453651,58.454063,25.242128,49.428623
40.098412,56.470249,25.560390,49.047386
40.161716,53.755886,26.236755,47.902485
40.300007,53.368355,26.485245,48.095394
40.293324,53.540199,26.473906,48.412788
40.237900,53.760468,26.517315,48.413605
40.300808,54.259113,27.003824,48.332989
40.543438,55.857010,27.316254,48.230991
41.077293,59.784683,27.300432,48.136650
41.124115,62.050007,27.553656,47.523746
41.977432,67.046486,27.306194,47.270290
42.306484,69.260979,26.969563,47.078850
42.884064,72.191139,26.964779,46.398449
43.661377,73.522308,26.444216,46.064499
44.210060,76.137589,26.541052,45.335133
46.054707,78.121483,26.472490,44.886600
47.194904,79.983147,26.043016,44.152054
48.140205,81.276634,26.115311,44.533924
50.596569,82.402596,26.435036,44.152752
52.921150,82.869980,25.967157,45.137604
54.300148,83.586266,25.776611,45.685898
54.420414,83.746323,25.985199,45.979038
55.479519,84.932541,25.773249,45.593544
57.029797,84.836311,25.518030,45.983063
58.372410,84.791985,25.455173,46.526070
60.207699,85.082649,25.510212,47.173096
61.657013,83.575249,25.515041,47.599239
62.659222,83.298256,25.836123,46.740654
63.207588,82.534309,25.806362,46.897087
64.321144,81.685493,25.991175,45.476410
64.612549,80.756271,25.879549,45.812351
65.910904,79.524353,25.922049,45.389656
66.378609,78.376808,25.699930,45.129284
67.646973,76.846176,25.737555,43.380581
67.766953,76.212364,25.768574,42.354984
68.039047,75.913185,25.840212,42.104496
67.580605,75.065071,25.834143,42.440422
67.703941,75.240097,25.893244,41.846050
67.858086,75.584129,25.777235,41.470192
68.037048,75.880608,25.804924,41.138779
67.713326,76.368011,25.904530,41.166534
67.674660,76.882057,25.958065,41.134129
67.281181,78.463837,25.935162,40.297581
67.235504,78.615540,25.966297,40.571339
67.006523,79.986328,25.974516,40.634663
66.732048,81.584541,25.836483,40.934273
66.741280,81.991135,25.995588,40.803127
66.671661,82.819908,25.850655,40.894737
66.303490,84.655685,25.905670,40.620155
66.303658,87.210609,25.389965,41.022865
66.370842,87.455788,25.427944,41.576145
66.401085,87.669434,25.479788,42.007515
66.077271,87.996300,25.770920,42.285721
64.651489,87.333801,25.469923,42.423733
64.558029,86.264938,25.257774,42.787216
63.837891,86.150566,25.799601,42.965088
63.591042,85.097427,25.503895,43.407516
63.764088,85.035400,25.927042,43.528793
62.337521,84.403419,25.665802,44.098736
61.823704,82.973267,25.514050,45.795815
60.627537,82.338478,25.862602,44.602028
60.377163,81.798386,25.867868,45.122475
60.083157,81.297890,25.778082,46.321041
59.821472,80.452011,25.601751,46.978436
58.813637,79.814461,25.819233,46.914623
58.535820,79.117302,25.872011,46.621731
57.519306,78.439636,25.927195,47.330063
56.994968,77.936691,25.989689,47.492592
55.868614,74.980331,25.517374,48.255394
56.036255,74.908943,25.975567,48.441021
55.707191,73.840263,25.593861,49.007053
56.026344,73.405525,25.790340,48.898521
55.996464,72.932831,25.842033,48.598293
55.407410,71.889809,25.932518,47.432140
55.541908,70.788055,25.600790,47.035583
55.915817,69.165398,25.776386,46.529621
55.881535,68.145416,25.537796,45.343094
55.901707,67.373756,25.714403,45.282768
55.916111,67.454224,26.074095,44.912945
56.160690,66.511597,26.456263,45.021549
56.831688,66.181900,26.211082,43.393799
57.519917,63.874905,26.043438,44.291405
57.769279,64.052872,26.527393,44.347980
58.076542,63.030338,26.939531,44.353455
60.848240,60.677464,25.075886,44.744816
61.122410,60.581387,25.451851,44.992767
63.058018,59.495228,25.291216,46.861027
63.980518,58.190231,25.267632,47.436829
64.943932,59.015423,25.604342,47.099628
65.287262,59.229069,25.956917,47.523838
66.371140,59.748825,25.670519,48.132347
68.126175,61.097168,25.675592,49.383224
69.719803,62.080910,25.405836,49.807053
69.854774,62.244438,25.457304,50.016033
71.927246,63.585171,25.152287,49.914070
73.580948,64.801010,25.166967,49.710392
75.491844,65.303925,25.070854,50.427387
76.296143,65.124878,25.447142,50.712608
76.769409,65.952782,25.436596,51.264545
78.349129,67.050568,25.445406,51.083500
79.895317,69.178734,25.619497,51.848160
80.127754,69.248665,25.956097,52.060436
80.604523,69.363899,25.981646,52.643700
82.089203,70.041283,25.928448,52.289330
83.321762,72.229439,26.063391,52.062237
85.042740,73.100609,26.412443,52.478077
87.138199,73.663162,26.279009,51.997044
88.240097,73.732300,26.323996,51.959782
88.731949,73.429878,26.606028,52.161457
89.326523,73.232811,26.860262,52.560043
91.475037,73.331932,26.490982,53.169346
92.102737,73.350441,26.469946,53.683720
94.058754,73.847366,26.517372,52.682709
95.413887,73.753326,26.706623,53.270958
96.647423,73.866188,26.634047,53.674541
97.909775,73.338188,26.603045,54.903576
99.128700,74.248077,26.941299,54.255623
100.683716,74.198242,25.959257,55.083561
101.785507,75.512604,25.820923,55.416115
103.117256,75.659599,26.132730,56.144096
103.436462,75.436523,26.506933,57.886799
104.102112,75.557251,26.871334,58.521145
104.847763,76.306488,27.020969,58.867748
105.887672,76.047440,27.204105,59.742439
107.615814,76.404839,27.325600,58.767094
109.095062,77.023514,27.542452,58.116821
109.512733,77.167061,27.979832,58.286530
111.502449,76.092155,27.960571,58.520267
114.679626,75.480202,26.808079,57.813400
114.859085,75.330147,27.006653,58.204384
115.442329,75.163918,27.369848,58.112045
117.903702,73.592903,27.177729,58.743580
119.070877,72.586220,27.187426,60.368176
119.533539,72.420143,27.476536,60.752537
120.889168,72.748047,27.185017,59.892960
121.046547,72.599289,27.449522,60.171539
121.168541,72.841805,27.482691,60.395973
121.630646,72.383049,27.325504,60.548080
123.140602,70.920830,27.022825,59.535938
123.378441,71.151550,27.486629,59.972267
123.429459,71.075081,27.478064,59.818378
123.441574,71.138359,27.498226,60.012341
123.876511,71.561859,27.687817,60.577621
124.009758,71.788116,27.988689,61.003773
123.974617,72.005455,27.990391,61.537251
123.967171,72.339447,27.993670,61.932846
123.980568,72.351524,27.981867,61.926937
124.000191,72.409195,27.972057,61.994022
123.975014,72.543709,27.955738,62.128147
123.997139,73.104027,27.982212,62.206108
124.006866,73.321594,27.978388,62.389057
123.974281,73.452316,28.008829,62.458008
124.217621,73.474464,28.485819,62.474560
124.223557,73.512665,28.485060,62.452885
124.234337,73.534225,28.486246,62.467049
124.513222,73.478264,28.307077,62.636421
124.809738,74.282829,28.449524,62.591377
125.391937,75.175362,28.431301,62.318871
125.788269,75.578705,28.505693,62.166016
127.644753,76.592079,28.745237,62.100376
129.933350,77.565071,28.755245,61.596375
131.074387,78.056541,28.880531,61.875038
132.232315,78.258591,28.670624,61.817745
134.350006,78.595085,28.668932,61.412552
135.949234,78.878860,28.826559,60.438824
139.267319,77.995926,27.959036,60.528313
141.343292,77.930458,27.739895,60.407528
144.400436,76.970558,27.587038,59.410137
147.218124,77.822784,28.425575,57.053722
147.788330,78.400078,28.456043,56.498928
151.787613,75.920387,27.285912,55.936428
153.582611,77.284012,26.691582,53.559677
155.462402,77.091560,27.333220,53.227188
157.409683,76.863907,27.592802,52.618061
159.534042,74.267494,27.524408,51.735989
162.020264,74.605080,27.571625,50.743813
162.972961,74.596527,28.165983,50.473671
164.762375,72.366653,28.035526,50.619797
166.520874,71.404671,28.181477,50.824417
166.757599,71.467773,28.457630,50.996212
168.364655,69.708481,28.078188,50.885830
169.880814,66.231697,27.898338,51.610767
170.588486,65.795364,28.031921,50.714115
170.844299,66.199669,28.542709,50.795010
171.205109,66.432091,28.543505,51.551640
171.834091,66.299332,28.579868,51.335136
172.781937,65.464775,27.701483,51.532387
172.991074,65.532753,27.880520,52.199543
172.745392,65.562027,27.989454,52.101322
172.666901,65.485176,27.712828,52.623310
172.615509,65.614090,27.959240,52.741566
172.207458,64.961945,27.834978,52.888977
172.173386,62.945274,27.191120,52.698608
171.136337,61.811344,26.909262,52.738785
170.745209,62.272903,27.076590,52.354305
169.560822,60.989491,26.802284,52.977184
168.816849,59.974556,26.595755,52.132019
167.789429,59.706913,26.819933,53.083054
166.714340,59.724220,27.139465,52.490959
164.513062,60.358128,27.630856,51.604389
164.509537,60.531139,27.913143,51.910519
162.406464,59.896778,28.080158,51.396370
161.468384,60.120068,28.351149,51.314575
159.647797,60.287224,28.435276,50.331745
159.096024,60.387199,28.761152,50.063869
158.399811,60.323055,28.751049,50.571983
156.272034,59.882038,28.368910,51.025112
156.257584,60.000988,28.456623,51.404064
155.239120,59.747540,28.513237,51.273594
155.470169,59.727760,28.936026,51.624939
155.366364,59.868153,28.918875,52.006367
155.397568,60.072044,28.991617,52.532520
155.385025,60.042995,28.934200,53.104374
155.333572,60.089222,29.020760,53.627899
155.544724,59.382534,29.417307,54.602299
155.530106,59.319401,29.517643,55.171108
155.864548,59.275871,29.919750,55.531609
155.953552,59.233791,29.978683,55.957203
155.984924,58.520851,30.012558,55.827942
156.238205,58.444832,30.486134,55.877609
156.226654,58.347069,30.486139,55.806713
156.349548,58.235802,30.379797,55.616188
156.499329,57.347736,30.419432,55.749050
156.512177,57.088894,30.525867,55.699825
156.043320,54.390827,31.044817,56.316719
156.026443,54.009743,31.532938,56.393650
155.627533,53.315880,31.862534,56.557434
155.054398,50.914345,31.382484,56.733517
154.719971,49.971882,31.384678,56.504257
154.037033,49.555954,30.944067,56.726486
154.132767,50.999237,30.862610,54.900074
153.621140,51.182468,31.187979,54.239414
152.722580,53.496265,31.023863,51.551716
151.958633,54.128281,31.421854,51.624004
151.577896,54.162659,31.414816,52.013443
151.475906,54.489235,31.469929,52.396111
151.624344,55.275070,31.170645,51.677387
150.431442,55.560860,31.066723,50.873421
150.366348,57.473278,31.472504,49.007320
150.060547,59.659199,31.275618,48.811958
150.146500,59.717072,31.494169,48.983948
149.100571,61.269249,31.383072,48.641762
147.965744,64.204224,32.086678,47.678169
146.815918,66.250900,32.861851,46.131889
146.257690,67.353958,33.121819,45.198582
145.563232,69.090233,33.538597,44.364113
144.844513,72.975327,34.109428,42.060394
143.708939,75.304413,34.542522,41.417782
142.970398,77.955795,35.462170,40.102272
141.345383,79.611511,35.510960,39.950165
141.598434,83.159073,35.763962,39.194115
141.424194,84.862106,35.777416,39.354389
140.079941,88.438217,36.105743,39.096889
137.801346,90.442642,36.381424,39.196796
137.720581,92.485428,36.533672,39.431030
137.748993,93.401146,36.675289,39.588078
137.735855,95.668877,36.799419,40.143555
137.711960,96.269547,37.093288,40.181648
136.638153,99.174370,37.337261,40.029015
136.762650,99.675102,37.521423,40.432861
136.936539,99.734879,37.998905,40.409554
136.914978,99.878456,37.928062,40.505592
136.742569,101.435783,37.371181,41.710575
136.438644,102.470451,37.650536,42.522385
136.644241,102.682724,37.968216,42.960594
135.989029,105.263206,37.601700,42.188114
136.514801,105.487762,37.759418,42.498550
136.567856,107.462082,37.977364,42.144726
137.237854,109.546577,38.145344,41.596481
137.421631,109.870399,38.464424,41.941620
138.451920,110.391312,37.145817,42.005249
138.659668,110.801895,37.413712,42.510841
138.901550,111.279213,37.202137,43.009781
140.879745,113.210945,35.956188,43.216347
141.530380,113.594086,35.486492,44.201984
141.869888,113.913818,35.299049,44.591972
142.129608,114.177284,35.419895,44.965324
