1
40.160843,64.929474,21.478821,47.425819
40.295994,63.492905,21.445108,47.960503
40.252041,61.984310,21.752186,47.796585
40.594887,60.472420,21.949335,47.526108
40.622902,57.771778,22.363777,46.564548
41.444988,54.687542,22.308105,46.507225
41.567795,53.011810,22.503304,46.782715
41.818008,52.677517,23.040890,47.003506
41.807625,52.946514,23.584549,46.960548
41.815804,53.265327,23.970821,46.875782
41.614937,55.673424,23.917421,46.879917
41.597553,56.775249,23.886333,46.812626
42.286160,62.207355,23.987101,45.949757
42.221886,64.228653,24.046963,45.028381
42.838890,68.157837,24.183348,44.951233
43.811783,70.865685,23.751600,44.782997
44.720028,73.196045,23.845688,44.214104
45.987862,73.702423,23.211916,44.659798
46.259911,76.538689,23.589699,43.465134
47.121796,78.777420,23.893591,42.857792
47.608215,79.658081,23.939064,42.702553
50.536636,81.932472,23.531479,42.804195
52.359627,82.555428,24.164547,42.288486
54.079296,82.686417,24.046883,42.994869
54.991848,82.877716,24.280237,43.026905
55.396576,83.409088,24.483936,43.642971
56.455250,85.587097,24.136660,43.512993
57.652370,85.981491,24.382395,43.881046
59.419876,86.327629,24.252552,44.245064
59.878345,86.394936,24.564177,44.383205
61.914429,84.723953,24.538931,44.809811
63.145027,83.340561,24.792234,44.297806
63.403030,83.009163,24.927401,44.658237
65.296776,82.302811,25.084200,44.590076
65.673355,80.641335,25.212269,45.388454
66.164352,79.941162,25.478760,44.848164
66.464211,78.408623,25.251059,44.993546
67.670616,77.006210,25.374582,43.035782
67.906448,76.473106,25.129496,42.297573
68.110832,75.800041,25.379755,41.939262
68.070061,75.689102,25.491888,41.700146
68.061081,75.890594,25.444618,41.425335
68.124825,76.070885,25.347282,41.108513
68.146400,76.257500,25.308889,41.481911
68.106773,76.638000,25.481401,41.208111
67.974251,76.839775,25.421883,41.333801
67.365021,78.416351,25.445206,40.367554
67.371834,78.498001,25.479603,40.499573
67.233398,79.607796,25.452847,40.081577
67.105888,80.707321,25.355337,40.296307
67.083809,81.445869,25.327869,40.367691
66.882843,82.385605,25.375666,40.372219
66.293205,84.531219,25.391996,40.019001
66.461166,86.380981,25.091476,40.254223
66.686806,86.570580,25.364241,40.726803
66.625793,86.790283,25.436733,41.035000
66.602470,87.037132,25.497128,41.491402
65.962402,86.958855,25.440186,41.329498
64.743881,85.510536,24.900286,42.483395
63.582348,85.374588,25.398352,42.492352
63.381908,84.235344,25.118948,43.494549
63.511593,84.210411,25.466873,43.471943
62.994328,83.928093,25.212046,43.745949
62.036201,81.450706,24.893295,46.108322
61.251266,81.326416,24.772169,45.828205
61.070274,81.120079,24.868967,46.098747
60.722340,80.693779,24.901087,47.082275
60.540901,79.945145,24.665993,47.950089
59.550396,79.280220,24.885406,47.802071
58.803577,79.174995,24.819189,47.152344
57.836529,78.230019,24.988274,47.912071
57.260269,77.454597,24.979115,47.905396
56.434643,75.081726,24.783152,48.042198
56.468925,75.132103,24.956196,48.377026
56.341255,73.553574,24.681450,49.303741
56.529503,73.014801,24.711264,49.052116
56.478725,73.050629,24.947515,48.849617
55.837822,71.916649,24.973570,47.281239
55.911449,71.006317,24.708447,46.980392
56.471546,68.989281,24.768259,45.994698
56.361141,68.755028,24.983801,44.864811
56.387535,68.290367,24.971340,44.760052
56.353481,68.302414,25.165205,44.320480
56.514038,66.754181,25.479502,44.439980
57.137947,65.970200,25.341413,42.758694
57.572533,64.667824,25.178341,43.305370
57.834808,64.699554,25.498455,43.355175
58.119083,63.957050,25.426226,43.213661
60.924709,61.605503,24.276129,44.048225
61.257801,61.485424,24.496758,44.628567
62.851170,60.306553,24.225157,46.415562
64.557243,58.505825,24.276081,46.712440
65.941696,59.580387,24.607418,46.381573
66.478058,59.759796,24.955736,46.494202
66.852837,60.085148,24.798544,46.732456
68.854279,62.049358,24.777863,47.608330
69.742699,63.108387,24.806555,47.921547
70.195969,63.181103,24.827261,48.233738
72.688148,64.248383,24.922516,47.816490
74.098495,65.647606,24.752136,47.965340
75.467308,65.953125,24.700321,48.811058
75.667969,66.032211,24.953728,48.999790
76.709724,66.936768,24.899597,49.734413
78.813560,68.361977,25.164423,49.346336
79.183647,69.065598,25.587158,49.947147
79.653725,69.206764,25.828596,50.370136
80.972496,69.195877,25.794209,50.867977
82.287453,69.776100,25.819597,50.754658
83.716934,72.075546,25.961420,50.413960
86.249580,73.705917,25.824934,50.453026
86.474426,73.712929,25.992849,50.496727
88.094513,73.800804,25.737926,50.279758
88.682098,73.551872,26.392458,50.619038
90.138489,72.777695,26.040682,51.287651
90.881821,72.747375,26.452730,51.875767
92.906746,72.122704,25.999365,52.969543
94.705231,72.590401,26.063168,52.479740
95.958366,72.291435,26.381605,53.185135
97.783844,72.922325,26.026402,53.879341
98.359749,72.960976,26.385250,54.432957
98.982414,73.919144,26.387964,53.964565
100.419678,73.941254,25.986588,54.411705
101.483269,75.153030,25.839836,54.855801
102.768471,75.195351,26.000034,55.436687
103.529556,75.523170,26.359640,56.148392
104.447418,76.270294,26.126770,57.439857
105.097679,76.649101,26.502619,57.347359
106.554390,76.330856,26.696619,58.772396
108.033134,76.041580,26.548389,58.972343
109.446480,76.824120,27.064518,58.226715
110.146286,76.876884,27.667345,57.834988
111.833115,76.401718,28.070843,58.169144
114.455597,75.930412,27.342871,57.243256
114.798416,75.950508,27.476318,57.370182
115.335251,75.625618,27.350107,57.004108
118.030815,73.459595,26.914515,58.262577
119.340805,71.993187,26.585598,60.843079
119.827637,71.689346,26.902597,61.571682
120.992355,72.044144,26.813057,60.578339
121.150970,72.168594,26.964371,60.905201
121.404930,72.270782,27.017557,60.823330
122.259056,72.182930,27.274286,60.922096
122.990685,71.361938,27.124022,59.426144
123.177910,71.397285,27.486668,59.472134
123.195717,71.391396,27.486347,59.432983
123.206688,71.379807,27.509975,59.514309
123.510338,71.743332,28.094837,59.944229
123.699524,71.770943,28.509712,60.111290
123.933853,71.859200,28.950176,60.838390
123.940674,72.102859,28.993879,60.880936
123.943069,72.156700,28.979273,60.944832
123.906387,72.519035,28.929157,61.176884
123.924866,72.749451,28.981764,61.468430
123.862572,72.988281,28.983448,61.298779
123.855370,73.347214,28.967262,61.071709
123.673027,73.857536,29.099304,61.653393
123.869308,74.032211,29.481766,61.969288
123.845222,74.243790,29.516233,61.810581
124.086365,74.338699,29.985121,61.973183
124.093102,74.352280,29.985186,61.973286
124.365173,74.890495,29.793987,61.555939
124.859543,75.540611,29.899059,61.428528
125.779289,76.267616,29.814093,61.170860
127.285057,77.151131,29.671610,61.181755
129.829498,78.109993,29.637169,60.796234
130.105408,78.230278,29.965359,60.970886
131.546127,78.730698,29.488537,60.304871
133.999252,79.089951,28.898973,59.943489
136.331039,79.191521,28.733606,59.221867
139.579681,78.240448,28.096432,59.732117
141.324203,78.031067,28.235252,59.524082
144.066925,76.798927,28.070856,59.109531
146.794907,78.170937,28.649164,56.814030
148.213394,78.273476,28.713339,56.092979
151.982727,76.636856,27.814758,55.505699
152.905212,77.036133,27.302999,54.631641
155.243042,76.758614,27.607685,54.382118
156.660721,76.542374,28.000750,53.597046
159.135498,73.441170,28.136137,53.080238
160.884369,74.391548,28.235128,51.031708
163.527756,73.657623,28.340391,50.653290
165.038864,72.037285,27.668596,51.134964
166.142273,71.761826,27.848454,51.508049
167.448029,70.467705,27.639767,51.550781
169.015518,69.300194,27.654837,51.481476
169.682541,67.309731,27.780659,51.790016
170.017502,66.617287,28.225525,51.236370
170.681625,66.303177,28.758900,51.069248
171.186844,66.569511,28.130110,51.867992
171.693146,66.333481,28.141962,51.366173
172.642059,65.464363,27.138006,51.666138
172.832794,65.528000,27.419792,52.099442
172.728928,65.579185,27.477903,52.229321
172.759720,65.636963,27.258448,52.442703
172.355087,65.396942,27.387318,52.405434
172.311234,65.270317,27.360811,52.317902
172.109543,63.765633,27.041718,52.696102
171.556137,62.223785,26.679760,52.755764
171.187469,62.200256,26.984903,52.801033
170.130768,61.483318,26.632185,53.319138
169.711304,60.200039,26.233475,52.707211
167.662369,59.654339,26.440407,53.722359
167.075424,59.540291,26.548187,53.800610
165.230469,60.855221,27.297483,52.217892
164.345825,60.707451,27.306370,52.223820
163.052933,60.175472,27.514322,52.398281
161.545609,60.517887,27.884560,52.041458
160.375961,60.895489,27.821299,50.665703
159.572556,61.044308,28.259966,50.421707
158.605667,60.821671,28.277819,50.359032
157.019165,60.115208,28.145966,50.960800
157.121140,60.055927,28.467287,50.906967
155.719360,59.777351,28.701454,50.586365
155.677765,59.625481,28.790537,51.435963
155.473877,59.500332,28.885719,51.595249
155.389526,59.649094,28.961918,52.053257
155.428497,59.688118,28.936594,52.624115
155.429138,59.808418,28.994413,53.046585
155.458740,59.589203,28.970955,53.977982
155.457230,59.470905,29.027109,54.099251
155.859619,59.438244,29.406015,54.542690
155.933914,59.241581,29.467651,55.110474
155.829880,58.347980,29.529703,54.984695
156.031342,58.299271,29.993839,54.889618
156.007828,58.086269,29.951519,54.900501
156.075790,57.946217,29.919464,54.727535
156.210037,57.348919,29.837158,54.785854
156.256149,57.192001,29.996403,54.833813
155.846909,54.854462,29.946308,55.206306
155.879547,54.838440,30.014526,55.492085
155.899826,54.276730,30.540827,55.555653
155.318344,51.904015,30.424355,55.731388
154.970749,51.355797,30.436295,55.729813
154.680664,51.710232,30.014437,54.856560
154.958405,53.021103,30.286413,52.045765
154.459717,53.352634,30.584269,51.714188
153.139420,55.516560,30.707836,49.158024
152.658279,55.857292,30.805546,49.420586
151.598602,55.785858,30.956333,49.618282
151.347397,56.455177,30.975351,49.600643
151.609573,56.662525,30.681726,49.863544
150.916977,57.290699,30.662436,48.575283
150.902054,58.963978,30.556795,46.116611
150.481415,61.095112,31.014338,45.758385
150.720306,61.213284,31.482889,45.998516
149.677444,61.354248,31.480516,46.368374
148.449631,64.203720,31.923405,45.183559
147.284790,66.360733,31.766857,44.622429
146.974106,66.874298,32.107944,44.472340
145.903366,69.880234,32.867611,42.616714
144.979309,72.898598,33.221230,41.516205
144.248764,74.755959,33.628757,40.977806
143.764511,78.012222,34.359287,39.714664
142.319931,79.894325,34.607071,39.329758
141.871338,82.991493,34.880074,38.656788
141.316238,85.132950,34.850185,38.891869
140.610809,88.772957,35.136196,38.487411
138.137161,90.916359,35.388535,38.364700
138.039017,93.153648,35.618752,38.069427
138.356430,93.837891,35.397366,38.879570
138.282440,95.096344,35.279579,39.222534
138.151718,95.921707,35.601982,39.114346
136.959320,100.154243,35.810154,39.377811
137.065933,100.249527,35.992355,39.462891
137.038589,100.288208,35.970547,39.477444
137.047836,100.346146,35.878067,39.586998
137.052917,100.815300,35.890865,40.071358
136.722946,102.837997,36.052334,40.520836
136.993317,103.050453,36.539158,40.892063
137.137253,104.720665,36.498825,40.713619
137.222458,105.359276,36.385609,40.847523
137.421158,107.026199,36.250774,40.842937
138.266708,109.818283,36.253254,40.380138
138.414963,110.016640,36.429417,40.460537
139.217514,110.671913,35.574718,40.380554
139.526077,111.075844,35.926384,40.359287
139.652267,111.288826,35.857735,40.575600
141.626358,113.466682,34.221199,41.238392
142.267838,115.186684,34.092186,42.591438
142.575500,115.541634,34.452522,43.005314
142.816177,115.765678,34.400887,43.487438
