1
80.033585,94.561295,39.465282,50.577133
86.804756,95.865623,38.830311,49.879116
95.518753,96.930054,35.901390,50.096912
101.764824,97.434593,34.338070,48.958996
108.631340,101.245377,35.125961,44.877323
114.752602,102.711586,35.578285,43.417995
122.878990,104.075981,34.133610,42.078712
128.994034,102.132469,32.110168,48.016560
133.934265,100.963455,32.485558,49.675404
139.314896,98.365273,32.034676,50.096283
144.259735,99.639320,32.036118,47.829952
150.418411,101.513863,31.636839,44.281200
157.211731,102.414246,30.332981,45.739540
163.940552,103.020988,29.735741,45.673611
170.201324,101.044189,29.455822,48.462063
176.268356,100.102188,28.938866,48.140678
182.052841,98.138710,28.788940,50.047844
188.013153,97.205750,29.104740,50.256786
193.274399,96.772591,28.500397,50.559933
198.531357,97.903732,28.744972,50.744213
203.158127,99.701843,28.567451,50.440125
205.730835,100.792053,28.786404,49.938927
204.246445,99.235817,29.019140,50.909245
203.418243,98.146873,29.581387,51.354858
201.457504,97.576561,30.362505,50.717171
197.779099,96.470589,31.431013,51.286758
192.829941,96.710014,32.757385,51.822357
187.026794,95.633835,33.424561,51.890270
180.504471,95.113411,33.363926,51.900555
172.674469,93.294846,33.775066,54.977913
164.527008,95.578529,33.417358,53.786213
154.775574,96.627419,32.830631,52.987583
142.661118,98.157471,33.458290,51.485504
132.071228,98.886955,32.992928,51.585960
123.723221,98.773979,32.221687,52.475082
117.331528,97.570908,32.629398,52.207760
110.866623,96.968002,33.446648,51.629128
107.531593,97.075600,33.428387,51.104340
107.340942,96.672821,33.498569,51.399086
108.703026,96.556938,32.602768,51.753185
112.233528,97.560089,32.219799,52.747185
116.573235,98.858467,31.567270,52.243607
121.982727,98.306206,31.702448,51.263084
127.247070,97.669930,31.526501,51.081287
134.352966,97.499664,31.698477,50.519566
140.503616,98.259750,32.523979,48.858158
148.334473,99.874702,31.893024,47.570751
159.055435,101.686241,32.174191,46.259132
168.499252,103.685211,32.088394,44.573315
178.557419,102.595444,32.123051,44.859581
188.814499,102.329002,32.253185,46.810078
196.858582,101.132515,31.850245,48.607769
203.815063,101.673134,31.152166,49.748127
206.695206,102.260780,30.549704,50.697147
205.518494,104.091942,30.668348,51.001213
202.305573,104.763634,30.657249,51.758053
196.274811,105.851418,30.651360,51.280586
188.422852,104.269417,30.435488,52.107498
177.301086,104.526123,30.495626,51.788746
163.576202,104.022339,30.992914,50.778351
148.438995,103.512222,31.093243,50.368614
137.071442,102.939880,31.274967,51.104546
121.065765,106.774872,33.373272,48.215260
111.814095,105.905411,32.628529,49.338356
104.105598,106.132950,33.321445,49.460354
96.885445,107.555412,31.596142,50.649517
92.397522,107.207237,31.231768,53.561024
88.466690,110.292641,32.048923,52.561493
86.853378,109.396294,32.523094,53.163769
84.525139,111.074120,33.515625,52.646240
82.767845,112.043625,34.355000,51.937664
80.650688,112.416061,35.416950,51.510323
80.687920,112.825630,35.491985,51.751282
81.715897,113.267868,34.497818,51.917362
83.882187,113.400909,34.496555,51.592617
87.862556,113.102287,33.898079,51.438839
94.412956,112.074097,33.921993,50.443901
101.077301,109.721832,33.899986,49.997269
111.768768,108.574524,34.495182,48.199574
123.815338,105.213676,33.571918,48.290104
139.427902,95.964981,32.625061,54.925041
153.476807,97.456116,34.960552,51.905304
170.558334,98.581184,36.588688,49.846638
184.503036,99.628357,35.480511,51.002144
196.708603,101.375999,34.380978,54.317539
204.778366,105.705818,33.599129,55.264095
209.356979,109.206360,33.257912,55.433723
210.407516,109.922035,32.343887,55.290531
208.822968,111.481361,32.626488,54.725391
206.150803,113.511276,34.027122,53.603840
204.052505,112.766510,34.193077,54.309502
201.401108,112.191483,33.966000,55.143452
197.538452,112.875183,32.992023,55.832348
192.317963,115.108696,33.138706,55.745766
185.436890,116.540352,33.527771,57.941723
175.859146,118.020470,35.763420,57.217354
164.206680,116.308449,36.597916,55.776108
150.893494,108.978500,37.061989,56.185501
134.560760,104.238342,37.321712,57.542191
118.188339,102.794937,37.466560,58.538673
95.608833,114.654823,39.574905,54.407085
82.569122,113.423225,38.546227,58.523655
71.569603,113.981186,37.070786,60.565853
65.176300,111.892059,35.989166,61.459946
59.905415,114.458405,37.527168,59.497833
52.277752,114.669647,38.916931,58.975113
45.056484,114.366043,37.968266,56.682987
37.102848,114.666168,36.773777,56.581043
27.555773,118.525925,37.498726,55.992928
21.418869,115.784164,37.481556,55.714180
16.197371,110.625107,37.252754,55.019447
5.588185,101.394958,38.944023,53.137199
0.948757,99.250832,37.363972,54.376110
1.141360,106.682678,35.630726,53.534851
2.266889,118.618004,37.360897,53.726204
7.407747,129.134415,37.917236,55.333534
14.281649,135.049500,39.818413,57.115780
22.453180,136.969330,40.907070,57.821682
33.092449,137.636169,38.872532,57.670479
35.737278,136.714249,37.546078,57.731316
42.681999,134.905884,36.084278,57.538692
45.861862,132.417938,36.517315,55.859913
48.984322,131.698914,37.253670,54.794128
52.588017,130.879135,38.327240,53.346481
54.465309,130.868973,38.355324,52.780296
60.246307,131.407532,37.694881,52.394470
67.055069,132.866867,37.178993,50.047020
74.864746,130.360748,36.805756,51.767757
82.294502,125.483963,35.978897,52.009003
90.699394,118.590302,35.855183,52.832615
99.215538,109.886948,34.882458,53.747036
106.116768,103.685272,35.439350,52.533329
107.516701,98.952263,36.008282,52.342880
107.311020,97.771225,36.162006,52.725677
104.714897,97.914185,35.951473,52.687332
100.363091,100.273781,34.262165,52.773502
94.437248,102.787621,34.281208,52.525440
88.461884,103.781509,33.741978,52.092827
84.279617,103.353729,32.833649,52.663025
80.299644,101.374435,32.106491,53.595779
77.058243,100.683067,31.801664,54.156235
75.215050,99.285774,31.693621,53.678558
75.291710,99.868271,32.027809,53.132431
75.327820,100.164940,32.962101,52.973175
77.475449,100.195084,33.372932,51.906269
81.128403,100.728584,33.760406,51.573334
87.642075,103.035698,33.917656,50.108124
94.409882,107.127434,33.949005,49.366039
103.070107,108.117950,33.807083,49.166080
111.370247,104.687141,34.673332,49.754982
119.593971,105.026886,33.271149,49.040913
127.494957,103.020134,33.716908,49.206367
132.284470,102.431053,32.756355,48.689819
135.256256,100.125671,30.987867,50.986370
137.632980,102.374458,33.178604,51.900688
139.087921,102.831070,32.209454,52.993629
134.091934,103.686638,35.496349,51.320938
130.759064,105.059448,35.419247,50.896542
126.734367,106.134598,34.277733,51.549324
123.801224,104.307449,33.557659,52.588268
119.981865,102.787132,34.019741,51.154858
118.819511,98.780144,34.768860,51.115852
118.657356,98.910561,34.912987,51.322388
122.315712,96.861244,33.409050,53.303104
127.113396,97.850662,33.366714,52.715405
133.058914,96.442078,32.871048,55.181919
140.129974,96.710472,32.994034,57.817596
148.914398,95.611511,32.993931,60.885567
155.894821,95.301003,32.921047,60.541874
163.221924,93.310326,32.261341,62.246342
168.232239,96.527557,33.216713,59.158936
