1
80.659775,91.331177,43.813564,54.512310
86.706459,93.307472,43.017200,53.384602
93.430344,93.926376,41.729797,53.081264
99.077942,95.734550,42.113838,50.333561
105.529861,99.333420,42.478836,46.385292
111.631958,101.251450,42.341919,44.424759
118.749794,102.055573,40.738426,43.191811
126.778755,101.110870,39.205627,50.994892
131.066116,100.655289,41.557087,50.382629
136.595642,99.679604,39.536407,50.065071
141.369934,99.227570,39.224083,49.041504
148.166199,101.334511,38.294514,45.197216
155.816635,102.660530,35.912273,44.709385
163.218964,102.644150,33.296467,45.166439
169.675964,100.045952,31.901333,48.314690
176.179733,99.271225,31.475933,48.979229
182.338455,97.919174,30.249098,49.347034
188.262894,97.025536,30.007133,48.891594
193.617081,96.800102,29.340761,49.431553
198.398773,97.843979,29.486811,49.047913
202.906677,100.800140,29.385534,48.233608
204.779022,101.212303,29.594139,48.511333
204.688843,100.177910,29.509018,49.561619
203.556976,98.788452,29.711098,50.158875
201.542465,98.364281,30.582624,50.035610
197.689148,97.513420,31.984114,50.358913
193.230621,96.450333,32.544228,50.873436
187.226486,95.291031,33.732430,50.708527
180.873566,95.906128,33.719505,51.299824
172.082642,94.330093,34.212967,54.789188
164.474350,95.766724,33.590160,54.327663
154.627335,96.212784,33.135830,53.716911
142.086929,97.663055,34.086639,52.613026
131.116562,98.588547,34.231247,52.775787
122.339363,98.477112,33.645668,52.900043
116.762428,97.634270,33.640846,51.863750
110.846970,96.782837,34.598785,51.632362
107.560944,97.916977,34.732517,50.968483
106.955917,97.339851,34.171665,50.550915
109.117630,96.305969,32.469421,51.403465
112.625320,97.440643,31.580471,51.467411
117.098534,98.737328,30.652876,50.486290
122.918289,98.437309,30.933662,49.501987
128.532715,98.715721,30.793556,48.712349
135.103455,99.052826,30.786499,47.635487
141.191620,99.460220,30.974117,46.705326
149.965118,100.888054,30.241962,45.578163
160.019501,103.304184,31.103117,43.543640
168.418579,104.400070,30.864862,43.002357
178.661087,103.631073,31.184118,42.839745
188.743530,103.313629,31.412296,45.378067
196.339005,101.001343,31.427120,47.670006
203.366348,100.484138,30.740936,49.638172
206.970230,101.589958,30.451860,50.965904
205.671051,102.906952,30.419107,51.133430
202.789780,103.907707,29.888309,51.407818
196.699158,105.398788,29.857250,50.803547
188.420914,104.866959,29.867262,50.816036
177.342712,104.574844,29.876976,50.986755
163.826614,104.316483,30.646061,49.533695
148.930664,103.792999,31.054806,49.501549
137.127167,103.800247,31.214891,50.183018
120.540092,107.394402,33.803017,47.129013
111.785698,106.815941,33.163239,49.042992
103.903633,107.411690,33.475700,49.109024
96.632195,108.480705,32.075623,50.974548
92.633423,107.868774,31.357903,53.435261
88.630928,109.543190,31.933043,52.935478
86.568008,109.166313,32.526566,53.017487
84.238029,110.917282,33.515625,52.646240
82.480736,111.886780,34.355000,51.937664
80.821480,112.204880,34.805210,51.690594
80.891312,112.716324,35.032200,51.633469
81.796913,113.538048,34.903286,51.821110
83.948112,114.021049,34.784157,51.456772
87.252197,113.163994,34.723221,50.564381
93.959648,111.779686,34.721081,51.817356
101.038170,109.382751,34.380123,51.125782
111.349113,108.971016,35.549259,48.511253
123.656303,105.176361,34.353466,48.507870
139.048325,97.464302,32.611221,54.055290
155.296310,98.439079,33.879631,53.553108
170.549088,98.340179,34.771423,51.969357
184.187271,99.976089,34.560234,52.554729
196.635422,102.863701,34.330292,53.903049
204.654724,107.185127,33.230434,54.549683
209.027817,111.024338,32.793274,54.742878
210.157806,111.494408,32.025337,54.954372
208.782608,112.643204,32.778347,54.155426
205.930878,114.305496,34.319988,53.357094
203.464035,113.871353,34.669518,53.244392
200.668137,112.599556,34.506706,54.013809
197.053131,113.515762,34.142010,54.991997
192.820297,115.522583,33.768440,54.697060
185.522278,117.196747,33.990089,56.449097
175.928467,118.673111,35.420414,56.267292
163.654526,116.513046,36.476860,55.581844
150.586212,109.456024,36.473972,56.177727
134.841232,102.892761,36.029137,58.186028
118.364021,102.210800,36.651573,59.067024
93.793175,113.829712,39.376469,54.945923
81.497322,113.055344,38.295498,59.557056
71.731842,112.998795,36.783897,61.883617
65.459625,109.783394,35.786289,63.598248
59.744209,112.640656,37.389244,62.429817
52.773937,114.543098,37.907040,59.832649
45.961163,114.081848,36.481476,58.666965
38.259251,114.420227,35.680458,58.526329
29.107054,117.412254,35.302704,58.467667
21.233217,112.682373,36.690033,59.928940
15.957732,106.948486,36.819748,58.732864
3.960734,96.480133,38.502800,56.866974
1.403001,93.115234,36.565495,61.334766
1.624748,95.588020,35.589649,61.123650
2.782960,112.370766,36.777607,57.999805
7.919214,125.552803,37.978813,57.889767
14.319172,132.502136,40.735027,57.992741
21.445471,135.365540,43.686054,58.063705
30.460262,137.282333,44.194473,56.679264
31.850027,137.882538,43.741367,55.721897
37.613411,134.461807,42.289963,56.847019
42.261021,131.158188,42.506027,54.863113
46.910641,129.648605,42.064083,53.316788
50.901394,129.236496,42.593269,53.187714
53.814735,129.670883,42.318520,53.036690
59.419659,130.109253,41.252110,53.863216
66.570343,131.761307,40.829617,51.585503
74.302513,129.494614,39.172798,52.154373
82.442726,124.190193,38.359886,52.894718
90.514099,115.886368,38.227612,53.842251
99.102364,107.016518,37.213207,55.731339
104.518921,101.501350,37.367317,54.472466
107.651360,97.382507,37.630089,52.774231
107.457199,96.747025,37.729107,52.929504
104.843094,97.382576,36.676556,52.570831
100.562378,99.952583,35.240318,52.547100
94.956177,102.402397,34.956287,52.714710
88.719559,102.820938,33.888039,52.780548
84.389755,102.849159,33.223240,53.216576
80.541306,101.395760,32.654160,54.024059
76.853210,99.847664,32.535458,54.761929
74.989105,98.677429,32.684666,54.588276
75.153633,98.808983,32.971958,54.661335
74.940773,101.481819,34.704014,52.022186
76.915901,102.434875,35.435135,50.502579
80.093208,103.055382,35.301186,50.381409
87.348602,104.480408,35.579891,48.900429
94.574234,108.232529,35.301575,47.736126
103.263283,108.558868,34.648762,47.325531
110.918228,104.873772,36.690544,48.640480
118.939438,105.674393,35.399323,48.094601
126.284714,103.309052,35.393890,48.288765
130.890289,102.940025,34.424427,47.316326
134.635406,99.874397,30.987192,50.171326
136.756332,102.112267,33.331280,51.022385
138.942139,102.924683,32.572067,52.892506
133.775421,103.653664,36.392193,51.366730
130.822723,105.848885,36.124382,50.460976
127.387489,105.684059,34.718834,51.371201
123.376564,106.138466,34.607960,50.710735
119.464142,103.985237,34.942989,49.621208
118.753288,98.740677,34.808212,51.402809
118.571449,98.727608,34.912987,51.322388
122.229813,96.678299,33.409050,53.303104
127.027489,97.667717,33.366714,52.715405
132.973007,96.259132,32.871048,55.181919
140.044067,96.527519,32.994034,57.817596
148.828491,95.428558,32.993931,60.885567
155.619034,94.715828,32.740822,61.274220
162.686340,94.268341,32.890778,61.879810
167.842819,96.227882,33.401119,59.495491
