1
142.924301,59.855469,85.717850,91.906174
142.976425,59.817497,85.957214,91.944290
142.577408,59.724556,85.617508,92.054001
141.750458,59.677258,85.026779,92.572701
137.803238,56.975246,84.493225,94.611389
136.624496,54.367985,83.690765,95.664352
135.631973,50.644180,83.013435,95.985153
134.808289,47.621964,83.066200,96.095963
134.590454,47.257965,83.407738,96.330345
130.166489,44.820881,85.321007,96.066681
122.775581,42.703232,85.700096,96.811935
116.006874,41.751354,84.377647,98.086189
113.434921,41.576653,83.116310,99.044235
112.381546,40.046791,81.007988,100.767654
111.535980,39.616779,81.974678,101.005013
111.513039,39.818462,81.976402,101.339279
111.428833,39.784180,82.232132,101.051888
111.581306,40.021706,82.463852,101.462158
111.660011,40.183990,82.613129,101.446495
114.269539,42.860672,81.070969,102.148911
115.321129,46.835289,81.077385,101.859489
115.622597,47.068172,81.367928,102.029030
115.694145,47.320568,81.474670,102.459373
116.231293,48.241058,81.172539,102.347878
116.468391,48.541187,81.495605,102.385849
116.462067,48.574581,81.479630,102.535294
116.719749,45.454666,82.566551,106.150429
117.776382,42.979176,83.360626,105.031395
121.679756,38.387199,82.832870,105.199272
127.901527,34.459465,81.130905,104.975822
129.780396,32.175510,80.994904,105.319153
133.845093,30.271498,80.375229,105.528511
136.779251,29.951370,81.471359,106.077583
139.816803,30.620480,82.611786,106.702888
142.780701,32.667797,83.562309,105.770531
143.629974,33.098408,84.378136,105.917671
143.912781,32.860569,84.782043,106.150940
143.933243,32.151695,84.912994,106.113655
142.558914,29.485382,84.989311,106.822655
141.464706,28.249079,84.881454,106.940613
137.523026,27.205400,86.253685,108.573219
126.067833,29.890390,86.959175,108.735298
119.016884,33.313858,87.207481,108.407448
115.418091,34.261951,88.025192,107.329643
111.650414,35.517284,89.000198,106.194870
109.896812,36.490211,89.050072,106.651527
109.763374,36.755878,89.361336,107.004478
108.906021,37.198174,89.332542,107.235329
107.418213,36.983253,90.070915,107.405853
107.508118,36.204456,90.203743,107.672928
107.801018,35.440258,90.421669,107.411438
108.193810,35.081486,89.947952,107.300812
108.390160,34.590015,90.072845,107.771873
108.685936,34.717358,90.459709,107.996979
108.196815,34.658737,93.102402,107.968826
110.600906,36.018970,92.208267,107.947105
111.529251,36.643200,92.354919,107.906830
111.723808,36.678558,92.446289,107.953423
112.605530,36.226112,92.192986,108.480164
115.124855,35.236473,92.656403,107.901863
125.033424,33.235245,91.115463,109.828659
125.656868,33.199379,91.448257,109.612961
125.801697,33.333160,91.471397,109.836281
130.189941,31.996387,89.428505,111.335983
130.315262,34.105881,89.394501,112.583298
130.684952,37.821812,89.018402,107.996895
130.954758,37.953121,89.430283,107.779739
130.994812,38.072868,89.458786,107.955879
131.235184,39.279701,89.081551,106.505371
131.405716,39.532795,89.474159,106.825714
131.438019,39.618816,89.437675,106.961639
131.511398,37.247936,89.235573,106.915108
131.584015,37.280952,89.491188,106.937500
131.747742,37.771736,89.173241,107.031708
130.721878,41.132076,89.707848,105.825409
128.234528,41.729416,91.263008,103.924965
128.487030,41.825428,91.096123,103.853416
128.314560,41.945286,91.292732,103.906776
128.349579,42.048450,91.300415,104.025581
127.578400,42.644249,91.142570,104.672356
124.507568,41.501545,90.108047,106.155663
121.647339,39.957710,89.816734,106.896248
121.820732,37.752747,86.467964,109.564842
121.828262,37.805897,86.410416,109.895645
119.914574,40.930405,86.855736,110.278435
120.636452,44.368889,84.864845,109.635056
119.799362,46.079510,86.771004,108.439926
120.157806,47.471073,86.872231,108.755966
121.278374,49.698891,86.173889,108.493057
121.996254,51.254333,87.037575,106.827118
122.038925,46.662834,86.267044,113.013931
124.248543,47.259010,84.865738,113.565659
128.953079,43.738037,83.976334,113.139191
136.982895,43.977348,84.490143,110.034866
144.514603,45.274742,78.552338,108.658005
145.270630,46.244621,78.558060,109.104141
147.162781,48.626797,77.219711,109.245720
148.098938,48.811356,77.247604,109.301186
151.227097,49.641888,75.465546,108.447975
152.131821,50.133766,74.664841,107.841011
152.424301,50.380993,74.952118,107.847763
152.412399,50.133835,74.660133,107.276405
152.543671,50.259735,75.082108,107.195755
150.737396,50.788799,75.666710,103.830536
150.000305,50.624779,76.221016,102.883560
149.685989,50.528778,76.130783,103.594398
143.866379,53.664112,77.822609,102.022820
140.479202,55.082123,78.709267,100.768829
138.520370,56.202484,78.280777,101.885597
135.644608,57.676693,78.173805,101.834335
130.239792,61.149826,78.423363,100.896935
127.440720,59.003567,77.658134,103.058434
127.574905,59.061939,77.988068,103.359421
127.578102,58.616493,78.049057,103.109138
127.837723,58.111042,78.391411,104.387810
127.943420,58.148895,78.370651,104.339401
128.014435,58.172340,78.446175,104.485817
127.731651,56.519714,78.673470,104.442673
127.922455,56.882427,78.938049,104.228607
128.023773,57.591469,78.869568,104.205734
128.093933,57.744011,78.961182,104.452843
128.518555,57.747250,79.043243,104.354599
130.297424,56.974350,79.983139,103.218597
131.182907,57.499512,80.149796,103.119682
132.566284,57.191113,80.626274,103.020653
136.098709,56.449978,82.815697,100.929176
138.996628,55.062099,82.221100,101.047348
143.653534,53.451111,82.834229,101.517570
144.808243,53.101273,82.225449,103.344147
145.210587,53.319218,82.678711,103.910606
145.488251,53.685177,82.906548,103.848763
145.561676,53.739712,82.977364,103.909340
145.663666,52.964737,82.796898,104.273209
145.769470,52.996227,82.954033,104.347725
144.979309,51.468632,82.317932,103.980179
144.379929,50.689228,82.626427,102.765472
145.039246,46.970547,82.807022,102.893150
145.807907,46.548088,81.739304,102.804169
145.388901,46.103035,81.777412,102.781746
145.065353,45.947895,79.698792,102.762993
141.857758,48.150848,78.718254,101.454376
141.918671,46.932827,77.616257,101.687965
140.537247,49.399532,76.149643,102.023392
139.936035,53.026119,72.537743,101.224541
137.201767,53.579674,71.977402,100.999924
137.892990,41.521671,68.616936,108.907326
138.026947,39.246429,68.499962,109.897568
137.658615,31.534542,63.230221,112.128975
136.147156,33.219578,64.346489,106.744606
136.248657,33.800713,64.781944,104.678253
135.911713,34.120430,64.370316,104.708565
136.070190,34.691967,64.354927,104.620804
136.025085,37.698174,63.740959,103.841705
136.226288,44.082237,63.672741,98.348640
137.754623,48.872307,62.568089,97.218712
140.730667,53.541813,61.246464,94.800186
141.370941,53.541557,60.936638,94.660927
144.011917,54.059368,60.433445,94.556366
144.893906,49.520927,59.504452,95.114090
144.875793,45.389729,59.039742,95.904648
146.799103,40.258389,58.534187,96.676262
147.142166,38.511494,58.764656,96.065811
148.378220,36.884907,58.367229,96.114517
146.131866,35.742611,58.493195,95.929535
145.324127,36.560154,58.234238,96.826691
143.156082,38.126877,58.061729,98.109261
142.236618,40.367367,59.454842,96.969559
141.567429,43.201637,59.168770,96.462494
141.533798,46.795654,59.570263,94.875954
142.003876,48.462601,60.454926,94.063797
141.544540,49.218128,60.813152,93.809105
139.727234,44.236393,61.014061,93.293564
140.364517,41.349697,61.311283,92.643509
139.616196,35.192299,61.632298,94.401199
139.449280,35.090000,61.858791,92.917336
139.364853,34.598709,61.760712,92.729706
138.629089,34.787651,61.409134,92.768333
138.828964,37.440525,64.856316,89.976555
139.554199,38.293182,64.533409,89.595596
140.583374,39.805313,65.381821,87.519760
141.155518,40.337231,64.118240,88.225403
139.732880,47.110184,63.905857,86.758278
134.092163,50.769985,65.298027,83.501564
131.719742,54.769390,63.909935,81.884224
128.562347,55.859966,64.106712,81.288284
124.823936,57.188076,60.087132,79.778076
124.610672,56.685017,59.943859,79.723221
122.336205,54.072651,58.536617,80.491104
118.700417,52.144924,57.835754,80.469650
116.892166,53.233753,57.323654,79.984039
117.040237,53.063362,57.104671,79.846123
117.585915,52.970863,57.032528,79.745453
118.687569,51.951241,56.958740,80.040703
121.997978,49.131699,56.780537,82.040443
126.501358,42.080685,55.242767,88.595085
132.162292,39.168846,54.613991,89.588684
134.014328,33.560272,53.212505,96.322762
134.420471,32.598320,54.005280,87.566368
134.531754,31.983463,65.278526,87.308968
142.282410,34.785069,60.043179,90.073654
143.685806,38.592724,60.293018,90.134186
149.392502,37.997139,60.868332,89.909668
155.970047,40.474430,59.096104,90.649124
157.316101,42.673691,60.236980,86.742416
158.283127,42.797783,60.221348,86.464806
158.584229,42.887615,60.351933,86.483543
159.455963,43.479050,59.974960,86.452805
164.528534,47.915440,57.570892,86.485695
166.587524,49.063362,55.977840,87.155289
167.310928,51.334007,56.463112,87.113525
169.567856,53.919109,54.841690,85.983864
169.630997,55.305370,54.835857,85.682320
166.944992,55.918762,55.795067,86.775757
162.189240,54.884712,55.813965,85.587837
158.625549,55.764599,56.069355,86.856300
152.923187,55.071594,60.687294,86.706596
149.040634,54.747784,60.273758,89.148468
143.799438,54.682297,59.789970,89.548866
143.229980,52.590416,58.390900,90.427422
139.970978,51.341534,60.658428,90.531830
138.855011,49.466900,60.403015,91.486824
138.684937,49.545921,61.487179,94.003059
139.820236,50.378574,61.486073,95.469040
139.953186,50.825199,61.626957,95.426537
144.503952,54.212440,62.771873,98.033051
150.213165,57.723629,63.975533,96.432411
154.290024,57.556908,64.538536,96.172806
160.251099,58.729736,64.040367,97.506111
166.113556,57.683933,64.580154,97.677704
170.104416,59.143448,64.081596,98.498634
170.302063,58.533192,64.749153,98.214928
175.910385,55.406292,63.924004,100.693001
176.616348,55.731476,64.082909,100.717575
175.935211,59.243771,65.607895,101.106987
174.033081,62.482788,64.849754,101.385201
173.814148,63.029819,64.338211,101.366776
170.858826,67.117546,63.863262,98.451225
170.166611,66.628616,63.656361,98.407295
169.527298,66.062218,63.165276,99.418198
169.604767,65.699959,63.254299,99.460075
169.706238,66.153839,62.914326,99.125992
168.869720,63.671562,63.291405,99.306221
171.425690,61.413647,62.176605,100.177353
172.900757,61.482342,62.080322,100.375183
173.798553,60.549789,63.391689,100.711823
177.135254,60.900085,62.799522,101.681007
177.456833,61.105419,62.768200,103.100082
177.573776,61.312817,62.965916,103.459526
178.080490,62.403297,62.731209,103.692764
178.223328,62.629730,62.959435,103.950394
173.824661,63.569687,63.616394,102.947411
171.494720,60.620426,61.457256,103.752953
171.315918,60.440300,61.739437,103.487915
168.279388,54.852345,61.056419,104.523804
167.880280,51.239365,61.530396,106.219406
165.882538,47.952564,60.715862,106.105453
166.115295,47.640186,60.881603,106.395172
166.171722,47.679890,60.955524,106.470482
166.452316,46.164093,60.822609,115.248947
165.673676,49.913090,60.864407,115.544052
165.365479,54.941582,60.922138,115.899284
167.549942,58.532043,60.866821,114.423401
169.625305,60.787148,61.492622,114.892342
171.378860,58.352764,62.296837,117.448860
172.946335,52.408222,63.857445,120.099495
172.804352,48.077446,64.661461,119.966522
174.679398,43.982315,66.547882,119.118706
175.075958,43.059483,66.882195,119.277695
174.989166,42.130497,66.855949,119.443008
174.254593,40.900574,66.653732,119.041107
173.885040,40.946457,66.656425,119.520088
171.231720,42.321396,66.836754,119.367584
171.308609,42.201828,66.841286,119.878136
171.290039,42.333328,66.959404,119.877747
165.353439,41.181065,67.310837,118.635689
158.249954,41.787567,67.476845,118.914368
150.832870,42.680988,66.959068,117.271706
146.923126,41.913315,65.916084,117.185745
141.188873,39.719624,65.009918,114.562782
133.889725,39.421707,64.483330,111.614410
131.310806,39.381458,63.147709,111.283951
127.909431,38.030590,61.586731,111.013756
127.557686,39.471245,61.434837,111.750916
126.119034,43.192844,60.650234,111.079124
126.085854,52.181625,60.717205,108.294533
125.995674,58.800720,61.423409,106.632774
126.240173,61.423981,61.604694,104.940514
127.305183,59.990852,63.822586,105.577469
133.812134,61.052040,64.888412,105.979584
140.621979,56.449165,62.536858,109.549477
144.831055,52.666805,67.266968,110.981033
154.021164,51.940411,65.458336,110.490173
155.130341,51.433834,64.244118,110.594719
154.871414,51.784187,64.274605,110.482780
151.328354,51.335590,64.539482,109.578957
145.753021,51.516418,65.069672,107.715363
139.375748,50.739059,65.347610,107.490479
133.266739,52.821487,65.787033,106.940674
124.289803,54.906902,67.627182,104.938614
116.238533,54.326435,67.105682,105.963409
108.359726,49.945278,66.932465,107.597748
101.256882,43.408039,66.867470,109.844742
96.121780,37.161648,66.491791,110.389488
92.771019,33.197220,65.209663,109.582108
92.338142,33.364517,65.267204,109.639740
91.512115,33.783005,65.196205,109.774704
90.863304,38.413940,64.469269,110.102211
88.819252,43.913490,64.009773,110.904968
87.400856,48.184887,63.564545,110.361366
84.516876,50.789211,63.634296,109.588097
77.245728,56.045692,64.805672,104.935074
70.648338,57.915859,63.975945,103.483963
65.286430,57.702797,63.417393,101.397392
61.469021,53.835377,60.764408,100.395493
61.669010,51.516911,60.686924,100.729454
62.228573,49.205559,60.044479,100.727844
65.697853,46.659477,60.330677,102.077766
71.584137,46.158596,59.779594,103.799606
77.891167,49.470890,58.366383,105.069572
80.686813,52.368858,56.094402,105.469910
81.494942,53.876686,55.955563,104.614441
86.220375,57.458431,55.377380,101.154327
91.776596,62.217014,54.262379,99.536163
96.729195,62.679039,53.677711,99.324677
102.385704,59.029255,53.582726,99.752693
106.592804,53.353672,52.652267,101.924629
109.688873,44.477371,54.167034,103.264000
117.315323,38.354824,58.678169,102.211647
125.052139,34.716644,58.947800,98.896164
132.558121,31.277891,57.987984,100.624298
139.804047,35.291122,58.206917,101.373772
139.631927,36.065781,58.903286,101.201569
140.269714,38.081963,59.667572,100.939026
141.580170,40.713295,60.101162,100.389313
142.536377,43.444206,61.143372,101.341347
142.317596,44.994076,61.755093,101.259918
142.305969,45.110157,61.977962,101.651413
143.240311,45.504051,61.734013,101.751335
143.598206,45.624939,62.048271,101.919998
144.023178,45.421516,62.514965,101.889809
146.222260,46.552769,62.409637,101.839561
146.227905,46.644203,62.461044,101.953239
146.331833,46.604614,62.501705,101.998543
146.543304,46.790905,62.926949,101.838478
146.322906,46.774540,63.058617,101.895920
146.380661,46.934013,63.528194,101.922432
146.406082,47.021297,63.871819,101.854256
146.594543,45.872395,64.030312,102.469559
146.444473,42.199554,65.158730,102.454842
147.964401,35.855892,66.652817,102.012032
152.290314,29.231569,69.176361,102.825974
153.334152,29.797546,68.700966,102.624039
155.537415,36.751427,66.560944,104.877899
154.048248,38.520432,65.951019,105.684219
151.974197,41.947643,66.498589,106.480583
153.370193,43.481384,66.686592,107.256042
150.249435,44.452808,67.591370,106.678444
146.182159,43.173923,68.501617,106.043159
146.005264,37.505341,66.743645,109.215134
152.465591,31.058535,66.874870,109.820244
156.841644,27.295784,68.551842,107.927452
160.539032,27.222811,67.622223,107.395943
160.753235,27.996626,66.092110,109.621010
160.421021,29.329161,65.660515,109.823921
157.482681,30.258726,64.187439,108.471741
149.134766,32.668125,64.460541,105.913925
145.955780,33.346390,60.442448,105.057701
136.152405,35.670830,64.560028,102.927864
128.524323,33.055382,62.825291,101.339462
128.548431,30.695580,58.076569,101.683983
126.905083,26.787811,56.675339,99.125618
132.105103,25.849985,56.094364,98.452599
133.025894,27.877550,55.209370,99.811234
132.107391,31.385965,55.178307,97.730179
132.330795,33.838131,55.178261,98.690239
132.238113,36.794975,55.083351,98.303436
130.751572,37.437653,55.072632,98.576927
127.096741,39.573463,55.105923,98.951279
124.777351,40.061165,54.842251,98.850601
121.202591,36.890888,54.128796,102.179092
124.384026,33.583088,56.865074,101.367027
129.695740,32.216000,54.964119,103.050179
129.353287,30.930014,62.887184,102.050529
138.947296,33.133926,62.502800,103.606369
144.703629,33.515537,59.215889,105.643982
148.085754,35.087193,63.261631,105.546143
156.939178,33.069035,62.361912,107.187790
162.613495,31.610954,60.927479,107.757835
165.876495,30.292503,59.836185,108.762611
167.386246,28.269386,59.764568,110.616173
168.623260,27.374626,59.688755,110.917328
168.882660,25.958078,59.587959,110.213501
169.537613,22.146238,60.401474,109.286217
169.304077,20.628727,60.204029,107.182510
168.237762,19.800613,58.956100,105.995804
167.861176,19.175779,58.566837,105.502449
168.957016,22.140892,58.729786,105.788948
164.805511,28.803698,61.192192,102.459160
163.672760,37.297531,58.984135,98.781586
158.172012,40.759293,60.220539,99.762695
151.777939,40.439739,59.831299,96.812195
146.361099,33.575813,60.475746,97.906754
147.353714,31.500277,59.707542,92.842300
152.739609,23.603966,60.441139,90.447388
156.998962,22.972876,59.860115,89.850304
157.256866,23.594105,60.054264,89.297783
156.898270,28.262749,60.540707,90.053757
157.556778,32.100014,60.748596,85.596710
158.599762,33.205132,60.443443,85.678490
158.574387,34.663906,60.432602,85.525948
160.247650,41.259274,59.584053,84.678787
160.560089,44.536018,60.026356,84.194588
162.694366,44.965843,59.781010,83.966064
164.194382,41.128002,59.309525,83.199669
163.836685,39.781876,59.310783,82.792992
171.409851,39.507694,57.296276,83.858101
173.031784,43.169983,55.456017,82.370865
170.243896,47.707664,55.136471,80.757996
166.660400,52.542892,56.037716,76.408882
162.563339,56.061996,56.531914,73.160103
156.864777,57.789501,56.983292,70.939262
155.960678,57.681412,54.888100,71.155251
155.667099,56.771294,54.914364,71.362747
152.954895,52.956272,53.422562,71.912437
148.524307,50.596485,54.890377,70.399765
143.950226,49.052837,54.290230,69.979462
141.321884,48.018875,54.463531,68.501900
138.664642,37.780636,54.008842,75.690285
138.404709,33.385967,53.695351,72.875549
136.030289,33.933540,54.004528,70.461052
136.182983,40.513458,53.425140,70.991829
136.440826,41.968960,53.103561,70.504166
136.582153,44.596924,53.942532,70.978958
133.923569,50.662529,53.668774,70.026947
133.626373,54.644733,51.991051,72.899193
132.964752,55.050694,51.468021,73.918449
132.872787,57.150749,50.293880,74.443756
132.814270,54.756222,52.475937,74.438057
135.549927,55.227982,53.947903,74.453979
138.624557,54.504692,55.342884,74.163040
146.695572,57.537117,57.966320,74.359734
156.372726,54.863583,55.969563,73.583527
161.446243,54.819572,53.067490,73.024086
161.983093,56.048138,53.242466,73.175163
161.009262,56.710644,51.881760,73.277885
159.124420,55.478836,53.835022,75.038338
165.698380,52.378231,53.640701,77.929871
164.059174,51.059776,53.681858,78.741653
164.006195,51.262115,53.613907,78.740646
153.525299,48.217060,61.235516,75.311516
152.558044,43.934242,53.246906,76.402161
155.999146,43.725403,53.115097,74.597275
156.217529,46.761127,50.947914,74.089386
155.999329,48.736069,50.837822,73.770515
155.320572,51.548775,51.615658,72.289886
155.416931,52.595058,51.481823,71.909210
159.149506,55.244827,51.702248,70.495750
160.486893,56.763241,52.077160,69.742874
161.855576,57.826122,51.995281,69.486542
162.673431,58.681774,51.890274,68.647774
164.203064,59.784733,51.782158,67.974785
164.299194,60.383690,51.348370,67.036591
165.124130,61.521214,50.629688,65.583046
164.655762,61.680542,49.952839,64.627853
162.884888,62.550453,48.735538,63.620571
159.572998,62.875332,46.617603,62.202095
157.281845,61.765663,44.389622,60.862633
155.608658,61.262516,44.182198,58.028263
150.182877,61.735531,44.314644,54.173885
146.336685,61.840256,42.115318,54.506451
144.306580,61.698238,41.984009,54.614174
142.682358,61.453796,40.551712,53.481800
142.736526,61.468136,40.859737,53.437164
139.195557,59.764507,41.253727,51.814987
137.545120,60.460026,42.534599,51.434639
137.350784,56.802223,44.733761,49.583714
138.157898,55.866966,45.850090,51.141094
139.956970,54.708534,46.571945,50.339111
141.688904,54.310360,47.128849,50.286915
142.669678,52.894630,49.312576,50.367565
142.433319,52.025677,50.576599,50.721565
141.423920,51.649685,51.703152,49.625687
135.800491,51.573235,52.481289,49.646416
135.753998,50.533329,52.842140,49.654400
135.811462,45.977974,53.074188,50.708805
136.806610,45.747398,53.568810,50.174839
136.744629,41.809292,54.665157,50.653915
136.744446,41.129364,55.512054,50.823833
136.149963,40.928337,57.675629,50.198666
140.166061,41.166752,57.001842,56.929348
139.424896,38.477299,60.966320,53.937229
139.767120,37.404697,60.223537,55.712234
134.250946,32.614925,55.720951,58.933556
134.238297,32.367035,55.807796,59.049671
133.199448,33.057919,56.750366,58.344086
127.588287,32.956154,56.429932,57.508625
126.405182,33.789505,56.118149,58.455334
121.484238,29.945539,56.460400,58.423222
124.372475,30.885710,57.973907,58.968857
125.281372,28.253386,58.761787,58.326828
133.560776,25.743572,59.694004,65.721489
137.364044,22.451078,59.970287,66.732101
137.345932,20.284920,67.422470,64.085503
144.558746,19.044107,64.747246,64.290054
149.594788,19.638258,65.155037,64.583603
147.639755,21.754221,65.045135,65.731598
149.944901,21.067106,69.191330,65.126907
155.397400,21.424393,62.286236,67.407333
154.902466,19.490705,62.266136,68.842316
155.937561,17.208815,61.566730,69.408134
157.548264,17.272123,61.943001,69.201797
164.886276,19.644339,57.436344,73.735931
161.450165,25.618525,56.594982,76.260986
160.432800,32.241573,57.470634,76.223862
158.512192,37.107948,57.907410,73.213654
150.633499,40.550804,58.517792,73.404991
142.097733,42.837711,58.366276,74.070885
133.872391,43.957733,61.449749,72.800880
128.339447,41.939545,57.427246,73.801575
130.685715,45.760979,55.554482,75.157867
128.539505,45.589359,55.165627,75.768486
128.571915,45.418613,55.071327,76.054245
128.856079,45.607906,55.445839,76.604950
132.006439,46.397022,54.563698,77.168015
134.789490,45.346367,54.887253,79.075081
138.043198,45.695213,55.078381,80.237663
140.085663,45.725128,54.615025,81.640610
144.159042,48.715508,54.778271,83.080124
149.575546,51.544662,54.701992,85.021568
151.999924,52.357845,53.564297,85.553375
154.987595,51.951065,53.474789,86.581177
155.848541,51.290005,52.785652,87.230057
157.084473,50.595230,52.592155,87.312927
158.336700,50.663372,52.928177,87.995369
159.703659,51.363575,53.183956,88.617058
160.985733,52.806622,52.890774,89.047058
160.762375,51.222515,53.017105,90.250076
159.749420,49.253563,53.602573,90.920074
156.921631,46.476971,54.142345,93.917137
155.273773,37.944389,54.282669,95.697609
154.677811,32.221706,54.169270,97.376480
152.946533,25.533014,54.842606,98.349976
147.700653,17.297026,56.982731,92.415886
148.042465,17.120304,56.702343,92.534637
140.896454,18.447996,61.667313,93.499886
134.156158,21.158762,65.217316,88.224335
133.027634,22.884657,64.508827,86.948311
133.957108,24.249571,63.319675,84.715691
135.160767,25.230038,60.626202,85.020546
134.599487,27.182714,60.022503,84.776138
133.308975,28.543013,59.890224,83.792267
133.029053,29.183735,57.213104,84.266068
133.331421,29.496082,57.233288,84.430504
137.066696,28.855440,54.533146,84.017784
137.601196,29.433647,54.914799,84.401741
139.216965,35.036777,53.360638,86.194839
139.999359,39.001343,52.898479,86.204308
140.326035,40.586014,52.579651,86.219566
140.872406,42.078808,52.778942,85.810493
139.816895,41.203159,52.779758,87.039116
140.007370,35.995159,52.550713,93.717804
140.266388,25.677561,53.792732,93.557526
146.762100,19.074135,54.852695,91.920387
147.881317,23.225296,55.015266,92.781265
149.310059,28.130562,54.872505,93.516647
149.634995,30.787756,54.467495,93.291428
148.880112,36.221920,53.748692,93.964996
148.611176,37.088589,52.907436,93.575813
148.277374,37.789719,52.738426,93.660355
147.402802,38.788795,52.529869,93.096306
147.207016,39.086605,52.659760,93.211433
147.599945,39.148502,52.756142,93.161858
147.269958,39.177650,52.245075,93.329430
140.623978,38.636208,52.918861,92.941360
138.020676,39.067562,50.288067,91.690125
136.953400,39.903873,49.656555,90.517830
130.779449,43.565094,49.925808,91.054924
125.445663,43.012829,49.664585,89.014565
121.016083,42.194118,49.534267,87.315193
114.702789,41.309090,50.866371,84.968353
111.581596,40.276737,49.710072,84.373550
116.227646,38.093365,48.797916,86.121033
119.173470,36.255154,47.519169,87.979355
120.364510,32.288300,47.686359,87.233795
125.315407,31.002050,48.738785,87.985100
128.318558,36.265034,47.286716,90.007729
129.473663,39.602463,47.382759,90.041603
134.119934,45.711765,48.066135,89.516068
139.430847,47.017937,49.145771,88.101913
147.124329,45.041679,49.729095,88.507210
151.759506,39.301094,47.576298,92.057518
154.438126,37.246578,47.139763,89.390221
156.379028,36.128738,47.428375,87.846733
156.478180,34.453491,48.331699,85.657219
157.396729,34.315769,48.931610,85.173996
159.283081,34.766804,48.704720,85.245399
159.705154,34.944393,48.959377,84.951447
160.168213,34.618515,49.094837,84.781204
160.378418,34.784916,49.468616,84.933182
155.040024,39.587132,53.176079,80.105652
155.054367,39.876114,53.146240,80.368996
155.043854,39.236805,52.915955,81.857201
149.876495,39.241802,51.014069,84.149300
149.503265,39.290726,51.392780,84.580833
148.677338,39.217220,50.345116,85.445160
148.702911,38.576515,50.249126,85.035454
147.758240,36.946354,51.461834,85.525543
147.752029,36.505966,51.463268,86.198875
147.613297,36.620205,51.434544,86.472733
150.010162,36.573601,52.183472,87.336761
152.254456,36.792603,51.846294,87.428123
152.321609,36.861752,51.924957,87.450928
152.203979,37.057400,51.762260,87.415894
153.348679,37.257763,51.752605,87.821159
152.132980,38.204697,52.689121,88.125687
148.329025,42.291103,52.079876,90.358925
147.987198,45.829826,50.895473,90.773743
148.442001,48.216366,50.565861,91.783798
148.627808,52.053883,49.914513,93.598686
145.316269,55.779640,49.752319,92.957657
142.314636,55.597279,49.429031,92.868927
142.239258,55.151005,49.487751,93.754311
144.395599,53.262169,49.393219,94.545448
143.069794,51.328495,48.922024,95.263962
143.974747,47.644810,49.281551,94.828209
146.690323,46.540302,49.476120,94.084549
148.026657,46.145042,49.704521,94.090157
152.170258,45.958508,50.355392,95.384056
155.379730,45.805889,50.030464,95.675850
155.691208,45.999245,50.443947,95.921577
157.806015,45.511616,50.320740,96.565964
159.829529,43.280460,50.364155,97.708786
160.175018,38.183319,50.648731,97.886703
159.748535,37.612068,50.544312,97.124084
156.288895,36.114029,50.612133,96.887810
153.877670,34.270435,50.024364,96.417290
151.240036,35.390678,50.454910,95.637856
146.062729,38.559784,51.212696,96.112022
141.021393,41.784203,51.339619,95.735123
136.184723,42.857292,51.794281,94.886063
132.948959,45.432877,51.056522,93.531212
125.455795,45.548588,54.368675,93.657944
123.128441,48.281082,51.313244,91.527306
122.802689,48.379105,51.326309,91.780357
118.893089,42.557945,51.744003,93.782188
118.909592,38.418133,51.862331,92.930290
120.918297,38.033363,51.260738,92.032623
123.321045,40.163010,49.471340,93.290695
125.653259,43.677673,48.713799,94.748871
128.342972,47.625938,48.424839,94.300705
135.040009,52.522923,48.361370,96.267220
139.537445,57.642445,48.297905,94.103333
146.315002,58.876217,48.540161,94.216393
149.720581,57.712032,47.503422,93.469978
156.608521,52.941261,48.246986,94.117638
164.393051,53.695225,46.035393,93.257172
167.585098,57.933193,46.349354,91.640541
171.758804,61.612301,46.125336,88.927139
173.384186,64.039917,46.162415,87.585693
173.795105,65.449745,47.265244,87.426819
169.132690,67.960335,48.415905,81.484764
165.248566,67.343506,50.890163,78.485603
161.797195,64.649803,50.043293,76.283875
161.120789,63.270729,49.392807,76.909897
160.137192,62.990040,49.696613,76.143639
158.299286,62.340443,49.529320,75.694145
158.194885,60.752411,49.302067,76.106583
158.180588,60.320538,49.102467,75.927818
156.250153,61.034313,50.187168,75.065536
154.215027,61.427013,49.915367,75.684341
149.713364,61.812332,50.536949,75.460106
145.271286,60.774704,51.609032,75.600563
143.884323,62.708145,51.026440,76.123718
143.798233,63.409073,51.203915,76.539673
143.889923,62.534084,49.724312,78.812866
142.960815,58.806259,49.384800,79.746033
144.997894,56.851730,49.611504,80.040306
146.669830,55.449371,49.500454,80.345284
149.652924,54.652771,51.122021,79.521889
154.441116,58.907394,51.077564,79.721024
161.511993,60.879410,50.660336,80.342720
163.264328,64.145393,51.200493,79.758011
164.928436,66.233772,51.701347,80.871780
167.372787,65.903000,52.486500,81.571243
168.538071,64.834190,52.270187,82.132088
171.635101,58.749413,53.642380,86.831757
171.875458,53.575237,55.009315,86.454597
171.892685,52.792873,55.565990,86.774376
170.936188,49.821232,59.667374,84.024704
167.552353,48.619232,63.027451,84.264450
166.010345,44.392033,65.615608,87.489792
163.600815,38.628822,70.340973,88.880936
168.343674,29.586315,74.267845,87.084114
172.223984,31.780499,72.295105,87.303261
172.935654,32.024277,73.450592,87.105652
174.557449,32.948914,74.936752,86.853981
176.253983,32.271450,75.900818,86.829346
175.882935,32.384476,75.986107,86.930328
175.047379,32.215797,75.544754,86.641418
173.812546,33.693817,76.533234,86.797256
172.041748,33.390579,76.658630,86.617332
167.887634,32.202644,77.726570,85.758209
164.855438,31.723125,77.527893,84.822937
159.617157,32.667362,76.722839,84.244926
159.407990,32.937637,77.009262,84.280975
158.116974,37.967735,75.949600,85.274582
154.370377,40.722244,76.208145,85.683464
153.879150,41.003948,75.921227,86.340317
151.577621,38.730408,75.108704,86.725616
149.943146,37.696991,68.738556,89.116592
150.549530,35.653500,67.723648,89.295494
150.496078,32.475067,68.775452,90.205956
147.752380,31.133377,63.653603,90.372810
157.391266,28.668251,63.950462,92.615906
159.807144,29.861258,62.197273,93.107193
162.293488,31.824076,61.752472,93.266701
165.197235,36.287155,60.825409,92.940613
165.844818,36.987537,60.581470,92.671120
168.943527,37.174278,60.892735,93.177780
171.666901,38.071106,59.262581,93.471420
172.383606,39.040367,58.517807,93.164375
170.250366,39.563061,58.287834,93.798439
169.802032,39.281963,56.098465,93.671501
170.738052,39.068638,55.541798,93.291817
167.598358,39.334663,56.344799,92.675148
165.647339,43.229660,55.295315,92.093437
165.450470,45.891411,53.551304,93.503441
163.493423,48.689629,54.612560,91.111313
159.073975,51.501408,55.370426,89.691826
151.655762,52.452797,56.614750,86.971901
148.043671,52.181248,55.406445,86.811333
147.651413,52.115589,54.632233,87.107170
141.961731,51.338314,58.321480,86.218956
142.170578,50.330753,54.315582,86.973351
140.614761,49.480942,55.405132,86.390282
140.268784,48.486591,53.895504,87.383980
137.942108,47.706860,53.142189,87.183456
137.903931,48.641251,52.727127,89.318352
138.093262,48.935863,54.312813,88.102295
143.468765,47.885429,54.046768,88.538918
147.046051,47.792362,56.017395,87.549408
149.196976,47.746490,55.670174,86.436394
155.342224,47.735950,57.473648,84.594460
161.333435,46.477886,53.807598,84.428993
163.242264,45.477600,52.729816,84.161690
166.911133,43.687557,53.141361,83.127411
169.028549,45.079166,51.211185,83.709068
170.843521,47.000443,50.742031,84.298515
171.325409,50.426235,50.280666,83.309280
171.816177,54.219135,49.046345,83.507881
170.655334,58.696163,48.580471,82.904144
169.630859,61.916367,47.130150,81.753052
169.084610,65.244865,46.203678,81.116585
163.670929,67.388733,47.277073,79.129456
159.957947,65.443481,46.272610,83.649551
160.270569,64.588676,46.194775,83.251724
155.146164,60.354168,47.268646,83.951309
152.864746,59.897041,46.314117,83.338295
147.803131,64.301323,46.399879,82.714897
146.633835,67.306946,45.016911,81.993073
145.621674,66.970375,44.962872,81.589989
143.737686,65.570152,44.247116,80.514153
142.641708,65.124718,43.718292,80.823425
142.088547,64.596146,43.823662,80.975090
138.550720,62.844940,44.623947,79.329170
136.620285,61.487553,46.150513,81.070526
134.784454,59.157852,48.206364,82.076324
133.461868,57.944073,46.519775,84.301598
129.176422,57.312469,47.158176,83.431290
