1
151.007507,51.029564,86.075966,101.937584
148.729630,50.660755,86.236732,102.123260
144.238815,51.669750,85.453300,102.728432
141.060562,51.731239,83.950035,102.878181
138.049866,50.347343,83.093315,104.906303
137.327835,47.667561,82.256439,106.440979
136.375854,46.291367,81.988991,106.024155
135.570587,43.099522,80.973473,106.814018
135.497147,43.112625,80.955811,106.928436
130.415497,40.454941,83.335457,106.203995
123.310852,37.621204,83.272560,108.320732
115.948456,38.855122,83.589478,108.228401
113.349396,38.766682,83.362152,108.824196
112.385071,37.090679,82.047554,109.795578
111.170036,36.309864,83.323257,109.646690
111.156891,36.331966,83.470795,109.736916
110.794724,36.645432,84.049988,109.210403
111.529175,36.912174,83.965164,109.794594
111.699905,37.240414,84.270576,109.995964
114.143333,40.074100,82.755272,111.449326
115.190857,43.618881,82.293465,111.695381
115.374672,43.927864,82.365288,111.937386
115.407837,44.261555,82.635193,111.871231
115.733505,44.667767,82.874313,111.776360
116.059265,45.362373,82.905182,112.568375
116.089348,45.545139,82.944939,113.256584
116.615662,43.994591,83.373795,115.687317
117.237198,41.372780,84.371811,114.509514
121.650047,35.108738,85.789650,112.371117
128.379150,32.113380,82.764145,111.821854
130.309555,28.706827,82.782898,111.887573
133.449387,27.847879,82.812653,111.919785
135.423447,27.296700,83.648659,112.108765
137.939758,27.878405,84.707535,112.590141
140.683487,30.867355,84.724976,112.297707
141.044022,31.126272,85.227943,112.345314
141.293442,31.138834,85.561516,112.556137
141.531128,31.319784,85.971024,112.931389
141.387695,31.024286,85.910851,112.992920
141.309677,30.892559,85.996918,112.907516
139.259750,30.047712,86.494865,113.455688
130.352295,31.503145,86.338104,114.894234
123.436394,33.818031,86.417885,116.377884
115.935326,35.139168,86.317924,115.889748
112.024780,35.991772,87.143509,114.814560
110.644096,36.232769,86.954628,115.308594
108.924927,37.307022,86.825935,115.164307
106.950920,38.610550,87.067108,115.022026
107.016861,38.832783,87.476761,115.477509
106.897072,38.482983,87.590218,115.333191
107.027679,38.047924,88.296303,114.735413
107.323807,37.994350,88.344711,115.061073
107.914017,37.781906,88.616730,115.930405
107.999390,37.827942,89.141220,115.903358
108.941383,36.694592,90.212547,119.007835
110.545624,37.440449,90.474625,119.483002
112.924957,38.999908,90.242569,118.890312
113.947548,39.093391,90.315277,119.159370
116.514030,38.007816,90.106483,122.070480
120.102371,37.722622,90.418175,123.808556
122.901581,37.278057,90.816452,123.271927
128.987183,36.563942,90.595123,121.880821
129.688324,35.320919,90.651230,121.879578
134.476028,34.912136,86.248672,125.608421
134.480606,34.934460,86.432579,126.203506
134.250534,38.806953,86.418213,121.923279
134.008102,39.007790,86.572327,121.499840
134.129700,39.257690,86.771149,121.342323
134.240646,39.561592,86.927765,121.276459
132.700455,40.210945,87.545204,120.331444
132.756683,40.467037,87.667358,120.702965
133.102097,40.206795,87.752350,120.338821
132.397614,40.676987,88.488785,119.675583
132.335190,41.347534,88.419891,120.153587
130.969193,45.222984,87.040451,120.239143
125.552719,46.625008,89.942932,117.732925
125.098282,46.832985,90.145859,117.812386
124.288864,47.206753,90.635162,117.991447
124.443993,47.184074,90.941757,117.959389
123.848984,46.714924,90.428963,121.906494
122.764450,43.578831,88.265068,127.772621
120.002304,41.497143,87.691284,128.984802
120.089478,40.978725,86.379837,129.155472
120.137611,41.199692,86.472160,129.335327
117.391579,40.737362,89.962753,132.969131
117.474983,40.858341,89.767212,133.003601
117.262856,44.625763,90.252823,129.761612
117.281776,46.350414,90.976753,130.084671
118.342148,49.647320,90.771194,128.751816
118.385475,54.503109,94.437538,124.003906
118.114258,48.195217,92.044426,132.681366
119.932426,49.269829,92.138115,129.766617
127.337250,47.003849,88.055847,130.567719
130.844040,45.651283,88.336586,127.790428
141.459320,46.449104,81.709473,125.254265
142.826645,46.734165,81.437073,126.337975
143.750687,47.042835,81.116386,126.196335
145.489838,46.401482,81.676331,126.164101
150.687164,47.995617,80.748978,123.882614
151.639801,48.041542,80.030098,123.769157
151.963440,47.198395,80.581787,123.339546
151.899963,46.461929,80.352165,123.350037
151.844650,46.640514,80.409889,123.012672
150.146317,48.285938,79.192955,116.665398
148.918915,48.699085,79.643753,114.596725
148.880157,48.818172,79.792786,115.392899
143.616318,49.989231,80.180634,113.421120
137.665833,53.795033,81.169991,108.206017
136.986252,54.039337,81.343628,108.977173
134.504196,55.770065,80.889038,109.021690
129.437927,59.908543,80.992050,106.435196
127.108063,56.310688,78.582741,109.365257
127.313522,56.377998,78.959763,109.452286
127.272552,55.373955,79.210869,108.425117
127.500900,54.505245,79.348572,110.047348
127.593788,54.806656,79.419167,110.242058
127.626450,54.887875,79.445229,110.507065
127.614838,55.032730,79.447662,110.982544
127.652695,55.424965,79.547447,110.649529
127.880180,56.388893,79.770920,110.638474
128.064957,56.520214,79.918449,111.044823
128.521057,56.735733,79.961098,111.530243
129.863007,56.905773,79.849838,111.418701
130.320801,56.946362,79.982780,111.426643
132.465500,56.295692,80.816139,110.481888
135.373550,54.644085,82.896080,108.016747
141.531097,52.840897,82.174881,107.019478
143.061172,53.238956,82.586365,106.993202
144.089127,52.749416,82.570435,107.458641
144.397568,52.820545,83.081673,107.423210
145.272186,53.186993,83.054626,107.326653
145.560837,53.218025,83.474129,107.433685
145.777390,52.978619,83.256264,107.445160
145.763214,53.192673,83.355820,107.330772
145.629517,52.237247,82.755943,107.485626
145.350861,49.636639,81.449806,107.497147
145.398956,49.042580,81.406670,106.840332
145.800812,45.472298,80.834976,106.408722
145.561966,44.703121,80.621368,106.367706
143.471054,44.341526,80.337631,103.936989
140.029892,46.741749,79.893074,102.039261
139.958420,47.290897,79.333595,102.494347
139.607468,47.711796,77.879631,101.427879
139.503204,50.225891,75.453400,100.858131
137.584137,50.436790,74.267227,100.837570
138.050720,43.791035,71.561981,103.796371
138.887390,39.577496,68.022240,107.059433
137.786163,34.050491,65.318741,109.027847
136.226837,35.648335,66.613136,105.590248
136.339508,35.231567,66.739868,105.734421
135.116180,35.462730,66.738731,105.548012
135.436295,36.706554,66.924843,103.359253
135.535950,37.427834,66.559158,103.182495
135.511612,43.856388,66.363464,100.884979
136.474442,48.852077,65.903008,98.212128
137.961868,52.770996,65.391418,94.754662
138.744370,52.777931,64.891678,94.662048
142.477814,52.586582,63.928558,95.343719
143.853943,49.022629,62.280067,95.106903
144.068970,44.631157,61.526520,95.726013
145.959290,42.084641,60.890503,96.537888
146.007690,37.103359,60.452568,95.940567
147.293701,35.917675,59.597279,95.866554
145.982544,35.809002,59.769398,95.908730
144.227631,37.103287,59.462704,97.010124
142.452759,36.821648,58.938560,99.981773
141.805191,38.645317,59.295399,97.694489
140.836243,44.194626,58.811413,98.045700
140.867676,47.124592,59.980946,97.181625
141.963608,49.600498,60.886536,95.008926
141.496704,50.540424,61.235336,93.350014
139.684631,44.498356,61.518082,93.348557
140.841141,40.877720,61.853264,92.372215
140.118729,35.477631,61.614941,93.056519
139.035324,36.048397,61.743301,90.745361
138.989105,35.383747,61.637241,90.582314
137.847366,35.751392,61.317253,90.312737
137.670120,37.546490,64.665710,88.174690
138.553589,38.575619,64.648315,87.823227
139.883804,40.521717,65.473640,85.056931
140.478760,40.942692,61.350464,87.986305
140.258606,47.589664,61.283409,85.524109
134.531860,50.995117,62.258080,83.726929
132.808044,56.172825,61.185135,81.309692
128.106232,55.628754,61.493923,81.674637
124.098907,57.242115,57.905067,79.842567
124.219543,56.080898,57.721252,79.819977
122.440727,54.529839,57.218056,79.911133
119.960114,53.389141,57.049095,78.582832
117.201927,52.780918,55.574802,78.793900
117.467285,52.727562,55.874767,78.944069
117.947502,53.083332,55.754452,78.737457
119.118233,52.230061,55.603901,78.956535
122.323868,50.773273,56.100418,78.990005
126.218628,44.535656,54.593410,85.726799
132.717377,40.188148,53.847813,86.348839
134.094971,35.407269,52.740116,92.679932
134.237076,33.870426,54.087692,83.605850
134.232071,32.113216,65.310501,84.660027
142.479645,35.261875,59.757736,85.948891
144.200348,38.257870,60.298527,85.941910
149.238373,36.339664,60.937584,86.249405
154.794022,39.006737,59.398869,87.176041
156.246033,39.769844,59.623726,86.107323
158.394104,41.037701,59.384327,86.675377
159.245819,42.201820,59.645470,86.249130
159.613007,42.779083,59.863754,86.367424
164.741180,47.258167,57.570892,86.485695
166.800171,48.406090,55.977840,87.155289
167.531937,51.193081,55.771740,87.290352
170.219559,53.438568,54.352585,85.977158
170.204498,55.387486,54.303997,85.830574
166.855362,56.865856,55.838699,86.865089
162.909927,55.951103,55.741543,86.509026
158.233643,57.625973,56.907902,88.293297
154.061966,57.625439,58.982582,88.537979
149.814804,56.928543,58.200081,91.155479
144.683685,54.860695,58.097317,91.742744
143.878143,52.241051,57.067429,93.036720
140.219910,51.497341,59.485027,91.777031
138.953384,50.358315,59.125854,92.220650
139.045975,51.154663,60.020870,94.225349
139.303558,52.368191,61.634190,95.630341
141.520615,53.028759,62.370647,95.054688
145.560028,55.100231,63.674812,98.277596
150.688431,58.942314,64.589096,96.141739
153.831345,57.278469,64.799644,96.832939
160.602661,58.722984,64.791458,98.361305
165.418625,57.537853,64.466362,98.778717
168.599731,58.078751,63.951958,98.387291
169.720367,56.409557,64.705833,97.843552
173.727966,55.696434,64.199272,98.691116
174.940674,57.366726,64.373421,98.275909
174.372131,60.874798,66.795479,97.204964
173.880493,61.352474,66.803314,97.400230
172.576263,63.520473,66.237267,97.078766
170.264816,66.075691,65.780556,96.518394
169.077759,65.964470,65.549477,97.120323
168.452499,64.249825,64.379196,101.285423
168.274261,63.433922,64.339905,100.918610
168.499725,65.129829,63.894829,99.840080
167.701157,61.882683,64.605904,98.988289
170.527161,61.585094,64.097969,99.123466
171.959885,61.593212,64.042503,99.460831
172.619629,61.137474,64.753822,99.755295
177.365479,61.518753,64.095360,100.543724
177.498322,61.671638,64.407906,101.618782
177.539948,61.868500,64.458916,101.970871
177.908417,63.468769,64.199486,102.338043
178.057999,63.556602,64.460457,102.470070
173.590454,63.919800,65.444229,101.359375
171.835419,60.362244,62.553501,102.592896
171.010590,59.395164,63.494644,101.956741
167.856903,54.940948,62.907005,102.838219
167.220490,52.205799,63.130028,103.325615
166.022385,49.802906,62.460999,103.147995
165.967285,48.741711,62.231625,103.728096
166.075439,48.810360,62.444027,104.046463
165.909622,47.939495,62.391956,109.673470
165.260513,51.393967,62.914219,109.896614
165.211105,55.168312,63.263535,109.824966
167.107559,59.942936,63.601265,108.273132
167.974716,60.461601,64.704292,110.698616
168.286652,60.216755,65.509476,111.244614
172.240234,47.836979,65.999596,122.863152
172.889221,46.401783,65.722229,122.402397
173.340561,42.394043,68.037231,120.626526
173.782928,40.938450,68.353951,120.878525
174.068481,38.746948,68.138939,120.389290
173.444778,37.674164,68.238197,119.692116
172.841064,37.896183,68.006630,119.959343
171.622864,38.360516,67.596321,120.136093
171.536667,39.354527,66.993233,121.072655
171.027756,39.939163,66.744110,121.253593
164.402878,40.532169,67.615273,119.300148
157.758713,41.447906,67.675835,119.402878
151.086563,41.783588,67.211456,118.396568
148.174637,41.464970,65.819687,118.579460
140.847672,39.025654,65.142044,115.566162
133.167908,39.814678,64.707146,111.865997
131.146713,39.474396,63.782429,111.218292
127.379562,37.853287,62.174240,111.243912
127.265457,38.546383,62.116028,111.599983
124.581856,40.990150,61.637718,111.340050
124.502495,48.174561,61.422356,109.717606
125.044540,55.911842,61.270412,106.301338
125.209702,57.469063,61.469818,105.302460
127.296837,57.432293,63.275887,105.114853
133.897629,60.146553,64.333397,106.376610
141.155884,57.716862,62.069244,109.527962
143.858307,54.282410,69.616440,110.017372
152.426941,52.924004,68.156029,110.404793
153.970566,51.978569,66.746460,111.072205
154.015945,52.212463,66.912766,111.285812
149.522079,51.419178,66.736862,110.313370
144.779373,50.536037,66.397552,108.964706
138.536377,49.062096,66.447212,108.567001
131.960403,51.876102,67.019402,107.398048
122.882362,54.108349,69.448425,105.401886
115.539482,54.449764,68.308723,105.632172
107.641365,49.206680,67.625320,107.721848
101.083839,43.004646,67.542877,110.175667
95.012741,36.380451,67.076508,111.625740
91.740120,31.930599,65.961380,110.785538
91.669159,31.796961,65.815910,110.860703
91.018745,32.342720,65.607780,110.468285
90.073532,36.631912,65.125549,110.658363
88.848595,39.800251,65.086327,110.955833
85.457291,47.392536,65.100647,108.701447
82.961159,52.240704,64.831406,108.594589
76.772278,56.648491,65.378525,104.049667
69.967545,58.986755,64.552834,103.230675
64.717751,58.555855,64.130775,101.689873
61.029053,54.077225,60.977970,101.408897
61.698898,49.947250,60.422871,101.848450
62.055328,46.921299,59.760021,101.983948
65.651512,46.158691,59.945103,102.240585
71.795380,44.935669,59.221481,103.868866
77.406723,48.421280,57.893471,104.503815
79.796150,50.980247,56.567123,104.735901
81.164848,54.273819,56.329422,101.996124
86.530334,58.351704,55.947536,98.522423
90.869156,62.023006,54.879463,97.834633
95.348557,63.030239,54.467628,97.121109
102.047844,57.876995,53.649738,99.748024
106.357025,53.767929,52.872185,102.124512
110.428139,45.338406,54.791496,103.710983
117.051086,40.231144,57.653015,104.531693
124.425781,35.624775,57.827267,103.107582
133.321915,29.882986,57.425922,107.015244
138.981415,34.493465,57.711296,107.941910
139.179825,35.409645,58.501621,108.446541
140.666855,37.307598,59.989487,107.253830
141.884811,38.653679,59.965309,107.053169
143.709793,41.505375,60.834229,107.839745
143.685699,42.514572,60.867027,108.083771
143.530304,42.371056,61.243595,109.020370
144.124512,41.858906,61.557354,109.237190
144.474991,41.598770,62.056309,109.432976
144.774551,40.450954,62.527420,109.015282
145.851547,40.571224,62.780350,109.533997
145.936356,40.839134,63.007713,109.846146
146.064148,41.051899,63.520134,109.620956
146.044708,41.151810,64.012253,109.856491
144.999069,40.792614,64.774590,109.743484
144.244217,41.162769,65.159286,108.811218
143.246796,41.145287,65.349670,108.558228
143.053482,40.953106,65.546974,109.373329
144.103165,37.950756,65.853790,109.612793
145.621979,32.205868,66.383705,108.661743
151.878662,24.458042,67.641685,107.731827
152.127609,24.651524,67.948669,107.853134
155.305969,31.543409,64.781868,110.836380
155.276825,32.448483,64.835213,112.072433
153.124039,37.242184,65.486542,112.195213
152.832458,38.799805,66.402557,112.581718
151.524307,38.772690,67.179665,111.989105
145.358734,36.178596,69.209038,112.071709
145.937973,28.924124,66.906776,114.241867
152.446060,23.456366,67.117378,112.703041
158.281433,22.117083,67.981163,109.940948
161.499985,23.071739,66.411781,109.644829
161.409729,23.939007,66.428986,110.339691
161.579086,25.503365,65.333839,110.269180
158.081085,26.368324,64.656799,109.399178
151.244064,30.375891,63.483074,108.646790
145.685028,31.235518,60.188637,106.990112
137.271851,34.465710,64.515427,104.908951
128.546539,31.569153,63.120266,103.002388
129.214630,29.634171,58.555511,103.705109
127.202087,25.285482,57.071297,100.447121
131.963470,24.668646,56.895363,99.223824
132.519653,26.225002,55.864361,100.179993
131.487579,29.137995,55.663246,99.379066
131.909775,31.209286,55.231640,99.822304
131.881973,33.623062,55.012470,99.637390
130.368942,34.694382,55.004501,99.902390
128.011505,37.514977,54.765644,99.864632
124.622017,40.259827,55.060207,100.101906
121.457893,37.065609,54.561672,102.476234
124.423172,34.401394,57.400253,101.364891
129.328552,32.695145,55.596508,102.497284
129.243042,31.639820,63.583019,101.702393
138.899216,32.974072,62.547066,103.121498
144.411591,33.495720,59.569180,105.029350
149.039612,34.040470,63.438873,104.741806
157.500595,29.853905,61.831963,105.711197
162.913666,29.090311,59.530930,105.530052
165.691254,28.830400,58.983097,106.321533
167.758347,27.339409,58.473457,107.128265
169.645279,26.546263,57.896420,108.150200
169.767258,26.047247,57.795784,108.117531
170.830658,22.856756,57.963711,107.803230
171.361374,22.100973,57.454376,106.880905
169.667068,20.473488,57.091183,104.272820
167.669464,19.907553,57.618904,103.459511
169.969742,24.180126,57.471386,103.633476
165.077759,31.825148,60.839558,100.129623
164.173416,38.676704,58.944817,97.263374
159.663132,39.332806,60.156860,97.648293
151.470505,40.063244,60.791840,94.977547
144.971680,35.746834,61.268883,93.260368
146.593292,32.422985,60.732929,90.825859
152.081543,24.670418,61.036087,88.087242
155.987274,24.100424,61.076920,88.234108
156.238541,24.977545,61.449280,87.629356
156.386948,26.761604,61.009201,88.126961
157.241287,31.400511,61.188072,84.159203
158.534607,32.990753,60.834999,84.769844
158.286575,36.901886,60.975239,84.208611
160.388138,40.424397,60.094955,84.294220
160.507812,42.207603,60.405666,83.800468
164.023483,43.005550,59.620781,83.740341
164.339279,38.067402,59.843685,83.705536
164.103790,37.133087,59.848969,83.263794
171.602280,38.219898,57.001083,83.926132
172.484100,42.412498,55.961014,82.423050
170.213699,46.189728,55.829407,80.048157
166.641663,50.553127,56.243446,76.628006
162.671021,54.281570,56.723843,74.657852
157.899658,56.853527,56.325974,73.061256
157.247467,56.559402,53.545387,74.405113
156.068741,55.671452,54.501030,73.405785
153.579010,52.974335,53.629677,73.607124
149.473694,51.568096,55.630829,71.233299
145.704514,48.857693,54.327278,69.905205
143.491669,47.836460,54.211319,68.853546
140.629547,37.868225,53.536747,74.414124
139.910919,34.497341,53.053783,71.096985
137.274582,34.971165,53.561344,69.443619
137.126846,41.280735,52.626186,70.464165
137.217865,42.037216,52.779625,70.082916
136.784866,46.594391,53.800053,70.566681
133.356735,51.185192,54.061546,69.906143
133.196136,55.450695,52.740128,71.930809
132.324234,56.197834,52.601326,72.945251
132.351074,56.976768,52.483459,73.117386
132.322250,55.300591,53.216125,73.293648
135.044632,55.998428,54.622013,73.318230
138.617661,55.052288,56.791004,72.913734
146.526825,58.561962,60.091221,71.912430
155.690521,55.593555,58.161316,71.491493
160.608658,55.839115,56.469273,69.315498
160.794693,56.256565,56.196709,69.526489
160.273972,56.584038,55.567169,70.094414
160.429947,54.900440,55.798775,73.722092
166.284454,51.660934,54.461357,76.375404
164.212891,50.360867,53.366566,77.662575
164.367188,50.634644,52.936417,77.711937
155.255463,49.153172,59.878578,73.473267
152.365265,44.332790,53.210579,75.052162
155.819244,44.346561,53.092762,73.347740
155.668274,46.927982,51.968403,72.669617
155.168732,49.417248,51.805019,71.922943
154.789536,51.736385,52.501232,71.263123
155.034607,53.146793,52.253605,70.812973
159.154053,55.353546,52.371483,70.023293
160.765289,56.566551,52.529694,69.836113
162.082840,57.720402,52.304344,69.445305
162.890411,58.816425,52.458103,68.736740
163.857971,59.860615,52.259892,67.872643
164.301270,60.442219,51.678524,67.223419
165.486893,61.548950,50.737598,65.551208
164.457230,61.655304,49.484280,64.851082
162.864243,62.524956,48.318054,63.882797
160.037064,62.722450,45.779213,62.052082
157.641647,61.905663,43.461193,60.853817
156.801163,61.724243,43.532875,59.414558
150.619934,62.911983,43.854164,54.867519
147.285446,62.157608,41.347473,53.553677
145.432541,62.095425,41.289204,53.545662
143.740295,61.755306,40.148388,52.735325
142.826065,61.926765,40.192963,52.909374
139.778473,60.686062,40.441219,50.503956
137.724335,62.299671,40.926346,50.139904
139.105103,56.729404,43.482357,48.755672
140.532242,55.605366,44.797287,50.498604
140.970749,53.712200,45.714661,48.543022
141.559799,52.318817,46.682522,47.788975
142.821365,51.910812,48.835743,47.491531
142.766800,50.939709,50.255470,47.484383
141.303085,51.143326,52.836731,46.587349
136.879028,51.404469,53.049587,46.203239
136.671570,50.105549,53.822403,46.422966
136.954788,46.334724,53.630352,46.496910
137.104965,46.300282,54.063179,46.454647
136.611786,42.527519,56.434959,47.199787
136.387665,40.579712,58.030632,47.330372
135.373901,39.627026,59.656345,47.582722
140.020599,36.510670,59.044594,56.401615
139.384735,32.740112,61.586834,52.940460
139.129150,30.548592,61.953846,54.489998
132.538757,27.145407,58.332127,56.754642
132.384262,27.036516,58.374744,56.920284
129.303543,27.546703,61.078217,56.381912
123.773346,28.628704,60.735615,57.075207
122.847672,31.753498,60.902927,58.038296
119.212494,28.532923,60.776821,58.966618
121.571526,30.289234,63.284615,58.373478
122.330833,28.120724,64.460869,57.705608
130.317978,23.726423,65.528351,64.170387
133.781708,20.866068,63.883663,66.303101
134.574554,18.256681,72.719276,62.483128
142.012787,18.244713,68.598145,62.843315
147.152817,18.188105,69.358818,62.589249
146.932190,18.582863,69.434357,63.337849
150.216141,18.478277,73.374947,62.067299
154.197006,18.473509,68.749741,63.879620
152.834595,14.652469,68.379387,66.989883
154.780899,12.322248,67.527954,66.173012
156.873596,12.899422,68.981300,65.584389
161.083801,14.135888,65.277878,66.086357
158.712372,16.209257,62.807320,70.405418
157.898926,20.432152,63.388618,70.093933
156.056152,26.802015,61.582462,69.188858
149.043839,31.827507,62.257195,70.698883
141.953552,35.451363,60.307121,72.878098
134.941742,39.784618,62.281277,72.450325
129.902664,38.290657,57.284138,74.379288
130.735138,41.771439,55.499908,75.275154
127.355270,41.992729,55.141037,75.464951
127.593796,41.963032,55.031448,75.439880
128.965576,42.565681,55.287701,75.669159
132.185501,42.930916,54.439281,76.165596
134.817963,43.086689,54.521461,77.374489
139.184921,44.412125,54.625393,78.211937
141.726944,46.722679,53.831017,79.158203
144.563354,49.622238,54.101925,80.241829
150.232590,53.642529,53.838085,81.879471
152.521408,53.632839,53.174305,82.144310
157.579422,53.410950,53.073154,82.932587
156.761642,50.332756,52.500645,85.089081
157.110916,50.125687,52.844299,85.276932
157.674942,50.128387,53.017818,86.247284
158.520065,50.373219,53.688450,87.312225
161.601257,52.680473,52.987926,88.425285
160.946014,51.614971,53.147278,89.185867
159.770081,49.672035,53.585079,90.172104
157.690811,46.105610,53.976604,93.603287
155.561050,38.367344,53.811909,95.863098
154.948563,31.319847,53.791378,97.517281
152.814224,25.159485,54.459473,98.450981
147.657410,18.748589,55.915459,91.601707
149.239075,18.894880,55.374355,92.284866
139.032410,20.645422,62.929008,93.107300
132.481995,24.793541,66.869194,86.768990
130.594238,24.033512,66.371086,86.907722
132.315155,24.710112,64.214981,86.692871
132.931961,24.967964,63.225700,86.939369
133.113358,26.352381,61.521286,85.993858
132.608765,27.251987,59.979069,85.234711
133.039856,28.910357,57.002419,85.526993
133.383163,28.918453,57.348999,85.977898
136.965836,28.390011,54.329174,84.805733
137.540054,29.224083,54.324104,84.941879
140.104309,34.245899,52.667145,86.430801
140.582794,37.654095,52.896664,86.117554
140.827850,39.635677,52.435570,86.202591
141.463272,41.122826,52.080318,85.946335
139.970169,42.116474,52.320568,87.528175
140.169708,37.771973,52.312458,94.469185
140.328461,27.481987,52.865719,93.598488
146.385788,20.255560,53.712585,92.155991
147.517319,22.362265,54.486031,93.221001
149.588882,28.109161,53.692280,94.889359
149.943130,29.713093,53.676231,94.268753
149.436523,33.333572,53.698505,94.194962
149.393219,35.465885,53.607368,93.221024
149.351990,36.075081,53.932308,93.127571
148.082077,36.445480,53.962597,92.283546
146.994171,35.741055,53.791454,92.163330
146.972580,36.040718,53.795712,91.820244
146.354645,36.305264,52.991016,91.487152
140.861938,36.780624,52.988144,89.969429
137.735153,37.927681,50.184265,89.288818
136.865128,38.784172,49.307735,88.763916
131.379150,41.787971,49.892303,87.787285
126.330429,42.458328,49.231251,86.311119
121.618004,42.216949,48.540344,85.441971
114.881737,41.317127,50.244518,83.435326
113.038635,40.307281,48.034317,83.692833
116.402161,39.350384,47.773918,84.723183
119.572914,37.695984,46.645111,85.540092
120.887329,34.880825,46.519028,85.878426
125.961159,34.237648,48.042831,86.080536
127.353989,35.532661,47.840771,88.423439
129.626236,41.929176,47.866016,88.635445
133.427658,45.925896,48.062672,89.373932
139.449219,47.490101,49.584354,87.968376
146.957138,45.634495,49.339809,88.523323
151.658585,38.813313,46.827377,93.217812
154.336670,36.497948,46.417099,90.346748
156.094879,34.476227,46.638252,88.465820
156.700562,33.894428,47.274536,85.116348
157.764160,33.410622,48.486309,83.979836
159.570618,33.692387,48.263878,83.609413
160.867172,34.213905,48.552494,83.310844
161.336121,33.580379,48.970703,82.988937
161.725708,36.174084,48.651924,83.264069
156.222717,39.501339,51.304634,79.963676
155.656326,39.744244,50.331188,79.820770
155.343018,39.454224,50.179028,81.107796
150.237595,39.780762,49.807713,83.789139
150.105408,39.522346,49.914268,83.963661
148.486221,39.021915,49.496433,84.150726
148.987061,38.225582,49.604042,84.353691
148.539780,37.796017,50.090710,84.754829
148.778320,36.946720,50.469364,85.457832
148.679489,37.026756,50.456432,85.420509
149.553635,36.935783,51.135300,86.310196
152.854279,37.196793,51.128197,86.732292
152.971436,37.328045,51.427074,86.942970
152.574905,37.838100,51.102623,86.827972
153.143173,37.956482,51.243786,87.155418
151.540863,39.717384,52.819698,87.988037
147.692352,43.815773,51.926556,90.077385
147.981277,47.484802,50.996254,90.745918
148.374252,48.499599,50.706909,91.016075
148.530212,52.642693,49.930908,92.934761
145.206818,55.715000,49.863354,92.123093
142.229446,55.770966,49.466454,92.184692
142.159866,55.336311,49.564716,93.348671
143.322403,54.287800,49.868652,93.874977
142.705521,52.490738,48.878418,94.186646
143.543228,47.895103,49.517933,94.018372
146.461060,47.080246,49.726330,93.396729
148.135223,46.957195,50.032570,92.884888
151.960907,47.612644,50.434349,92.632256
154.598328,47.616539,49.980255,93.085060
155.642136,47.957790,49.967072,92.994537
158.529190,48.463074,49.710957,92.995407
160.797028,45.937553,49.798988,94.814095
162.091232,37.895424,49.880829,96.985840
161.041077,37.234035,49.510971,96.781555
157.015732,36.141796,49.149303,96.737724
154.133774,34.643547,48.910957,96.150711
151.425568,35.793270,49.111126,95.519615
146.381195,40.520050,50.461090,95.876221
140.543320,42.683067,51.277222,92.884773
137.145081,43.876801,50.837746,92.071510
133.885208,46.201118,50.221115,91.681839
126.498405,46.707008,52.862289,91.414589
123.503288,49.895969,50.489265,88.658470
123.170326,49.726036,50.276302,88.634659
118.930237,43.372295,51.150135,91.869652
119.325180,38.516567,51.266819,91.527336
120.504555,38.806133,51.168140,91.406044
123.699791,40.307106,49.536137,92.898376
125.837059,43.523994,49.266129,93.751297
128.787888,46.677143,48.555939,93.253471
135.656754,51.969246,48.734974,95.174339
140.302078,56.799225,48.205227,93.426010
146.846283,57.755341,48.425453,92.930000
151.099075,56.909096,46.703823,92.321983
157.978836,52.400806,47.453999,93.424843
164.477707,53.529503,45.911427,92.345215
168.044891,56.466400,45.870274,92.764343
171.774933,61.396431,46.133278,89.093971
173.493652,64.346329,46.252235,88.223061
173.880569,65.117737,46.743900,88.384140
169.467300,67.954887,48.228458,81.955612
164.594681,68.422295,50.287170,78.241325
161.471512,64.640884,49.466591,76.315773
161.713440,63.374798,48.605278,76.839241
160.974152,63.274105,49.015247,75.835197
158.979904,61.251652,49.014328,75.394203
157.495255,60.569538,49.075756,75.837059
157.599152,60.547882,48.766029,75.511703
155.767044,61.528805,49.690342,75.242203
154.587204,61.907822,49.726906,75.638779
151.168091,61.905087,49.894791,75.390381
146.027802,61.023468,50.547188,75.927589
144.733704,61.842010,50.087814,76.104164
144.463013,63.437660,49.470993,76.757576
144.934967,62.450077,48.350079,78.110428
144.191696,58.999737,48.748936,79.234512
145.347321,56.641449,50.331219,79.706390
146.479889,56.328335,50.375675,79.131126
149.051010,55.107891,52.665745,78.455055
154.096756,59.481647,52.107891,78.542099
160.062546,61.287300,51.544399,79.208176
162.843597,64.835541,52.050240,79.657852
163.655350,66.749977,52.881374,80.312981
166.738342,66.022881,53.008144,80.903252
168.297592,65.968803,52.428715,81.168709
171.055878,59.092461,54.512829,85.784241
171.461075,53.876217,55.111183,86.773499
171.103851,52.702045,56.213791,86.728073
171.527649,49.319939,59.800072,84.839500
168.495514,48.390766,61.414749,84.887741
167.972382,44.858925,63.565357,89.324471
166.490036,36.171761,66.957825,89.644691
168.448746,29.060076,72.576714,87.109192
170.370468,31.207422,72.509956,87.062309
171.878540,31.784561,74.138977,86.664734
174.549042,33.452629,75.786858,85.535759
177.066467,33.175217,76.562874,85.970451
177.145172,33.117359,76.984482,85.937019
176.014740,32.560261,76.614449,86.150574
173.857376,33.148022,77.555389,86.617638
171.825653,31.995588,77.846512,86.617683
168.345337,30.851265,79.013405,84.748085
163.083191,30.491215,79.696556,82.619713
159.349121,31.234993,78.701241,82.409492
159.101379,34.661373,78.644272,81.757759
157.496155,37.685165,77.986870,82.300285
153.170380,41.207054,77.054726,83.055458
152.474960,41.056232,76.155411,84.292206
149.903244,38.342762,75.620522,84.915115
149.456726,37.937889,70.364296,85.768723
149.840164,36.424400,68.518913,86.145035
150.036026,31.919491,69.877869,88.021812
148.365005,29.825172,64.682716,89.353676
156.326614,27.772209,64.591248,91.103920
159.906250,31.228992,63.012123,93.437706
162.679718,33.137123,62.697021,92.867203
165.905518,37.435352,61.315258,92.671661
166.599533,38.046322,60.658596,92.695839
170.019547,38.780193,60.339188,92.996056
173.457214,39.165482,58.042160,93.463692
173.803711,39.322723,58.026688,93.308487
171.128555,40.144295,57.808952,93.649208
170.805740,39.841366,55.473225,93.749336
171.390030,39.520275,54.327709,92.437477
167.692169,39.500988,55.363720,91.484695
166.157028,42.972805,53.694931,90.547905
165.299530,47.398849,52.161541,91.490005
163.250427,50.094711,52.912434,90.614571
160.764267,50.919353,53.020721,90.392830
152.489792,52.749851,55.445545,86.683952
148.631622,52.139133,54.252209,87.005630
148.663071,52.391308,53.582829,87.759247
143.512283,51.749504,56.225418,86.561623
141.874680,50.254887,53.378471,87.579666
140.760117,49.385849,54.396984,87.567940
140.406998,48.913139,53.215004,88.555092
139.395584,48.309975,52.719128,88.520935
138.742538,48.697502,52.702709,89.403046
138.438293,50.298519,55.045555,86.202080
143.419220,47.823181,54.837250,86.607216
145.697311,48.308743,56.188084,84.552132
152.053024,47.617260,56.046143,84.211678
154.869919,46.646664,59.379662,80.587021
160.526108,46.780518,55.455364,80.489700
162.433792,45.222786,54.384190,81.202011
166.008438,42.817360,54.199566,82.163811
167.267685,44.068584,53.962368,81.672852
169.816940,45.893745,52.840443,82.616074
169.983139,49.823528,52.847179,80.168121
170.224106,53.345146,51.980839,80.186089
169.084961,59.532074,51.509960,77.275131
167.848175,63.629536,50.628883,75.517593
167.246002,66.458794,49.549812,75.589600
162.157761,68.025696,50.517227,73.447495
158.321747,64.777611,49.672565,77.007561
158.423416,63.893967,49.143097,77.616592
153.587341,60.987286,50.046791,78.825851
152.372772,61.419079,49.184029,78.740929
147.353897,65.088303,49.071785,77.358986
146.429718,67.056099,47.581593,76.388657
145.927170,67.942703,46.266712,75.867157
143.374268,66.856445,46.053719,76.050110
141.683868,66.028015,44.975548,76.745575
140.948730,65.578293,44.703880,77.070457
139.603729,64.712357,44.758331,77.279434
136.010147,61.491970,47.205132,78.809036
133.906235,59.121719,48.815605,79.273354
132.701508,58.585972,47.323536,80.614189
129.320892,57.759304,46.870544,80.758163
