1
149.874283,46.407978,83.688690,102.548668
148.337708,46.904453,84.000862,102.982162
144.325302,47.815079,83.227509,102.999596
141.448639,48.292381,82.078667,103.214165
138.148941,47.522827,81.697655,104.678413
137.773972,45.864681,81.249046,107.135803
136.912094,44.864807,81.299126,107.089050
136.125259,43.441879,81.254303,107.419769
136.080627,43.341137,81.399521,107.393692
130.616547,40.862442,84.448082,107.045967
123.429962,38.042786,84.150421,109.273109
115.712402,38.973385,84.057518,109.245552
113.231873,38.516232,83.683632,110.720947
112.348091,36.321758,81.079315,112.183418
110.944580,35.590805,82.602280,112.325714
111.090469,35.578331,82.922165,112.273903
110.732971,35.757439,83.611259,112.188667
112.001503,36.438835,82.671898,112.886795
112.185524,36.724693,83.438606,112.760841
113.740585,38.514259,82.875038,113.541794
114.767921,42.778942,82.256042,114.501389
114.990196,43.427906,82.355042,114.915321
115.070450,43.672260,82.658066,114.712090
115.677505,44.862709,82.817993,114.944489
115.918869,45.022636,82.946030,114.975273
115.920387,44.991776,82.961342,115.152588
116.220230,44.639381,83.268440,116.036209
116.972649,41.567810,84.696770,114.898643
121.793922,34.260117,85.327087,112.987198
127.564636,31.702097,82.911720,112.435524
128.855484,29.490595,82.596397,112.412567
130.792542,28.307718,83.103676,112.609985
133.046906,26.431925,83.723618,112.579559
135.797394,26.529541,84.547363,113.236160
140.241135,30.965010,83.753487,112.342606
140.656723,31.149773,84.698341,112.305786
140.915848,31.216946,85.025551,112.509819
141.212234,31.327890,85.527435,112.870003
141.290604,31.063086,85.910851,112.992920
141.212585,30.931358,85.996918,112.907516
139.162659,30.086512,86.494865,113.455688
129.892578,31.060013,85.845100,114.657997
123.313583,32.840618,85.899567,115.200676
116.856529,33.394302,85.657593,114.743225
113.050911,33.825584,86.519226,114.050949
111.030281,34.869019,86.830429,114.594048
110.616440,35.387215,86.982056,114.660057
109.514000,35.908829,87.064835,114.546295
108.895187,35.769695,87.886742,114.808182
109.028351,35.224907,87.524765,115.305336
109.264572,35.313484,87.949875,115.401787
109.300430,35.322540,87.947365,115.457199
109.416588,35.299736,88.051788,115.500465
109.604103,35.570690,88.529366,116.063087
110.095306,35.137043,90.762733,118.233421
111.360176,36.774055,91.155945,117.475929
112.810844,37.774593,91.681183,116.859665
113.942535,37.938164,91.576744,117.557518
116.315483,36.024734,91.939384,121.530052
118.659370,35.100010,91.396042,123.493828
123.530083,34.139217,90.638596,123.815544
127.148697,34.300503,91.164391,122.031746
127.411186,34.172318,91.437248,122.156593
130.278046,34.250423,89.987312,123.023445
129.986404,34.614185,90.140129,123.856346
130.523254,38.097771,89.644066,118.983215
130.673477,38.313957,89.888985,118.728561
130.739456,38.524929,89.926529,118.882690
130.853729,39.812599,89.644569,117.957771
130.838165,39.951916,89.818695,117.788162
130.871964,40.088734,89.777016,118.129547
131.419174,38.562401,89.660919,117.487534
131.539886,38.645008,89.943329,117.391312
131.438416,39.106766,89.893181,117.243156
131.174911,40.573994,89.732681,117.029846
128.027252,41.820049,90.929733,115.636948
128.020187,41.976711,90.941650,115.963943
126.908623,44.129208,91.276329,113.351158
126.959618,44.250473,91.442650,113.415894
126.559624,44.294838,91.305527,113.534706
123.610626,43.193279,89.568268,114.301834
120.221901,39.281490,89.285782,120.219917
119.233665,36.820095,89.039421,123.282104
119.474342,36.944954,89.430748,123.452194
118.326958,37.743862,89.575066,124.033524
118.008545,42.831886,89.239517,120.273521
117.349136,45.910019,90.277328,118.696655
117.445633,46.530865,90.686783,119.300552
118.194405,50.078697,90.699539,119.422607
118.282295,51.300014,91.687912,118.061470
119.853668,45.807045,88.409210,130.951401
122.432137,46.170547,88.032272,130.012100
128.313843,43.963673,86.534744,131.274307
134.050812,44.598183,86.471619,126.070236
141.926895,45.303856,79.647507,125.246872
144.631500,46.580734,78.331985,126.329292
146.921143,47.323555,76.688652,126.519150
147.860687,47.155926,76.884705,126.649261
153.339859,48.172401,74.867737,125.733459
154.146118,48.206455,74.572250,125.814934
154.826279,47.141674,74.751587,126.770981
154.283737,47.419903,74.702347,124.845757
153.860596,46.969254,75.450539,124.407646
151.655579,49.937244,75.207809,116.849274
150.739426,51.400723,75.560806,113.764656
150.912888,51.294640,75.388748,114.902824
143.814514,51.941448,76.141052,113.288734
141.569534,52.688332,76.714714,112.564316
139.955612,54.019123,76.807014,112.035561
135.678802,54.544365,76.205246,112.047150
128.613968,60.487572,78.329330,106.836777
126.733955,55.303658,77.131577,111.091766
126.993469,55.419140,77.292747,111.524597
125.296707,54.866722,80.123154,107.010880
125.551620,54.497913,80.237503,109.105110
125.880142,54.806820,80.253929,108.737839
126.005844,54.883801,80.389275,109.110893
126.050636,54.975800,80.472649,109.474503
125.989426,56.561611,80.417953,108.224792
126.100204,57.071133,80.360329,108.281593
126.275551,57.352131,80.435783,108.433678
127.059837,57.529018,80.779587,108.191200
127.970222,57.475712,81.430740,107.229683
128.695923,57.351933,81.358521,107.595184
130.847992,58.395103,82.144073,106.336685
136.440811,57.485390,83.216393,106.611168
137.805740,55.675442,83.363281,107.619667
141.859665,54.944580,83.812561,106.917160
144.524536,52.916183,83.295227,108.454735
144.676910,52.973015,83.484062,108.419632
145.141312,53.144253,83.069504,108.422951
145.605789,52.971024,83.490845,108.440491
145.647430,52.962776,83.430557,108.422279
145.701614,53.009659,83.443916,108.427788
145.733368,52.396683,82.995712,107.851227
145.230621,51.168449,82.130463,108.021873
144.908737,48.760654,83.024414,104.775146
145.612839,47.745804,82.105560,105.535995
144.890671,46.767605,82.230011,105.918549
143.662064,45.764107,82.087425,104.493103
141.333633,47.700268,81.256256,103.239021
141.069565,44.703373,79.571281,106.085701
139.238861,49.049259,78.354767,104.380333
138.355408,52.802345,75.159729,101.978371
136.815323,52.504425,73.393173,102.971703
137.068619,41.443481,70.953773,109.156425
137.490723,37.535290,69.928307,111.370636
137.204590,33.387737,65.739021,111.287086
134.071701,35.929539,69.293137,103.918365
134.505325,35.756695,68.782028,103.615112
133.758301,36.036404,68.091690,103.799370
134.436691,36.551609,68.191360,103.151138
134.610443,37.152645,68.220413,103.277969
135.144424,41.607731,67.159775,101.825729
136.321823,48.874699,66.245461,98.919495
137.606339,53.360176,65.479378,95.111511
138.952759,52.729099,64.311050,94.990501
142.799454,51.342663,63.175488,95.278511
143.238739,50.510876,63.109776,95.226387
143.508072,45.151508,62.191742,95.510841
144.791489,43.313751,61.873409,96.090530
145.038651,38.110847,61.903965,93.811989
145.713913,36.944851,61.471367,93.727821
145.124084,35.706207,61.197296,93.954185
143.841995,37.163948,60.952694,94.054283
142.337402,37.533001,60.677990,95.690842
141.971207,38.812943,61.095524,95.032852
140.639587,46.888962,61.115223,94.993393
139.771698,49.443237,62.859947,92.854462
140.278305,50.164055,63.414459,92.426659
139.827942,50.632931,63.710838,91.390831
139.378891,46.551502,63.751007,91.735863
139.641068,44.954494,63.803070,91.059540
139.193253,36.831142,63.938423,92.859039
138.283569,34.554085,63.726990,91.352242
138.441269,34.600063,63.901718,91.433273
137.287323,35.167915,63.496365,90.766869
137.019592,37.045624,67.643723,88.042374
137.795074,37.983398,67.451881,88.214081
138.587250,39.176353,67.504654,86.187187
139.422882,40.065422,65.576218,86.972275
138.297348,48.066231,65.379799,83.050545
133.984573,50.784397,65.398621,81.542503
131.434967,54.025261,63.318615,80.006714
127.723793,55.313248,63.589062,79.640289
124.507904,55.369362,59.722500,79.584778
124.342476,54.857494,59.884377,79.444626
122.062126,54.582054,59.147678,79.198639
119.281281,53.017334,57.600342,79.607399
116.848106,53.642567,56.487724,79.071800
116.937401,53.631836,56.367626,79.346664
117.557266,53.582462,56.007450,79.230293
118.950996,51.312088,56.018787,79.818222
122.939232,49.597958,56.276760,81.173416
126.847755,43.331245,54.735218,87.127144
132.929184,40.502216,53.802193,87.657043
133.759995,36.064720,52.829193,93.048927
133.657547,35.126629,53.942844,84.221771
132.941879,31.976141,67.478775,85.204918
140.234711,35.185440,61.594780,87.609146
142.668411,37.375381,62.457867,87.873962
148.744156,35.406063,62.731972,87.547935
153.313950,38.347866,61.351822,88.237549
155.677338,39.108631,61.576305,87.394569
158.369919,40.825829,61.509598,86.668610
158.718979,41.269630,61.928993,86.836388
159.582031,41.909668,60.960823,87.049904
162.947571,47.286373,58.792183,87.741432
165.850250,48.861259,57.244751,88.556602
166.973083,50.101341,57.546085,90.007408
168.565765,51.132748,56.971539,89.557655
168.703690,53.286053,56.840839,89.419983
166.245346,53.758961,57.924484,90.268578
161.408936,52.599976,57.768730,89.977005
158.029053,55.348663,57.633785,90.570175
153.813568,55.723991,58.694294,90.505836
149.445557,54.680260,58.536613,93.050705
143.410461,53.321136,59.425934,93.567871
142.875565,51.731647,58.817211,94.171898
139.244461,50.471008,60.777550,93.854736
138.745270,49.837559,60.520432,94.187012
138.850967,51.017292,61.709621,98.150040
139.171051,55.017456,63.012596,98.990501
140.209595,54.655647,63.434193,98.983620
146.333725,57.466625,63.193398,102.454704
150.596451,58.508915,63.337364,98.295776
155.746658,55.935524,64.137871,99.248810
160.570694,57.028812,63.715466,100.606033
165.864441,56.058487,63.872204,99.766373
169.949875,58.266289,63.194012,100.163887
171.058884,55.500446,66.541626,98.967163
172.829468,55.818424,66.456879,98.915512
174.143341,57.198822,66.297615,97.956192
174.468979,59.477718,67.409180,98.552589
173.670731,60.938805,67.432487,98.748032
172.821289,62.274555,66.868393,98.531898
170.123428,64.984573,66.123985,97.807335
168.948120,64.796288,65.861160,97.921188
168.482773,64.544838,64.395073,99.220665
168.460251,64.545258,64.401215,99.306480
168.460464,65.499565,64.122391,99.014099
167.481476,62.832355,65.231575,98.307251
171.028458,62.085022,64.341812,99.040611
172.339279,62.134567,64.042503,99.460831
172.775635,61.181686,64.671333,99.932709
177.562729,61.474258,64.095360,100.543724
177.695572,61.627144,64.407906,101.618782
177.737198,61.824005,64.458916,101.970871
178.105667,63.424274,64.199486,102.338043
178.231232,63.506149,64.439056,102.474892
173.144485,63.793808,65.512543,102.134727
171.381317,61.435673,63.530899,103.068909
170.904282,60.627445,63.997856,103.141167
168.141891,54.111870,62.198009,106.396164
167.278671,51.828785,62.761868,106.538994
165.463074,47.489117,61.707413,106.923782
165.675308,47.030891,61.867775,106.884178
165.735519,47.071091,61.941353,106.996223
165.952805,47.021660,61.599194,112.551880
165.157684,51.073360,62.065731,113.189125
164.890579,54.471985,62.407505,113.470749
166.733490,58.083603,62.683678,111.523750
168.393753,59.816250,63.470974,112.389076
168.962799,59.204685,64.101929,113.142509
173.268921,48.642879,65.681244,122.081619
173.631821,47.012947,65.936729,122.174622
173.975906,43.119091,68.037231,120.626526
174.516159,41.255016,68.285637,121.027496
174.370636,39.703995,68.146225,120.777260
172.472244,37.187340,68.012314,119.364204
172.439774,37.242825,68.157982,119.547012
170.946075,37.974895,67.708290,119.967224
170.831131,38.644592,67.122429,120.283905
170.680542,39.021130,67.274940,120.332962
164.221710,38.954182,67.375114,118.635796
157.126724,40.009556,67.250519,118.553406
151.627960,40.782448,67.121651,117.541969
146.117767,40.732635,66.188705,117.716461
141.143570,38.974445,65.746002,116.723091
133.096298,39.647396,65.001289,112.173653
130.303421,38.982357,64.226212,111.905968
127.288071,37.837486,62.756878,111.263344
127.307060,38.190872,62.761906,111.560806
125.049484,40.514534,62.197536,111.398476
124.529961,50.179684,61.949596,108.436287
124.893074,57.367615,61.729458,105.597717
125.169273,59.081066,62.155277,103.811150
126.469482,58.724777,62.948864,104.278267
133.598862,60.054081,64.981163,104.540619
141.231979,57.722694,62.151890,108.031219
144.263168,53.683395,69.151955,108.906120
153.652679,53.006142,67.327698,109.063843
154.505737,52.738369,66.749031,109.435921
154.472534,52.668118,66.863319,109.332512
149.059021,50.722569,66.988281,108.193146
144.299744,49.992790,66.925369,106.101479
139.435623,48.962269,66.008057,107.379768
131.210220,52.323795,67.374466,105.999405
122.005112,55.514832,69.756729,102.587784
115.216446,54.390285,68.347458,104.208130
107.606636,50.294220,67.588692,105.565094
101.085228,44.697914,67.774216,107.922295
95.593193,37.352081,67.188622,108.538506
92.175461,32.721508,65.914711,108.011604
92.047028,32.879303,65.728928,108.510147
90.968193,33.297165,65.692627,108.666115
90.206413,38.319283,65.112442,109.204666
88.791656,42.098969,65.162148,109.499565
84.747658,49.218102,65.355286,108.086014
82.996346,51.775425,64.657433,108.123283
76.593445,56.556404,65.785950,104.169861
70.138496,58.722355,64.928337,103.185135
64.700951,58.314224,64.130775,101.689873
61.012253,53.835594,60.977970,101.408897
61.682098,49.705620,60.422871,101.848450
61.954918,47.556675,59.871395,101.189514
65.925514,46.460270,59.732193,102.317345
71.255264,46.008629,59.395191,103.707664
77.539886,49.453529,58.017254,104.774727
79.802879,51.330303,56.917461,105.249672
80.712387,54.321198,56.396038,102.971039
86.368004,58.219566,56.087349,99.879951
90.547241,62.153824,55.253349,98.382706
94.688942,63.109024,54.942329,97.490715
101.671921,58.474567,53.932106,98.567993
106.630165,52.666065,52.478271,103.037956
109.774490,44.975010,53.915894,104.481415
117.554817,39.974594,57.320606,104.156761
124.878181,34.494614,57.863503,102.373238
133.287247,29.744249,57.128521,104.650963
140.400146,35.647907,59.079914,104.891510
139.654327,36.406067,59.725952,105.735939
140.495392,36.759544,60.701969,105.443352
140.707840,37.356110,61.134811,105.217064
141.817764,42.116318,61.837109,105.237167
142.036301,43.120529,62.020077,105.197632
142.264816,42.741821,62.513901,105.519028
142.618790,42.922478,63.012695,105.762344
143.277618,42.775631,63.658901,105.631485
143.697739,42.595451,63.903370,106.015831
144.730804,42.881382,63.615814,106.386497
144.989014,43.000027,64.016159,106.322929
145.268143,43.512272,64.402023,105.976318
145.184204,43.668503,64.451462,105.860207
144.964462,43.599087,64.608002,105.823753
144.679199,43.814407,65.320602,105.291542
144.643570,43.762074,65.471397,105.363899
144.945877,43.031269,65.593796,105.671654
144.855591,38.543198,66.358055,107.154572
146.297821,31.587320,67.591446,106.539558
151.466064,25.383509,70.872406,105.711464
152.208084,25.404478,69.779686,105.976883
155.214615,32.959461,67.454613,108.791420
154.512009,33.930771,66.515594,110.369690
151.475006,39.342842,67.833961,109.686752
152.159531,40.986679,68.157166,110.345772
149.628204,41.379276,68.782120,109.621391
145.544998,39.294365,69.067566,109.456177
145.724091,34.749603,67.689095,110.168571
152.672195,29.706312,67.559410,110.013634
156.548462,26.390594,68.361145,108.831848
160.766983,26.149660,66.177643,108.332626
160.981461,27.041843,65.853500,110.267212
161.760422,28.618608,63.672565,109.903786
157.632812,29.879045,63.143288,109.066780
149.032211,32.992794,64.070190,107.807640
145.424713,33.324596,60.952015,106.632599
135.530685,35.901535,65.555161,104.022644
128.417892,33.132435,63.396275,102.790024
129.283127,30.373415,57.267593,102.951614
127.237083,26.201363,55.890949,100.287605
132.191483,25.315588,55.144669,99.389488
133.449890,27.249094,53.712410,100.824699
132.749954,30.822136,53.750340,98.938324
133.285034,34.556274,53.762222,99.041519
132.877792,35.877808,53.646397,99.099655
129.987427,37.293354,54.452515,99.513359
127.972298,40.569565,54.445820,100.077576
125.385231,40.860840,54.119522,100.096359
121.964729,37.126812,53.697353,102.794456
125.094360,33.998936,55.810055,102.237587
129.628815,32.763077,54.372257,103.191849
128.493469,32.023190,64.292091,103.265327
138.619736,33.561192,62.607265,104.434624
144.702744,33.847538,58.656086,105.894905
149.156860,34.990604,62.555176,105.439980
157.490936,31.465244,61.728004,106.281281
163.014328,29.419014,59.933044,106.327827
165.984940,28.743551,58.978924,106.836472
167.893600,27.858971,58.546234,107.881615
169.160660,27.542379,58.536316,108.223152
169.447556,26.529186,58.769707,108.154610
169.990692,22.741386,58.768005,108.570984
170.051422,22.107939,58.980980,108.191658
168.494995,19.877150,58.700714,107.224152
167.218079,18.876131,58.734962,106.512482
169.452942,22.487131,58.634869,107.682251
163.442642,29.694574,63.803837,101.972336
163.275085,37.996799,61.118271,98.368645
157.796249,41.271912,62.974434,97.721504
150.157974,40.130062,62.450420,94.726303
145.557312,36.274467,62.283894,93.171989
146.849716,33.947300,61.873844,89.324883
152.157455,25.733093,62.102516,86.925636
155.958878,24.366835,62.323208,87.383064
156.083084,25.625072,62.471275,86.663139
156.105804,28.677074,61.964165,87.610146
156.530914,33.561283,62.187782,83.102501
157.620224,34.502865,61.882221,84.036385
157.599976,36.283653,61.733341,84.414192
159.921417,38.865437,60.881886,84.533386
159.769699,40.879951,61.000210,84.222504
164.099426,42.358692,60.941227,84.067162
164.608627,38.098457,60.737141,84.103706
164.052567,36.936756,60.687550,82.737289
172.420914,38.199551,57.020306,83.717041
172.854599,41.145077,56.505096,82.678070
170.533142,46.659351,56.454288,80.405357
166.757690,50.442436,56.522503,77.385399
162.886978,53.507786,56.834839,75.005196
157.997650,56.043961,56.797531,73.160706
157.052750,55.883537,54.440224,73.688156
156.442688,55.054928,54.492580,73.714401
152.581329,52.448936,53.355762,73.347328
149.237717,51.196129,54.135197,72.227921
145.754654,48.961529,53.581638,71.187454
142.932190,47.011974,54.396549,69.641403
139.926361,37.073158,53.937675,76.423637
139.264801,33.953659,53.337841,72.798759
136.692108,34.455257,53.342594,70.508919
136.368301,39.966846,52.220501,71.379677
136.620010,42.060642,52.305138,70.627373
136.471008,45.090702,53.155045,70.893723
134.301331,51.282154,53.374283,69.743706
133.826843,56.650146,51.977581,71.818550
132.622620,56.600315,51.393482,74.574944
132.495834,56.850964,51.300831,75.042618
133.318207,54.768620,52.884056,76.429123
136.627151,55.138218,54.769154,75.941841
140.556351,55.009617,55.739971,75.505722
149.085434,55.514355,56.983170,75.904465
157.088379,55.278282,55.097908,74.224487
160.742218,55.548058,53.463367,73.481949
161.081131,56.547688,53.242466,73.175163
159.978363,56.559696,52.589626,73.747040
160.653183,54.734371,53.219990,77.397339
166.914825,52.745083,51.996841,77.764908
165.099350,51.867088,51.689339,78.248764
165.160828,52.012989,51.956673,78.309380
154.151352,50.776707,59.337971,73.641464
152.799957,45.435699,52.177399,75.533997
154.923538,45.325417,51.537857,74.698036
155.229248,47.391682,51.651073,73.578613
155.093735,48.687084,51.856899,72.816925
154.728836,50.860260,52.384190,72.082077
154.765259,52.951061,52.184368,71.001244
159.392654,55.051510,52.270790,70.562714
160.561172,57.116009,52.740555,69.925613
161.877426,58.198708,52.460640,69.526665
162.865524,59.425571,52.433365,69.200043
164.143143,60.422493,52.163620,68.363457
164.499954,61.151138,51.502121,67.237007
165.707626,61.864254,50.760105,65.929893
164.666687,61.781265,49.484280,64.851082
163.073715,62.650921,48.318054,63.882797
160.246536,62.848412,45.779213,62.052082
157.851120,62.031624,43.461193,60.853817
156.224518,61.776489,43.331284,57.733318
150.481110,62.508362,43.853245,53.489193
146.786316,62.164379,41.865753,53.270676
145.782822,62.204594,41.932606,53.439816
143.861847,61.214577,40.635811,52.441833
142.897125,61.353172,40.740570,52.475559
139.238831,59.271889,41.192825,50.246845
137.603760,60.435165,42.920460,50.943790
137.531448,57.848480,44.372440,49.446411
138.615036,55.628670,45.764915,51.598743
140.171143,54.740734,46.282955,50.943016
140.972443,54.061985,46.650700,50.470654
142.113846,52.822971,49.839508,50.582375
141.814453,52.176991,51.131931,50.817516
141.160660,51.849346,51.872967,49.831993
135.452316,51.669743,52.481289,49.646416
135.405823,50.629833,52.842140,49.654400
135.503250,46.469398,53.411598,50.331787
138.358932,46.428360,53.400398,49.352638
138.014328,41.860397,54.069080,49.366409
138.009781,40.693218,55.097828,49.648766
136.718826,39.147930,56.608963,49.440643
141.237000,35.842251,55.987427,55.482803
139.251602,32.245289,61.185066,51.977600
138.143585,29.747248,63.540051,54.155918
132.168518,26.733433,59.406464,57.417881
131.901169,26.560730,59.528107,57.598896
127.475098,28.399441,64.519012,57.931988
121.348457,28.369507,64.280617,58.470989
119.985138,30.091825,65.039429,59.005352
116.479271,26.398638,64.591461,59.539890
119.192665,27.601301,65.120453,60.141113
119.382423,24.566795,68.300278,58.573296
126.543503,22.307026,70.032486,59.691723
130.375641,18.770014,67.526787,62.171303
132.421234,15.845205,74.801582,59.603550
138.464828,14.894712,73.694473,59.678844
142.159409,15.239529,74.079987,60.333710
142.576508,15.919636,74.006615,60.651733
144.311844,15.545256,79.658669,60.868305
147.987335,15.107565,76.829659,61.928356
148.278152,10.828509,75.308594,63.216007
148.578873,10.188329,75.465172,63.210114
150.190216,10.847606,79.010735,62.373379
154.877365,10.905928,75.012367,62.936901
152.993225,12.862247,71.659180,67.537933
151.608521,17.641956,75.064445,67.730637
148.274277,23.733183,76.807152,67.356834
140.741074,29.534357,78.622124,67.175385
133.451004,32.657295,74.071487,69.584679
127.287750,35.846886,74.108482,70.490570
123.043480,35.487209,67.967476,71.300934
125.173828,36.892601,65.609032,72.128105
124.772804,37.629860,64.379807,74.024712
124.647919,37.480335,62.980003,74.264191
126.559097,39.582397,62.423775,74.803879
131.157730,42.449001,59.583759,75.289536
132.188293,42.327187,59.697525,76.348404
137.268509,43.996681,59.158722,77.660210
140.238815,46.046608,57.046535,79.924950
144.027679,49.052979,57.204395,81.092018
148.521881,52.686584,56.466400,82.233711
152.064209,53.290344,55.144066,82.598434
156.281754,52.725807,54.493893,84.441437
156.294662,48.748814,53.055679,86.525276
156.890945,47.279434,53.327644,86.686325
157.305573,50.005768,53.281223,87.539429
159.502075,51.253124,53.629688,88.948593
160.586472,51.551693,53.578270,89.316994
160.751831,51.096317,54.131290,90.443329
159.102707,47.454170,54.846245,90.725929
155.687134,43.715889,54.931507,92.489182
154.068832,37.196980,54.862846,94.286789
154.060654,32.153969,54.667370,96.450043
154.059998,26.567011,54.855431,97.093842
148.126648,18.741619,55.642586,94.674461
149.741211,19.203289,54.687057,94.857513
139.803848,21.958580,63.798714,93.344315
133.638123,27.111553,67.367348,86.041412
132.076508,26.148064,66.507408,85.977341
132.341293,26.005589,65.402786,85.308052
132.425385,26.073492,64.301529,85.590462
132.298782,26.367086,63.351616,85.523392
131.588287,26.739712,62.918736,85.090958
131.938934,27.621984,60.250755,85.153107
132.633179,27.841335,59.247543,85.593613
136.179626,27.977797,55.893387,85.376007
136.787704,28.719709,55.814926,85.206596
138.960968,33.264351,54.820892,86.811134
139.710327,38.464016,53.665245,86.881165
140.052521,39.316971,53.766418,86.743683
141.106125,41.427898,52.863163,85.449348
139.591736,42.456635,52.697380,88.221565
139.181549,37.594101,52.835312,94.993820
140.299576,26.144569,53.045113,93.394226
147.054184,18.760019,54.232327,90.971001
148.873184,21.105137,55.053143,91.835899
150.334396,27.536247,54.864132,92.114563
150.682129,30.750708,54.025146,91.419106
150.044479,36.787235,53.917103,91.529289
149.730408,37.944817,53.542423,91.535469
149.563782,38.811546,53.663513,91.622620
148.503983,38.879662,53.692101,91.392860
148.110229,38.658253,53.676037,91.140160
148.206802,38.838642,53.791065,90.871155
146.976898,38.669983,52.570724,90.561516
140.321304,37.797600,53.575916,91.282555
137.577667,38.115181,50.762363,90.673256
136.961990,38.692959,48.786816,89.740219
132.033447,41.261715,49.515774,88.546959
125.760452,41.243736,49.421375,87.054749
121.052078,42.081623,48.784267,85.749809
115.546959,41.059929,49.742477,84.448509
112.808662,40.487560,48.559727,84.135384
116.835121,39.131943,48.522350,85.409187
119.644661,36.634811,46.852505,87.559334
120.564041,32.302521,46.879967,87.705696
125.107536,31.243744,48.166920,88.572350
127.371109,36.583691,46.999794,89.870255
129.331024,40.873333,46.983295,90.613335
133.585434,46.409252,47.503483,90.258759
139.915298,47.204857,49.093639,90.160301
146.882034,44.581387,48.973564,90.345863
151.906570,38.732391,46.461609,93.780251
154.326599,37.245201,46.085136,90.507454
156.124725,35.380753,46.785732,87.792816
156.444794,35.530590,47.429455,84.083237
158.298157,35.597672,47.991585,83.775124
160.020966,36.014389,47.613743,83.711273
160.215851,36.164394,47.981937,83.951309
160.539505,36.242222,48.048439,83.691933
160.754181,36.449154,48.474361,83.917557
156.816925,39.138256,50.190708,81.316231
156.357513,39.456097,49.092194,80.779175
156.430054,39.272652,49.317070,81.966454
151.547516,39.271088,48.794205,85.546791
151.194672,39.245098,49.097824,86.036514
149.231476,39.491055,48.821079,86.535194
149.307907,39.207340,49.015327,87.460945
149.092407,36.817131,50.678112,86.330582
149.187622,36.641613,50.900463,86.605843
148.944916,36.768845,50.941250,87.019432
149.271439,36.672405,51.012379,88.054321
152.287521,36.812874,51.179543,89.101837
152.477585,37.016106,51.402756,89.466988
152.508759,37.290859,51.309349,89.477844
153.213577,37.483322,51.200699,89.403244
152.114807,39.150257,52.081669,90.026428
148.760757,42.952888,51.732853,89.784714
148.599686,46.650600,50.766979,90.492584
149.120117,49.105095,50.245754,92.130081
149.123077,52.106510,49.658424,92.927902
145.539215,55.773773,50.080715,91.853706
142.676468,55.802551,49.878868,91.657173
142.662933,55.768093,49.984943,92.198151
143.749481,54.946102,49.788044,92.661705
143.137802,53.188763,48.619545,93.312645
144.210358,47.711395,49.498684,93.386406
146.309341,46.836945,49.449409,92.632568
148.430573,46.636761,49.634399,92.055634
151.730652,48.011433,49.715801,91.999474
155.030853,47.529034,49.293713,92.378792
155.427902,47.683086,49.378254,92.372475
158.478851,48.859386,49.218693,92.327744
160.953262,46.313595,49.239792,95.038223
161.409821,38.210098,49.655273,98.629242
160.250366,37.671391,49.846344,98.566124
156.497711,36.283241,50.081226,98.593681
153.605743,33.580471,49.808155,99.694580
150.526062,34.475208,49.878040,99.187248
146.257172,39.630001,50.288063,98.702339
140.660507,41.529694,50.893166,96.947990
136.040329,42.242340,51.269062,95.567352
132.944580,44.838963,50.653728,94.915382
125.673187,45.519497,53.710621,93.047852
123.888382,48.160450,50.924076,90.868347
123.511536,48.362686,50.700298,90.624046
119.256912,42.247528,51.458553,93.334007
119.469780,37.191624,51.371357,92.706276
120.964233,37.134010,51.064137,92.198860
122.776596,39.363346,50.297165,93.135658
124.724777,42.309345,49.760387,94.102829
129.130707,46.888443,48.956490,93.502327
135.674820,51.620922,48.869530,95.786339
140.301880,56.644150,48.301159,93.513634
146.883194,58.197662,48.256084,93.384285
150.664795,57.008266,47.016541,92.932999
157.470413,51.339455,47.980244,93.871597
164.640244,52.372723,46.669537,93.357208
167.786896,54.965675,47.013004,93.504730
171.179199,59.215351,47.333836,90.771576
172.890823,62.918884,47.615894,88.816437
172.574493,65.599083,49.199551,87.556641
168.250031,67.439011,50.517178,82.710373
163.159988,67.307297,53.030716,79.565742
160.123367,64.872658,52.674633,78.147301
159.728210,62.618565,51.159073,79.005081
158.720596,62.360466,51.733864,77.896141
157.715973,61.740456,51.109798,77.552574
156.444138,60.247478,50.788044,78.251862
156.533051,59.413921,50.467289,77.924751
155.736481,59.704964,50.354610,77.740311
155.163467,60.018597,50.337833,77.904213
150.528488,59.866405,51.243385,77.678146
145.943039,59.257835,51.619141,77.647446
143.917252,61.216240,50.979031,77.275177
143.839844,62.748577,49.909985,77.528648
144.345001,62.297623,48.649269,78.611801
143.379456,60.365406,48.940292,79.674736
145.768494,57.185123,50.429031,80.087090
146.600815,55.966801,50.237633,80.485580
149.258011,55.047703,51.771534,79.321358
154.048706,59.028824,51.206268,79.377968
160.673355,61.048653,50.365116,79.959312
163.750732,65.129967,50.597507,79.544128
164.264130,66.253517,51.595333,80.618111
167.746567,66.515434,52.251339,81.978447
169.029434,65.243019,52.270187,82.132088
171.504059,58.208611,54.573799,86.600822
170.524170,53.035316,56.093422,88.387520
170.383118,51.330147,56.942253,90.267609
171.019989,47.856861,60.212734,88.317596
167.919556,45.820553,63.845276,87.774895
167.508057,43.632442,65.602127,91.098854
165.360718,36.057178,69.046501,91.471970
169.607559,29.242176,73.070625,88.042717
174.521347,31.858509,69.188316,88.899742
174.300110,32.104942,71.410782,88.703224
175.692123,33.132114,74.542221,86.893425
177.953369,32.431774,76.057587,87.354553
178.109863,32.448090,76.480469,87.445786
176.214737,32.181042,76.135674,87.452209
174.055130,32.881123,77.163513,87.413918
172.116089,32.106102,77.124420,87.098503
166.765060,31.070911,78.772606,84.260490
164.028137,31.166191,78.695274,82.919510
160.019791,32.088394,76.868576,82.665283
160.008972,33.654270,76.997620,82.499084
157.470535,37.725285,75.857780,82.455063
153.481903,40.585125,76.244873,82.299034
153.393280,40.364902,75.557716,82.774872
151.049240,38.064808,74.733437,84.280838
150.838455,37.715107,68.607437,85.593102
151.260132,36.154099,67.695274,86.105011
151.798767,31.958347,68.500671,87.884804
148.568832,29.278477,64.515144,88.323318
155.828201,27.564188,65.604980,88.462151
159.559662,31.348238,63.215485,90.085747
162.034821,33.832607,62.756641,90.444817
165.405991,37.641354,60.717281,90.945175
166.608902,38.217876,59.874722,90.787621
169.982971,39.191143,59.456673,90.774025
173.416199,40.023434,57.210190,91.329964
174.041061,40.541233,56.895981,90.968971
171.623718,40.046944,56.534416,91.158562
171.022339,39.525940,54.221134,91.585770
171.447617,39.442314,54.085308,91.426567
167.951675,39.423809,56.019493,89.937500
166.731216,43.143795,54.237328,88.614914
165.952225,47.461159,52.155998,89.025665
164.285095,50.084042,52.175587,88.190285
160.841110,51.446308,52.911861,86.911209
153.950836,52.988064,54.036087,84.808296
150.438965,52.966579,52.904236,84.577515
149.454376,52.450920,52.140026,85.575989
143.160492,52.087532,56.055214,84.031502
141.597153,51.065033,53.569298,84.678734
140.902939,50.645897,54.992443,84.663803
140.460236,49.098644,52.607307,85.795357
139.255692,48.361149,52.330135,86.095245
138.785706,49.488022,51.541546,89.211075
138.904144,49.610313,52.889824,87.494530
143.589706,47.741035,52.736233,87.966789
147.628891,47.498341,54.426105,86.764465
151.771820,47.540195,54.198067,85.525208
156.940598,46.904476,57.431385,85.003700
160.885254,45.153786,53.850300,85.257271
163.020905,43.563557,53.530102,84.336502
167.219757,42.709160,52.772289,84.427910
169.389893,43.926327,51.297726,84.539726
170.697388,46.273663,51.059387,84.383163
170.684967,49.790688,51.026131,82.885162
170.883331,52.964977,50.414356,82.432663
170.311035,59.422333,50.299923,78.704475
169.168396,62.868679,48.608753,77.523331
168.745224,65.444603,47.558594,77.935173
162.848160,67.830406,49.056774,75.972519
158.702042,65.000458,47.890808,79.602448
158.957230,64.204964,47.704536,78.739052
153.842789,61.353615,48.400032,79.112511
153.057144,61.893345,47.156528,79.261841
148.161972,65.992065,47.181942,78.287659
146.979126,68.478386,45.655323,77.395424
146.316193,69.177826,45.204197,77.388443
144.036057,68.380669,44.868259,76.887512
142.539368,67.683105,44.089073,77.260223
142.141418,67.106361,44.342239,77.580887
139.609039,65.341736,44.780918,77.294594
136.004166,62.113773,47.205132,78.809036
133.900253,59.743523,48.815605,79.273354
132.819946,58.656826,47.306671,80.769783
129.447754,57.752357,46.870544,80.758163
