1
136.892380,105.417450,107.430298,221.678055
136.669937,106.457924,107.028275,220.327103
135.355042,106.559105,106.924606,216.946869
134.242233,108.968864,107.553429,204.090302
132.644989,105.599815,107.721840,204.154510
132.005005,105.341827,108.471146,202.699829
131.475616,105.768944,109.280327,200.775543
131.000778,102.721573,109.184601,201.115738
129.498230,91.381927,105.428413,203.766510
122.952965,91.761307,103.785057,204.559753
115.091003,93.779007,100.960434,208.513153
111.278023,94.326050,98.873550,213.995132
108.520119,102.045784,97.766151,210.811050
105.842018,104.611679,97.042595,209.539398
105.189774,105.095032,97.042038,209.888763
103.381439,105.896904,96.453270,210.438751
102.422615,106.015396,96.184433,210.442459
100.444473,107.541489,95.935936,210.096695
100.274734,107.882942,95.947357,210.429794
99.311508,108.488373,95.890816,210.276459
98.547226,109.337379,95.642273,210.388321
97.976540,109.487244,95.335014,211.376068
97.842766,110.823463,94.974976,211.293915
97.722931,111.265305,94.862198,211.425049
96.672279,111.565071,94.757393,212.284180
96.788963,111.796188,94.932144,212.506866
96.799072,112.120911,94.954636,212.924133
96.757927,112.381058,94.978798,212.867798
96.714279,112.504608,94.962646,212.966415
96.686913,112.587440,94.995811,213.257660
96.482796,112.938744,95.114883,213.430206
96.525810,112.824875,95.523087,213.820114
96.588333,113.444672,96.171867,213.977142
96.636139,113.944099,96.603043,213.888809
96.388809,117.865440,97.308594,212.511276
96.082123,117.953201,98.063736,212.864944
95.829117,120.313774,100.243423,211.724564
95.984138,122.912926,100.837074,210.560745
96.254494,126.968399,102.279724,207.474686
96.499832,131.513229,104.193970,203.148499
97.130424,137.349014,105.492462,199.093842
98.674622,144.492447,107.876686,192.695831
99.186844,147.195572,108.673714,190.029663
99.257477,149.816284,109.833832,187.739532
99.758507,152.386948,113.865967,186.553131
101.263283,154.115219,116.507774,185.325073
102.514915,157.290207,119.921722,175.011230
103.170578,155.277206,119.859406,171.735992
106.746925,151.986435,120.902672,175.504578
111.984528,152.281616,122.250862,174.010071
123.343018,152.725204,119.840569,170.603470
135.157761,153.842590,118.712509,170.059799
140.802704,162.170151,122.072334,167.016647
139.008682,174.052734,124.495956,163.187195
135.247620,181.993347,130.780914,161.371689
135.776016,182.496521,130.104248,163.827255
144.661407,194.772781,138.686554,165.123993
136.738861,189.723572,141.518311,165.190689
132.291000,188.016113,141.459045,164.992157
130.469833,188.518814,142.210297,164.295181
126.246902,189.454025,143.851822,160.526947
123.853783,186.681747,145.501099,160.056442
123.213959,185.343506,145.971008,160.056778
118.510864,180.503433,149.018860,161.061050
118.700134,180.356369,149.446869,161.473480
120.709839,180.500076,149.498795,161.644653
122.402153,179.619095,149.217514,162.528488
122.171242,169.672699,146.020233,164.353760
124.384850,166.029999,144.308838,164.344910
124.482620,166.011536,144.421707,164.351028
124.672012,166.032913,144.311295,164.111389
124.716026,166.210541,144.442627,164.421478
124.771736,166.265518,144.435623,164.452347
125.005363,166.345535,144.503342,164.428192
125.250267,166.381805,144.936646,164.427719
125.233170,166.407455,144.929794,164.372604
125.268631,166.549911,145.048233,164.368347
125.718758,169.035843,146.751816,164.022552
125.665100,170.373932,147.336578,163.685730
128.728485,175.157150,149.660461,162.174683
131.943100,177.600616,152.174164,161.494492
131.290894,178.375793,152.326447,161.817505
132.360107,178.579910,151.317017,160.907181
133.983643,181.645859,153.099457,162.252762
134.435165,180.132156,154.011673,162.339905
131.297394,178.499191,154.650879,161.258331
133.220627,181.060211,155.861984,161.073410
134.234634,181.117859,156.583572,160.976624
133.166031,181.066757,156.007095,159.662491
135.288773,184.076965,157.309860,159.092224
135.295670,185.833389,157.604538,158.487732
134.862244,185.988937,157.236115,156.953156
133.237671,187.840836,157.672379,155.025345
135.035370,191.720718,158.396118,154.144135
134.374771,192.407730,157.250809,153.272430
137.738144,197.202560,157.305771,154.386368
138.223907,193.407425,156.963425,155.877380
139.233658,195.411942,159.475494,158.395798
134.366852,189.301544,158.462021,160.883911
133.124786,192.631088,160.589798,162.965393
133.759598,194.950882,163.208694,162.663437
135.357971,191.309952,162.053772,164.530701
144.181412,192.127518,161.195541,167.655960
155.201004,199.592468,161.620285,169.339462
146.948074,184.888809,160.613647,167.643265
150.249435,182.720261,160.227814,166.634674
148.730774,182.542023,159.763702,166.251236
149.740082,181.631393,164.347122,167.907623
154.034439,179.875244,168.187546,171.798859
153.671982,180.101273,169.432205,178.436859
155.753632,181.170364,170.563934,180.554504
151.126343,175.209366,169.622437,181.984741
151.876572,177.184998,170.898315,183.468582
150.020615,177.935577,171.360352,183.233871
144.498932,177.736099,170.430588,181.814438
143.659729,178.485001,170.706116,180.588699
142.650620,180.945114,171.093628,180.373932
139.985657,184.586441,172.165146,179.738647
135.477112,183.506927,171.816040,178.546799
132.945786,186.045670,174.338516,179.008942
135.360565,191.413589,182.847656,184.518173
137.387161,189.127838,185.135376,183.791916
137.994888,180.983749,186.202881,190.451447
137.787933,184.272690,190.304962,193.407639
137.945663,177.150665,191.621948,195.566635
142.593750,179.372345,196.400040,197.618118
146.730911,178.347748,198.165070,199.089111
146.223648,178.482132,200.529922,199.857208
148.551315,176.295654,201.502045,201.399689
144.107254,171.808121,200.945175,201.187744
146.008667,170.596710,200.766815,201.726288
145.416077,169.433502,203.391617,205.771561
145.523087,168.555801,203.830383,206.795074
140.446808,166.286636,205.394974,207.245010
141.246628,163.376968,207.117126,208.030838
137.955078,159.517014,206.401871,208.431503
138.974747,159.254120,207.014404,209.050964
141.505066,161.307404,207.728485,208.150818
152.090454,161.996063,208.085098,209.445114
174.348831,165.981628,205.126404,213.023727
173.842972,162.186661,203.144531,216.322906
176.632858,163.711029,202.624329,218.109100
179.559082,164.346786,201.358017,218.830093
180.422653,164.516754,200.899109,219.454987
180.704193,164.447159,200.821075,219.679977
180.454971,164.491653,200.818481,219.902191
180.383682,164.472885,200.738647,219.960800
188.079346,165.153214,199.096451,219.553146
193.313873,169.071930,197.868561,218.821701
195.467209,169.356735,197.202042,218.652496
207.040176,172.326965,194.791672,218.520248
213.717514,173.174805,192.376144,219.371124
2
0
0
0
0
1
93.707939,163.152069,124.938271,140.439468
93.910767,163.090836,124.787453,140.661987
94.003883,163.246674,124.918015,140.958389
93.638504,162.916321,123.882721,141.404144
93.741966,162.847183,123.419739,141.454269
93.427559,162.508270,123.065437,142.994736
94.487923,162.901245,121.479408,143.687866
94.611366,162.881424,121.380356,144.004654
102.846184,153.792328,111.987289,145.500671
104.011108,145.867554,104.209045,149.468887
103.005280,143.475464,104.018654,153.646133
103.365028,144.144012,103.878845,155.177780
97.944351,147.183258,108.182846,154.047256
97.476868,147.144577,107.908852,154.016785
94.176933,148.300613,104.100349,152.452057
91.632820,150.054565,103.550812,149.835495
90.419136,153.056824,104.390160,150.438187
87.305893,154.768585,105.168251,149.306091
79.627861,157.680801,112.347610,146.991791
72.634117,166.894196,122.647560,145.343536
70.584198,165.104996,120.630951,147.103241
63.405365,164.333832,131.904495,141.797134
56.234581,145.700195,130.591324,142.136673
56.341026,149.858368,129.484222,142.306168
53.575771,153.054764,141.800552,142.210800
51.472305,150.129654,154.845261,149.198105
50.434189,147.765808,153.954803,149.393524
48.588306,141.063049,157.222916,155.082504
43.725235,122.600731,153.574387,176.443573
42.572212,122.367447,153.934555,176.468246
43.528694,122.094139,157.760345,185.903885
43.518406,122.261330,158.570755,185.508484
42.069534,116.639984,160.354385,187.005203
42.126621,116.981979,160.676376,187.252304
40.157776,107.469093,158.989075,185.354080
40.885056,106.888878,156.769958,185.088867
32.589424,107.215614,170.954514,180.159210
32.347027,89.310158,168.338364,195.693985
32.688622,77.264977,158.254547,197.681763
32.782768,77.476830,158.449860,197.807968
34.431698,85.262558,158.773529,189.340622
35.278618,87.358353,157.300690,186.732864
36.207039,89.915916,158.519577,184.202469
36.566799,91.027794,158.433121,183.239105
37.071716,92.145187,158.012543,179.066299
39.481770,91.731133,155.172028,178.876480
40.759567,92.087914,153.872406,178.445511
41.089867,93.113419,153.430817,176.975708
41.251442,95.587639,152.944168,172.383728
40.974743,101.778419,154.172333,164.552444
40.755226,103.787308,155.041138,162.353058
45.665691,115.645485,155.079163,150.578949
52.173855,115.145454,154.133820,151.133438
54.639202,116.526428,149.316971,148.463715
55.539631,116.239700,148.906189,148.307663
56.076660,116.647102,148.556671,147.598312
57.003647,125.779778,149.779251,141.414139
57.213360,126.244858,153.401810,139.654999
57.295547,126.781403,153.446426,139.207199
57.309780,127.135406,153.491135,139.282379
57.437069,127.393471,153.334366,139.300552
57.488903,127.496315,153.413010,139.393112
57.275166,127.206497,153.472473,139.086136
57.768005,127.415230,153.055557,138.829498
58.630569,128.209183,153.022827,138.013214
60.330441,128.773331,153.256546,137.852783
61.095772,128.940521,153.271713,137.810150
62.879505,128.654297,153.562561,137.728622
66.322227,128.016373,152.542725,137.856903
67.823463,127.812744,152.945923,137.688477
71.948051,126.103470,153.564545,136.702148
76.017090,124.973053,155.319809,136.033417
78.217621,123.769905,154.585709,135.518768
82.868431,123.741302,154.389618,133.085037
84.057922,123.097923,153.997345,133.384109
85.515381,120.586876,153.347916,134.279510
85.605415,120.677383,153.431488,134.433838
85.636093,120.710838,153.424194,134.442047
85.637672,120.689766,153.434235,134.345047
85.682549,120.744308,153.439087,134.424484
85.709473,120.782448,153.424179,134.442062
85.827011,121.243401,153.508057,134.414642
86.523232,121.897537,153.691971,134.512634
92.084694,130.741058,153.192963,133.398453
92.202820,138.635635,150.784775,128.800964
89.077202,143.130188,149.285934,126.983849
85.605476,145.870789,146.632538,125.741455
85.739487,147.236862,146.580643,125.716003
91.066261,153.037140,146.250473,126.146729
92.187538,154.677002,146.460129,125.572205
100.816895,164.725616,146.709320,122.710037
107.902298,166.280563,147.032120,123.982414
114.632622,158.884933,145.337601,134.696014
120.444099,152.505890,143.631454,150.302567
132.909729,143.769135,134.653091,154.371338
144.635941,139.231674,129.492081,153.855392
149.569519,139.229919,127.973274,155.108551
150.641174,143.256470,129.491043,159.087540
137.466797,134.170166,132.375656,169.664078
129.422821,137.475586,135.651398,163.575714
123.173904,128.359787,136.984589,163.916321
119.186928,118.421753,142.926971,167.895523
115.656525,118.322639,147.164337,168.204193
111.505814,118.926926,151.544296,168.022156
109.653412,118.923233,154.153122,168.003540
108.701752,119.327843,155.643646,167.980545
108.432014,118.732727,156.524048,167.966339
108.666313,118.750015,156.922470,167.927612
108.443245,118.921814,157.139709,167.224594
108.576324,119.041321,157.429092,167.381851
108.621292,119.084015,157.378281,167.310013
108.678474,119.179466,157.422226,167.427826
108.626984,118.675613,156.319092,166.958878
108.079453,117.588913,154.834854,166.885788
108.176399,117.604118,154.740250,166.722778
108.302658,117.743195,154.923462,166.928040
108.245453,117.786217,154.891052,166.936371
108.565414,117.758217,154.852600,166.988113
111.011818,118.670868,155.212433,167.118393
118.289154,121.969612,155.411499,166.692612
129.242233,132.470749,155.740387,166.306595
136.491425,140.811478,161.099548,163.514496
139.283630,141.709641,160.850037,163.545593
135.703583,145.267761,173.919373,161.754440
136.703064,147.494156,183.324951,156.749222
137.278458,147.414734,183.426453,156.923248
133.125198,152.535431,194.911865,160.298462
137.606476,149.604767,199.762543,165.118729
155.577011,152.359055,201.811493,163.777740
170.677841,158.136047,203.030396,161.220673
202.613708,165.473419,203.514542,155.965714
224.567169,160.539978,195.298096,160.184814
251.758575,171.201462,190.857620,161.517456
