1
152.076324,95.235954,19.990789,47.485077
151.600266,94.775375,19.857456,47.840614
150.199249,90.620338,19.763124,49.022552
148.974152,87.538239,19.317230,49.989990
149.060974,87.527023,19.483810,49.992561
149.086319,87.428093,19.515064,49.913399
149.608047,87.426750,19.982542,50.151974
152.198807,87.756615,20.965633,48.525810
152.802490,87.405563,21.088303,49.939983
153.913071,85.805649,21.781523,49.928669
155.104416,83.794006,21.627007,49.868050
154.651718,83.644043,21.904102,50.282494
154.043381,83.632103,22.097618,50.629776
152.121338,83.094261,22.689241,51.485874
151.083298,76.979019,23.406385,52.879070
146.782425,76.895973,23.674995,52.431602
141.768997,74.734627,24.016029,52.425632
137.420013,72.216484,24.366673,54.112762
132.499710,70.980301,25.211500,53.934807
130.228302,69.804802,25.708355,53.784882
128.272980,67.697792,25.872963,54.136658
126.215767,65.832253,25.545668,53.926327
125.759315,64.163765,25.586914,54.090649
125.475327,63.788044,25.943108,54.449650
125.583878,63.701633,26.124281,50.951984
127.357048,63.711746,26.287746,48.890972
129.511093,63.946095,25.950468,48.057167
132.406677,63.954285,25.668503,48.720139
135.986679,65.915726,25.085724,47.974709
139.369354,68.487000,24.215223,45.627579
140.730820,68.821060,24.208738,45.594879
143.341934,69.011322,24.428696,45.556385
145.150757,69.891861,24.093061,45.724945
147.469803,70.541328,23.643787,45.814743
147.400009,71.681297,24.057800,43.756001
147.599213,71.828262,24.482216,43.880985
147.752686,70.082336,24.444519,45.634209
147.781357,68.824066,24.148821,45.847099
148.037338,69.241760,24.404181,45.337669
150.801651,70.101761,23.472649,45.155590
151.152771,70.598328,23.673933,44.898636
151.255493,70.571480,23.927246,45.007256
151.223587,70.656265,24.004601,44.790928
151.586594,70.369965,24.471817,45.017593
152.885452,71.041901,24.174032,46.065266
154.126465,71.005684,24.161211,46.486359
156.368607,70.656364,24.217554,45.724522
157.825546,69.379997,24.407660,45.211975
159.265305,69.447678,24.265139,45.552864
159.097534,68.622078,24.149853,45.962883
159.088135,68.667511,24.422647,45.868645
158.189713,69.129196,24.221478,45.908440
157.706100,69.111160,24.200264,46.261292
156.468765,69.068672,24.232983,46.812199
153.522430,68.795502,24.163589,47.674545
150.302200,69.382744,24.881422,49.625580
144.922653,67.903481,25.592426,50.963585
136.985931,65.464523,25.767103,52.548656
129.672119,63.384773,25.146929,53.834133
125.296806,63.764355,24.532095,53.628288
122.762505,63.699108,24.411205,53.716263
122.030624,63.707829,24.231277,53.862938
123.090340,64.106010,24.483751,53.727325
123.526611,63.375256,24.918087,56.421871
127.317162,65.943550,26.326763,55.206604
131.872925,66.698112,26.979120,54.855255
136.202530,64.027916,26.155355,54.418991
140.231918,64.284920,27.024359,53.599949
146.668488,63.196041,27.367142,54.265583
153.380737,61.801865,27.247066,53.581001
159.099167,61.069431,28.397625,55.194027
163.599396,60.788586,27.648214,55.322407
166.615463,59.754719,27.515545,55.046741
167.847885,61.508785,29.984575,55.241302
169.128128,56.850807,34.671967,56.325062
166.369980,58.931801,33.665462,58.497421
164.358185,59.683144,35.446346,58.622200
163.916504,58.174255,34.770679,59.994301
163.516312,60.922905,35.213318,58.539001
163.803818,60.425743,35.427174,58.678410
165.314743,61.949562,34.566147,57.759930
167.340775,63.691837,34.390705,57.717422
167.829666,65.556053,34.692112,56.019093
170.017334,65.666321,35.063858,56.159481
171.760269,66.213112,35.071495,55.943222
174.893967,65.843712,34.723320,55.092194
178.285751,66.391823,34.496227,56.162640
179.610901,65.932350,34.016941,56.613182
180.053757,65.978020,34.357418,56.245617
183.330948,66.325714,33.999615,56.241360
184.366028,66.518013,33.896278,56.484695
184.205963,66.153755,33.990635,56.499043
184.213043,65.899025,34.038322,57.373333
184.581772,64.857712,34.480156,57.229248
183.375839,59.289772,34.569340,58.376312
177.364258,55.489731,36.306786,60.416901
173.588898,53.255444,35.823074,60.517509
170.854828,49.836891,34.770794,61.228550
169.895279,51.038280,36.476311,60.871918
169.084686,50.885952,36.851700,60.389290
169.403687,50.468048,36.924618,60.574532
169.845108,49.431637,36.796429,60.986465
169.836136,49.275738,36.792789,61.068138
169.798813,49.367733,36.797619,61.350460
171.453369,49.599327,35.360069,61.279972
171.572037,50.246815,34.853310,60.519020
172.011688,50.830269,34.461433,61.199989
170.839401,49.781410,34.458233,63.030941
165.535965,51.315136,33.624947,61.584625
164.231796,51.499195,32.860500,62.265324
162.595001,53.778927,33.743511,61.546265
159.681381,54.535595,38.057114,64.978813
158.001999,54.606888,37.835197,65.373932
154.121658,54.166519,36.054726,66.033997
150.334641,52.898247,36.343132,66.524292
149.721436,53.239002,36.653313,66.415909
145.910828,52.348293,36.561638,66.583267
144.914536,54.403370,35.910072,65.251366
145.872391,58.057133,35.700813,64.864777
143.416946,58.223282,35.369797,65.602715
140.650970,60.667694,34.943699,63.970448
140.089142,61.095715,34.804291,63.699226
140.688568,60.605068,34.672279,64.689529
140.077606,59.196396,34.423615,66.589714
140.993317,62.041348,32.662697,66.073303
147.104675,63.276794,33.023457,63.927490
153.295502,65.334160,33.826077,62.505459
159.886841,61.629642,32.317711,65.266426
166.168076,59.517147,31.584064,63.619354
168.276016,63.042454,31.992399,61.352295
172.749207,61.763866,31.118200,59.648262
175.423141,61.624996,30.553770,56.262627
181.111465,63.889713,30.788542,53.044369
184.325516,63.874805,30.239498,51.662842
188.629715,61.979820,29.499899,50.354408
191.532562,62.904842,29.424412,48.795673
195.587082,62.668602,30.004797,46.956638
196.608795,63.142517,30.709587,45.232433
196.434525,62.198742,31.005621,45.796471
192.334641,62.975342,36.816959,43.968472
181.801315,65.322777,36.511463,43.316917
171.558899,64.111237,35.616627,44.243065
167.238831,68.808739,35.607838,43.790459
156.356705,75.016830,37.627289,41.573711
150.140518,75.228859,38.993992,41.398102
142.685776,74.902267,38.203709,39.785301
141.900620,79.078186,37.823975,39.090912
138.332748,80.778450,35.452797,39.239815
137.820938,83.075150,34.620121,38.703651
139.208221,81.621315,34.447853,38.019386
141.047516,80.052711,33.474266,38.430824
144.996490,77.447174,32.660690,38.683384
147.049850,74.939232,32.668957,39.233021
148.039963,75.007927,32.945580,39.702206
148.222885,74.715462,32.905956,39.826843
148.288208,71.322662,34.329575,39.592880
146.749344,68.623917,33.513222,41.295574
147.043304,68.269753,33.699146,41.626118
144.085098,66.716759,33.427811,42.077618
142.715500,66.117767,32.952911,42.628006
140.686798,66.051910,32.702454,42.707226
138.036469,65.860916,32.612408,42.728134
132.264679,64.769821,32.301472,42.832275
127.420197,65.246101,32.304710,41.681206
124.510368,66.152885,32.043579,41.381805
123.269569,66.782410,31.858839,41.230476
125.290955,66.532295,31.188681,41.316742
125.487190,66.661354,31.449039,41.495804
125.699509,66.504837,31.379034,41.381660
125.734352,67.662811,31.284134,41.136791
119.532761,66.810310,31.487246,40.828201
116.617851,65.620155,30.757029,40.023895
123.247757,63.789513,29.307056,41.298744
122.285889,61.948185,28.994223,41.131546
122.996918,63.281082,29.167486,40.541946
124.330254,63.628181,30.581244,40.401939
123.859451,63.856823,31.812862,38.991020
122.343445,65.059898,34.069942,38.088726
118.956566,66.916672,35.017677,37.780293
114.193260,68.743240,37.004902,37.269459
108.746552,71.502968,37.116901,36.683861
106.149170,75.237465,36.067963,37.622120
103.618660,76.615326,36.175110,38.165478
105.684311,76.490997,35.115185,38.507748
108.216454,77.395424,33.297531,39.096195
113.655792,80.681015,32.738594,38.730339
117.747437,81.582672,31.519882,38.773098
121.734428,82.572746,31.068142,38.161346
124.513412,83.380470,30.099806,37.927567
127.062973,83.472160,30.099113,37.377213
129.805420,84.238045,29.751757,36.828609
131.616531,84.203796,29.473370,36.160446
134.878677,83.427803,28.830381,36.136177
136.562744,83.621826,28.563332,36.380730
137.070541,83.560486,28.873899,36.442581
137.290649,83.475708,28.775694,36.400822
139.691879,82.362480,27.440117,35.617298
139.712051,82.572227,27.485687,35.978123
139.783401,82.682442,27.461912,35.925831
139.621216,83.391571,27.588018,35.464207
139.904877,83.530281,27.832518,35.323505
139.968887,83.911621,27.138042,35.076675
135.683228,84.794533,26.613659,35.966587
133.355530,84.578857,25.798647,36.016972
133.465607,84.712334,25.950375,36.517162
135.109116,84.690300,25.731228,36.561008
137.714569,83.107269,25.088242,36.309769
139.161987,82.239792,25.289869,36.510468
138.628418,82.036308,25.045692,36.633953
137.866714,82.256424,25.451578,36.761871
135.342316,82.877518,25.619488,36.559536
134.509872,82.857712,25.436693,36.811924
134.562347,82.952950,25.443190,36.985390
134.592667,82.962868,25.482569,36.968864
134.106888,82.577591,25.339676,37.101421
132.336823,80.606850,24.918339,38.267094
131.142242,80.200157,24.449409,38.036335
130.300674,81.351540,24.589190,37.840065
127.392235,82.320702,25.040901,38.431755
125.641365,82.694656,24.926939,38.815201
125.809349,82.851135,24.883791,38.902512
130.964615,83.617195,24.380154,38.110798
136.496475,84.872299,23.032305,38.217640
140.930771,84.719223,22.471279,38.656078
143.313034,84.425652,22.026093,39.580395
143.616547,84.666649,22.476717,39.991707
144.371262,84.072113,22.448202,41.228493
147.417740,84.976562,22.926329,41.028606
152.306534,84.903130,22.145294,41.436142
155.497803,85.067207,21.772306,41.284096
158.383530,84.654259,21.222759,41.535564
159.273895,84.043602,21.360023,42.352337
159.860474,83.551506,21.405251,42.391079
160.284317,83.382965,21.116154,42.921131
160.722382,83.589256,21.383137,43.174004
161.016663,83.248642,21.233831,43.713329
161.351578,83.761040,22.252134,43.688740
161.480103,83.895699,22.409040,43.996109
161.052383,84.019157,22.467482,43.995811
160.972366,83.743416,22.208969,44.795692
161.874420,83.864410,22.235594,45.285618
164.191055,85.258133,22.606899,44.137867
166.281219,85.468300,22.508799,45.193382
167.855225,84.251099,22.815994,45.906479
168.697266,83.973770,22.906506,46.245781
169.927917,83.110115,23.164921,46.466473
172.101700,80.282707,23.420813,47.037621
172.365555,80.031700,23.564747,47.553528
173.269028,80.027534,23.812765,48.440727
174.440506,78.048370,22.952261,49.541626
174.393936,78.320168,22.985743,49.870747
175.056763,78.261955,22.828028,50.284901
174.189377,78.667412,23.050840,50.377853
174.104904,80.379669,23.490042,49.873074
174.079758,80.358238,23.295382,49.952980
173.911942,81.045753,23.529287,50.072643
173.390045,80.970856,23.972504,50.525368
172.630844,82.556694,23.379822,50.005867
172.354614,84.336143,22.872820,50.070213
171.663742,86.451134,22.887140,50.079041
170.399261,88.209557,22.684265,49.855728
169.135269,88.769051,22.691235,48.405651
168.959900,91.297157,22.649939,45.351402
168.042862,92.923752,22.789082,45.965508
167.401520,94.111633,23.077099,44.380592
167.226883,94.728706,23.386463,44.022240
167.241226,95.302429,23.485147,44.029518
167.429047,95.770203,23.356779,44.089546
168.675674,95.620598,23.384628,43.712276
170.029160,96.478874,23.207527,42.125019
