1
153.246246,94.154160,18.986460,50.946358
152.668274,93.557617,18.833824,51.658730
150.504044,89.233521,19.102171,53.344997
149.195450,86.499962,18.731434,53.909737
149.329758,86.538795,18.989634,53.973591
149.338318,86.528275,19.003353,53.948078
150.678772,86.438988,19.656889,54.169888
152.797440,85.363998,20.627060,52.205750
153.242554,85.199478,20.885111,53.046875
154.048004,84.362495,20.981853,53.050053
154.807449,83.563194,20.804209,53.307774
154.546387,83.477211,20.994516,53.591995
153.597015,84.441948,21.296955,53.899170
151.480713,83.517967,22.119101,54.296795
151.376450,80.511642,23.046833,55.469093
147.219330,78.965111,23.273863,55.420322
142.596054,74.927879,23.928017,57.640881
137.809586,72.281685,23.895260,59.909630
132.808136,71.799599,24.827843,60.349255
130.342209,70.108948,25.282543,60.799294
129.005066,68.739517,25.590988,60.909492
127.302330,66.157379,25.223492,62.365433
126.210594,64.926399,25.486435,63.622849
125.792854,64.066536,25.992403,64.198257
125.588669,63.026901,27.097195,62.637875
126.074509,62.280079,27.438789,62.787941
126.305603,58.692074,27.390015,62.649330
126.813454,60.361801,27.268373,63.030380
131.328308,63.603413,27.609550,61.504040
137.395325,65.818626,26.988554,59.494965
139.210953,66.478699,27.044258,59.397438
141.026306,67.191620,27.678787,60.145344
142.312119,68.275017,27.689148,60.833633
145.909683,69.265457,28.193060,60.536301
145.874451,70.518326,28.204121,59.454571
146.021088,70.524406,28.488596,59.477226
146.397110,69.225578,28.271624,60.928181
146.783600,68.351250,27.315390,60.879471
147.211685,69.380074,27.422537,60.232880
148.079773,71.495590,28.188328,61.050018
149.218063,71.679970,28.859196,61.268269
149.108231,71.628098,28.730761,61.590008
149.240097,72.054939,28.994892,61.952412
149.631912,71.882011,28.912918,62.155617
149.708176,72.047325,28.999947,62.483196
151.254684,71.274155,28.369349,62.980766
154.317520,70.833107,28.888720,62.383381
155.721390,70.506630,28.734467,65.201958
157.409286,70.646393,28.389988,68.367920
157.449829,70.477280,28.475945,68.238914
157.448715,70.614960,28.486204,68.459053
156.971512,70.058914,28.294954,68.574959
156.828247,70.407707,28.403229,69.029907
155.416870,68.805611,28.053541,71.707504
153.068619,68.875130,28.928078,72.655785
150.195084,69.133728,28.851936,73.868660
144.612671,63.772820,29.644829,79.890839
135.247238,62.752659,29.929409,82.235931
127.268303,61.894657,29.057087,83.356758
123.297012,63.895588,28.457668,79.005440
121.540344,63.249847,27.869892,80.567795
121.211716,62.733292,27.646555,79.665230
121.339249,62.978165,28.083405,79.843422
122.231606,61.324593,29.490332,83.083427
126.461052,63.605530,31.030390,81.934616
131.783875,64.445641,33.731716,82.402893
135.896332,60.547543,32.719002,85.788612
139.603561,61.724495,34.601341,84.509415
146.019623,61.714020,34.478153,88.132256
153.823837,63.931717,34.868713,89.638138
158.463486,62.545540,35.108238,90.273857
162.745026,62.695770,35.395725,90.371712
169.696976,62.930828,35.787552,90.010345
167.968826,68.091309,37.284908,88.105827
168.196640,67.546745,39.596764,86.579147
168.247559,67.558968,40.217125,87.065598
165.543457,69.185120,39.544899,86.799652
164.016815,66.665382,38.815857,88.648354
163.874634,68.779846,38.864590,86.371895
163.318741,66.157501,38.350502,87.677109
165.684113,66.768707,38.443760,87.759407
167.447998,66.892441,38.478333,88.354927
169.101364,68.967110,38.523819,87.520088
169.430420,69.160225,38.994179,88.051804
170.567383,70.064728,39.103928,89.560211
172.336395,69.243073,41.484985,90.096413
176.948349,73.552391,41.870171,88.030739
180.154831,69.221321,41.277344,90.296928
179.833847,69.684746,41.580208,88.179855
181.706940,67.953926,41.743496,89.555626
183.232224,67.257828,42.266705,91.292694
181.890152,65.871536,42.067852,90.911041
181.839035,65.688278,42.704704,90.761337
182.029114,65.160240,42.919552,90.532455
181.577148,62.103722,43.072247,93.783974
176.547592,60.906605,46.696789,94.149834
171.932632,58.686249,46.755119,95.165535
169.732147,56.954193,46.457024,95.804138
166.810059,56.452465,46.120430,96.118507
166.135086,57.371426,47.860569,94.185791
166.065277,56.450489,47.790466,94.965561
164.177628,56.443798,51.153904,94.205185
165.279388,52.297707,50.896881,95.623611
165.302780,51.892864,50.554913,94.036003
165.829605,51.942722,50.676697,94.377090
166.176208,51.921432,50.970928,94.413208
166.160019,52.497627,50.969353,93.806465
161.454590,53.434586,58.061512,95.592773
156.321167,57.048138,57.683487,93.548691
155.609100,58.684093,57.731213,92.249954
153.403229,59.939713,57.005093,90.117271
151.840851,60.142391,57.230698,90.255867
148.593185,61.847946,54.114624,89.887764
146.456711,66.382095,52.306217,83.581711
139.929550,66.133255,54.677212,84.735329
139.229797,68.875450,56.054081,83.178566
137.800919,68.534546,56.141491,84.013458
135.571243,71.042122,56.727310,82.477982
134.789444,71.763657,57.267105,82.140640
130.795639,73.343658,56.455307,82.848068
131.113235,77.018860,55.749084,80.431763
128.284805,76.592499,56.119919,80.465675
127.999809,76.862877,56.532379,80.444901
128.233093,77.132568,56.911877,82.584541
129.999161,77.550201,57.237305,82.836159
137.216797,74.909103,57.676533,82.876160
138.037094,74.731308,58.028000,82.675018
145.986694,66.475143,57.943348,88.079399
152.515167,68.107178,58.965851,85.162407
153.269272,68.240875,58.573074,84.770432
156.979050,65.663101,64.229202,87.141212
161.419312,64.695770,65.084915,87.591827
169.495483,64.946747,66.365044,87.684685
170.340729,63.657448,64.961418,86.148682
170.397034,62.294758,64.940788,86.463722
170.681366,61.433674,64.587357,85.251953
172.048431,60.602634,64.868927,84.829391
169.811279,60.426373,64.529800,85.017479
169.820526,60.603554,64.792862,85.665466
174.532364,58.820610,65.571800,86.612686
168.886856,58.345749,66.068436,87.900352
159.414368,58.315105,67.457382,87.413834
149.577820,62.011749,68.935448,85.346786
136.853622,67.985229,70.235001,83.328476
128.409149,69.707474,70.998672,82.213478
126.098465,70.352028,70.547234,82.909409
121.904762,69.397369,70.713127,83.968254
119.875854,70.251762,70.650948,83.994965
114.406815,71.922813,69.121017,83.223801
114.732246,71.942024,68.407021,86.383751
115.538673,71.321800,68.357384,85.982742
116.132545,69.434647,68.683640,85.747108
121.148705,65.575409,68.659027,85.340599
129.083588,65.815514,68.435310,83.919228
129.039764,65.629730,68.407974,84.127815
128.193726,64.296013,68.596771,84.808823
126.467072,64.125237,69.029884,81.759117
124.176346,61.440357,69.419083,82.008163
124.591499,61.532806,69.064735,82.128838
125.193077,61.935562,68.569336,82.236702
124.922783,62.085499,68.414482,82.578400
117.949501,61.097439,69.181000,82.682487
110.698128,61.628597,70.428291,81.702980
108.514267,62.271461,69.839378,81.050621
104.051613,63.900730,68.077995,80.369415
98.390694,64.097137,67.359352,81.264725
96.665596,63.043503,69.315155,82.662415
95.070961,62.629433,70.780083,82.201355
92.607872,62.503719,71.436340,81.915695
88.077408,61.315517,72.107773,81.924385
90.061478,60.016613,72.634720,81.207855
90.698845,58.158607,74.735001,76.659370
96.770004,54.082294,71.655579,77.207062
97.869347,55.580879,70.179260,75.222206
98.843948,56.942417,69.881638,73.855492
102.234985,56.665207,68.365547,73.513107
102.377998,56.826141,68.328850,73.935104
102.013756,58.082535,66.113724,74.946449
97.951950,61.794849,67.755859,70.634178
93.315781,64.386444,67.642303,71.354164
90.354965,68.253212,65.339775,73.035522
86.308800,71.693428,62.629498,73.274864
81.773262,68.703346,60.939251,76.647530
81.843132,68.204941,60.751713,77.877960
87.966599,68.983292,60.541313,76.796700
92.780899,75.202675,60.990822,71.795837
94.800575,72.219292,61.109146,73.431915
99.150978,71.536766,60.925163,73.400841
99.691078,72.190689,62.010937,71.097107
100.144188,72.491829,62.392082,71.250053
104.683624,74.862106,62.626949,67.523308
106.468491,75.480431,62.682961,67.050529
108.298058,75.798500,61.840668,67.408653
113.906090,76.307739,59.320282,67.617165
118.895355,78.185043,56.486584,67.937424
120.241699,78.003822,55.288246,67.868645
122.947510,78.528511,53.374939,67.645531
123.572464,78.811172,52.090752,67.787010
124.391739,79.012909,51.101765,67.813194
125.243881,79.149246,50.564846,67.792496
125.295822,79.988396,50.540970,67.692581
125.971878,79.892578,50.105911,67.952766
125.767982,79.950836,50.141804,67.086899
124.635490,80.288925,49.996872,66.460953
125.018524,80.071358,49.245068,66.447403
127.129257,80.236786,48.646267,66.065948
129.647888,79.037621,48.147213,63.971268
130.082764,78.907181,47.411335,63.474247
130.397186,78.569870,46.614067,63.478531
126.898064,80.083794,47.800125,61.533569
126.639763,79.723312,47.634857,61.851006
125.047981,78.870430,45.479317,61.550255
124.972336,78.022652,45.259064,62.488533
123.838966,76.925644,45.112541,62.489426
123.190865,77.514862,44.918816,61.327366
121.041779,77.947273,44.520653,60.464149
120.932068,78.009575,44.838020,60.338642
119.472786,78.985687,43.483173,57.420162
118.941475,79.238358,43.254570,57.407906
115.259125,79.535484,43.188122,57.480591
113.913643,79.685677,43.222469,57.729935
117.419022,80.274170,44.058731,57.987682
121.851433,80.850601,44.655804,57.735054
125.604759,81.577545,44.722744,57.453381
131.265152,82.131981,42.659565,57.378319
133.892548,81.832703,42.261707,57.152935
135.308502,80.771111,42.037399,57.543461
137.424164,81.264626,43.960617,55.635551
142.611664,79.896500,43.366089,56.358356
145.618027,79.855049,42.557217,55.952862
147.654678,80.330505,41.517715,55.457714
147.945724,80.600327,41.900780,55.077312
148.311020,80.573143,41.966873,54.919727
148.347366,80.605202,41.974209,54.964981
150.681015,79.418419,40.440147,54.969231
152.811035,78.906067,38.723457,54.823009
152.948578,79.077629,38.976048,54.886353
153.518417,79.122612,38.095493,54.976028
153.895630,79.137802,38.227398,54.785934
154.926239,79.234512,37.170372,55.036343
155.389435,79.084152,36.766647,55.951920
157.153992,77.827332,36.496792,56.099777
158.337814,77.633369,35.164490,56.941750
158.804886,77.700089,35.485035,56.608162
158.933533,77.791313,35.406597,57.053913
161.503769,75.377655,35.056705,57.738129
165.535629,71.774902,34.278831,58.600121
167.157898,71.684402,34.003860,57.225922
168.299133,70.500389,33.847191,58.381752
168.950592,68.357880,33.496407,59.441086
169.292206,68.140472,32.668102,59.619888
169.453522,68.314697,32.988781,59.981079
169.273361,67.971352,32.854576,60.370766
168.732712,68.030777,32.682903,61.261520
167.800690,67.209671,32.274822,61.913792
166.608337,68.636604,31.951504,61.849480
165.571777,69.306465,31.827862,61.444996
164.391602,70.114357,31.964415,60.836987
162.967957,72.190460,30.454880,60.225624
163.671005,75.022079,30.207247,58.711819
163.921661,82.224327,29.163933,55.863781
163.305466,84.687080,29.369293,54.027512
163.517212,87.981476,28.859232,51.353916
162.574127,88.576828,29.171898,50.878433
162.800308,88.873009,29.398508,50.560863
162.942749,89.801292,29.180016,50.344368
163.103577,92.034943,29.425512,47.665665
164.481461,92.782486,28.256681,47.096001
166.083862,93.361992,27.615654,46.682629
168.173660,93.194443,26.052908,46.691780
