1
163.101929,12.640044,53.756935,171.123138
162.545853,13.456201,53.390553,170.960953
162.625015,16.512796,52.704922,170.217529
163.275879,17.419004,52.395496,169.846298
162.756882,18.697290,51.850681,169.866043
164.006546,20.676836,51.485851,168.177185
163.634460,20.871901,51.008568,168.283203
163.465958,22.784286,50.009659,165.542374
163.802246,23.033060,49.822845,165.998642
164.240372,22.306742,49.323395,166.725342
163.425156,22.382980,48.539024,166.664169
164.319702,23.521317,48.619434,165.744888
163.165314,24.612947,48.593533,165.086487
163.754944,24.543566,48.871872,165.511276
164.658508,24.792099,48.750893,166.045731
164.885178,27.039623,48.193871,164.854111
166.046982,25.810907,48.203606,164.394012
166.032898,28.381941,47.252983,162.010071
161.187073,32.000057,47.236206,160.479904
160.899597,33.542957,46.483246,159.938660
157.847122,39.657585,45.647739,156.715759
157.592758,39.707642,45.737484,157.174301
156.286331,44.891487,45.085194,156.833435
156.731094,46.169235,44.639690,156.647827
156.624893,47.140301,44.879246,156.415466
157.802719,49.939922,44.259872,153.245804
158.235641,50.011269,43.952324,153.741745
157.529343,50.783592,43.030720,153.022766
157.993317,53.698063,42.576294,151.036163
158.005905,53.454941,42.836582,151.415298
158.356766,55.816925,41.982113,149.244858
158.242233,58.723183,40.814121,145.509949
157.742966,66.464066,39.420807,138.437744
159.998505,63.538662,38.656937,138.984116
159.250305,64.411888,38.730328,138.312378
159.280014,65.110474,38.781704,136.618393
159.152786,65.390640,38.674465,135.567261
158.401642,69.355515,38.866253,129.650757
158.938126,77.589775,38.885471,120.181938
159.339737,78.503113,38.793514,117.232208
159.863983,83.107643,40.060249,113.314651
162.982986,85.561569,40.266731,111.806953
161.903076,83.225296,40.470184,112.562668
161.419830,81.594879,40.575642,113.680748
162.357742,76.665321,41.020367,115.131142
162.177078,74.778938,40.970005,115.658043
161.129181,72.582024,40.746693,116.356827
160.333649,68.976074,41.048519,117.607147
159.305557,64.887756,41.357208,118.957985
159.040695,66.180283,41.399529,118.650017
157.382523,71.702660,41.293091,116.847702
157.776886,73.885658,41.499123,116.068436
156.946228,76.835426,41.806072,115.316963
155.779205,85.716225,42.256310,112.098724
155.891663,84.916466,42.521549,112.980377
154.000946,89.699188,43.173561,110.477844
154.693222,92.830383,43.503601,107.411415
154.940247,92.854897,43.981667,107.428551
155.241516,91.295944,43.947853,108.000214
157.841553,88.514229,44.114204,107.029572
158.961304,87.061951,45.086300,107.191696
160.443481,82.867142,45.703083,106.980698
160.587082,82.865196,45.991478,106.972816
161.427780,79.783302,45.993294,107.883125
164.270111,75.237061,46.134953,108.847816
167.928467,66.322525,46.213242,111.297607
171.397629,56.083473,46.689182,113.553322
172.093185,54.856506,47.072197,113.877708
172.358047,54.498341,47.641743,113.877914
172.050964,56.207840,48.618347,113.594177
169.647369,58.800964,49.622005,111.974663
166.081192,59.166996,50.669769,112.294807
164.849121,55.975235,51.224884,112.598755
161.205276,60.081314,51.037773,113.355591
158.014877,64.574890,54.064877,111.853294
159.438309,54.738937,54.449379,114.317902
160.316574,42.066673,54.375343,117.174744
161.479828,45.060982,55.086185,115.104660
164.668594,43.995934,56.731510,115.703613
164.571594,43.421547,56.993755,116.208778
165.811646,41.939930,56.991383,116.810524
165.576187,42.550022,57.037876,116.373390
165.656235,43.120079,57.433449,116.124535
165.688171,43.308132,57.471607,116.449806
161.615128,42.117371,56.835487,115.858971
161.338760,42.135242,57.021774,115.632492
161.638275,43.486710,57.430752,114.134392
161.664215,43.654556,57.475033,114.441475
161.593338,43.890537,57.840675,114.021080
161.068604,38.593674,57.250439,113.512505
161.130920,38.824680,57.404949,113.702110
161.026627,38.413177,57.542332,113.732483
154.431381,46.171291,58.872482,110.989075
154.561798,46.296452,59.023121,110.986679
159.298859,48.901833,61.054905,109.256462
159.528320,49.096180,61.585373,109.375931
160.334732,49.781254,61.941769,109.733696
160.587143,55.631020,62.180954,108.040367
159.450470,50.890781,62.863487,109.017944
155.848541,47.121826,63.853733,105.612450
156.076843,47.618919,64.258301,105.576004
156.000732,47.872974,64.513763,105.735397
155.161926,46.488903,64.869560,105.450890
155.074341,38.233135,63.441582,105.096260
151.068176,21.629023,64.431015,105.886948
151.968582,27.464077,64.469971,103.388618
153.352982,25.624025,64.617920,98.837845
155.890045,31.097347,64.259224,96.887825
157.389771,32.144791,64.771027,96.297966
157.931290,32.775307,64.652847,96.384285
158.193878,34.106880,64.847626,95.996849
158.103989,33.592865,64.765755,95.754433
155.843948,34.276825,65.220543,94.682793
158.665100,34.197796,66.160759,91.540802
158.949905,34.265179,66.484016,91.637779
159.018082,36.475151,66.621056,90.616325
158.746384,40.970455,66.465729,88.858070
158.367676,44.522079,66.311714,88.012123
158.523483,44.913788,66.450859,88.342842
158.732224,46.133995,66.353394,87.171585
158.466370,46.377064,65.959671,87.567955
157.865067,46.477642,65.641891,87.982704
158.467728,45.470005,65.906540,87.488228
158.811813,45.564610,65.646210,87.323944
160.342636,44.895248,63.769173,86.090950
160.184402,44.516438,63.867767,85.364937
159.878052,44.755909,63.969738,84.962845
159.853653,44.795776,63.965645,84.759010
159.330673,47.360317,64.332367,84.517303
163.013535,50.061756,64.344124,84.630074
163.661407,53.825264,63.916187,85.074715
167.054047,56.806900,64.936668,82.748383
165.173279,55.640572,65.279526,83.425087
164.234360,55.447323,65.749153,82.257912
164.675537,56.007591,66.324203,81.731682
159.701920,53.976810,67.661896,81.419678
159.107758,51.384987,67.296326,81.088928
154.480362,45.724064,65.505013,81.332230
153.503937,46.028698,65.186302,82.196342
153.388458,45.868294,65.221992,82.561981
153.881317,44.818230,64.129234,83.071960
159.819931,42.947704,62.570278,82.129715
160.414093,43.082413,63.522366,81.834763
158.898758,44.154739,64.270973,81.998604
157.636032,50.228031,66.426933,80.230911
156.531876,51.796856,67.023521,79.295692
156.567581,51.986362,67.848343,79.246681
155.963257,53.172070,68.356773,77.805847
156.089493,54.186401,68.737793,77.313919
156.220718,54.295845,68.950050,77.432129
154.303131,54.601040,70.142891,77.235184
154.601776,54.749710,70.423409,77.495049
154.613419,54.737740,70.463722,77.578720
154.715591,55.000481,70.387886,78.006340
155.661102,53.467873,70.669563,77.884331
155.733582,52.635826,71.032799,76.494392
157.841034,52.295784,70.816673,76.901466
159.580292,52.593021,70.787209,76.465187
159.618454,52.464527,71.015617,76.451744
159.017273,52.919044,73.633469,74.961227
158.722092,52.694286,74.001038,74.753281
157.627106,54.017109,74.113556,74.117989
158.876846,54.820145,74.076347,73.581932
159.013245,55.647511,74.200569,72.502945
153.274384,64.408516,76.667816,68.912102
152.726349,68.501564,76.991402,68.377640
152.283081,70.061562,76.873970,67.304390
150.842896,70.357536,76.605896,67.560974
149.052353,71.264633,76.681305,67.346085
149.135574,71.124016,76.918182,67.581734
150.119797,71.258339,73.868942,67.427429
151.605545,70.300064,77.942856,67.145798
154.355301,72.213272,77.120377,67.549393
151.984375,69.593842,77.194672,67.485016
151.052170,68.411095,75.187035,67.429466
155.367935,71.687737,75.599586,65.781929
153.482254,70.925941,73.198524,68.669487
152.868851,70.656372,73.373024,68.796120
152.900925,70.755905,73.370476,69.045845
152.963974,70.983177,73.463707,69.470055
153.071579,70.923950,73.400826,69.320625
152.391769,69.513390,72.996605,69.849678
152.206528,71.703781,72.301888,70.137115
150.421844,73.200508,71.628899,70.507744
149.676910,67.172539,70.667755,72.608994
148.379379,76.334366,71.652229,71.470734
147.172150,75.055710,69.679680,73.022789
150.772049,79.937050,70.389709,71.055771
149.797821,79.942566,70.138100,69.025314
152.799667,81.886200,69.526215,69.307564
153.173645,81.494843,69.873718,68.989670
153.466797,80.994553,69.829849,68.739006
153.543015,81.321709,70.004890,68.862022
154.304550,80.101250,70.279633,68.520966
154.567993,80.814819,70.424408,68.293785
153.373856,81.199905,71.685036,67.197014
153.288467,82.057785,72.158134,66.446007
151.770004,82.235817,72.554764,66.652939
152.285187,81.526413,72.551010,68.334328
154.001221,83.023262,72.060829,68.068558
156.378448,84.832802,71.377762,67.938957
155.359970,86.965584,70.718826,69.535820
154.612686,88.755081,71.053757,69.341454
150.962143,90.731041,73.943756,67.932137
145.631042,88.172508,73.490273,66.775093
141.766602,87.926888,73.980507,66.228729
139.420258,84.559265,71.959198,66.360786
140.585770,82.021317,70.499374,70.125580
140.797791,80.974251,70.190643,71.632446
141.225235,74.432068,67.898346,74.880356
141.353134,73.608444,67.060219,76.369225
139.191345,66.080185,65.578941,79.328773
138.821976,64.005867,64.406792,80.499657
141.040237,61.285877,62.153793,84.049599
141.863541,58.517635,60.192924,84.015205
144.281586,58.344360,59.047031,85.179680
146.065125,59.477036,58.940796,86.240776
152.214523,59.145397,54.898849,95.273827
