1
171.813263,24.646393,41.924801,165.572495
172.142487,25.113529,41.258003,165.194763
172.040100,25.550135,41.295776,164.883331
171.296417,25.316866,40.782276,164.286194
170.350510,25.875111,40.359222,164.457489
170.583389,26.985645,39.522858,162.680206
170.025970,31.182041,39.364616,157.055267
169.417450,32.861858,38.353428,154.438934
167.027298,32.849976,37.818161,153.816330
166.644608,33.272949,37.755383,153.609558
167.194138,32.647556,37.831509,153.415726
167.203445,35.544586,37.661346,153.028076
165.928802,42.251232,37.862957,150.206665
166.125916,44.014706,37.881760,148.999298
166.546616,42.424770,37.619896,150.427917
165.436752,44.534912,37.034462,149.170990
163.958313,44.446480,37.319744,149.446548
163.930573,45.049931,37.419823,149.469879
163.748428,45.380203,37.480057,149.353577
162.889160,49.435211,37.380657,145.562988
162.130875,53.916759,36.856976,143.763672
162.135468,55.048447,36.627922,143.547455
161.821030,55.192104,36.710907,145.169983
162.069229,57.353943,36.166733,144.477997
160.577194,58.611382,36.093235,143.198074
160.495682,59.265087,35.928131,142.390259
160.451080,59.590118,35.873871,142.284241
160.140854,59.270718,35.620548,142.095764
160.521240,60.376625,35.915932,141.061432
160.703171,59.755974,35.773060,140.899414
160.596115,61.326965,35.778973,139.813705
160.747452,60.165630,35.887691,140.018890
161.544403,68.267540,34.556583,133.783188
163.096512,65.228386,34.645416,134.562683
160.578506,68.902092,34.249630,130.080704
160.881104,67.643044,34.696617,130.133987
160.797363,67.514503,34.888241,129.444534
160.517990,68.945892,34.989532,127.848473
161.070297,70.667953,34.780197,122.389084
161.215134,73.312157,34.654526,118.659241
160.634613,73.953430,35.263821,116.972282
160.823837,75.069458,35.352493,113.897697
159.334961,77.019791,35.302902,111.398224
159.499908,77.320610,35.877003,111.241646
160.965591,79.402695,36.209400,109.568825
160.678925,73.349373,36.277641,110.832458
160.152527,67.944176,36.306332,112.527817
160.119995,56.963074,36.111320,116.172295
159.453354,57.014984,36.366211,116.732399
159.160675,61.855019,35.628731,118.030647
155.159042,70.874756,35.779720,116.577576
155.554535,70.581100,35.847195,117.584229
155.553162,71.823097,36.070850,117.786339
157.004959,70.269508,36.757179,119.478981
156.389816,71.934624,37.001137,119.137207
155.712738,79.517540,37.492298,119.021904
155.780304,84.198837,37.851223,115.684288
155.865646,86.429375,38.378014,113.282730
155.062500,89.884094,38.524544,109.714752
156.875351,85.293755,39.718147,109.469963
157.788666,81.967567,40.168022,110.551277
164.318100,75.363380,40.387459,111.163803
164.889755,75.025314,40.757290,110.944405
166.881851,67.669411,41.337029,113.826004
167.275269,69.224953,41.740784,112.986145
171.784332,61.486748,42.266972,115.116600
173.557175,58.396664,43.140022,115.636810
175.837830,50.590214,43.496384,116.695023
174.904922,50.857609,43.983788,116.154678
173.456833,53.021721,44.372360,116.249054
168.241119,57.909000,45.068687,114.414452
168.869263,54.355831,45.411514,115.622147
167.904739,58.896820,45.575962,113.998711
165.547729,60.507751,46.055260,112.975281
157.978058,66.330070,49.343105,108.972656
159.120361,68.431763,50.794979,106.283623
156.510681,65.580559,51.432594,106.915001
155.372635,65.406937,51.853569,106.334763
155.124954,62.475239,53.351582,109.210579
154.337540,58.998440,53.299843,111.556374
154.571762,59.234127,53.471058,111.874382
155.245956,60.241341,54.010052,110.956841
156.472076,60.222839,54.763474,110.951126
156.870865,59.774467,54.972134,111.148895
156.888550,59.860149,54.998501,111.433891
157.040985,59.130219,54.946938,111.160782
157.319641,58.883080,54.637661,110.653397
157.770401,58.165916,54.858921,111.451714
158.407059,54.950626,55.245720,110.471481
158.417847,50.224998,55.875237,109.547821
158.504028,50.154449,55.967438,109.865837
158.082367,43.389503,55.662239,109.675873
151.792908,49.066986,56.740604,106.442650
148.913422,56.285477,58.116302,107.082634
153.131561,54.877525,59.447632,105.750130
152.926056,55.140327,59.669373,105.745483
154.109528,56.553925,60.220203,105.583801
158.933701,63.384926,60.639816,102.360863
161.450729,63.820290,61.490017,103.177986
156.962280,53.377457,62.039837,101.909531
157.609955,54.230877,63.727772,99.557777
157.688171,54.956482,64.104507,99.031731
155.113022,51.867168,64.190994,98.661163
154.541733,46.681850,63.930950,98.462036
152.698288,34.913609,63.726151,99.672821
152.800064,35.393627,64.092361,99.683105
151.491959,34.392437,65.648659,97.593987
149.735397,39.643639,66.867188,96.410583
155.590179,38.450634,67.785782,95.970032
155.752167,38.504707,67.928711,95.944450
156.724167,38.958576,68.116653,95.258301
156.918015,39.099857,68.461624,95.395790
157.018250,38.218281,68.600426,93.448669
158.659561,39.629921,69.452148,91.898842
157.772964,40.931103,69.682671,91.011917
156.977203,42.726719,70.191849,89.986176
154.770599,48.520668,70.332787,87.165993
152.294662,51.870560,71.428169,85.711281
152.726639,52.231922,71.200287,85.745964
153.440201,52.469597,71.463623,86.095428
153.510452,52.519554,70.895020,86.508102
152.878159,51.394768,70.394524,87.292816
155.430893,47.156902,69.455025,87.029694
156.066711,46.978470,68.550514,87.138199
157.873291,43.109608,66.866936,86.187355
158.097641,42.864468,66.762245,86.119202
157.946472,43.948349,66.979500,84.667992
156.766724,44.066364,66.963737,84.576118
156.688507,44.440632,67.102402,84.807297
158.877228,48.240795,67.029076,83.410965
160.598068,49.951210,66.533928,81.897820
160.810410,52.600937,68.905426,80.556351
158.745361,50.032639,69.152061,81.895714
155.882065,52.226105,69.353172,78.565399
155.581924,51.896870,69.725716,78.305870
152.773453,48.719978,71.098557,78.510796
152.853867,48.313183,71.664200,79.224258
153.583435,48.129211,71.577461,79.344032
148.046341,47.805260,71.335793,79.906929
148.298294,46.841217,71.125870,79.840515
149.270554,45.696205,71.138931,79.677948
153.985092,45.196938,69.478760,78.252487
157.199753,41.416096,71.843422,78.374802
157.336090,41.192997,74.591469,79.398338
155.410263,46.014721,79.797203,77.872971
154.652527,47.465569,81.666748,77.293175
155.279739,48.139481,82.839195,77.124710
152.464539,57.516258,83.902550,71.345436
153.214157,57.436352,83.157837,71.162674
154.490662,57.788124,82.049759,70.966171
153.291733,57.706955,83.872719,70.821693
155.073212,58.080093,80.990013,70.423729
155.541306,58.573631,81.113258,70.751503
156.388702,59.812149,79.550819,68.991211
156.500412,59.817745,79.828674,68.872704
157.327866,57.999561,79.215866,66.962227
160.325134,58.831726,78.901382,65.838364
163.528000,59.851238,79.028702,65.203079
161.255310,59.998669,79.595039,65.203659
161.379440,61.005482,80.142288,64.667801
161.382446,60.858223,80.597343,64.649467
154.688309,63.672615,81.796921,63.721039
155.379044,64.092529,80.518272,63.642658
155.428375,64.552025,80.900742,63.436657
150.569611,70.901642,81.675476,61.141308
149.999969,71.834610,82.300095,61.062958
149.521774,73.420486,82.566727,60.518101
148.945435,73.964424,82.905449,60.832176
148.481674,74.526642,82.907936,60.882343
147.603989,73.774483,82.710312,61.462204
149.870575,75.533394,79.408531,61.400246
153.940186,76.914650,78.849182,61.760784
160.316147,77.718887,78.192757,61.897675
160.942444,77.300949,78.143570,62.276375
157.873230,76.678787,77.818527,62.716766
158.442780,76.754425,77.650879,63.033058
155.763641,79.552170,77.071999,63.506550
155.590286,79.844147,77.369820,63.913750
150.411331,78.296165,76.473694,64.726318
151.168976,78.448929,76.167313,65.365875
151.095871,78.314171,76.295128,65.316986
151.442062,78.039177,76.273872,65.616776
150.022980,81.046394,75.936432,65.620071
148.813553,81.631638,75.690086,65.805717
148.901855,81.710854,75.970680,65.938148
147.996445,85.449379,76.326744,62.888943
147.984863,83.056023,73.293465,65.500526
152.655945,86.853951,73.481697,65.038971
152.589569,86.928917,73.460175,65.061584
152.973434,87.470444,72.370438,65.534409
152.879929,87.296730,72.348640,65.794853
152.953918,87.399490,72.464195,65.971565
152.752869,87.306900,72.542152,65.882027
152.996933,87.365356,72.964386,65.960457
152.966217,87.466400,72.916397,65.770088
152.887451,87.600723,73.032631,65.851898
152.933456,87.733604,73.536942,65.873535
151.741196,88.028244,74.442413,65.892494
151.902222,88.115334,74.372093,65.952293
152.874695,91.799080,74.101959,64.295845
154.420746,91.786766,73.115181,64.659599
153.668945,94.582748,73.846161,63.881374
151.923386,95.809013,75.108398,63.036427
151.591919,96.077103,75.695145,63.386646
147.263733,95.349274,76.674049,62.669823
146.241119,94.299393,76.185371,63.036869
144.785431,91.357117,74.509605,62.960735
141.817841,85.447212,73.955368,63.086044
140.983124,80.861526,71.686012,66.823936
142.225128,76.227898,69.172462,70.286652
142.756622,74.277557,67.141960,73.309906
140.154236,68.367546,65.844948,75.377998
138.473740,64.319084,64.124779,77.479362
141.096725,61.025890,61.197388,81.628296
142.184921,58.851234,59.190475,81.595917
143.622330,57.863449,58.058308,81.928375
146.466187,58.156452,57.034241,82.769791
152.993973,60.326244,54.148422,90.408623
