1
169.709274,19.988176,45.142780,177.323517
169.171478,19.436272,44.123772,176.919296
168.820450,21.117512,43.577171,174.672684
168.754639,21.462549,43.800587,174.684662
168.065552,21.680529,43.520176,174.404907
168.413483,22.408354,43.585373,173.297318
168.259537,22.699493,43.978813,173.184769
167.495071,23.736517,42.913811,172.090622
168.063065,24.592665,42.180695,171.757446
167.348221,27.202293,42.171356,168.894241
167.455917,27.755409,42.382057,168.460098
167.540466,28.403383,41.694637,168.205750
164.588440,33.265747,41.183033,164.800537
164.700119,33.844711,41.041401,163.981293
164.566116,34.322544,41.269928,163.610260
163.783722,37.562027,40.817909,160.643814
162.259995,39.182972,40.388721,158.457626
161.811768,41.218773,40.056568,156.969955
161.994431,42.305187,40.734051,156.294952
162.120667,42.362457,40.797901,156.497894
162.379974,43.363537,40.732632,155.778000
161.586090,46.855774,40.430958,153.290833
159.832230,49.125801,39.873398,151.421417
160.057480,49.759964,39.672356,151.158997
159.525864,49.502716,39.774586,151.755478
159.065018,48.122673,39.578430,152.374161
159.280807,45.831886,39.599289,155.033005
158.559509,47.121948,39.284813,154.798386
160.407532,49.525326,39.201736,151.199219
160.431427,49.863060,39.568573,150.884415
160.598175,51.576942,39.892227,150.269730
164.561768,56.273556,39.562294,144.968216
162.077972,61.000607,39.558693,141.288666
163.837631,62.920284,39.081055,136.436783
160.725235,66.455185,39.143593,132.567123
161.065720,65.979660,40.011902,132.904190
159.630386,67.354843,40.239613,130.328156
159.011719,68.774063,40.531456,126.890350
158.930191,71.066162,40.815083,123.047852
158.937836,71.475319,40.825626,121.449280
156.070831,78.974716,41.472431,115.363945
159.033035,81.628319,41.379951,114.871269
158.968262,81.829224,41.485596,114.851189
158.921646,81.757996,41.482605,115.010017
162.203217,80.506958,42.341301,115.249931
163.766403,72.430290,41.891323,115.740829
163.536377,68.673576,41.664150,116.184395
163.524841,60.172768,41.708931,117.634201
162.354050,56.220425,40.829845,119.151451
162.919312,58.153782,40.748703,119.512367
163.665283,54.023560,40.923435,121.155380
162.684753,54.883537,40.453053,120.777916
161.750763,50.892277,40.271667,123.415916
159.577759,53.686829,40.428959,122.549164
157.016296,64.551468,39.983971,120.821190
157.530502,77.679886,40.168190,116.972404
156.751450,88.437141,41.311771,111.656166
157.708755,90.126854,42.411880,108.243607
157.070953,94.026138,42.548721,104.209389
160.948257,87.556534,43.519604,103.490952
160.973114,84.650604,45.116356,103.300682
161.826950,83.507149,45.702232,103.418686
162.031662,83.218887,46.110573,103.250717
164.635086,78.280655,46.544857,104.476173
165.824768,76.150490,47.102486,104.001190
170.444016,66.950699,47.959499,106.235703
170.130646,63.195415,48.190468,108.056618
171.050858,61.579403,48.633648,108.253380
171.739639,60.941166,49.207798,108.395241
171.930069,62.053509,49.681328,108.569275
170.996780,61.793438,50.568970,108.428070
169.696976,66.495537,51.313053,107.795532
167.920975,64.418121,52.134026,107.246681
165.177994,60.567230,52.306618,108.245743
164.396927,57.231869,52.161472,107.745628
162.118713,52.908566,51.219120,108.264572
162.870316,54.624378,51.323170,106.918144
161.614975,50.447227,52.330231,105.982407
161.865250,52.148106,53.972713,106.325470
158.105621,50.060558,53.553707,106.598511
161.062164,54.018764,54.855782,106.321167
163.357910,50.664803,55.663921,106.033409
163.415161,51.303200,55.740124,106.386986
163.431000,50.396542,56.078999,106.207405
161.474197,51.075542,56.520058,105.693352
159.956161,49.974407,55.738892,104.594910
160.095688,50.555008,55.875431,104.191010
158.057465,46.877750,56.107777,103.512207
158.278702,47.102650,56.511158,103.898224
156.327042,40.926785,57.434708,102.328079
156.689316,41.870384,57.449093,102.532021
154.018707,36.881248,59.211639,101.180382
150.664459,40.412788,59.778023,99.713455
150.940903,41.495636,60.068600,99.905952
152.941650,44.530655,63.861282,98.951881
153.196243,46.268555,65.979630,97.241219
153.319046,46.385452,65.994728,97.446327
152.843903,45.940910,67.122284,95.214958
153.781601,46.088879,67.793221,95.176735
154.194702,44.456326,68.701805,92.725601
154.374100,45.002052,69.111916,92.036789
153.421310,46.627068,70.054108,90.412254
153.810944,46.237213,69.828537,90.833641
156.523315,40.124172,67.367867,93.031448
154.776840,34.904938,67.710434,93.742355
156.025650,36.188999,67.316711,92.943970
156.743835,32.553062,67.592438,91.477188
158.760178,33.369434,68.010696,90.759735
159.117691,33.278931,69.281227,91.189392
159.276642,33.697762,69.434402,91.526474
159.840759,34.671524,69.825546,91.559731
159.602875,35.271156,70.082405,91.691666
161.548523,34.333546,70.419014,91.401878
162.625763,34.074471,70.953964,90.746323
161.629288,38.780945,71.377853,88.932503
160.349304,43.026936,71.575432,85.622849
166.447647,46.557507,73.442566,84.176155
157.284821,53.597828,74.127304,81.742393
157.141434,54.076595,75.062614,80.767593
158.853928,54.659969,76.407837,80.644638
158.227188,54.729748,76.319458,80.993111
158.081558,53.950409,76.201530,81.590630
162.644058,50.648827,76.078522,81.320030
159.512527,49.692200,75.892166,79.942307
159.642639,49.085632,74.790703,79.117043
159.711960,49.389557,74.641541,78.228760
155.313889,50.403389,78.547012,75.792122
155.221497,51.453629,80.369659,75.347580
152.728531,51.525711,85.296936,75.241264
153.035431,52.068951,86.231819,75.499596
152.436493,52.201805,85.820885,73.934387
152.456680,52.280640,86.074516,73.890739
151.123230,52.062565,87.071350,73.998840
151.186417,52.090179,87.511185,73.910896
149.594559,50.810783,89.181763,73.816978
146.826736,40.531319,89.304199,81.038017
148.457153,38.698475,90.615158,83.413513
148.299225,37.596180,90.507141,83.914093
148.664185,36.519352,90.806007,85.355377
152.526932,36.763016,89.427521,85.446411
153.059677,36.560925,88.857597,85.599068
150.504105,36.991711,86.188019,86.879852
151.489746,36.859688,85.722984,87.082558
152.687485,38.697803,85.536972,87.267906
151.591660,42.087227,87.494240,88.692383
151.717133,44.517635,87.553612,86.275269
153.558441,45.662777,89.761765,85.557388
153.814926,51.820648,90.401413,82.232193
153.707642,52.543964,90.509323,81.420815
155.159744,54.690681,90.532455,78.194008
154.095917,56.829990,92.357231,76.455688
154.630890,57.726612,90.741501,75.075493
153.935303,59.528728,90.965614,74.286049
155.004150,60.547649,90.441940,73.835709
157.399216,62.039871,87.495117,71.827652
160.945938,63.809811,87.497223,69.488251
154.176285,61.970306,87.991791,68.069153
155.636383,61.926735,86.825394,67.975754
155.037399,62.219028,87.768501,67.657394
157.671478,61.690720,89.645859,66.983009
157.593903,61.378040,89.740189,67.054634
150.105789,63.536213,89.062675,66.492004
150.284546,63.622303,89.400284,66.475067
148.304672,64.342422,89.485115,64.395668
144.866379,67.097458,90.212410,61.880184
141.265839,72.234390,90.756813,60.844135
141.200867,72.605873,90.955986,60.706467
141.312393,72.774078,91.053474,60.868420
141.557205,72.819069,91.448181,60.990589
140.601532,69.672043,90.668015,62.132446
140.089127,71.407249,89.751785,62.190212
145.175934,70.470833,89.680984,63.481388
147.892441,72.309616,86.652763,63.646286
150.549561,72.809158,86.661842,63.993187
150.907150,72.729950,86.689636,63.855663
152.425079,72.531555,86.289536,63.993103
151.581177,73.659927,85.835052,64.510643
150.742630,73.215569,85.968788,64.860619
150.671722,73.292679,85.865089,65.037018
150.830063,73.545403,85.924545,65.450829
150.708984,73.602531,85.835823,65.451599
152.144485,72.401657,85.576981,65.489105
150.162918,80.571747,85.438583,63.655972
148.431519,81.526352,85.213097,63.623623
146.950241,81.852646,85.470970,63.605965
147.353851,86.234413,86.417343,60.598610
145.122498,85.432251,85.070908,61.525330
153.443924,87.671219,84.116470,60.566326
151.129242,87.722488,83.077148,60.823521
152.031021,88.171875,79.829498,61.374577
152.100250,88.224327,79.932655,61.450954
152.073242,88.196144,79.960709,61.372902
151.675385,88.480278,80.079987,61.215122
151.875076,88.617851,80.463921,61.470028
151.280106,89.697685,80.185265,60.480190
150.229752,89.777649,80.524406,59.798203
150.031082,90.006210,80.862785,59.888416
148.770248,90.645500,80.874275,59.813713
148.805862,90.764000,80.959190,59.960682
149.705902,91.833862,80.168999,59.320652
150.345642,92.030205,79.825470,59.090923
143.460663,95.703178,83.764442,57.272476
139.228302,95.237511,84.680107,55.764362
134.960175,94.648628,86.708488,55.428879
133.659882,90.597260,83.053955,56.773384
131.689957,88.798477,82.904411,57.096035
131.626831,85.143074,79.466904,58.203251
133.431351,80.601257,76.545601,62.180569
131.059357,76.077011,75.550621,64.333939
131.449402,71.104332,72.678238,67.024330
131.442001,69.188431,71.018898,68.930389
132.659180,66.062180,69.733620,70.471260
133.134872,64.067894,68.120438,71.027016
135.608780,60.405731,65.275360,74.963745
137.588821,59.294300,63.640118,75.267036
143.187424,58.988857,62.049919,79.568649
144.208969,58.775211,61.045189,80.216881
150.446136,59.039673,57.255386,87.739143
