1
144.697815,65.060898,64.954155,79.851631
144.301071,56.551289,64.245766,85.609123
145.556976,54.160755,63.050510,89.606224
148.893631,51.393536,62.612087,95.481163
149.879501,50.101242,61.838379,96.165138
151.780518,47.725136,63.371338,99.875481
155.678650,48.434998,61.592941,100.973480
157.060196,48.814743,62.409912,102.027786
159.004318,43.731056,65.956100,107.246933
159.101791,43.586411,65.739426,107.468513
159.258408,44.629230,65.837440,107.375404
159.854904,46.622147,65.627136,106.486382
160.092545,47.380436,65.815376,105.926567
163.665039,50.353756,65.467567,103.219734
170.480377,55.147148,64.548279,101.708664
170.990219,55.477856,64.079918,101.938324
173.011063,57.371780,63.210239,101.944275
177.701309,56.170959,63.095001,102.071671
181.212051,55.574669,63.757442,100.256271
181.518127,52.279652,64.338181,100.371925
184.468384,49.356667,65.417130,100.017822
188.246338,49.636204,66.669373,98.007362
188.292709,49.834877,66.598572,98.473022
191.151337,51.970772,66.169716,97.550117
193.044617,55.158413,63.432770,97.516365
191.381927,57.693977,61.079353,95.193756
191.253601,58.081249,61.157269,95.084496
188.561890,59.658043,63.929565,94.384369
186.459503,60.418293,63.921265,93.902206
181.585968,62.321213,64.803741,92.171394
177.176880,61.264194,65.925957,92.087372
175.705627,61.154598,64.483139,92.119392
171.085693,60.046535,63.113354,91.230232
165.881302,61.402748,64.352249,88.496887
161.625961,60.729637,63.689949,86.980324
160.678192,59.934563,59.796680,85.874710
158.867645,60.241402,57.599064,87.147736
153.597839,58.470367,57.379047,87.276550
152.606033,56.833572,56.895107,88.298920
151.726807,58.114506,56.890888,88.315491
151.869827,58.957523,56.764595,88.264015
151.610901,60.653809,57.113396,87.979485
148.679367,61.615551,58.647964,86.658554
148.500305,61.010914,58.201736,88.407372
147.066162,62.524952,56.666710,88.661446
145.444702,62.301712,56.844093,88.569077
143.835464,62.888058,56.028488,88.237946
145.869705,64.600624,53.527653,88.598877
146.458328,65.058922,53.250034,88.678780
146.305084,63.981758,50.259731,89.111008
146.625214,63.384739,50.013756,88.933945
148.224487,62.405285,51.208195,87.896423
148.497818,63.281273,51.343872,86.777283
150.057770,65.772392,50.972378,84.188667
152.171234,69.680275,49.585857,82.808960
151.568924,71.877892,49.064651,82.627357
151.061584,77.117035,48.992817,81.009300
151.583328,77.742645,48.982121,81.206177
151.903519,77.598175,48.108414,81.383858
152.815170,77.317520,48.378223,81.405663
156.755844,76.337196,46.258839,82.099281
158.786758,71.844780,47.859024,81.047363
163.863449,66.033455,47.562759,82.154076
165.225159,62.473190,48.163033,83.160774
166.059097,58.930981,51.140808,83.258560
170.969543,57.438126,50.465912,84.234161
171.830185,56.190666,50.981060,86.191933
172.963150,55.211578,53.556496,88.445320
177.103851,59.025063,51.848812,88.325623
177.104431,58.912216,52.256439,88.913254
180.468811,59.867661,51.313896,92.752388
180.899017,59.459118,51.417221,93.140800
180.551926,59.412746,51.352108,93.236885
181.744675,59.661846,50.906502,93.469406
183.166565,59.950665,50.564178,93.202850
183.144150,59.635857,50.885563,93.228920
181.490891,58.857101,50.732475,91.292076
181.978287,56.530716,50.952824,92.589935
181.841187,56.614971,50.860680,92.957146
179.651199,57.589432,50.522625,91.576988
177.601593,58.813602,50.734798,92.005104
175.533493,58.796040,50.839672,92.117157
174.365952,59.293835,50.692326,92.487228
171.404343,55.974590,50.567303,94.297050
170.706955,56.061283,50.847488,94.859390
170.069260,56.470501,49.779808,94.510536
169.515778,55.842587,49.771469,95.364243
166.994415,56.310566,49.949409,94.686943
164.029663,55.383011,50.179691,94.807365
163.575745,54.110596,50.505848,93.257462
158.734100,53.462044,50.886314,94.929581
153.990784,49.691536,51.175880,96.772224
153.085159,49.600178,51.467510,96.332726
152.630386,51.408089,51.309952,95.709763
153.121017,58.487991,50.240551,93.833145
153.464203,60.824936,50.440716,92.811417
154.110001,64.404472,49.732231,91.143021
154.431137,66.507805,49.757412,88.998680
153.123611,67.309784,49.232437,88.383919
153.574966,67.845146,48.934429,87.781105
153.975739,70.404419,49.264797,85.535576
154.469452,70.203430,49.008720,84.250168
155.057526,69.806923,49.120972,84.382225
156.363403,69.499161,49.562103,83.757545
157.223740,69.506599,49.283466,83.848640
160.046249,69.192513,48.657791,82.970001
166.316650,69.119743,49.334564,82.843330
167.713196,68.940460,49.694687,84.815689
171.052185,70.183922,49.221386,85.422798
174.157349,70.891777,50.146194,84.866379
174.913086,73.095978,49.906162,81.794113
175.436478,69.515480,47.034443,87.258621
175.730942,69.657997,47.312550,87.699654
176.859741,68.767441,48.332645,88.750336
179.913086,71.418190,47.547096,86.829498
184.720810,72.162598,48.383736,87.548157
186.388107,73.119255,49.839062,85.015907
186.507217,74.372559,49.840664,82.362617
187.393494,70.684128,48.726368,83.045761
186.578827,72.113014,49.162380,80.536781
187.502106,71.649460,49.290653,80.401955
188.845779,74.312149,49.420910,79.936546
189.305389,75.875313,49.691582,79.690758
191.858582,78.067787,49.062809,80.469490
192.043991,78.463470,49.533848,80.376770
192.572098,77.893547,49.007389,80.835281
190.595093,77.907494,49.066982,79.598274
184.607178,76.082191,49.206509,77.812706
183.214737,75.226059,48.444839,77.019203
182.356567,75.521675,48.354752,75.265549
180.667084,73.185272,47.551064,75.244217
180.033340,71.795456,47.535664,75.624275
177.027237,71.223709,48.434082,74.938499
171.791489,71.405388,47.513821,75.125717
166.957993,72.735741,47.943054,73.734886
163.320541,71.451881,47.678219,74.651909
162.693802,71.511932,47.437561,74.687820
160.582001,71.586594,46.337337,74.709053
161.364502,70.584198,45.626419,74.970917
161.394135,69.165291,46.015896,74.984657
161.577316,69.144730,46.399208,74.947594
161.527725,70.643318,46.180855,74.379143
160.960526,72.415703,45.958172,73.861000
163.043182,73.349602,45.561768,73.198105
164.910553,77.526581,44.443474,70.695961
168.482437,81.417221,44.012684,69.830666
167.838516,81.348503,44.930264,70.796570
169.032990,82.275917,44.165260,69.597191
174.343079,84.582443,43.655113,66.781799
175.389709,83.645111,43.705616,67.264244
178.891769,85.062935,44.428761,65.230049
182.405182,84.945877,45.080643,65.094925
184.066559,82.921539,45.196400,66.045609
184.063614,82.361496,45.656826,66.676079
185.551849,81.485130,46.375381,67.510506
185.758911,82.119995,46.524143,67.856339
185.935516,82.973419,47.277386,67.308601
185.272522,82.496368,46.568005,67.401413
186.896698,83.520668,47.063358,67.945236
186.602386,84.142357,47.346992,67.836761
188.094421,84.103745,44.483631,70.225121
182.340302,86.161964,45.636627,70.306755
181.355286,86.040985,46.157726,70.485252
180.608749,85.733810,46.179195,70.250725
180.107635,85.557327,46.375237,70.254219
180.246475,85.538292,46.453087,70.202026
180.700195,84.370926,46.589439,70.659569
180.633331,83.824280,46.234348,70.688492
178.795792,82.006294,46.715237,70.866043
175.553223,81.933762,46.261982,70.849380
173.376724,82.333687,46.620747,70.715538
171.276917,83.143417,46.166443,70.136604
169.353348,83.696236,46.175362,71.087868
166.247772,84.557686,48.115326,70.282417
161.930862,82.600426,49.897877,68.978485
155.861176,80.711250,51.413799,66.608864
153.303436,78.198357,48.611252,66.484642
153.975067,76.954300,47.667812,66.637741
154.523026,77.128120,45.483685,65.897232
154.451584,76.038994,44.872009,66.254089
154.969955,77.105385,43.772141,67.188873
157.627579,78.760406,43.276215,67.245522
161.898941,83.902542,43.003883,66.635368
161.663956,89.083885,44.544533,65.465271
162.268539,88.685532,44.681511,65.805779
165.990875,90.974716,42.722332,67.345993
167.826797,91.218407,43.394115,67.898872
170.800690,92.595528,43.385159,66.062309
174.377090,92.058197,43.020248,68.350609
178.663055,92.588463,42.852623,65.735054
178.997467,93.462708,42.380135,67.316963
183.454544,90.549484,44.046360,72.317848
191.160782,89.092964,44.395023,69.233467
189.378799,82.168175,47.014748,75.162918
193.158157,81.846916,51.321793,72.543129
194.430359,81.051254,50.166821,72.854858
197.390335,80.748466,50.869980,72.574814
202.668823,81.485481,50.162987,71.979019
205.725281,79.446823,51.426064,71.471748
209.276932,82.149239,50.830605,70.799164
213.951981,84.687134,51.386578,68.344330
215.596985,85.140068,50.493637,65.878410
215.981735,85.210556,49.994720,60.849937
217.220734,85.576523,47.982063,61.166355
217.314972,84.545258,48.311489,61.705406
217.158600,83.762192,45.652557,61.143883
215.370209,84.124580,45.102512,60.958996
216.062881,84.073006,44.581722,60.620956
216.833771,84.918770,44.951687,60.061993
214.795898,81.729637,43.123684,63.384930
213.674225,77.822594,42.945206,65.542885
214.048248,74.512039,41.202316,69.148071
211.756744,64.433586,41.507370,77.164772
209.470779,65.005989,42.553780,77.060905
205.011871,68.956871,46.468933,74.705139
204.850677,70.645515,46.375244,73.141052
205.155197,74.120995,46.057335,73.415619
203.064499,79.575012,45.549286,73.453407
203.223892,80.531105,44.828018,72.257744
203.489807,80.368141,44.881508,72.054138
198.829269,78.501747,45.191895,72.043236
198.039520,70.413948,44.813610,74.751793
198.240967,69.059952,45.214558,74.429764
198.299835,69.051636,45.484219,74.493385
200.089508,71.976692,46.006840,72.471573
201.695221,71.902122,46.145367,73.092865
205.650620,73.098610,47.245647,71.528450
206.032440,74.033264,46.856472,72.115952
206.160706,74.070969,46.779308,72.498032
206.273193,74.345345,47.026413,72.509766
210.018051,71.305771,44.954235,73.686745
213.770081,67.845688,46.179016,73.401413
214.209656,70.774460,46.330185,72.239349
215.276352,71.511787,45.590057,71.979782
222.200867,74.890236,45.844700,70.174675
224.657700,73.360764,46.014275,70.082520
226.611008,77.973640,47.704491,69.611290
231.912735,82.614403,48.108433,66.622086
236.216980,90.123016,47.120529,67.831451
234.377014,96.794350,47.096817,66.704971
234.512772,96.856834,46.820755,66.599380
232.363480,93.495720,46.886993,68.912552
231.981491,94.300804,45.598671,66.145584
231.763687,95.588882,45.288578,65.450821
233.319626,100.591286,47.041801,61.474972
236.130981,105.211304,51.120010,55.768520
233.598907,101.404076,51.192444,57.994335
233.219147,100.908684,51.136261,57.749348
232.755554,97.470390,51.137592,57.091354
232.610199,96.901443,50.909107,58.455044
230.015320,95.066452,49.279003,63.020615
228.210526,96.708771,49.028980,62.442574
224.239380,96.224899,49.038651,64.211235
221.647034,99.471512,49.738853,63.630703
215.513443,98.334747,54.363571,63.878334
214.672424,97.917336,54.528954,63.605377
210.921127,96.623100,54.486599,63.007290
211.970871,87.366707,53.679382,64.249054
215.056259,76.627930,52.209576,66.945717
222.621262,73.081543,51.707932,64.993446
227.786362,69.720863,52.504517,65.688873
230.535507,74.416985,52.949474,65.993439
234.226715,77.276505,52.850960,66.917557
240.258179,79.180099,51.866356,68.897591
241.930466,83.558983,54.686596,66.385437
248.242493,91.520172,53.187397,68.820129
252.848892,93.950150,54.025761,69.618439
254.185303,94.377991,53.811806,68.459198
254.812515,88.709053,53.382568,66.874832
261.203644,87.136993,51.854748,64.164246
265.485626,86.590714,51.705750,60.247440
265.598389,71.779343,54.031693,67.200294
266.718658,69.815926,53.281330,67.400879
267.633575,69.259026,52.366421,67.839668
268.714844,74.987358,51.155891,66.799721
265.907440,74.852715,52.923317,69.502800
264.274902,67.541275,53.612400,76.598801
262.987183,68.012527,54.459316,74.429604
264.288269,66.485748,52.551720,74.165573
262.398804,65.325607,53.171642,73.621643
262.315399,65.370590,53.612389,73.461250
265.158142,65.731621,53.277607,70.615326
264.357422,64.042999,53.561695,71.774704
264.650970,64.091164,53.905178,72.025414
264.736633,64.104202,53.986404,72.537170
263.853668,65.891876,54.094025,72.191353
265.147888,71.097252,54.852123,70.844978
264.223053,72.357033,55.776951,69.316078
262.866608,72.946213,55.289791,68.888443
259.850800,71.428322,55.043804,69.271210
259.168854,69.907372,55.748497,68.865051
261.052612,69.015915,56.155678,68.489555
263.193115,73.242249,55.108212,67.678185
262.718140,74.560135,56.903038,67.012016
261.689545,73.922348,57.880974,67.454124
259.791229,75.015411,57.109756,67.204094
254.644730,75.176849,56.207531,69.773987
246.313110,73.316971,58.804054,70.624725
238.894714,72.635773,58.461021,70.945618
230.821030,68.582520,59.884129,71.592606
219.648376,64.976402,61.371315,74.573578
215.313675,66.107079,60.836411,73.703369
209.164978,62.747494,60.664764,75.616203
207.232635,62.734188,59.871708,75.538658
207.631516,63.182968,59.063889,76.091034
206.064713,62.619617,58.086399,75.897652
205.052017,65.894844,57.215862,77.101997
199.947845,69.881088,57.119682,77.514717
199.379974,71.192146,56.492344,76.310699
195.715134,72.885635,55.504379,76.066887
188.406448,67.750595,56.247189,80.493843
184.478790,66.057114,56.727261,75.100395
179.684708,68.039833,55.258751,74.573738
170.636642,65.417213,56.034157,75.335938
161.805603,61.375965,55.756977,75.674149
154.298599,61.440872,55.569256,73.122505
146.155090,56.455379,53.804592,75.514442
142.348984,56.395882,54.693348,71.471977
139.726334,55.329884,52.334766,73.297798
135.989059,55.723473,52.749535,70.712654
133.253677,54.989487,53.016094,70.208191
131.216324,57.227562,53.528755,67.891495
131.771118,57.010193,53.099213,67.846451
133.596695,59.710686,50.613678,68.548958
131.887054,62.220268,49.941460,68.422745
130.492706,60.445648,49.702751,67.807137
131.143158,60.727821,50.302856,66.878426
132.438278,58.600243,50.645859,66.736267
138.937210,61.153702,50.704491,67.866013
139.566345,65.555511,50.591106,68.274361
141.343460,66.954842,50.777981,67.899452
146.005371,68.035019,47.135494,68.156097
151.563385,68.704041,46.702637,69.619232
154.351929,70.342865,50.350349,68.961899
160.360794,73.790947,49.718441,70.502426
162.974594,76.384705,48.267933,70.350533
164.785873,78.753990,47.986691,70.214638
166.178848,73.935143,48.169365,71.697319
167.068024,66.736244,48.239773,71.795204
166.973785,59.140839,50.373882,71.054985
169.006027,53.130146,49.612850,71.996391
169.522858,44.410332,49.306492,73.080582
169.043365,43.634132,49.957809,74.152496
166.064926,54.684315,52.772449,73.573875
167.289352,65.089653,52.619061,72.936768
168.870255,69.449760,56.836094,73.008247
173.591110,78.447281,54.297794,72.429512
181.870514,84.473679,54.664433,74.526756
186.357239,95.287758,57.769958,73.159325
192.180206,98.211006,56.125336,77.530228
192.453049,97.656403,56.755375,79.515411
195.674545,95.838394,57.235889,80.956039
201.016235,98.265251,57.448524,83.030045
202.384323,96.911331,58.747086,84.214722
202.633224,97.416695,58.895500,84.480820
202.654312,97.003181,58.782860,84.768585
195.846527,96.269562,58.419220,85.277580
195.812195,95.213379,58.427670,85.246597
194.348373,90.718185,59.353096,85.009575
191.101242,83.578087,59.241375,86.224594
185.151001,76.825195,60.613049,87.098930
179.057114,67.939865,60.524857,89.292122
173.057571,61.256279,60.088161,91.048058
173.829025,58.161823,58.237164,94.686203
171.097275,66.508354,58.549797,91.132019
169.559830,66.981758,57.636093,90.597717
168.378250,66.229324,55.785347,90.718117
166.551468,72.125244,55.394184,88.244957
168.602814,76.036636,52.769821,86.756531
168.371033,79.309303,49.783546,83.829720
168.412415,83.537560,49.607555,79.919662
167.017563,86.120956,49.303345,75.108948
166.705154,87.771057,51.193111,70.734718
166.550537,81.921051,50.544636,71.658295
166.452240,77.354073,50.085957,71.518394
166.740051,76.994598,50.488903,69.594872
164.740982,74.737343,50.139832,69.552864
167.009689,74.976601,49.462845,70.078949
169.029160,76.094963,49.835136,68.251282
171.504227,76.103699,49.596996,68.001007
182.492950,80.285133,49.705280,64.931335
187.146149,86.940468,48.833252,62.873226
193.109055,91.609993,46.512554,59.302769
199.608170,97.659050,45.687294,58.089363
206.054749,99.836037,45.063683,57.295200
209.386047,101.130867,46.039871,55.074318
210.287155,100.894966,46.242424,55.253574
213.139206,98.060524,46.978928,53.588821
215.114441,94.877937,45.323936,54.275959
211.456924,90.310593,45.977875,53.329590
206.332703,86.696060,45.194145,53.467224
206.564377,86.280975,45.458069,53.634857
205.884750,85.152428,45.534164,53.623264
207.089279,87.510498,46.099648,52.478664
204.060791,86.264603,45.341457,54.276985
205.083679,89.010178,45.592121,52.967388
203.305313,90.649010,45.507664,52.553288
201.220428,92.047859,46.091400,51.814854
199.623795,93.156868,46.745892,51.950935
196.719528,93.037445,46.185738,52.109089
191.124481,91.413567,45.359821,52.802593
189.460846,84.609253,44.335663,54.973396
189.167450,82.844170,44.050987,54.537560
189.430923,82.478699,44.624176,54.119808
189.626526,80.802635,44.429932,55.171581
189.852081,80.709709,44.441494,55.495655
189.876724,82.149750,44.291321,54.962399
190.462875,87.772820,45.001682,53.723873
191.556900,90.743134,45.399044,52.861828
192.412018,93.456734,44.765011,52.533100
192.922989,92.256348,44.031727,52.443825
193.144501,93.282616,44.192425,52.575264
192.362946,90.775993,45.318680,53.635590
193.229996,89.163521,44.597099,55.511799
196.497391,84.148254,45.247978,55.341030
195.352875,81.877243,45.196056,57.549622
195.220810,81.211929,45.481667,57.607220
196.825577,80.550560,45.461685,57.588913
199.347427,83.420654,45.205177,56.855629
207.353745,87.122314,46.186737,57.061661
210.977188,91.578972,48.858807,57.306545
213.808273,95.915184,48.404675,57.365627
214.577988,96.894997,48.649242,56.999065
213.131332,90.698044,47.660297,58.479046
213.175293,95.874443,47.870426,57.136921
211.320877,96.406212,47.840824,56.604435
205.914520,94.241707,47.516209,56.499691
195.518661,90.617233,47.082115,55.643707
193.042770,86.814728,46.350796,56.920258
186.114105,82.380310,44.454788,58.195854
185.439453,82.818321,44.258530,58.310028
184.142273,80.585403,45.946152,58.164993
182.854156,77.988228,51.332832,57.887901
184.203094,78.675545,53.733017,58.075333
188.634750,78.035347,54.237221,58.405544
195.885071,78.546791,52.020699,59.864201
199.650406,80.319160,51.197311,60.414696
202.249023,77.764496,51.246891,60.434273
203.092636,81.571739,54.507870,59.123749
199.965576,77.959381,53.818874,62.058380
192.851151,77.891075,53.898308,63.969742
192.364532,76.659218,50.709969,62.042839
190.632019,76.614052,50.290207,61.772106
185.284012,76.230118,49.650841,62.236450
182.333847,75.919182,49.944157,62.227020
182.982803,80.159760,50.011135,60.497086
177.895950,84.011642,49.786438,61.653297
175.004288,83.081276,49.618904,61.563347
173.918671,88.074532,49.566406,61.802422
171.590286,78.871834,49.522938,63.253300
167.612320,76.798508,49.443848,63.722042
165.656143,74.368744,49.154186,62.734367
167.281967,73.361389,46.691357,62.323612
167.957779,69.523857,44.974636,60.312778
170.447769,64.391167,43.872574,59.876514
175.231125,61.304642,42.013607,60.867855
178.058304,62.299988,40.578968,61.903088
178.939240,64.058563,40.687069,63.024490
178.988571,65.065506,41.290100,63.204262
177.263351,64.612129,43.949348,64.445343
174.096725,68.473549,43.220432,62.807812
167.359283,66.578270,42.151798,63.469151
160.330185,67.642754,42.111469,62.910721
151.039276,66.589806,43.793777,61.576218
145.602631,65.466904,42.183899,59.414993
141.100891,58.668484,41.391773,60.291122
137.068497,55.184296,40.682190,58.853832
136.781006,54.632477,41.080906,58.123692
134.903107,54.008118,41.757790,57.184639
135.677719,54.276325,41.163139,56.482281
136.226349,54.871613,41.814758,55.625519
137.388992,57.253414,40.851986,55.405087
139.519028,59.052979,39.926083,54.991238
144.172516,61.822922,38.553070,53.854740
150.054382,63.735939,40.244804,52.460407
152.307022,65.906990,38.861454,52.424362
152.967819,64.181076,37.748699,52.418304
154.263947,63.813431,38.185341,53.352146
154.382248,63.445202,38.362858,53.652321
156.330109,61.493904,40.281517,56.035049
157.000778,61.531055,40.778641,56.027119
160.251129,65.002853,43.189762,55.506382
162.842682,63.634525,44.333767,57.170204
162.178787,66.663155,48.538860,56.021736
161.858597,69.303543,48.832378,55.676964
161.950714,65.576195,49.122444,56.090073
162.182343,64.579201,49.401707,55.544392
165.839264,63.797321,48.170589,56.807838
167.370056,62.099327,48.944664,56.463516
167.784729,60.088116,48.295326,56.374088
170.006058,57.820179,47.646061,56.293976
168.186050,56.017639,47.243549,56.307175
166.315353,55.054272,46.836498,56.595608
165.834000,60.050030,45.500072,57.433811
164.629593,63.598522,45.015568,57.142872
162.228638,55.970387,46.346245,57.798813
162.501099,55.701710,45.998886,58.052925
162.796188,57.474770,44.842522,60.079060
162.542450,53.307457,44.005890,60.634567
163.765198,53.034599,44.301212,60.958927
170.383377,51.065239,44.004829,61.793629
176.617126,57.869492,43.010128,60.747746
184.173401,45.471882,45.458347,61.698017
187.241531,55.423737,44.994892,64.781296
192.338989,57.205200,45.280659,63.519169
193.885056,57.344280,44.067619,63.019993
191.536362,57.500500,44.016815,63.642387
188.981567,59.107254,43.929790,63.436394
184.306229,56.126522,43.196491,64.513313
185.831406,55.259022,42.215847,65.141365
189.001251,47.834705,41.195423,67.631248
189.029739,48.005375,41.414009,67.926720
191.814240,46.601761,41.437580,68.914444
191.129364,42.057545,44.296192,69.010109
199.069534,45.547527,41.920639,71.921593
199.486816,47.291161,41.947445,71.647530
193.730698,61.455822,46.144547,71.611099
192.869583,61.974926,46.487946,73.134468
182.627274,74.001350,48.086105,72.351166
172.402893,75.667923,49.128597,72.959297
162.373322,77.848228,48.758659,70.737785
152.773239,79.409821,49.262707,66.322525
144.007477,72.681030,49.897610,64.872498
139.615829,64.983139,48.975128,63.363976
135.970306,63.744297,49.389652,60.831398
135.495361,61.377876,47.504848,58.604073
136.771667,60.736256,47.616035,58.732738
136.982437,64.634651,48.088123,57.513008
140.761642,68.748116,46.227760,56.952339
141.689041,70.129158,46.146305,57.502159
142.484802,80.779579,45.507381,57.454144
141.983444,90.477402,44.451332,55.104153
141.995987,91.236153,44.532558,54.550171
146.483658,87.122261,44.595303,56.172340
149.401840,77.391350,44.512371,56.723042
150.329910,71.655098,45.736168,56.354546
156.240952,70.879730,45.665726,57.104000
156.128189,68.101158,45.456871,57.913837
156.496231,65.710121,46.128914,58.714100
158.035339,65.571045,47.981976,60.504677
156.278366,70.049507,47.203186,62.018776
152.393463,72.264397,47.734436,62.356152
152.997482,72.831993,46.775005,62.792950
150.374832,73.373665,47.393467,62.838402
142.188812,74.908340,48.581711,63.001751
139.877930,73.924484,49.215134,63.722580
135.908905,66.228455,49.805069,65.836166
133.114578,64.105476,49.831226,65.547058
132.431732,61.838390,49.096172,66.071976
135.866409,58.234509,49.950012,65.908669
137.825394,54.690815,49.273178,66.092400
137.702072,54.243137,49.697041,66.842293
140.565262,53.755188,48.544777,68.446823
141.255859,51.991634,48.103569,68.395805
141.185394,58.464115,48.383469,69.755630
141.558823,58.442364,48.109749,69.957542
141.460846,58.275135,48.053383,69.711288
140.986679,56.301277,47.518917,69.565491
141.013107,56.454311,47.940964,69.797630
140.949905,60.668110,47.273006,69.818169
144.030609,57.250656,47.382626,70.382195
149.406006,55.788132,44.960106,72.226273
153.330627,59.053017,44.914043,72.768188
159.333679,63.574066,45.303810,72.708855
166.902924,62.872128,45.150909,73.310356
170.262680,62.066994,46.151463,74.762695
176.465057,67.725586,46.615646,76.003136
181.608215,70.936050,46.174656,78.090866
