1
441.908813,106.468872,49.088348,74.710358
442.094177,106.661369,49.479679,74.962692
442.260468,107.033592,49.414471,74.720596
442.303833,107.184822,49.474728,74.957329
442.418640,107.334068,49.410721,74.856712
442.480896,107.492920,49.463936,74.908936
442.497772,107.538658,49.475555,74.967682
442.513641,107.556511,49.469307,74.972237
442.531006,107.570259,49.473034,74.962807
442.557861,107.585693,49.464039,74.972160
442.574310,107.599426,49.475788,74.966507
442.594879,107.491936,49.461067,74.979340
442.613739,107.486008,49.476582,74.967072
442.624512,107.501411,49.474434,74.961876
442.780273,107.327705,49.421310,74.718567
442.820496,107.467995,49.461456,74.960831
442.890045,107.438255,49.440056,75.013184
443.008972,107.570778,49.401268,75.531136
443.288757,107.469681,49.294888,76.030647
443.728668,107.158653,49.311394,76.315590
443.862610,107.197853,49.423820,76.467682
443.818085,107.174454,49.385586,76.376579
443.830353,107.240265,49.382076,76.428513
443.880951,107.276299,49.442245,76.447960
443.830994,107.265762,49.405529,76.478241
443.757996,107.342918,49.410343,76.411369
443.791962,107.394150,49.469196,76.465828
443.761078,107.506958,49.360779,76.568489
443.773346,107.971886,49.071514,77.051346
443.717865,110.518997,48.644360,77.968491
444.053925,110.588394,48.371418,78.014511
444.093231,111.298561,48.051620,78.576393
444.334045,111.840706,48.129879,78.966644
444.264374,112.567223,47.652557,79.233841
443.975342,114.847237,47.435173,79.055260
443.550568,115.299774,47.017212,79.473495
443.624878,115.446159,47.320641,79.398811
443.525452,115.714737,47.295479,79.482460
442.961060,115.929405,47.369751,79.237541
442.756775,115.850899,47.254932,79.385925
441.309601,116.212357,47.296352,79.170364
441.278564,116.365211,47.304703,79.372406
439.455048,116.356636,46.934135,79.018387
437.831421,115.387939,46.651501,79.575066
437.666321,115.386078,46.890087,79.973259
437.103455,114.057304,46.202484,79.759750
436.591949,113.861359,46.158642,79.761444
436.354736,113.866402,46.418995,79.925240
436.154022,113.830086,46.313461,79.849304
436.170776,113.909546,46.401737,79.897560
435.847168,113.856056,46.438217,79.913040
435.681213,113.889473,46.256886,79.855515
435.386536,114.009766,45.763741,79.939819
435.144653,113.842628,45.948086,80.110039
434.413788,113.870369,45.707973,80.369705
434.348175,113.944969,45.752098,80.380409
434.122772,114.200966,45.719543,80.378639
433.558502,114.392059,45.754883,80.317360
433.646545,114.491432,45.932083,80.445557
433.615265,114.526772,45.981586,80.443687
433.179718,114.565681,45.964386,80.395889
433.085114,114.781036,45.872650,80.287178
433.108704,114.889145,45.954563,80.456215
432.955261,114.952728,45.964050,80.489189
432.882446,115.197105,45.944721,80.311493
432.888977,115.298698,45.985893,80.452087
432.709167,115.428596,45.927494,80.394524
432.586487,115.769058,45.915298,80.289444
433.013489,116.731232,44.842541,80.390419
433.082642,117.733330,44.808979,81.024475
433.210754,117.960190,44.934353,81.477463
433.260986,117.997276,44.988735,81.460419
433.593140,118.401184,44.842335,81.249107
433.779144,118.854759,44.928284,81.388672
433.820435,118.934959,44.988083,81.499519
434.061981,119.353729,44.985138,81.154510
434.075195,119.531448,44.979671,81.469986
434.091248,119.547386,44.975014,81.473534
434.060455,119.735657,44.929741,81.496323
434.104645,120.695564,44.839748,81.342941
434.260986,122.028343,44.797592,80.867516
434.329834,122.135750,44.915321,80.951637
434.113922,122.123146,44.835835,80.944931
433.532990,122.079414,44.943886,80.836479
432.932831,122.303970,44.836372,80.604202
432.566132,122.665962,44.882347,80.837715
432.566223,122.757347,44.962509,80.932167
432.457825,122.876114,44.976578,80.925644
432.374908,123.132790,45.008804,80.885727
432.515259,123.497368,45.363953,80.945534
432.624786,123.867523,45.400249,80.865005
432.678741,124.450600,45.510307,81.108589
432.924286,124.661659,45.975433,81.455757
432.978455,125.349747,45.959087,81.199280
433.013123,125.520332,45.988457,81.467110
433.018219,125.538559,45.978249,81.465683
433.004730,125.557106,45.950489,81.445953
433.066101,125.580643,45.966705,81.477638
433.093445,125.583031,45.976215,81.463196
433.169312,125.568321,45.953606,81.479591
433.370880,125.507912,45.972679,81.362045
433.867493,124.928810,46.125355,81.703659
435.014954,123.130074,45.980465,82.615730
434.804932,123.164696,46.088070,82.808632
434.727539,123.300385,46.448093,82.518188
431.610138,124.018784,46.069813,80.701241
428.534119,124.166122,46.294018,80.065880
426.660156,123.303734,46.516163,79.678017
424.428101,122.631042,47.563408,79.154251
424.528137,122.754799,47.895088,79.284805
424.469788,122.431023,47.986782,79.969933
424.383423,122.424858,48.036980,79.761002
424.601288,122.534950,48.480759,79.959793
424.563812,121.457123,48.823723,80.629753
425.202728,121.263199,48.850994,81.543076
427.289703,120.954681,49.653221,81.539162
427.580505,120.999489,49.943703,82.131363
427.687134,121.088127,50.068413,82.397217
428.397064,120.387024,50.734367,83.309189
428.547119,120.461044,50.984791,83.446983
428.584869,120.450523,51.024754,83.368324
429.361176,119.920929,51.721691,83.813225
429.452393,119.894081,51.986023,83.830757
429.482727,119.614296,52.129333,83.956200
429.633423,119.293571,52.479622,83.979919
429.678528,119.180687,52.444847,83.998596
429.530457,118.598335,52.627522,83.971710
429.524475,118.317154,53.642567,83.822212
430.174866,118.095490,54.241074,83.888000
430.746796,117.835129,54.994434,83.689445
431.454407,118.472252,55.968521,83.941574
433.918823,120.962227,57.684395,82.897217
435.309021,120.912186,60.253803,83.170944
436.894501,121.167801,60.206337,83.197586
438.656311,122.425041,61.999451,83.005707
439.512146,122.603073,62.947807,83.736633
439.533783,122.733459,62.971581,83.961166
439.542358,122.749954,62.968044,83.967285
439.751068,122.728241,63.091427,83.909340
439.953888,122.773804,63.468643,83.963806
439.969147,122.791618,63.467873,83.964478
439.997925,122.877037,63.457981,83.885773
440.166626,122.901817,63.532162,83.891670
441.406555,123.396812,64.177277,83.418556
441.817719,123.136314,64.720848,83.789574
441.995880,123.239639,64.947739,83.837288
442.327087,123.212158,65.087280,83.852493
443.270721,122.894524,65.688934,83.047256
443.446411,122.970863,66.016434,83.367661
443.722076,122.615913,66.566063,82.991402
443.945129,121.722809,67.075005,82.459229
444.164978,121.844879,67.476486,82.200584
444.209625,121.310776,67.627823,82.915688
444.420776,121.311440,67.979462,82.925491
444.424896,121.342957,67.986328,82.972939
444.424408,121.338058,67.993599,82.942184
444.431488,121.343155,67.960640,82.965775
444.425262,121.289864,68.048660,82.981064
444.649048,121.297287,68.466621,82.963631
444.650208,121.289413,68.491371,82.958443
444.623322,121.235924,68.492897,82.887825
444.595947,121.216965,68.503807,82.997337
444.598328,121.074455,69.105537,82.959503
444.322510,120.772110,69.781860,83.179024
442.932220,120.617134,70.223518,83.198578
441.842072,120.708138,70.935135,83.476898
441.529938,120.595970,71.025452,83.473816
440.495911,120.474747,71.597755,83.505981
440.450775,121.008156,72.176300,83.670967
440.524994,120.972145,72.612946,83.863556
440.205109,120.873001,73.469254,84.000893
440.174011,121.112366,73.550255,84.486565
440.367371,121.104378,74.021454,84.463905
440.531647,121.114372,74.608459,84.477959
440.557251,121.048897,75.332657,84.545662
440.637878,121.264343,75.484741,84.960678
440.644714,121.286697,75.464020,84.962616
440.671478,121.302711,75.523926,84.994858
440.907745,121.305519,75.962471,84.963379
440.924744,121.324066,75.962471,84.963379
440.966827,121.338516,75.937355,84.972359
441.109955,121.347794,75.841034,85.015869
441.743683,121.328247,75.677963,85.604683
442.240051,121.464409,75.915436,86.057259
442.288269,121.681267,75.957520,86.466560
442.920837,121.280685,75.807152,86.693222
443.483521,121.231293,75.659416,87.115585
444.705078,120.543312,75.602783,87.570900
445.198242,120.605309,75.777039,87.966019
445.869415,120.064407,75.796089,87.836662
446.516418,120.064430,75.823296,87.690643
446.648132,120.169189,75.915024,88.002914
446.915283,120.220879,75.907341,88.428154
447.524231,119.620377,75.919937,88.557175
447.596283,119.749100,75.919678,88.821022
447.647858,119.783470,75.944656,88.989944
447.565552,119.564003,75.947586,89.066750
447.603546,119.447685,75.897751,89.644958
447.606384,119.591476,75.925102,89.912407
447.642151,119.633835,75.962440,89.958145
447.839142,119.565796,75.778763,90.072594
448.049866,119.697487,75.889305,90.492630
448.150940,119.581650,75.915756,90.535339
448.744415,119.484283,75.600197,90.952209
449.791199,118.855019,75.410736,90.742844
449.999359,118.764908,75.299454,90.769524
451.383881,118.759384,75.003555,89.161919
452.400848,118.904968,75.229256,89.104187
453.544403,118.405144,75.027565,89.329811
455.514984,117.539848,73.852234,89.143501
457.226288,116.688705,73.169945,89.813232
458.745392,116.030685,72.371361,89.752815
459.136108,115.975151,72.231232,89.713272
459.437927,115.828026,72.320145,89.816299
459.591522,115.792763,72.433006,89.817192
459.938568,116.002373,72.069931,87.989876
460.197662,115.861420,72.364906,87.833412
460.415039,115.807358,71.995651,87.851166
460.315033,115.737572,71.530670,87.833000
460.514313,115.754326,71.671700,87.870140
459.814575,114.342384,70.736145,88.664543
459.911926,114.410675,70.742477,88.909180
460.093628,114.391281,70.417877,88.936409
460.091736,114.413445,70.346626,88.939285
460.328033,114.366379,69.368668,88.858864
460.655884,114.532928,68.276802,88.890839
461.275879,114.765366,67.303688,88.796852
462.199524,114.914902,66.028709,88.894409
463.244568,114.869400,65.187584,89.024788
463.659210,115.051880,65.247345,89.505775
464.754517,115.278511,64.389168,89.983185
467.402893,114.322388,61.840717,90.335022
468.163666,114.308762,61.218014,90.381447
469.083527,113.913727,60.994595,90.685280
469.962219,113.450249,60.391621,91.047829
470.699585,113.013016,60.011398,91.340965
471.121124,113.028473,60.332245,91.445740
471.287689,113.025833,60.324001,91.425591
471.419891,113.088821,60.087826,91.367676
471.753448,112.899078,59.986164,91.377579
471.818420,112.756111,59.530746,91.430405
471.578949,112.666519,59.164436,90.896767
471.888977,112.691597,58.169872,90.666229
471.983673,112.933388,57.969063,90.778244
471.788727,112.859070,57.573784,90.982605
471.288483,112.891235,57.436882,90.741524
471.093842,112.883232,57.192600,91.109558
471.167847,113.722130,57.347042,90.909096
471.239563,113.769287,57.464169,90.955116
471.255402,113.792145,57.469925,90.960312
471.269104,113.812248,57.471607,90.960793
470.818207,115.449120,57.358795,87.894020
470.617157,115.588715,57.464363,87.861671
469.746063,116.837761,57.764885,86.897629
469.799408,116.942108,58.013462,86.921181
467.805054,118.491714,58.509468,85.618057
466.940643,119.012230,58.991577,85.413086
466.630371,119.363495,59.030743,85.169296
464.708954,120.186234,59.350185,84.654495
464.687836,120.413399,59.465267,84.912575
464.700714,120.459221,59.471783,84.960983
464.218323,120.828430,59.587788,84.675056
463.701416,120.992371,60.142117,84.690376
463.559387,121.293800,60.484631,84.476784
462.372009,121.356018,60.514904,83.727158
462.325134,121.562241,61.005318,83.822266
462.238770,122.012329,61.575428,83.340324
462.385895,122.150261,61.987209,83.372559
462.266571,122.733185,62.011295,83.289101
459.766602,123.657745,62.394703,81.914612
459.250916,123.853104,62.444180,81.545830
457.616730,124.273643,62.471725,81.309151
457.574188,124.331696,62.391556,81.463821
457.030487,124.737152,62.631046,80.820976
456.585175,124.877014,62.826195,80.882866
454.760834,124.744095,63.533115,80.610451
454.927063,124.830315,63.989609,80.898514
454.986206,124.949333,64.016571,80.901329
455.234070,124.997955,64.472580,80.967552
455.244324,125.013214,64.468323,80.965469
455.300629,124.781776,64.517982,81.016502
455.540100,125.023750,64.967903,81.464882
455.553986,125.040306,64.968628,81.463844
455.566864,125.051048,64.969246,81.461525
454.978821,124.802925,64.889130,81.388199
455.020386,124.837471,64.976387,81.483162
453.594421,124.716888,64.921562,81.484215
452.501709,124.870384,65.508286,81.292145
452.467957,124.885384,65.882317,81.522316
450.040070,124.804756,67.093033,81.348549
448.829041,124.821190,67.782501,81.491791
446.725647,125.153442,68.356491,81.383659
446.243652,125.033562,68.996803,81.571144
445.807007,125.387817,69.114807,81.991287
445.253662,125.545403,70.260635,82.190193
444.157593,126.458244,70.688057,82.456863
443.894562,126.527588,71.485596,82.635666
441.518890,127.205307,72.468239,82.853172
440.814941,127.552010,72.781952,82.824440
435.714417,128.082001,73.450790,83.051376
432.893555,128.872620,73.475029,83.220718
432.056122,129.113251,73.528229,83.230339
431.069611,129.125443,73.780518,83.493774
428.783020,128.788681,73.700722,83.531281
425.390228,129.075073,74.056808,83.628693
422.877563,128.335144,74.676125,83.389046
419.167480,127.014221,75.144249,83.313164
416.647339,122.295250,77.428612,84.120155
415.670227,119.297897,77.541321,84.999245
415.804413,119.385094,78.025604,84.774704
416.045074,119.443741,78.452713,84.905815
415.700562,119.184074,78.749870,84.658836
415.211609,119.492081,80.882446,84.618713
415.244537,119.651978,81.067986,85.029678
415.456268,119.893188,81.491158,85.472412
415.342499,119.966011,81.522827,85.353386
415.084900,119.869125,82.229431,85.377823
414.794067,119.880653,82.745338,85.257210
413.866821,120.173714,83.644447,84.863235
413.957764,120.140617,84.096313,85.021912
414.040131,120.272598,84.683250,85.225502
414.188171,120.395454,84.955551,85.470284
414.205780,120.443039,84.959030,85.428467
414.242340,120.459305,84.980042,85.480820
413.618134,120.492844,84.516663,85.209854
413.857819,120.638153,84.958023,85.463158
413.831299,120.514435,84.906326,85.514778
413.821320,120.651665,84.946785,85.934311
413.845917,120.684746,84.958023,85.962944
413.838074,120.566391,84.934723,85.968437
413.873993,120.355423,84.886177,85.825829
413.433289,119.974174,85.139359,85.765419
412.917267,120.139656,85.511543,85.676170
411.560913,119.860504,86.515236,84.794624
408.341766,119.254936,87.357018,83.823723
408.290802,119.196045,87.482933,83.904808
406.973450,118.916656,87.483971,83.675529
405.907806,118.844368,87.597382,83.962021
404.710602,118.803391,88.148491,83.806610
404.598175,118.958359,88.570053,83.931946
404.686066,119.010422,89.007866,84.007874
404.879456,119.324478,89.468185,84.415100
403.769470,119.751167,90.052956,84.275368
403.698090,119.926849,90.494957,84.401550
403.400574,120.061363,90.481911,84.475998
400.435608,120.560303,90.355698,84.544075
398.421661,120.812965,90.350067,85.066116
397.985168,121.239983,90.020271,85.600342
394.504425,121.458466,90.029121,86.303070
394.498016,121.643623,90.159325,86.448570
394.458710,121.654213,90.296272,86.616570
394.175873,122.061714,90.056129,87.558052
393.299500,122.028275,90.042580,88.224449
391.857361,122.414131,90.163826,88.474442
391.987152,122.426781,90.446236,88.520676
391.925568,122.665581,90.421379,88.983612
391.875580,122.667557,90.458435,88.969543
391.092224,122.491356,90.628708,88.948654
388.958649,121.123314,91.454460,89.452499
388.278290,119.298782,90.236938,89.643822
387.001678,115.128693,90.430550,90.284370
386.920410,114.447411,90.518494,90.494431
386.460785,111.767456,90.438728,90.329842
386.478516,111.709846,90.405807,90.242432
386.246643,111.094597,90.482300,90.127693
386.003448,110.802841,90.584167,90.295982
386.106354,110.711586,91.029404,90.360619
386.263733,110.193718,91.595543,90.175446
386.437927,110.081085,92.079208,90.291924
386.718170,109.382309,92.538406,90.557251
