1
439.018250,105.547974,55.457905,76.944679
439.037994,105.575844,55.472595,76.966820
439.128082,105.825371,55.387142,76.791733
439.184052,105.938759,55.471455,76.964798
439.309998,106.057968,55.371876,76.849113
439.446381,106.173965,55.340355,76.957924
439.528503,106.196754,55.467159,76.970345
439.708221,106.336807,55.183765,76.968765
439.897675,106.379417,55.316738,76.921982
439.988007,106.418640,55.472595,76.966820
440.010956,106.445114,55.345684,76.909454
439.948364,105.825241,55.001041,77.162201
440.169434,105.972290,55.432350,77.451157
440.167267,105.992653,55.366447,77.379730
440.348450,105.825584,55.083427,77.406059
440.761261,105.900955,55.038929,77.312172
440.994232,105.988220,55.459949,77.465004
441.154449,105.903145,55.261593,77.419952
441.402466,105.768539,55.284447,77.525803
441.516815,105.947601,55.463356,77.931946
441.573273,105.976318,55.414066,77.958656
441.563293,105.961868,55.350426,77.925140
441.674225,106.020248,55.241562,77.898407
441.727448,106.016327,55.319889,77.956184
441.817505,106.054146,55.056248,77.911140
441.812134,106.283447,55.227261,77.855240
441.920685,106.373413,55.452824,77.961967
441.943207,106.932014,54.856613,78.122162
442.034821,107.953072,53.780766,78.570564
442.141693,109.381279,53.117733,78.951004
442.476318,109.633560,52.879967,78.922234
442.175232,110.666893,51.865379,78.895523
442.445587,111.571732,51.125309,79.042198
442.527679,112.036026,51.105316,79.552788
442.642670,114.106583,50.845463,79.241959
442.307281,115.166298,50.298973,79.280273
442.323975,115.312843,50.360046,79.439041
441.888641,115.657257,50.065289,79.522766
441.633118,115.980385,50.261631,79.813889
441.431274,115.853737,50.229404,79.900032
440.272095,116.083572,50.154213,79.698631
439.759186,116.181465,50.018200,79.724792
438.246246,116.053726,49.814995,79.643036
436.591278,115.035965,49.352776,79.790298
436.512115,115.058258,49.423214,79.951126
436.407959,114.015511,48.585949,79.838104
436.067047,113.845726,48.718147,79.738495
435.831085,113.884300,48.874790,79.900810
435.666992,113.831039,48.770744,79.846519
435.528870,113.869492,48.726898,79.842262
435.303009,113.840408,48.949001,79.886711
435.080414,113.842094,48.728756,79.905289
434.880829,113.895363,48.162022,79.994781
434.695496,113.610359,48.342773,80.420776
434.074127,113.485733,48.122547,80.490433
433.858429,113.521683,48.141983,80.374702
433.667297,113.630493,48.195240,80.396576
432.826263,113.979904,48.034435,80.434189
433.004181,114.064140,48.369766,80.464783
432.825012,114.092934,48.434719,80.436745
432.429230,114.124710,48.309681,80.464607
432.323303,114.163651,48.364021,80.397827
432.248047,114.231667,48.407410,80.449890
432.111237,114.291420,48.406746,80.545647
432.104065,114.519310,48.378372,80.943596
432.133636,114.560425,48.475727,80.951149
432.029907,114.631760,48.381233,80.960732
432.036865,114.667740,48.416817,80.935143
432.369690,115.572021,47.422821,80.854881
432.544617,116.721962,47.156754,81.391129
432.888428,117.047394,46.924057,81.393578
432.839142,118.080467,46.860985,81.204300
432.956848,118.278664,46.933735,81.466331
433.071869,118.389084,46.910683,81.519440
433.150848,118.671249,46.944981,82.036560
433.206421,118.951889,46.966221,82.427399
433.222809,118.994537,46.976246,82.463257
433.235779,119.013939,46.976608,82.466728
433.209229,119.127113,46.904137,82.522659
433.282776,119.817444,46.900192,82.798668
433.417786,120.990036,46.765495,82.549225
433.438202,121.286903,46.758747,82.922623
432.981781,121.349640,46.698814,82.861992
432.561554,121.429276,46.930412,82.730858
431.967987,121.630676,46.742722,82.683975
431.594757,122.006561,46.892509,82.770035
431.585541,122.137093,46.941875,82.917549
431.537292,122.192497,46.933517,82.931984
431.441376,122.263763,46.928860,82.942986
431.474182,122.654045,46.901527,82.859367
431.526398,123.196228,46.902920,82.652657
431.581940,123.525200,46.940498,83.110939
431.616241,123.780685,46.966866,83.406311
431.642303,124.357788,46.978603,83.178696
431.661926,124.540291,46.983685,83.464722
431.776184,124.553345,46.953671,83.470467
431.800995,124.566605,46.974831,83.466324
431.914734,124.571930,47.000576,83.506851
432.207214,124.798080,47.464283,83.955658
432.327362,124.760864,47.433105,83.986801
432.684845,124.812775,47.448269,83.543053
433.456879,123.729141,47.389694,84.286430
434.254639,122.565514,47.076096,84.698952
434.429230,122.570045,47.521862,84.812027
434.033844,122.469559,47.558918,84.623207
431.278656,123.308426,47.542168,82.282875
428.071350,123.067451,47.711475,81.520920
426.360474,123.083351,47.687851,80.032722
424.329651,122.274399,48.205593,80.211029
424.225311,122.275520,48.354118,80.280342
424.271240,122.346527,48.467365,80.476974
424.225220,122.292404,48.525711,80.350533
424.431732,122.348541,48.985249,80.468559
424.785980,120.196548,49.227699,81.759491
425.002289,120.291443,49.486282,82.037842
426.138702,120.307915,49.813477,82.312401
426.397461,120.260300,49.963486,82.611748
426.943970,120.420509,50.417850,82.595627
427.543365,119.698738,50.692360,83.843079
427.760681,119.706963,50.997395,83.985847
427.873718,119.762146,51.287125,83.566841
428.721436,119.714981,51.764252,83.975288
428.831451,119.684364,51.982887,83.925827
428.855743,119.611954,51.982445,83.952278
428.959137,119.276367,52.057060,83.984268
429.234467,119.171104,52.466370,83.977997
429.075623,118.599052,52.627522,83.971710
429.337982,118.000122,54.065289,83.927559
429.630096,117.951622,54.538727,83.903992
430.138336,117.841064,55.244011,83.898178
431.380707,118.383377,56.143921,83.898560
433.609985,119.972801,57.900261,83.417671
434.788635,120.740097,60.130379,83.341240
437.383331,120.998535,60.475834,83.171417
438.562042,122.100227,61.915848,82.689873
439.121857,122.210190,62.990356,83.512276
439.129486,122.453850,62.970829,83.964920
439.218292,122.418076,62.935535,84.034088
440.145721,122.303871,63.392166,84.551773
440.197113,122.527542,63.468735,84.963585
440.211243,122.545990,63.468643,84.963379
440.224854,122.564079,63.469486,84.962326
440.289886,122.538383,63.503693,84.920509
441.552826,122.870491,64.360703,84.445518
441.765533,122.759636,64.684837,84.615059
442.015808,123.044235,64.937874,84.575111
442.566376,123.097710,65.164566,84.700981
443.289246,122.944969,65.590553,84.227707
443.500061,122.836655,66.055824,84.346642
443.778473,122.443642,66.594421,83.765320
444.015381,121.725227,67.076126,82.942711
444.230316,121.757568,67.478653,82.805809
444.290253,121.153137,67.640060,83.313400
444.555664,121.118828,67.984924,83.379608
444.544830,121.176071,68.023148,83.456886
444.746521,121.171288,68.548882,83.467186
444.975952,121.119125,68.968185,83.413094
444.909241,121.078133,69.088226,83.466988
445.098175,121.066071,69.508057,83.468086
445.087585,120.633583,70.030228,83.580513
445.028809,120.728027,70.544586,83.833885
444.330780,120.054848,71.119667,84.245651
444.215118,120.015915,71.535744,84.486313
443.429657,119.688553,72.322830,84.737160
441.346283,119.386803,72.786018,84.851158
440.286835,119.744591,73.343277,84.844345
439.615082,119.480103,73.657898,84.960396
439.596222,119.530243,73.998024,84.927773
439.374878,119.871864,74.128288,84.593727
439.521912,120.055687,74.536789,84.985435
439.664490,120.059502,75.043320,84.959709
439.867584,120.083252,75.478065,84.959709
439.871429,120.100243,75.470810,84.957314
439.870392,120.100853,75.509285,84.989204
440.001862,120.102890,76.181702,84.983673
440.159210,120.111290,76.462227,84.963379
440.180573,120.160011,76.475151,84.956734
440.191162,120.177635,76.477272,84.973160
440.200745,120.191292,76.462227,84.963379
440.217834,120.209839,76.462227,84.963379
440.271698,120.220955,76.427643,84.983566
440.309479,120.233147,76.455032,84.964485
440.939301,120.070770,76.278320,85.175697
441.140961,120.243477,76.472427,85.462990
441.246948,120.271965,76.390793,85.471069
442.432861,119.934784,75.975670,85.769920
443.107147,119.793610,75.899376,86.184677
443.508881,119.861954,75.825775,86.450264
444.669067,119.784737,75.489967,86.588936
445.237244,119.673775,75.224663,87.127098
445.930298,119.800606,75.195381,87.374954
446.293640,119.752457,75.279732,87.545715
446.651001,119.909904,75.327354,87.960457
447.495850,119.403946,75.302010,87.924492
447.614105,119.435394,75.445030,87.967361
447.654114,119.442474,75.449715,87.973358
447.654327,119.265045,75.441673,88.087723
447.823151,118.496429,75.203377,89.294785
447.967743,118.596268,75.448067,89.451164
448.010620,118.613197,75.443756,89.476509
448.101166,118.600693,75.399498,89.509918
448.150604,118.845573,75.462036,89.961761
448.270905,118.725998,75.375259,90.084915
449.075714,118.804146,75.088173,90.251541
449.883240,118.518494,75.091187,90.509750
450.251160,118.544922,75.299454,90.769524
451.635681,118.539398,75.003555,89.161919
452.286407,118.590118,75.245117,89.485130
453.820221,117.445793,74.732368,89.625221
455.318695,116.967163,73.876656,89.799683
456.914429,116.203796,73.334694,89.960358
458.351166,115.472206,72.371361,89.752815
458.728821,115.623070,72.242882,89.591415
459.160492,115.510658,72.233208,90.006104
459.431091,115.437172,72.346634,90.074829
459.861450,116.066452,72.022331,88.028191
460.190155,116.022461,72.255241,88.169113
460.343414,116.129967,72.285225,88.338570
460.408569,116.187798,72.387657,88.421532
460.276642,115.906639,71.732658,88.213913
459.692017,114.840607,70.854988,88.751457
459.729919,114.865433,70.742477,88.909180
459.915466,114.596550,69.984535,88.918030
459.892212,114.625298,69.895096,88.939911
460.207855,114.611389,69.088593,88.955627
460.526642,114.655258,68.781960,88.762169
461.277832,114.915100,67.300262,88.860710
462.203217,115.032707,66.028709,88.894409
463.248230,114.987198,65.187584,89.024788
463.662903,115.169685,65.247345,89.505775
464.758209,115.396309,64.389168,89.983185
467.406555,114.440193,61.840717,90.335022
468.167358,114.426567,61.218014,90.381447
469.087189,114.031532,60.994595,90.685280
469.965881,113.568054,60.391621,91.047829
470.861053,113.161156,59.997810,90.900169
471.234436,113.026428,59.675884,91.047462
471.428864,113.244240,59.857056,91.416260
471.511505,113.303680,59.760040,91.384911
471.634552,113.315331,59.850121,91.394989
471.767548,113.163658,59.530746,91.430405
471.528076,113.074066,59.164436,90.896767
471.838104,113.099144,58.169872,90.666229
471.932800,113.340942,57.969063,90.778244
471.737854,113.266617,57.573784,90.982605
471.699432,113.231895,57.389008,90.733078
471.463928,113.257957,57.279724,91.079521
471.494354,114.111870,57.347042,90.909096
471.566071,114.159027,57.464169,90.955116
471.581909,114.181892,57.469925,90.960312
471.595612,114.201988,57.471607,90.960793
471.144714,115.838860,57.358795,87.894020
470.943665,115.978462,57.464363,87.861671
469.716980,116.185837,57.637863,87.515121
469.840485,116.475700,58.008606,87.917763
468.110840,117.749435,58.513645,86.770828
467.369690,118.291458,59.046135,86.130188
467.528015,118.532272,59.482800,86.411362
465.341797,119.381889,59.348408,85.232254
465.254425,119.584312,59.480415,85.376846
465.257660,119.649986,59.472435,85.459160
464.533142,119.845238,59.518559,85.293617
464.141205,119.958862,60.147705,85.244278
463.394379,120.326477,60.576019,84.702232
462.421448,120.720276,60.952980,84.400719
461.179260,121.379494,61.266384,83.791824
461.070038,121.569336,61.495331,83.729286
461.069916,121.728241,61.472549,83.949181
460.173004,123.182281,61.743267,83.228188
458.568054,124.427010,61.841347,81.587730
457.400604,125.267799,61.779644,80.848602
456.988953,125.457909,61.877087,80.699699
456.856110,125.749481,61.958595,80.198837
456.020355,126.552200,61.934978,79.575760
455.687378,126.723763,61.825687,79.927002
454.912048,126.745590,62.266689,79.685555
454.942535,126.775169,62.507248,79.772469
455.193085,127.004654,62.963303,79.820000
455.192596,126.969414,62.994564,79.966812
455.193787,126.986130,62.968880,79.965599
455.772552,124.700356,62.669300,80.573570
455.917480,124.906647,62.974842,80.963737
455.928589,124.925003,62.968891,80.965103
455.942688,124.942673,62.968891,80.965103
454.737915,124.606148,62.926716,80.812675
454.666412,124.704674,63.129757,81.016754
453.032501,124.737930,63.325096,81.547028
452.594421,125.465561,64.015373,81.266647
452.648407,125.532784,64.440735,81.504547
450.366486,125.435852,65.047165,81.272072
449.632080,125.545837,65.778557,81.460045
445.875885,126.224159,66.355789,81.238625
445.635406,126.288803,66.874466,81.581787
444.989349,126.686890,67.248055,82.105988
444.616638,127.022423,68.177094,82.502922
444.013824,127.594872,68.410858,83.304443
442.434296,128.061417,68.940651,83.924103
441.957336,128.339005,69.648201,83.782730
441.754059,128.461685,70.146904,83.929733
437.791382,128.585281,71.615166,83.935371
435.307983,129.220291,72.285217,83.529205
433.889740,129.510422,72.503601,83.755356
432.592255,129.369034,72.411774,83.987236
430.062225,128.803055,72.212662,83.934624
427.152313,129.234604,72.282211,83.275726
423.958649,127.712967,72.420570,83.560814
420.487061,126.479805,73.044846,83.877953
417.709167,121.902428,75.140816,84.282288
416.363983,121.887573,76.100510,83.443062
415.491577,121.266479,77.769600,83.075134
415.618073,120.099907,78.094086,83.795883
415.343994,118.764465,78.685410,83.889580
415.385010,118.920807,79.392670,83.790497
415.439148,119.023575,79.488396,83.969757
415.452911,119.043312,79.471581,83.967667
415.454620,119.066895,79.462021,83.957794
415.449371,119.081169,79.464195,83.964287
414.953278,119.174660,80.259399,83.681969
414.641418,119.419937,81.015823,83.805687
414.846802,119.489342,81.493919,83.967758
414.764130,119.453987,81.622818,83.779854
414.926056,119.475868,82.039795,83.993546
415.152130,119.488014,82.459351,83.957367
415.169128,119.515427,82.459312,83.959465
414.897003,119.579849,82.158455,83.893906
415.016571,119.650558,82.460373,83.940392
414.856537,119.518181,82.243134,83.996262
414.674805,119.136353,82.241920,84.130394
414.801910,119.321388,82.459259,84.463593
414.820404,119.335770,82.457909,84.467079
414.792511,119.178101,82.439178,84.403519
414.742523,119.132797,82.485565,84.399094
412.375610,119.397354,82.601242,83.868576
411.835083,118.563843,82.979454,84.078323
409.579315,118.032135,82.627556,84.262070
409.364410,117.891716,82.906166,84.479706
408.698761,117.536865,83.180595,84.483055
406.265717,118.132164,84.074203,83.951057
405.041168,118.219330,84.520142,83.645378
405.171387,118.474777,84.982941,83.912796
404.935120,118.509018,85.064178,84.011139
404.239655,119.267487,85.700172,84.198616
403.903320,119.628700,86.123741,84.368469
404.052582,119.727409,86.460899,84.445549
403.791656,119.955490,86.596054,84.439552
401.944336,120.368477,87.081512,84.402992
400.128540,120.398735,87.469940,84.571709
399.676758,121.011360,86.994064,85.413910
396.327240,121.408371,86.675262,85.479179
396.121185,121.751808,86.723824,85.397804
396.155853,121.793503,86.903351,85.527145
395.719116,122.344139,86.293213,86.347427
395.032318,122.320053,86.116333,86.671303
393.579224,122.544838,86.370308,87.004051
393.486176,122.775558,86.452240,87.524673
393.491882,123.010597,86.451431,87.967148
393.120667,123.017258,86.535866,88.049416
392.030823,123.133492,87.311722,88.289230
389.088745,121.699745,88.758720,88.676643
388.447083,120.253258,88.186478,88.979431
387.975739,116.564049,88.486465,88.927696
387.780762,113.891426,88.546448,89.000244
387.763550,113.293320,88.765045,89.134018
387.970734,112.536621,88.808838,89.147377
387.591400,111.602852,89.069519,89.152397
387.366638,111.372765,89.533218,89.247108
387.428192,111.325951,89.998405,89.391884
387.028748,110.168777,90.390999,89.069687
387.063873,110.227394,90.523193,89.380989
387.434723,109.513321,91.118675,89.571350
