1
435.989044,110.626846,57.951328,70.489296
436.012268,110.636452,57.971054,70.470314
436.135223,110.695854,57.867474,70.483299
436.200592,110.705414,57.970814,70.471222
436.400208,110.712585,57.822502,70.511635
436.635895,110.984276,57.802395,71.019997
436.822632,111.197365,57.881756,71.534142
436.922546,111.429977,57.924782,71.989769
437.283264,111.231697,57.700741,72.060242
437.454071,111.448700,57.949432,72.474792
437.727692,111.216217,57.298584,72.440842
437.898865,109.663429,56.875141,73.261871
438.311554,108.277451,56.318291,73.790329
438.412323,108.381508,56.443035,73.953987
438.892120,107.954430,55.734421,74.002525
439.208740,108.227318,55.627926,74.396286
439.468536,108.196503,55.907078,74.522461
439.882080,108.333107,55.608250,74.897797
440.590637,107.918839,55.298244,75.089394
441.073883,107.543953,55.250111,75.509537
441.345337,107.748947,55.261784,75.931496
441.392059,107.751801,55.373196,75.938194
441.601410,107.833511,55.017227,75.862671
441.744507,107.898102,55.296154,75.944016
441.700134,107.903244,55.233284,76.000565
441.629547,108.197456,55.270370,76.435616
441.781281,108.251709,55.380569,76.464294
441.806519,108.337204,55.317852,76.493416
441.874329,108.664131,54.811314,76.494583
441.917603,110.267502,53.670467,77.509964
442.263702,110.589676,52.858932,78.240349
442.475098,111.078178,52.286972,78.467545
442.787109,112.473442,51.513615,78.442932
442.643188,113.141083,50.526024,78.854355
442.575378,114.372993,50.556301,78.921318
442.438385,115.230591,50.612823,78.800224
442.364655,115.693130,50.722141,78.992378
441.632324,115.756310,50.442486,79.148949
441.103943,116.005081,50.263317,79.261879
441.046661,115.959396,50.310928,79.478775
440.810303,116.173973,50.178822,79.220139
440.256104,116.205727,49.815712,79.276726
438.473022,116.368965,49.304966,79.082085
436.829742,115.602371,48.889767,79.244591
436.554169,115.723312,48.780563,79.405426
436.311981,114.958115,48.217522,79.270897
436.000854,114.928230,48.203781,79.313309
435.557831,114.811180,48.440613,79.372803
435.267822,114.691925,48.395668,79.432884
435.154785,114.698906,48.297089,79.362206
434.597198,114.276810,48.273380,79.417198
434.508026,114.285965,48.278095,79.421402
434.447052,114.256409,47.949722,79.505127
434.208160,114.288681,47.871395,80.211876
433.868408,114.039505,47.689644,80.616928
433.515594,114.262367,47.669762,80.816643
433.503357,114.373299,47.757057,80.927773
433.005188,114.536636,47.629906,80.962433
433.044098,114.548096,47.789177,80.881531
433.000061,114.608482,47.958599,80.941231
432.208008,114.667221,47.793652,80.882446
432.257599,114.741028,47.944458,80.923462
432.265381,114.782372,47.952656,80.949371
432.209229,114.806801,47.935104,80.978775
432.091980,114.820145,47.806614,80.940277
432.097717,114.887512,47.962967,80.935776
431.898285,114.963020,47.833481,80.983360
431.918030,115.018028,47.909904,80.925980
432.178864,116.107567,47.100189,80.898499
432.515076,117.235695,47.156754,81.391129
432.858887,117.561134,46.924057,81.393578
432.809601,118.594200,46.860985,81.204300
432.927338,118.792404,46.933735,81.466331
433.004181,118.907906,46.949104,81.403679
433.058319,118.986908,46.948254,81.518105
433.099335,119.289658,46.965961,81.912376
433.117035,119.340317,46.976589,81.962471
433.138916,119.376434,46.989258,81.976013
433.098724,119.531639,46.814754,82.159416
433.197540,120.110970,46.909019,82.309525
433.415558,121.852150,46.538528,82.004387
433.581879,122.128708,46.866432,82.437416
433.042603,122.041733,46.717724,82.466805
432.551117,122.061813,46.879696,82.213425
431.959290,122.300880,46.735523,82.185463
431.644836,122.680809,46.809742,82.277222
431.634552,122.804817,46.935879,82.410881
431.583862,122.863686,46.959358,82.448723
431.543701,122.911118,46.938755,82.437988
431.346039,123.318665,46.850136,82.349709
431.539215,124.167664,46.835777,81.894730
431.620148,124.344391,46.971012,81.965660
431.633545,124.361786,46.976791,81.964668
431.655792,124.881767,46.970284,81.730095
431.677856,125.027382,46.984444,81.967537
431.729858,125.098976,46.977818,81.919601
431.748169,125.134216,46.970863,81.971504
431.971649,125.111534,46.975578,82.036552
432.040558,125.315353,46.968010,82.446159
432.359863,125.035698,46.881252,82.615463
433.224365,125.237129,46.814091,82.486977
433.553680,124.987755,47.001133,82.542664
434.668610,123.328354,46.652302,83.855591
434.806519,123.306084,46.995693,83.894035
434.126984,123.229599,46.769043,83.526138
431.522949,124.196625,46.608757,81.200150
428.260193,123.937508,46.807117,80.824860
426.820923,123.519760,47.077408,79.989380
424.674255,122.754013,47.822189,79.287216
424.644897,122.811287,47.895088,79.284805
424.586548,122.487511,47.986782,79.969933
424.500183,122.481346,48.036980,79.761002
424.718048,122.591438,48.480759,79.959793
424.680573,121.513611,48.823723,80.629745
425.319489,121.319687,48.850994,81.543076
427.406464,121.011169,49.653221,81.539162
427.697266,121.055977,49.943703,82.131363
427.803894,121.144615,50.068413,82.397217
428.513824,120.443512,50.734367,83.309189
428.663849,120.517532,50.984791,83.446983
428.701630,120.507011,51.024754,83.368324
429.477936,119.977417,51.721691,83.813225
429.569153,119.950569,51.986023,83.830757
429.689636,119.435089,52.174900,83.830566
429.817535,119.177185,52.479622,83.979919
429.862671,119.064293,52.444847,83.998596
429.714569,118.481941,52.627522,83.971710
429.708618,118.200768,53.642567,83.822212
430.359009,117.979103,54.241074,83.888000
430.930939,117.718742,54.994434,83.689445
431.638550,118.355858,55.968521,83.941574
434.102936,120.845833,57.684395,82.897217
435.493164,120.795792,60.253803,83.170944
437.078613,121.051407,60.206337,83.197586
438.840424,122.308647,61.999451,83.005707
439.696289,122.486679,62.947807,83.736633
439.717926,122.617065,62.971581,83.961166
439.726501,122.633568,62.968044,83.967285
439.935211,122.611847,63.091427,83.909340
440.138000,122.657410,63.468643,83.963806
440.153290,122.675224,63.467873,83.964478
440.182037,122.760651,63.457981,83.885773
440.350739,122.785423,63.532162,83.891670
441.590698,123.280426,64.177277,83.418556
442.001831,123.019928,64.720848,83.789574
442.180023,123.123253,64.947739,83.837288
442.511230,123.095764,65.087280,83.852493
443.454834,122.778130,65.688934,83.047256
443.630524,122.854469,66.016434,83.367661
443.906219,122.499519,66.566063,82.991402
444.129242,121.606422,67.075005,82.459229
444.349091,121.728485,67.476486,82.200584
444.393768,121.194382,67.627823,82.915688
444.604889,121.195045,67.979462,82.925491
444.609039,121.226570,67.986328,82.972939
444.608521,121.221664,67.993599,82.942184
444.615631,121.226761,67.960640,82.965775
444.609406,121.173477,68.048660,82.981064
444.833160,121.180893,68.466621,82.963631
444.834320,121.173027,68.491371,82.958443
444.807434,121.119537,68.492897,82.887825
444.780090,121.100571,68.503807,82.997337
444.782471,120.958061,69.105537,82.959503
444.506653,120.655724,69.781860,83.179024
443.116364,120.500740,70.223518,83.198578
441.611694,120.659096,70.805962,83.612473
441.218658,120.650139,71.075363,83.939751
441.265625,120.644485,71.493408,83.970116
440.723541,121.009048,71.803406,83.536621
440.741150,120.997383,72.164764,83.938049
440.362244,120.811424,72.944519,84.037933
440.320251,121.029564,73.107674,84.498466
440.481171,121.009613,73.540909,84.468163
440.671570,121.014473,74.043167,84.482483
440.773071,120.829453,74.789764,84.594994
440.873352,121.030930,74.967995,84.962013
440.889008,121.053764,74.964867,84.962250
440.912079,121.086342,75.030937,84.997101
441.144836,121.088028,75.462715,84.963379
441.161713,121.106575,75.462715,84.963379
441.227325,121.119972,75.417564,84.987625
441.332977,121.123978,75.389183,84.992027
442.007141,120.920700,75.163994,85.129425
442.664581,121.036758,75.319977,85.548462
442.840881,121.265511,75.382812,85.972748
443.430328,120.848045,75.279823,86.239937
443.928101,120.816673,75.276390,86.582695
444.528564,120.694244,75.271416,86.936790
444.873779,120.610497,75.318291,86.988556
445.255798,120.310051,75.314682,86.899406
445.816803,120.328804,75.233826,86.885437
446.248138,120.257820,75.221718,87.052483
446.666046,120.392761,75.326027,87.465027
446.994232,120.035042,75.385971,87.453018
447.081085,120.018089,75.442307,87.447746
447.126953,120.014633,75.444511,87.480904
447.000214,119.494507,75.452057,87.898773
447.203400,118.263771,75.101273,89.303383
447.376221,118.433929,75.441429,89.292603
447.498993,118.477959,75.366570,89.551422
447.978668,118.409477,75.115173,90.440804
448.173248,118.436714,75.460121,90.462891
448.280670,118.312897,75.392883,90.575172
448.949677,118.329559,75.146179,90.842979
449.975250,118.042938,75.075943,91.013802
450.315582,118.178001,75.353195,91.381409
451.471436,117.975586,74.980576,90.345261
453.068634,117.814774,74.541214,89.888458
454.529755,116.927727,74.257729,90.142052
455.629120,116.762611,73.656532,90.180466
457.396851,115.976288,73.219803,90.700439
458.605896,115.515678,72.718071,90.612915
459.037964,115.468483,72.644760,90.633736
459.448059,115.322334,72.780922,90.770393
459.658112,115.292648,72.850922,90.643219
459.930817,115.357246,72.671570,89.666656
460.092224,115.115135,72.683121,89.766838
460.284241,115.087669,72.835815,89.861687
460.310364,115.095222,72.678009,89.719002
460.383118,114.893784,72.311607,89.712059
459.823853,114.022797,71.202652,89.893127
459.844971,113.784973,70.873703,89.809349
459.979004,113.837326,70.338394,89.911858
459.985809,113.865173,70.328918,89.927711
460.248352,113.894714,69.506065,89.834915
460.599731,113.974365,69.046227,89.871841
461.371246,114.201859,67.719040,89.800209
462.196381,114.464104,66.629112,89.794594
463.049988,114.484802,66.017441,90.040642
463.455109,114.704842,66.253601,90.477234
464.868256,114.667107,64.931503,90.449562
467.116791,114.039711,62.563118,90.687683
468.131958,114.014610,62.072914,90.961891
468.998840,113.760986,61.918564,91.186295
469.259918,113.743355,61.785786,91.413361
469.959961,113.392616,61.553558,90.961472
470.413269,113.348297,61.724979,90.969879
470.566162,113.365784,61.881691,90.925873
470.731354,113.463654,61.553635,90.849098
471.047577,113.405663,61.679955,90.871315
471.190918,113.174179,61.186932,90.946777
471.189972,113.169830,60.972427,90.730408
471.405090,113.385178,59.223244,90.619591
471.474335,113.629303,58.967430,90.824844
471.012360,113.357208,58.475361,91.011421
470.892944,113.565063,58.170223,91.209419
470.968506,113.668144,58.362560,91.455856
470.928040,114.351265,58.325409,90.896278
471.011292,114.404678,58.466335,90.955750
471.026276,114.427162,58.469990,90.960472
471.039917,114.447182,58.471111,90.960793
470.574860,116.552940,58.278465,87.134384
470.595276,116.727600,58.434532,87.436096
469.302887,117.183365,58.535648,86.737892
469.193390,117.352020,58.884796,86.859993
467.411377,118.661308,58.988796,85.896065
467.354645,118.726891,58.943748,85.945251
467.118469,118.909477,59.014603,85.770103
465.013885,119.594437,59.359844,84.945282
464.987976,119.676208,59.465267,84.912575
464.993103,119.726830,59.474735,84.955055
464.311920,119.808441,59.522869,84.845589
464.186951,119.907028,60.088520,84.827736
463.585541,120.100197,60.561123,84.447250
462.768463,120.352409,60.960648,84.067490
462.462769,120.741875,61.068810,84.213875
462.501831,121.172295,61.545086,83.992691
462.694427,121.214775,61.984753,83.912132
462.218964,122.272125,62.065277,83.699142
459.318237,124.098122,62.533516,81.600075
458.912445,124.623734,63.014130,81.313042
457.990234,124.995949,63.429970,81.072754
457.923615,125.142029,63.466164,81.398376
457.142059,125.415634,63.339283,80.966881
456.692413,125.448601,63.386215,80.910774
455.723083,125.455910,63.727867,80.832581
455.696503,125.374573,64.006737,80.934830
455.923248,125.483696,64.480034,80.864990
455.921143,125.540596,64.467995,80.947525
455.890320,125.555405,64.439575,80.942696
456.020172,125.213287,64.579796,80.873672
456.221191,125.272942,64.969040,80.963486
456.228271,125.288147,64.970032,80.965469
456.241730,125.305634,64.967903,80.965103
455.733368,125.142868,64.967789,80.956696
455.684631,125.155983,64.992096,80.970848
453.690277,124.941521,65.142395,80.952713
452.717926,125.040222,65.978409,80.738548
452.434448,125.102776,65.885803,81.033478
450.336975,125.076744,66.676773,81.099266
449.297638,125.212555,67.262444,81.430237
445.662842,125.982140,68.134438,81.301476
445.632294,125.972954,68.730873,81.553932
445.075256,126.231644,69.130974,82.148422
444.661438,126.392685,70.213379,82.635246
444.116486,127.023125,70.516968,83.050232
443.994141,127.254723,71.210220,83.716606
442.811340,127.730843,72.155624,83.859886
441.831421,127.826981,72.676987,84.012634
436.876251,128.264648,73.587524,84.332298
433.694672,128.755753,74.247353,84.056549
432.297089,129.074249,74.607529,84.293282
430.997742,129.124863,74.748779,84.327866
429.069672,128.879608,74.810768,84.494308
425.437042,129.418488,74.691826,83.467918
423.013306,128.446777,74.760368,83.253242
419.261108,127.193748,75.144249,83.313164
416.740967,122.474785,77.428612,84.120155
415.447601,120.660957,78.293755,84.616592
415.087402,120.583038,78.914810,84.596779
415.103973,119.742203,78.901764,85.094681
414.815155,118.990944,79.415977,85.271149
414.179169,119.010910,81.921616,85.300499
414.218628,119.110367,81.978951,85.468163
414.239258,119.129387,81.972313,85.469170
414.145752,119.170006,81.993240,85.420334
413.903839,119.133675,81.939163,85.479546
413.783051,119.143555,82.091576,85.211731
413.664612,119.374649,82.806343,85.310318
413.758453,119.467720,82.960983,85.464005
413.809113,119.351372,83.230400,85.148750
413.928619,119.512238,83.466667,85.460526
413.939117,119.549927,83.458939,85.450035
413.958862,119.575462,83.459885,85.463646
413.606934,119.671280,83.061592,85.319946
413.806824,119.786644,83.459641,85.437645
413.704193,119.414429,83.241196,85.607826
413.768677,119.490372,83.431618,85.919701
413.800934,119.530762,83.458794,85.962959
413.802795,119.521576,83.460281,85.940147
413.820221,119.496758,83.452118,85.914528
413.700775,119.438637,83.505875,85.826447
413.222076,119.544304,84.085068,85.699303
412.514191,119.296265,84.856071,85.460014
409.749634,118.770927,85.464890,84.353889
409.489410,118.680244,85.441284,84.261093
408.023254,118.726372,85.720871,83.971992
406.228638,118.821121,86.403755,83.813049
405.131592,118.825424,86.537163,83.824257
405.127106,119.028648,87.061386,83.898537
405.036011,118.986244,87.588356,84.067604
404.532593,119.528175,88.230400,84.316238
403.907166,119.918610,88.768425,84.366623
403.863708,120.054581,88.992462,84.409637
403.652039,120.156677,88.962753,84.505775
400.710968,120.778023,89.090881,84.999290
398.974213,120.766678,89.312721,85.246384
398.598694,121.037231,89.073219,85.667213
395.040833,121.295670,88.653389,86.340935
395.095856,121.407249,88.813477,86.465759
395.076111,121.419296,88.850128,86.562782
394.668884,121.873497,88.587524,87.303970
394.291138,121.816971,88.761452,87.803810
392.864685,122.000443,88.731903,88.113647
392.860687,122.194031,88.940598,88.567894
392.495300,122.442360,88.938545,89.018402
392.060791,122.692253,89.026825,89.493507
391.343536,122.550377,89.615662,89.375748
388.516937,120.961746,91.025040,89.878242
387.777008,118.724670,90.143074,90.245232
387.495941,116.396851,90.288544,90.341431
387.208221,113.106995,90.322342,90.410812
387.098907,112.895027,90.452606,90.305183
387.146362,111.782639,90.301399,90.097458
386.966644,111.239868,90.482300,90.127693
386.723480,110.948120,90.584167,90.295982
386.755341,110.832253,90.951950,90.371231
386.594696,110.250381,91.229103,90.143974
386.718597,110.032066,91.589218,90.257561
387.022552,109.084579,92.058319,90.704445
