1
440.635223,106.934265,47.696629,73.566345
440.814758,107.384262,48.205063,74.027603
441.475891,108.103477,48.436653,74.237656
441.509918,108.244164,48.479561,74.468735
441.815094,108.365967,48.483757,74.283066
441.835907,108.475647,48.473026,74.467293
441.848267,108.492210,48.476051,74.467903
441.877380,108.504379,48.459782,74.479256
441.902039,108.513008,48.473621,74.460846
441.929352,108.528114,48.474762,74.469307
441.940826,108.543655,48.476055,74.467865
441.963959,108.498123,48.472275,74.472458
441.989227,108.421196,48.484497,74.364304
442.132965,108.457802,48.467010,74.244942
442.413727,108.228928,48.357731,74.345604
442.551666,108.302773,48.433826,74.400993
442.687775,108.153641,48.429344,74.614433
443.006927,108.222923,48.314075,74.951180
443.622528,107.715576,48.143181,74.981010
444.144043,107.284477,48.316895,74.868217
444.341003,107.295639,48.393196,74.990273
444.319855,107.272408,48.397327,74.902893
444.289154,107.345039,48.318302,74.933968
444.349701,107.383293,48.449070,74.957367
444.360352,107.405464,48.461536,74.963707
443.931244,107.709419,48.251976,74.977852
444.049744,107.740303,48.463482,74.971725
444.082764,108.118401,48.280304,75.130661
444.252991,109.049347,48.180241,75.508842
444.169434,110.581818,47.803143,76.860245
444.459229,110.700775,47.323154,76.991531
444.515961,112.217979,46.732712,77.506485
444.899628,113.189430,46.227371,77.816284
445.066376,113.494873,45.949657,77.998680
444.383728,115.491661,45.346840,77.887688
444.180237,116.073486,45.148132,78.031761
444.227814,116.248245,45.359547,78.485039
443.929352,116.439560,45.172203,78.462914
443.261108,116.587845,45.471313,78.245193
443.152039,116.682182,45.464428,78.388443
442.353546,116.846069,45.256271,78.166039
442.051270,117.008492,45.299084,78.246719
440.274475,116.816467,45.195301,78.076569
438.454010,115.479576,44.880825,78.534348
437.922974,115.215080,44.956146,79.087967
437.517792,114.679314,44.774628,79.355927
437.204010,114.529816,44.756775,79.317497
436.785187,114.499779,44.992474,79.361992
436.627625,114.540749,44.914333,79.382507
436.450623,114.579865,44.869343,79.353729
435.978455,114.433929,44.897251,79.357712
435.826721,114.510536,44.829453,79.380157
435.607544,114.540817,44.431255,79.494827
435.246704,114.164528,44.479790,79.851753
434.815613,114.110428,44.245270,79.964188
434.677795,114.166077,44.308331,79.859467
434.619141,114.248978,44.328423,79.901268
433.935150,114.496704,44.178551,79.980255
434.072266,114.515862,44.456760,79.959106
433.997375,114.587158,44.496365,79.934555
433.630768,114.669228,44.377701,79.865891
433.678925,114.740997,44.467930,79.958435
433.687561,114.762489,44.474876,79.962326
433.607910,114.877403,44.515850,79.976585
433.709473,114.914436,44.887054,79.950531
433.402313,115.535622,44.955788,79.691971
433.272675,115.880692,44.885574,79.893372
433.213287,116.133125,44.920868,79.852730
433.428345,116.860313,44.293716,79.939560
433.360352,118.645454,44.323219,80.558830
433.508270,118.910538,44.348549,80.937668
433.585236,118.985092,44.482784,80.948044
433.809692,119.040306,44.406357,80.988724
433.940826,119.429649,44.477924,80.859085
434.098816,119.522392,44.482681,81.028503
434.206726,119.776344,44.490059,81.421570
434.350403,119.852890,44.518116,81.392410
434.597290,119.988281,44.980999,81.425018
434.483246,120.077278,44.867416,81.531380
434.482025,120.704247,44.865269,81.830238
434.472809,121.454346,44.645870,81.792931
434.590973,121.608337,44.934059,81.901878
434.165497,121.560440,44.747604,81.972313
433.648224,121.513649,44.904224,81.811424
433.038513,121.759483,44.858109,81.589340
432.845673,121.976578,44.909008,81.949265
432.835449,122.010277,44.960369,81.933090
432.749939,122.083817,44.983704,81.916069
432.657288,122.172371,44.978153,81.935020
432.496765,122.630791,44.878902,81.835434
432.502106,123.157135,44.910004,81.844917
432.525818,123.380173,44.983166,82.050941
432.546753,123.684616,44.974403,82.427353
432.622375,124.401680,44.970695,82.201118
432.652222,124.607407,44.985756,82.447884
432.913055,124.584473,45.033733,82.485291
433.145111,124.592056,45.477531,82.464455
433.186951,124.613441,45.484798,82.467949
433.266022,124.599083,45.463089,82.460716
433.379852,124.573524,45.463642,82.473404
433.771118,124.530945,45.498737,82.189911
433.889648,124.405083,45.556686,82.535469
434.853210,123.202553,45.603794,83.314148
434.905975,123.141922,46.062492,83.317291
434.921295,123.149620,46.336235,83.165512
431.960693,123.627861,46.062511,81.617218
428.985199,123.698502,46.309124,80.998695
427.293274,123.246101,46.610744,79.538704
425.013916,122.643066,47.563408,79.154251
424.870178,122.621712,47.826080,79.227180
424.846344,122.326744,47.986782,79.969933
424.759979,122.320587,48.036980,79.761002
424.977844,122.430679,48.480759,79.959793
424.940369,121.352844,48.823723,80.629753
425.579285,121.158928,48.850994,81.543076
426.808685,120.612961,49.149673,82.172127
427.069092,120.597458,49.535343,82.684090
427.385437,120.683121,50.036911,82.893738
427.861237,120.322571,50.702286,83.387245
428.236420,120.133301,50.999889,83.540565
428.350861,120.285454,51.238876,83.520439
429.541351,120.131775,51.739296,83.793884
429.623779,120.114594,51.986023,83.830757
429.744263,119.599113,52.174900,83.830566
429.872162,119.341209,52.479622,83.979919
429.917297,119.228325,52.444847,83.998596
429.769226,118.645966,52.627522,83.971710
429.763245,118.364792,53.642567,83.822212
430.413635,118.143127,54.241074,83.888000
430.985565,117.882767,54.994434,83.689445
431.774536,118.248497,55.700821,83.905861
434.372803,120.756332,57.684395,82.897217
435.763000,120.706291,60.253803,83.170944
437.348480,120.961906,60.206337,83.197586
438.661957,122.050514,61.915848,82.689873
439.221741,122.160477,62.990356,83.512276
439.229370,122.404137,62.970829,83.964920
439.318176,122.368362,62.935535,84.034088
440.245605,122.254158,63.392166,84.551773
440.298035,122.478508,63.468643,84.963379
440.312225,122.497055,63.468643,84.963379
440.325836,122.515144,63.469486,84.962326
440.390869,122.489449,63.503693,84.920509
441.653809,122.821556,64.360703,84.445518
441.866516,122.710701,64.684837,84.615059
442.116791,122.995300,64.937874,84.575111
442.667358,123.048775,65.164566,84.700981
443.075500,122.772049,65.530441,84.270653
443.316376,122.642265,66.055824,84.346642
443.594818,122.249252,66.594421,83.765320
443.831696,121.530838,67.076126,82.942711
444.046661,121.563179,67.478653,82.805809
444.106598,120.958748,67.640060,83.313400
444.372009,120.924438,67.984924,83.379608
444.361176,120.981682,68.023148,83.456886
444.562866,120.976891,68.548882,83.467186
444.792297,120.924728,68.968185,83.413094
444.725555,120.883743,69.088226,83.466988
444.914490,120.871674,69.508057,83.468086
444.903900,120.439186,70.030228,83.580513
445.077850,120.574821,70.490509,83.815979
444.583038,120.300896,70.579239,84.060356
444.124451,120.102364,71.229675,84.472717
443.291870,119.878677,71.896362,84.680931
441.744019,119.745850,72.263321,84.757187
440.668365,119.889282,72.737099,84.966415
439.795349,119.399567,73.169586,84.947655
439.744232,119.433510,73.501221,84.933327
439.887390,119.518578,74.018585,84.899063
440.089264,119.549736,74.536789,84.985435
440.231842,119.553551,75.043320,84.959709
440.434937,119.577293,75.478065,84.959709
440.438782,119.594284,75.470810,84.957314
440.437744,119.594902,75.509285,84.989204
440.569214,119.596939,76.181702,84.983673
440.726746,119.602196,76.471001,84.967873
440.744019,119.634018,76.472069,84.961578
440.756683,119.647545,76.494514,84.984467
440.757629,119.655540,76.462227,84.963379
440.774750,119.674088,76.462227,84.963379
440.797943,119.691658,76.456635,84.964615
440.821259,119.713333,76.455032,84.964485
441.451050,119.550957,76.278320,85.175697
441.907501,119.669006,76.387779,85.554268
442.008179,119.902855,76.420654,85.967018
442.439758,119.782158,76.271461,86.074394
443.202850,119.807091,76.187401,86.723648
444.077118,119.652107,76.138977,87.133911
444.604706,119.660179,76.230186,87.531845
445.190979,119.689720,76.272354,87.994896
445.856598,119.669991,76.309601,87.785202
446.137848,119.695679,76.302109,88.014313
446.556549,119.830582,76.287384,88.474396
446.960022,119.508476,76.362198,88.512070
447.058258,119.676453,76.426445,88.872932
447.098541,119.714478,76.457161,88.968361
446.932922,119.116829,76.447029,89.499428
447.000000,118.899086,76.387863,89.612534
447.002014,119.044441,76.423790,89.859711
447.057373,119.105751,76.434540,89.953224
447.376465,118.989059,76.189323,90.127602
447.532593,119.174355,76.460365,90.462509
447.656982,119.046638,76.368195,90.583420
448.164215,119.077614,76.227463,90.872215
448.769653,118.721603,76.187416,90.648285
449.223145,118.665352,76.241600,90.695129
450.671356,118.898819,75.881378,88.619484
451.869507,118.988617,75.594269,88.515999
453.050903,118.315346,75.523064,88.955811
455.008209,117.771523,74.670753,88.830856
457.053223,116.996864,74.005348,89.165405
458.326691,116.224449,73.410408,89.192047
458.791107,116.239838,73.097099,89.210457
459.087036,116.212143,73.394058,89.489388
459.290161,115.927208,73.307480,89.118141
459.690948,116.489548,73.077179,87.431305
460.037231,115.910599,72.440681,87.378242
460.083710,115.925323,72.442375,87.482056
460.021759,115.805519,72.150940,87.243317
460.218750,115.754929,72.052086,87.406075
459.882446,114.561630,70.974388,87.719444
459.829071,114.440842,70.586571,88.045410
460.134857,114.470284,70.191269,88.468384
460.239197,114.457291,70.347534,88.453903
460.374298,114.457710,69.672668,88.226677
460.609192,114.560310,69.230293,88.393188
461.379669,114.815659,68.086098,88.322830
462.205750,115.035767,67.161827,88.354904
463.252106,115.051033,66.066589,88.461800
463.954132,115.039879,65.805710,88.520935
465.171509,115.198700,64.596352,88.928429
468.110046,114.631966,62.496738,89.123528
468.469666,114.740608,62.121975,89.474503
469.425293,114.413307,61.796474,89.723274
469.910004,114.297958,61.638729,90.087021
470.272736,114.299065,61.813900,90.106178
470.709717,114.310509,61.654259,90.413017
470.971161,114.246109,61.729183,90.398399
471.351379,114.039932,60.531704,90.387840
471.798462,113.727966,60.150242,90.509506
471.985199,113.521629,59.798988,90.787788
471.683472,113.584396,59.116417,90.160423
471.820984,113.992012,57.841331,89.789452
471.839417,114.185822,57.526733,89.821381
471.506042,113.736641,57.240334,90.193253
471.454346,113.880753,57.229828,90.327034
471.449921,113.895134,57.290997,90.484848
471.480347,114.572189,57.359131,89.931244
471.541473,114.609726,57.455269,89.951317
471.544220,114.615517,57.471550,89.993202
471.557098,114.619164,57.471607,89.961220
471.220978,115.809570,57.345703,87.784935
471.026459,116.003716,57.464363,87.861671
469.799774,116.211090,57.637863,87.515121
469.923279,116.500946,58.008606,87.917763
468.193634,117.774689,58.513645,86.770828
467.452484,118.316711,59.046135,86.130188
467.610809,118.557518,59.482800,86.411362
465.424591,119.407143,59.348408,85.232254
465.337219,119.609558,59.480415,85.376846
465.340454,119.675240,59.472435,85.459160
464.615936,119.870483,59.518559,85.293617
464.223999,119.984116,60.147705,85.244278
463.477173,120.351730,60.576019,84.702232
462.472687,120.708549,61.024509,84.017998
461.822510,121.339737,61.692966,83.982307
461.856659,121.418762,62.000385,83.820908
462.097626,121.521416,62.471329,83.952553
461.733582,122.411919,62.496223,83.659904
460.196259,123.642807,62.510773,82.480568
460.039795,123.759766,63.003819,82.226959
458.039734,124.198814,63.669250,81.537994
457.802521,124.218552,63.806221,81.849739
457.282654,124.423561,64.045563,81.556183
456.498230,124.534348,64.409042,81.939507
455.112610,124.564331,64.810814,81.709465
454.982788,124.471634,64.957825,81.933235
455.008911,124.526375,64.971207,81.946571
455.021820,124.549339,64.966835,81.968079
455.023926,124.561691,64.971123,81.962364
455.242249,123.694527,65.184624,82.326744
455.393158,123.779015,65.468803,82.462730
455.407227,123.797874,65.467659,82.464455
455.421844,123.815880,65.467659,82.464455
454.683746,123.676422,65.514847,82.321152
454.867920,123.759331,66.046623,82.481575
453.115173,123.885551,66.517853,82.308899
452.879639,124.228470,67.181252,82.126778
452.203918,124.282974,67.543076,82.453606
450.049500,123.988197,68.507256,82.254166
448.791016,124.330627,69.232155,82.311157
445.483795,124.633224,69.829872,82.656265
445.304779,124.744774,70.198135,83.009369
444.977600,125.202202,70.765564,83.500214
444.687805,125.569962,71.476715,84.084961
444.118347,126.351204,71.531891,84.552895
443.247955,126.435051,72.344284,85.452438
441.496124,127.022453,73.135696,85.112747
441.244263,127.365318,73.630058,85.332764
436.732483,127.503876,74.516380,85.272125
434.445496,128.037720,75.028534,85.116531
433.697998,128.172882,75.486992,85.420753
432.623352,128.147217,75.246559,85.449707
429.024719,126.612762,75.446953,85.355003
427.115387,126.102158,75.223717,85.798264
424.053558,125.427658,75.385101,85.492577
420.202087,124.833389,75.072021,84.837814
417.543884,123.877419,75.952362,83.382744
415.505737,120.089127,76.959198,84.037613
415.227325,120.192177,77.290367,84.337601
415.350372,119.676933,77.440186,84.521729
414.965210,119.335167,77.936714,84.419456
414.804962,119.240524,79.553879,84.502670
415.028259,119.489784,79.963196,84.964760
415.043518,119.521484,80.021645,84.977776
415.162170,119.558372,80.513893,84.875557
415.189850,119.546242,80.973145,84.968575
414.766205,119.565338,81.413719,84.691383
414.130707,119.860733,81.943169,84.630356
414.118805,120.011391,82.024406,84.976250
414.294189,119.822166,82.679810,84.816643
414.430389,119.842094,82.996155,84.989845
414.425537,119.870636,82.960411,84.945641
414.444946,119.898132,82.960083,84.963844
414.162323,119.939240,82.436676,84.864258
414.178406,120.000259,82.464493,84.956444
414.176758,119.858910,82.362411,85.001404
414.148773,119.876480,82.266266,85.404617
414.263702,119.924400,82.459259,85.463158
414.278839,119.924858,82.457687,85.463509
414.290710,119.846581,82.450287,85.447121
414.044861,119.588951,82.621696,85.288086
413.140167,119.758087,83.015984,85.211769
412.556366,119.566177,83.827873,84.933609
409.137543,119.123344,83.949097,83.638947
408.971436,119.166985,83.972359,83.886528
407.629120,118.789757,83.987968,83.736969
406.010315,119.066818,84.076080,83.721924
405.600922,118.835342,84.569298,83.842140
405.502502,119.061928,85.076935,83.868553
405.367035,119.033188,85.767311,84.098160
404.468079,119.730911,86.211388,84.188118
404.216248,120.085220,86.607124,84.366341
404.281586,120.175606,86.980713,84.470558
404.084167,120.317039,87.048660,84.449692
401.812927,120.707932,87.558937,84.415733
400.064941,120.871712,87.955284,84.492043
399.134399,121.539902,87.424263,84.903404
396.110504,121.431129,86.955528,85.454193
395.764313,121.787064,86.723824,85.397804
395.798981,121.828751,86.903351,85.527145
395.362244,122.379387,86.293213,86.347427
394.675446,122.355309,86.116333,86.671303
393.225830,122.399063,86.256233,86.988190
392.974945,122.392456,86.495033,87.108490
392.792725,122.638023,86.437447,87.511818
392.723480,122.864555,86.440025,88.016060
391.964691,123.014549,86.680443,88.379501
389.466705,121.588432,88.287994,88.925735
388.723755,120.187912,87.639091,89.013184
388.191406,117.163300,87.949257,89.331894
387.890717,113.340912,88.190125,89.517876
387.815613,113.176170,88.454887,89.721039
387.876221,111.966881,88.395210,89.696426
387.387695,111.091896,88.826340,89.416183
387.350311,110.957581,89.020760,89.327774
387.387939,110.787071,89.541023,89.346550
387.217194,109.652565,90.390999,89.069687
387.242950,109.726974,90.531845,89.364929
387.609497,109.020935,91.118675,89.571350
