1
435.931458,112.531540,50.572418,71.178276
436.615723,112.755318,51.602585,71.557266
438.745605,112.957787,51.886742,71.746048
438.815643,113.083282,51.980953,71.967567
439.499969,112.849312,51.815697,71.989693
439.644409,112.839447,51.942982,71.975281
439.688904,112.825905,51.961384,71.995705
439.836426,112.760727,51.912155,72.010201
440.545746,112.663612,51.765301,72.055664
440.703278,112.796471,51.946609,72.519341
440.812866,112.849083,51.885784,72.684181
441.084656,111.401054,51.582966,73.083611
441.243042,110.941818,51.905010,73.394234
441.289764,110.832962,51.932133,73.393166
441.558777,109.680519,51.572628,73.069237
442.068726,109.909554,51.493977,73.336868
442.120758,109.921196,51.437199,73.508698
442.432007,109.916557,51.252159,74.063171
442.931091,109.758331,51.083820,74.349182
443.293488,109.393684,51.371555,74.686226
443.545746,109.219566,51.180813,75.096626
443.700226,109.344139,51.419823,75.423386
443.658966,109.478165,51.306934,75.371193
443.535919,109.534843,51.280468,75.423492
443.644501,109.573311,51.474567,75.467468
443.569550,109.625587,51.418781,75.447426
443.606293,109.654617,51.472191,75.466629
443.605011,109.715981,51.408176,75.516975
443.618988,110.110924,51.150272,75.915863
443.554749,110.852890,50.956085,76.383881
443.724731,111.283035,49.857201,76.914322
443.776489,113.086342,49.157581,77.615105
444.056030,113.610359,48.906792,77.828445
444.253754,114.055946,47.854099,78.112480
443.711731,115.863792,47.433308,78.203888
443.494019,116.229897,47.057850,78.468483
443.671631,116.249931,47.425735,78.449112
443.557068,116.467636,47.160732,78.441185
442.868774,116.563774,47.376102,78.331917
442.694794,116.480278,47.287315,78.391266
441.124786,116.956360,47.205208,78.122368
441.119080,117.147385,47.249722,78.352951
439.428436,116.934120,47.017967,78.148674
437.925507,116.054596,46.962761,78.277229
437.644684,116.034210,46.912159,78.460999
437.141632,114.977791,46.083153,78.377548
436.851379,114.835930,46.128719,78.262390
436.303833,114.805359,46.410728,78.359619
436.166901,114.787376,46.406277,78.434967
436.059509,114.785530,46.375893,78.387856
435.792480,114.762276,46.388210,78.403725
435.491180,114.790901,46.198071,78.358917
435.358948,114.815926,45.989227,78.513672
434.927032,114.827682,45.923832,79.179695
434.750092,114.803146,45.815723,79.560440
434.626343,115.025597,45.821224,79.941360
434.475372,114.988220,45.776421,79.955002
434.035156,115.233932,45.647514,79.570694
434.015106,115.463417,45.820709,79.871727
433.702271,115.549774,46.012726,79.911201
433.245575,115.478310,46.331036,79.935806
433.143921,115.518013,46.317543,79.851746
433.218872,115.594749,46.446526,79.943497
433.116760,115.770569,46.439373,79.934952
433.119080,115.803284,46.453968,79.957443
433.076996,115.851410,46.501190,79.936768
433.063171,115.966576,46.832245,80.003761
432.849823,116.394135,46.923805,80.348007
432.975708,116.838615,46.225704,80.396370
432.983246,118.212418,46.296597,80.860634
433.246399,118.414406,46.067604,80.919403
433.292908,118.995804,46.437393,80.775505
433.344666,119.142937,46.453304,80.974297
433.395599,119.379349,46.451424,80.901154
433.441956,119.496582,46.456150,81.017822
433.511108,120.032959,46.458553,81.307663
433.531219,120.134300,46.476582,81.463898
433.552460,120.181511,46.484150,81.456238
433.502319,120.286781,46.289116,81.661644
433.596649,120.905304,46.344769,81.858337
433.611298,121.662712,46.310898,81.744774
433.684387,121.804443,46.442818,81.946648
433.388275,121.801445,46.301994,81.888786
432.914490,121.812538,46.321617,81.798676
432.378876,121.938774,46.356426,81.729393
431.670349,122.516205,46.213493,81.700485
431.800751,122.665443,46.472836,81.956184
431.791870,122.694679,46.468319,81.953880
431.632568,122.864761,46.481281,81.890892
431.601471,123.072319,46.430927,81.927979
431.666229,123.507980,46.404434,81.765221
431.747986,123.949112,46.463860,81.989716
431.764954,123.954483,46.477039,81.964668
431.902039,125.084595,46.525951,81.613281
432.146271,125.288612,46.984444,81.967537
432.198273,125.360207,46.977818,81.919601
432.216583,125.395447,46.970863,81.971504
432.440063,125.372765,46.975578,82.036552
432.508972,125.576584,46.968010,82.446159
432.590576,125.553528,46.945900,82.495911
432.772369,125.460754,46.943203,82.349167
433.188141,124.959099,46.966160,82.585892
434.531219,123.327919,46.409618,83.396996
434.556946,123.318336,46.498547,83.399261
434.354248,123.285057,46.336235,83.165512
431.393646,123.763290,46.062511,81.617218
428.418182,123.833939,46.309124,80.998695
426.726257,123.381531,46.610744,79.538704
424.446869,122.778503,47.563408,79.154251
424.546906,122.902252,47.895088,79.284805
424.488556,122.578476,47.986782,79.969933
424.402191,122.572319,48.036980,79.761002
424.620087,122.682411,48.480759,79.959793
424.582611,121.604576,48.823723,80.629745
425.221497,121.410660,48.850994,81.543076
427.308502,121.102142,49.653221,81.539162
427.599274,121.146950,49.943703,82.131363
427.755920,121.165741,50.071167,82.378387
428.464447,120.474052,50.734367,83.309189
428.614502,120.548073,50.984791,83.446983
428.652252,120.537552,51.024754,83.368324
429.428558,120.007957,51.721691,83.813225
429.519775,119.981102,51.986023,83.830757
429.640259,119.465630,52.174900,83.830566
429.768158,119.207718,52.479622,83.979919
429.813293,119.094833,52.444847,83.998596
429.665222,118.512474,52.627522,83.971710
429.659241,118.231300,53.642567,83.822212
430.309631,118.009636,54.241074,83.888000
430.881561,117.749275,54.994434,83.689445
431.589172,118.386391,55.968521,83.941574
434.053589,120.876373,57.684395,82.897217
435.443787,120.826324,60.253803,83.170944
437.029236,121.081940,60.206337,83.197586
438.791077,122.339180,61.999451,83.005707
439.646912,122.517220,62.947807,83.736633
439.668549,122.647598,62.971581,83.961166
439.677124,122.664101,62.968044,83.967285
439.885834,122.642380,63.091427,83.909340
440.088623,122.687943,63.468643,83.963806
440.103912,122.705757,63.467873,83.964478
440.132690,122.791183,63.457981,83.885773
440.301361,122.815956,63.532162,83.891670
441.541321,123.310959,64.177277,83.418556
441.952454,123.050461,64.720848,83.789574
442.130646,123.153786,64.947739,83.837288
442.461853,123.126297,65.087280,83.852493
443.405487,122.808670,65.688934,83.047256
443.581146,122.885002,66.016434,83.367661
443.856842,122.530060,66.566063,82.991402
444.079865,121.636955,67.075005,82.459229
444.299744,121.759026,67.476486,82.200584
444.344391,121.224915,67.627823,82.915688
444.555542,121.225578,67.979462,82.925491
444.559662,121.257103,67.986328,82.972939
444.559174,121.252197,67.993599,82.942184
444.566254,121.257294,67.960640,82.965775
444.560028,121.204010,68.048660,82.981064
444.783813,121.211433,68.466621,82.963631
444.784943,121.203560,68.491371,82.958443
444.758057,121.150070,68.492897,82.887825
444.730713,121.131104,68.503807,82.997337
444.733093,120.988594,69.105537,82.959503
444.457275,120.686256,69.781860,83.179024
443.066986,120.531273,70.223518,83.198578
442.321686,120.663536,70.853523,83.553902
441.904877,120.683868,71.075363,83.939751
440.393860,120.403351,71.604874,84.146980
440.248322,120.977753,72.215324,83.960320
440.333862,120.936539,72.602249,84.027229
440.173279,121.105515,73.304741,84.432259
440.224426,121.129196,73.550255,84.486565
440.417786,121.121208,74.021454,84.463905
440.582062,121.131203,74.608459,84.477959
440.607666,121.065727,75.332657,84.545662
440.688293,121.281174,75.484741,84.960678
440.695129,121.303520,75.464020,84.962616
440.721893,121.319542,75.523926,84.994858
440.958160,121.322350,75.962471,84.963379
440.975159,121.340897,75.962471,84.963379
441.017242,121.355347,75.937355,84.972359
441.076416,121.368225,75.929550,84.976501
441.810272,121.101532,75.589912,85.182907
442.382935,121.192177,75.788666,85.536903
442.516632,121.423019,75.938728,85.967583
443.273773,121.008652,75.711281,86.254356
444.190948,120.800140,75.504471,86.774109
444.946777,120.557030,75.709877,86.916359
445.226257,120.474197,75.877403,86.981033
445.664886,120.229950,75.791016,87.078819
446.345886,120.392570,75.760941,87.298798
446.541229,120.434990,75.885719,87.518234
446.724457,120.567665,75.934631,87.954559
447.128510,120.096954,75.922997,87.978577
447.199982,120.003525,75.909981,87.838524
447.263824,120.016747,75.938797,88.002083
447.104858,119.786499,75.934914,88.667534
447.161011,119.676361,75.883568,89.138229
447.205841,119.836838,75.949539,89.440392
447.263885,119.827728,75.902863,89.365349
447.552582,119.744888,75.698235,89.611664
447.814575,119.831299,75.877228,90.038597
447.937988,119.923164,75.905968,90.532036
448.378387,119.857483,75.691711,90.812874
449.379395,119.297890,75.410736,90.742844
449.662781,119.213554,75.294312,90.731979
451.049866,119.226807,75.003555,89.161919
452.066833,119.372391,75.229256,89.104187
453.210388,118.872566,75.027565,89.329811
455.830353,118.077469,73.849030,89.336174
457.493896,117.233284,73.417702,89.532181
458.693420,116.565170,72.572861,89.586464
459.231842,116.497490,72.609299,89.723648
459.658783,116.262260,72.802391,89.935524
460.082275,115.747307,72.596031,89.409027
460.485657,115.574089,72.714455,88.651222
460.685120,115.194588,72.119797,88.811226
461.025238,115.199646,71.980606,88.827614
460.939636,115.248428,71.876854,88.922318
460.577545,114.804695,71.124245,88.786591
459.861267,113.425064,70.272774,89.515137
459.958557,113.598465,70.235252,89.946350
460.124451,113.411247,69.676414,89.993660
460.175598,113.351067,69.772293,89.954651
460.384064,113.378235,69.037743,89.820808
460.938538,113.561455,68.179611,89.875984
461.660645,113.855675,67.222206,89.838783
462.386230,114.073418,66.165245,89.899971
463.236053,114.044525,65.393646,90.000084
463.524231,114.244453,65.253601,90.494591
466.051483,113.976021,63.681015,90.513245
467.249817,114.205078,62.783401,90.776070
468.154816,114.135788,62.072914,90.961891
469.021698,113.882164,61.918564,91.186295
469.282806,113.864540,61.785786,91.413361
469.982819,113.513794,61.553558,90.961472
470.435089,113.420235,61.777069,90.951218
470.561951,113.447052,61.881691,90.925873
470.727112,113.544930,61.553635,90.849098
471.043365,113.486938,61.679955,90.871315
471.150085,113.319618,61.415749,90.710304
471.034698,113.433510,60.972427,90.730408
471.015594,113.803688,59.430218,90.246590
470.929688,113.982277,58.826340,90.341866
470.822693,113.882080,58.579025,90.460922
470.795898,113.910645,58.652569,90.311035
470.783936,113.921661,58.762280,90.482841
470.711029,114.763268,58.710575,89.831184
470.848663,114.850922,58.959774,89.952431
470.792847,114.830597,58.905910,90.057259
470.835907,115.051590,58.970093,90.461685
470.134216,116.698013,58.741486,87.273529
470.128632,116.647652,58.813389,87.469902
469.453583,117.026390,58.991116,87.027878
469.411682,117.283623,58.985897,87.428543
468.069336,118.310875,59.088078,86.481041
467.260223,118.664650,59.479614,85.688057
467.131439,118.912834,59.481098,85.876602
464.703125,120.068184,59.327450,84.901726
464.693390,120.171738,59.465267,84.912575
464.706268,120.217552,59.471783,84.960983
464.223877,120.586761,59.587788,84.675056
463.706970,120.750702,60.142117,84.690376
463.564941,121.052132,60.484631,84.476784
462.359650,121.369019,60.513035,83.658478
462.313721,121.609581,61.005318,83.822266
462.227356,122.059669,61.575428,83.340324
462.374481,122.197601,61.987209,83.372559
462.255157,122.780525,62.011295,83.289101
459.755188,123.705086,62.394703,81.914612
459.239532,123.900444,62.444180,81.545830
457.605347,124.320984,62.471725,81.309151
457.562775,124.379036,62.391556,81.463821
457.019073,124.784500,62.631046,80.820976
456.573761,124.924355,62.826195,80.882866
454.749420,124.791435,63.533115,80.610451
454.915649,124.877655,63.989609,80.898514
454.974792,124.996674,64.016571,80.901329
455.222656,125.045303,64.472580,80.967552
455.232910,125.060555,64.468323,80.965469
455.261993,124.769913,64.476807,80.989029
455.218384,124.766411,64.485542,80.956482
455.224304,124.790092,64.468063,80.963303
455.245789,124.807579,64.470741,80.963715
454.599426,124.579193,64.461365,80.934479
454.512329,124.508499,64.603371,81.107193
452.852539,124.746483,65.042671,81.384209
452.772400,124.992813,65.669312,81.245270
452.658142,125.031242,65.882317,81.522316
450.230255,124.950623,67.093033,81.348549
449.019226,124.967049,67.782501,81.491791
445.769806,125.429459,68.431541,81.420189
445.677155,125.436508,68.534103,81.493645
445.432068,125.777466,69.178970,81.390472
445.345306,125.805824,69.791565,81.625992
444.446991,127.160713,70.220978,81.866325
443.895752,127.004135,71.052460,82.369339
441.982819,127.750359,72.487457,82.418304
441.233154,128.111786,72.824883,82.277695
436.893951,128.536209,73.434380,82.385132
434.056702,129.074661,73.594604,82.327301
433.126617,129.134018,74.020752,82.504120
430.707367,129.200104,74.239845,83.255966
428.725281,129.047989,74.192688,83.469086
425.096344,129.392349,74.266090,82.857841
422.418396,128.895691,74.742043,82.499565
418.468323,127.629845,75.124435,82.392967
416.758606,124.777779,76.258476,82.037521
415.476471,121.057350,77.631218,83.574280
415.180969,121.088776,78.511772,83.722389
415.392487,119.564392,79.019028,84.441803
415.137512,119.185112,79.670639,84.081535
414.569061,119.448990,82.194679,84.310921
414.724182,119.543831,82.472145,84.467522
414.746521,119.575279,82.482269,84.473839
414.715546,119.590385,82.464363,84.455811
414.362701,119.529839,82.505768,84.401207
414.433929,119.577065,83.106010,84.399780
414.238647,119.681389,83.705284,84.342896
414.340210,119.720528,84.013000,84.478882
414.489502,119.705360,84.564674,84.294456
414.576599,119.702751,85.046906,84.438721
414.788239,119.726456,85.458130,84.468849
414.682739,119.780586,85.439789,84.382965
414.395020,119.944809,85.158714,84.304306
414.563690,120.042892,85.457779,84.463593
414.464111,119.804916,85.194336,84.584732
414.565277,119.716202,85.408043,85.010773
414.609253,119.961052,85.457779,85.463158
414.596924,119.897903,85.424202,85.448814
414.609192,119.864136,85.438988,85.408073
414.132538,119.561722,85.672478,85.274521
412.593658,119.420166,86.268761,85.380043
412.057281,118.970627,86.525841,85.378807
409.621338,118.665382,87.525490,84.441597
409.689362,118.535751,87.972801,84.393570
407.222473,118.211975,89.154572,84.170334
406.572784,118.182770,89.724808,84.461494
406.203705,118.002357,90.126190,84.482712
405.565186,118.281090,90.718697,84.297241
405.622040,118.390129,90.982468,84.477158
404.265900,118.814339,91.413795,84.280457
402.672119,119.435883,91.969261,84.092659
402.644867,119.645958,91.936111,84.461220
402.542053,119.734016,91.962395,84.471428
400.072845,120.024216,91.902588,84.545319
397.189178,120.447914,91.812645,84.889786
397.204285,120.867805,91.146637,84.999336
394.067352,121.238205,90.885246,85.266617
393.855255,121.919998,90.589798,85.377342
393.961792,121.993111,90.804008,85.543434
393.703369,122.458984,90.540642,86.214401
392.985382,122.519409,90.520233,86.754288
391.897736,122.730034,90.716324,87.075966
391.947937,122.924339,90.929794,87.548965
391.672119,123.149712,90.936676,88.004868
391.594849,123.387665,90.924782,88.471359
390.442993,123.100044,91.300316,88.475410
388.332001,121.614777,92.007607,89.096992
387.734680,119.733276,91.011223,89.365166
386.783630,115.420967,90.868004,89.806656
386.465485,113.924210,91.000214,89.946930
386.391632,113.483551,91.282394,89.816963
386.569885,112.367241,91.361763,89.718567
386.110748,111.153328,91.568367,89.747803
386.070587,111.002670,92.004074,89.814827
386.152130,110.893326,92.486465,89.895653
386.122040,110.550011,92.553047,89.718399
386.323181,110.428497,93.049973,89.828484
386.510712,109.440788,93.544876,90.068779
