1
441.757050,109.499809,51.253696,70.346954
441.832062,109.637230,51.481007,70.480247
441.869232,109.683105,51.438129,70.500938
441.890717,109.955963,51.471420,70.963654
441.903809,109.974335,51.474567,70.969406
441.917511,110.009186,51.445877,70.974113
441.926361,110.006218,51.457298,71.080986
441.938141,110.229988,51.442093,71.458717
441.965912,110.250832,51.474567,71.469193
441.996307,110.234657,51.426899,71.594421
442.022827,110.355942,51.453377,71.955750
441.912354,108.758560,51.100864,72.828934
442.095978,108.835625,51.424694,72.944656
442.130615,108.864128,51.435184,72.950005
442.223938,108.733185,51.337681,73.021713
442.398438,108.969711,51.338436,73.414833
442.490051,109.002075,51.465527,73.477837
442.735870,108.876213,51.244221,73.510376
443.279419,108.415123,50.970642,73.939522
443.583191,107.907372,50.760853,74.073318
443.713104,108.107536,50.960548,74.473778
443.683105,108.127693,50.907013,74.422760
443.721771,108.191788,50.758659,74.414650
443.813782,108.240395,50.903580,74.448517
443.846680,108.279640,50.857754,74.452255
443.808868,108.345505,50.929226,74.425697
443.788574,108.405449,50.933853,74.470245
443.789551,108.827446,50.605888,74.809799
444.176270,109.590500,49.927357,75.110374
444.096436,110.916496,49.366734,76.118073
444.304321,111.376747,48.739700,76.603577
444.649994,112.166588,47.868221,77.119759
444.955475,113.313103,47.288700,77.563751
445.047791,113.875237,46.236439,78.107613
444.679718,115.427193,46.022331,78.428391
444.399597,115.754532,45.983044,78.511482
444.337128,116.009949,45.901596,78.935791
443.783630,116.477455,45.736031,78.912094
443.121918,116.651253,46.001495,78.750839
442.847443,116.469810,46.322353,78.863998
442.561218,116.600937,46.170029,78.711914
441.525116,116.730255,46.249107,78.720970
439.861328,116.123703,45.993069,78.544647
438.381378,115.493324,45.605305,78.772308
438.119781,115.259384,45.941994,79.045143
437.457184,113.928780,45.085724,79.525261
437.454376,114.038536,45.381367,79.874481
436.552429,113.976280,45.558632,79.713196
436.601685,114.070702,45.923698,79.910110
436.407135,114.030922,45.835758,79.808640
435.945404,113.851257,45.840855,79.938751
435.749664,113.831047,45.818604,79.928268
435.458038,113.990349,45.151722,79.940948
435.344452,113.717384,45.411728,80.285637
434.821075,113.756279,45.310028,80.413216
434.635956,113.848335,45.280407,80.369972
434.590210,113.948853,45.368877,80.424583
433.966949,114.305237,45.174183,80.339119
434.074677,114.396996,45.436470,80.423096
433.902374,114.496773,45.469978,80.381790
433.182343,114.621712,45.433868,80.333801
433.199371,114.713600,45.459923,80.442696
433.215271,114.743629,45.472286,80.460251
433.132202,114.787605,45.491875,80.508728
433.049042,115.031982,45.427349,80.963387
432.936066,115.213112,45.545010,80.780716
432.889465,115.363350,45.821316,81.016266
432.851166,115.868896,45.922211,81.280998
432.934784,116.436836,45.654739,81.439095
432.935394,117.271729,45.846973,81.679054
433.046631,117.498924,45.737644,81.906624
432.983002,118.241745,45.857700,81.804703
433.091339,118.368446,45.944057,81.968048
433.174744,118.495438,45.948112,81.939568
433.210297,118.570229,45.974998,82.006645
433.275177,118.897217,45.968456,82.393478
433.290375,118.955864,45.976818,82.463425
433.304108,118.977890,45.980000,82.467789
433.273499,119.076080,45.933594,82.491508
433.369354,119.676033,45.845905,82.414185
433.659088,121.559341,45.461987,81.852020
433.668823,121.644493,45.463898,81.948532
433.605835,121.675171,45.332890,81.943550
433.342102,121.712692,45.417561,81.740654
432.660095,121.865967,45.350300,81.708046
432.554382,122.067650,45.400856,81.890083
432.576416,122.121368,45.475582,81.953354
432.572662,122.148544,45.474125,81.958954
432.466461,122.285339,45.501030,81.907547
432.529968,122.746254,45.875298,81.822762
432.553528,123.243156,45.893871,81.883438
432.600281,123.449188,45.971169,82.080322
432.621918,123.728813,45.970901,82.422874
432.690979,124.339417,45.971355,82.253990
432.722870,124.507072,45.987999,82.461021
432.894623,124.501457,45.972889,82.516205
432.907745,124.743240,45.977280,82.964500
433.005615,124.756187,45.986324,82.979980
433.054688,124.747055,45.968273,82.955338
433.112427,124.746803,45.966652,82.970528
433.214020,124.705063,45.970325,82.896919
433.618988,124.143417,46.077892,83.067528
434.490570,123.319008,46.233089,83.485039
434.604553,123.265411,46.498547,83.399261
434.401855,123.232124,46.336235,83.165512
431.441254,123.710365,46.062511,81.617218
428.465759,123.781006,46.309124,80.998695
426.773834,123.328606,46.610744,79.538704
424.494476,122.725578,47.563408,79.154251
424.594513,122.849327,47.895088,79.284805
424.536163,122.525551,47.986782,79.969933
424.449799,122.519386,48.036980,79.761002
424.667694,122.629478,48.480759,79.959793
424.630188,121.551651,48.823723,80.629745
425.269104,121.357727,48.850994,81.543076
427.356079,121.049210,49.653221,81.539162
427.646881,121.094017,49.943703,82.131363
427.803497,121.112808,50.071167,82.378387
428.512054,120.421120,50.734367,83.309189
428.662079,120.495140,50.984791,83.446983
428.699860,120.484619,51.024754,83.368324
429.476166,119.955025,51.721691,83.813225
429.567383,119.928177,51.986023,83.830757
429.687866,119.412697,52.174900,83.830566
429.815765,119.154785,52.479622,83.979919
429.860901,119.041901,52.444847,83.998596
429.712799,118.459549,52.627522,83.971710
429.706848,118.178375,53.642567,83.822212
430.357239,117.956711,54.241074,83.888000
430.929169,117.696342,54.994434,83.689445
431.636780,118.333466,55.968521,83.941574
434.101166,120.823441,57.684395,82.897217
435.491394,120.773399,60.253803,83.170944
437.076843,121.029015,60.206337,83.197586
438.838654,122.286255,61.999451,83.005707
439.694519,122.464287,62.947807,83.736633
439.716156,122.594673,62.971581,83.961166
439.724731,122.611176,62.968044,83.967285
439.933441,122.589455,63.091427,83.909340
440.136230,122.635017,63.468643,83.963806
440.151520,122.652832,63.467873,83.964478
440.180267,122.738258,63.457981,83.885773
440.348969,122.763031,63.532162,83.891670
441.588928,123.258026,64.177277,83.418556
442.000061,122.997528,64.720848,83.789574
442.178253,123.100853,64.947739,83.837288
442.509460,123.073372,65.087280,83.852493
443.453064,122.755737,65.688934,83.047256
443.628754,122.832077,66.016434,83.367661
443.904449,122.477127,66.566063,82.991402
444.123260,122.141907,67.048172,82.721596
444.352173,122.284805,67.478653,82.805809
444.412109,121.680374,67.640060,83.313400
444.857361,121.592789,67.934433,83.239136
444.871765,121.720261,68.023148,83.456886
445.073456,121.715477,68.548882,83.467186
445.302887,121.663315,68.968185,83.413094
445.236176,121.622330,69.088226,83.466988
445.425110,121.610260,69.508057,83.468086
445.414520,121.177773,70.030228,83.580513
445.258087,121.144211,70.516190,83.708122
444.379395,120.225273,71.081146,84.299057
444.125641,120.002312,71.647881,84.411407
443.284119,119.712402,72.322830,84.737160
441.200714,119.410652,72.786018,84.851158
440.141296,119.768440,73.343277,84.844345
439.469543,119.503952,73.657898,84.960396
439.539398,119.506874,73.973061,84.955498
439.330566,119.834625,74.128288,84.593727
439.477600,120.018448,74.536789,84.985435
439.620178,120.022263,75.043320,84.959709
439.823242,120.046013,75.478065,84.959709
439.827118,120.063004,75.470810,84.957314
439.826050,120.063614,75.509285,84.989204
439.957520,120.065659,76.181702,84.983673
440.114899,120.074051,76.462227,84.963379
440.136261,120.122772,76.475151,84.956734
440.146851,120.140396,76.477272,84.973160
440.156403,120.154053,76.462227,84.963379
440.173523,120.172600,76.462227,84.963379
440.227386,120.183716,76.427643,84.983566
440.265167,120.195908,76.455032,84.964485
440.894958,120.033539,76.278320,85.175697
441.096649,120.206245,76.472427,85.462990
441.202637,120.234734,76.390793,85.471069
442.388550,119.897545,75.975670,85.769920
443.062836,119.756371,75.899376,86.184677
443.464569,119.824722,75.825775,86.450264
444.624725,119.747498,75.489967,86.588936
445.192932,119.636543,75.224663,87.127098
445.885956,119.763367,75.195381,87.374954
446.249298,119.715225,75.279732,87.545715
446.606689,119.872665,75.327354,87.960457
447.451538,119.366707,75.302010,87.924492
447.569794,119.398155,75.445030,87.967361
447.609802,119.405243,75.449715,87.973358
447.609985,119.227806,75.441673,88.087723
447.778809,118.459198,75.203377,89.294785
447.923401,118.559029,75.448067,89.451164
447.966309,118.575958,75.443756,89.476509
448.056854,118.563454,75.399498,89.509918
448.106293,118.808342,75.462036,89.961761
448.226562,118.688759,75.375259,90.084915
449.031403,118.766907,75.088173,90.251541
449.838898,118.481255,75.091187,90.509750
450.206848,118.507683,75.299454,90.769524
451.591370,118.502159,75.003555,89.161919
452.242096,118.552879,75.245117,89.485130
453.775879,117.408554,74.732368,89.625221
455.274384,116.929924,73.876656,89.799683
456.870117,116.166557,73.334694,89.960358
458.306854,115.434967,72.371361,89.752815
458.684509,115.585838,72.242882,89.591415
459.116150,115.473419,72.233208,90.006104
459.636414,115.253036,72.153580,90.190727
460.163269,115.824371,72.022331,88.028191
460.395050,115.498497,71.645416,88.371384
460.584045,115.537613,71.923096,88.451141
460.500427,115.446236,71.643585,88.272850
460.672516,115.384789,71.344429,88.311577
460.143860,114.573296,70.489662,88.611084
460.123352,114.751526,70.370934,88.921562
460.321289,114.265991,69.250076,88.980370
460.407745,114.263214,69.359032,88.945259
460.607056,114.201057,68.486832,88.882835
460.743164,114.316444,67.506416,88.874794
461.337067,114.602539,67.266968,88.816071
462.279083,114.742470,66.028709,88.894409
463.324097,114.696960,65.187584,89.024788
463.738739,114.879448,65.247345,89.505775
464.834045,115.106071,64.389168,89.983185
467.482422,114.149948,61.840717,90.335022
468.528259,113.923737,60.972469,90.473640
469.190063,113.588501,60.438156,90.708656
470.468781,112.751854,59.699982,91.105789
471.043335,112.548790,59.695381,91.426079
471.250488,112.560577,59.922485,91.477821
471.295776,112.588791,59.903004,91.439285
471.355072,112.691193,59.718323,91.365891
471.498962,112.712357,59.850121,91.394989
471.631958,112.560684,59.530746,91.430405
471.681030,112.461525,59.202126,91.342758
471.815887,112.804436,58.116688,90.868752
471.937195,112.944969,57.969063,90.778244
471.742249,112.870651,57.573784,90.982605
471.703827,112.835922,57.389008,90.733078
471.468323,112.861992,57.279724,91.079521
471.498749,113.715904,57.347042,90.909096
471.570465,113.763062,57.464169,90.955116
471.586304,113.785919,57.469925,90.960312
471.600006,113.806015,57.471607,90.960793
471.149109,115.442894,57.358795,87.894020
470.948059,115.582489,57.464363,87.861671
469.130096,116.169685,57.639538,87.323067
469.257355,116.306572,57.999805,87.435959
467.603973,117.261299,58.017113,86.586929
467.333038,117.781456,58.491516,86.719017
467.194733,118.055573,58.470093,86.861549
465.204041,119.946800,58.555817,85.208237
465.348053,120.141800,58.998741,85.371666
465.337372,120.210350,58.975151,85.454895
464.750000,120.459999,59.091297,85.108910
463.852875,120.776497,59.741707,85.051331
463.702911,121.107063,60.021271,84.906998
462.491394,121.470993,60.600380,83.885483
462.401764,121.598045,61.005318,83.822266
462.315430,122.048134,61.575428,83.340324
462.462524,122.186073,61.987209,83.372559
462.343231,122.768990,62.011295,83.289101
459.843262,123.693550,62.394703,81.914612
459.327576,123.888908,62.444180,81.545830
457.693390,124.309456,62.471725,81.309151
457.650818,124.367508,62.391556,81.463821
457.107147,124.772964,62.631046,80.820976
456.661835,124.912827,62.826195,80.882866
454.837494,124.779900,63.533115,80.610451
454.709778,124.786827,64.046341,80.822121
454.947845,124.901962,64.474922,80.943741
454.966553,124.929382,64.472580,80.967560
454.976776,124.944633,64.468323,80.965469
455.005859,124.653992,64.476807,80.989029
455.008606,124.654747,64.469017,80.964325
455.022797,124.674507,64.468063,80.963303
455.044250,124.691994,64.470741,80.963715
454.537994,124.568825,64.482544,80.960083
454.440308,124.485336,64.603371,81.107193
452.780518,124.723312,65.042671,81.384209
452.700378,124.969650,65.669312,81.245270
452.586121,125.008080,65.882317,81.522316
450.158234,124.927452,67.093033,81.348549
448.947205,124.943886,67.782501,81.491791
445.697784,125.406288,68.431541,81.420189
445.605164,125.413338,68.534103,81.493645
445.360077,125.754303,69.178970,81.390472
445.273285,125.782654,69.791565,81.625992
444.375000,127.137543,70.220978,81.866325
443.823730,126.980965,71.052460,82.369339
441.910828,127.727188,72.487457,82.418304
441.161133,128.088623,72.824883,82.277695
436.821930,128.513046,73.434380,82.385132
433.984680,129.051498,73.594604,82.327301
433.054626,129.110855,74.020752,82.504120
430.635345,129.176926,74.239845,83.255966
428.653259,129.024826,74.192688,83.469086
425.024323,129.369171,74.266090,82.857841
422.346375,128.872528,74.742043,82.499565
418.722076,127.155525,75.619759,82.529335
416.797089,123.036682,76.951378,83.161934
415.719788,120.739159,77.555717,83.914917
415.713501,120.748528,78.136703,83.857391
415.862335,120.619698,78.484062,83.887833
415.393280,119.238281,78.685410,83.889580
414.895233,119.394547,80.716034,83.737991
415.035522,119.525818,80.960274,83.963943
415.055023,119.547142,80.963928,83.965370
415.050354,119.572861,80.963806,83.957001
415.023438,119.575165,80.978889,83.969238
414.730621,119.686188,81.199654,83.778671
414.598938,119.817451,81.633896,83.886292
414.776672,119.868095,81.965004,83.964668
414.749176,119.868790,82.107597,83.815178
414.901581,119.920952,82.495651,83.962059
414.899750,119.948837,82.459351,83.957367
414.916718,119.976250,82.459312,83.959465
414.644592,120.040672,82.158455,83.893906
414.790375,120.107834,82.451576,83.948555
414.557495,119.782845,82.192749,84.047142
414.461182,119.740204,82.388977,84.436211
414.514771,119.772331,82.459259,84.463593
414.533264,119.786713,82.457909,84.467079
414.505371,119.629036,82.439178,84.403519
414.295990,119.450310,82.592140,84.294540
413.358063,119.561554,82.976700,84.279709
412.783173,118.966858,83.070885,84.465347
410.440979,118.341156,83.527824,84.232300
410.274506,118.252319,83.916389,84.246262
407.643982,118.360146,84.883324,83.775146
405.988464,118.836609,85.213654,83.626762
405.383453,118.820084,85.642517,83.850639
404.837402,119.120041,86.243835,83.800957
404.638611,119.042038,86.783188,84.176399
404.215179,119.570908,87.124527,84.240959
404.108002,119.881935,87.609123,84.381577
403.851685,120.013824,88.040833,84.418068
403.800385,120.175858,88.558853,84.472717
401.330780,120.751511,89.066864,84.361389
399.449066,120.755325,89.407356,84.580833
398.877289,121.251343,88.980141,85.154877
395.234650,121.293411,88.582855,85.823303
395.115417,121.574638,88.796196,85.899124
395.105835,121.658379,88.780914,86.102966
394.617615,122.215141,88.470276,86.721024
393.712891,122.279488,88.169800,87.179008
392.247498,122.593468,88.396156,87.472115
392.168091,122.625458,88.441002,87.590828
392.156281,122.841461,88.434959,87.976753
392.128448,122.847832,88.435417,87.997467
390.813232,122.668030,88.572830,87.868988
388.615387,121.443665,90.034111,88.692169
387.934052,119.922592,89.499382,88.777977
387.481201,116.978577,89.369637,88.839500
387.393280,114.827576,89.391151,89.044571
386.819702,111.864609,89.075478,89.489807
387.003998,111.670456,89.386024,89.240044
386.920685,111.359489,89.513191,89.247177
387.022369,111.364052,89.992226,89.379471
386.854431,111.251053,89.998405,89.391884
386.685242,110.723907,90.113113,89.235672
386.829315,110.524261,90.592712,89.238190
387.165405,109.881592,91.118675,89.571350
