1
439.144958,109.102203,46.876850,73.441132
439.770721,109.652725,47.644817,73.390800
441.959320,110.494072,48.034714,73.033554
442.190826,110.727493,48.476051,73.468330
442.240875,110.741707,48.489155,73.463295
442.245178,110.760262,48.476051,73.468330
442.256012,110.776299,48.476051,73.468330
442.266846,110.792336,48.476051,73.468330
442.313934,110.762314,48.452381,73.387794
442.337219,110.818375,48.476231,73.468445
442.387299,110.693962,48.399429,73.224854
442.430939,109.206955,48.336761,73.887024
442.505371,109.030540,48.458031,73.830956
442.527496,109.105537,48.476517,73.954430
442.719238,108.820755,48.400784,73.739006
442.769287,108.950783,48.475094,73.967903
442.880371,108.823502,48.418556,74.086990
443.104065,108.914864,48.357994,74.484871
443.841370,108.339638,48.079483,74.342606
444.478668,107.987244,48.270725,74.379662
444.651428,107.969978,48.415569,74.510345
444.611359,108.181633,48.407570,74.907364
444.551117,108.211067,48.368408,74.948639
444.596710,108.244545,48.416656,74.942398
444.567657,108.271355,48.419525,74.964554
444.551056,108.319046,48.449211,74.945206
444.504852,108.389015,48.436108,74.965034
444.501617,108.806839,48.130821,75.269348
444.665619,109.156151,48.088524,75.507164
444.627930,110.689453,47.803143,76.860245
444.917694,110.808411,47.323154,76.991531
444.684662,112.261284,46.937569,77.546860
444.965912,113.212547,46.227371,77.816284
445.132660,113.517998,45.949657,77.998680
444.450012,115.514778,45.346840,77.887688
444.246521,116.096603,45.148132,78.031761
444.294098,116.271370,45.359547,78.485039
443.995636,116.462677,45.172203,78.462914
443.327393,116.610970,45.471313,78.245193
443.218323,116.705299,45.464428,78.388443
442.419830,116.869194,45.256271,78.166039
442.117554,117.031609,45.299084,78.246719
440.340759,116.839584,45.195301,78.076569
438.520294,115.502693,44.880825,78.534348
437.989258,115.238197,44.956146,79.087967
437.584076,114.702431,44.774628,79.355927
437.270294,114.552933,44.756775,79.317497
436.851471,114.522896,44.992474,79.361992
436.693909,114.563866,44.914333,79.382507
436.516907,114.602982,44.869343,79.353729
436.044739,114.457047,44.897251,79.357712
435.893005,114.533653,44.829453,79.380157
435.673828,114.563934,44.431255,79.494827
435.312988,114.187653,44.479790,79.851753
434.881897,114.133545,44.245270,79.964188
434.744080,114.189194,44.308331,79.859467
434.685455,114.272095,44.328423,79.901268
434.001465,114.519821,44.178551,79.980255
434.138550,114.538979,44.456760,79.959106
434.063660,114.610275,44.496365,79.934555
433.697052,114.692345,44.377701,79.865891
433.745209,114.764114,44.467930,79.958435
433.753845,114.785606,44.474876,79.962326
433.674194,114.900520,44.515850,79.976585
433.775757,114.937553,44.887054,79.950531
433.468597,115.558739,44.955788,79.691971
433.338959,115.903809,44.885574,79.893372
433.279572,116.156242,44.920868,79.852730
433.494629,116.883430,44.293716,79.939560
433.426636,118.668571,44.323219,80.558830
433.574554,118.933655,44.348549,80.937668
433.651520,119.008209,44.482784,80.948044
433.875977,119.063423,44.406357,80.988724
434.007141,119.452766,44.477924,80.859085
434.165100,119.545509,44.482681,81.028503
434.273010,119.799461,44.490059,81.421570
434.286652,119.891869,44.478294,81.428055
434.316071,119.943535,44.490345,81.465622
434.257080,120.001579,44.415421,81.635490
434.289856,120.479683,44.435925,81.834686
434.314575,121.464600,44.295086,81.643517
434.371399,121.659874,44.426636,81.934120
434.049683,121.651962,44.357925,81.895737
433.766022,121.670517,44.404957,81.769241
432.987152,121.869911,44.439068,81.639534
432.816254,122.066437,44.420452,81.925896
432.819366,122.105423,44.479031,81.949532
432.811676,122.130867,44.482769,81.960770
432.685211,122.341866,44.512840,81.865288
432.757324,122.835152,44.878902,81.835434
432.762695,123.361488,44.910004,81.844917
432.786407,123.584526,44.983166,82.050941
432.807343,123.888969,44.974403,82.427353
432.882965,124.606033,44.970695,82.201118
432.912811,124.811760,44.985756,82.447884
433.173615,124.788834,45.033733,82.485291
433.405701,124.796410,45.477531,82.464455
433.447510,124.817795,45.484798,82.467949
433.526581,124.803436,45.463089,82.460716
433.640411,124.777878,45.463642,82.473404
434.031708,124.735298,45.498737,82.189911
434.150238,124.609436,45.556686,82.535469
435.113800,123.406906,45.603794,83.314148
435.166534,123.346275,46.062492,83.317291
434.180786,123.494064,46.341274,82.811195
431.116821,124.065964,46.069813,80.701241
428.040802,124.213303,46.294018,80.065880
426.364227,123.751617,46.552708,79.482986
424.360229,123.238899,47.346970,78.824142
424.402679,123.312279,47.445221,78.914406
424.421875,123.165352,47.504417,79.190620
424.625641,123.316391,48.016602,79.368393
424.820862,123.357521,48.490932,79.468056
424.971863,120.838554,48.737995,81.082649
425.642578,120.742897,48.842056,81.934769
426.426300,120.524345,49.170403,82.069809
427.121674,120.538872,49.481407,82.610405
427.364258,120.667694,49.628117,82.846344
427.941284,119.897713,50.272865,83.733223
428.642365,119.164261,50.580444,84.072540
428.884857,119.339760,51.040470,84.327202
429.661774,118.645485,51.766235,84.843658
429.763702,118.655594,51.981533,84.909431
429.782410,117.860161,52.359692,85.038277
429.814240,117.935440,52.507469,85.437454
430.032806,117.715378,52.991810,85.462517
429.862213,117.513596,53.083359,85.473572
429.975952,117.383278,54.190231,85.345497
430.230072,117.436241,54.514118,85.334290
431.341766,117.261307,55.406403,85.076019
432.130432,117.676666,56.369686,85.737572
433.735016,119.310516,57.537201,84.940826
435.076477,120.436508,60.147144,84.464798
436.874237,120.578392,60.246319,84.004547
438.507019,121.799553,61.929764,83.866325
439.055267,121.888130,62.974815,84.314751
439.076782,121.981056,62.975895,84.465950
439.183350,121.957565,62.934155,84.534958
439.650482,122.089874,63.168854,84.908577
439.814575,122.135826,63.468643,84.963379
439.828766,122.154373,63.468643,84.963379
439.867523,122.321396,63.449459,84.804146
440.121185,122.407242,63.562389,84.820374
441.507538,122.947189,64.105209,84.388000
441.847992,122.865089,64.684837,84.615059
442.098267,123.149689,64.937874,84.575111
442.648834,123.203163,65.164566,84.700981
443.056976,122.926437,65.530441,84.270653
443.297852,122.796646,66.055824,84.346642
443.576294,122.403633,66.594421,83.765320
443.813171,121.685226,67.076126,82.942711
444.028137,121.717560,67.478653,82.805809
444.088074,121.113129,67.640060,83.313400
444.353485,121.078819,67.984924,83.379608
444.342651,121.136063,68.023148,83.456886
444.544342,121.131279,68.548882,83.467186
444.773773,121.079117,68.968185,83.413094
444.707031,121.038132,69.088226,83.466988
444.895966,121.026062,69.508057,83.468086
444.885376,120.593575,70.030228,83.580513
445.059326,120.729210,70.490509,83.815979
444.564514,120.455284,70.579239,84.060356
444.105927,120.256752,71.229675,84.472717
443.662415,119.890404,71.646568,84.658653
442.239471,119.768723,72.263321,84.757187
439.975922,119.640404,73.051506,85.180878
439.493530,119.419312,73.667267,85.375740
439.537109,119.479591,73.983330,85.452621
439.416901,119.628830,74.038544,85.286530
439.638062,119.737831,74.470490,85.460892
439.363922,119.678619,74.828499,85.502098
439.447906,119.927803,74.962967,85.962944
439.437073,119.939857,75.026810,85.968529
439.667511,119.953041,75.475891,85.968979
439.641022,119.916534,75.609047,86.012764
439.834717,120.160393,75.962471,86.462730
439.853271,120.192673,75.967934,86.459206
439.872101,120.217033,75.977142,86.468185
439.881744,120.233185,75.962471,86.462730
439.898743,120.252060,75.962471,86.462730
439.927521,120.269890,75.950836,86.465096
439.962402,120.291252,75.946129,86.465179
441.644958,119.769012,75.149940,86.701324
442.102386,119.912270,75.404274,86.969345
442.159088,119.932930,75.454735,86.959877
443.705872,119.447853,74.908058,87.405022
444.280029,119.340988,74.636497,87.688400
444.648438,119.452255,74.902473,87.939240
444.977753,119.437515,74.774208,87.971680
445.448853,119.336494,74.778770,87.968628
446.045502,119.345749,74.719254,87.842621
446.426727,119.317993,74.800995,88.000450
446.588013,119.537025,74.958405,88.438049
446.976257,119.213486,74.863075,88.401222
447.087463,119.203888,74.932907,88.440216
447.157227,119.217880,74.927406,88.485870
447.187439,119.189552,74.972031,88.467400
447.259857,119.074837,74.908585,88.578789
447.301666,119.280685,74.959801,88.945221
447.416992,119.281448,74.861115,89.024193
447.757355,119.360336,74.762230,89.644722
447.956360,119.448021,74.906586,90.028122
448.061188,119.554520,74.911255,90.526352
448.571899,119.414871,74.653549,90.917488
449.659210,118.757896,74.404716,90.796059
449.981049,118.633598,74.284935,90.749611
451.764526,118.376831,73.964020,89.694893
453.302307,118.437828,73.579247,89.220924
454.435272,117.607414,73.455742,89.547783
456.381226,116.949844,72.062241,90.120964
458.226562,115.833214,71.462326,90.801285
459.309448,115.242447,70.804863,90.569687
459.705353,115.426476,70.824959,90.778183
459.973389,115.247414,70.831230,90.869682
460.295593,115.064613,70.797798,90.631004
460.590912,115.491333,70.795135,88.972549
460.689880,115.359474,70.836327,88.885605
460.821136,115.337852,70.858566,88.923538
460.776062,115.288483,70.704887,88.779640
460.897339,115.266861,70.524155,88.872818
460.150879,113.914459,70.000237,89.576782
460.224304,113.915245,70.147552,89.808449
460.466095,113.669350,69.359085,89.932281
460.460571,113.678612,69.329636,89.938423
460.649017,113.698853,68.686539,89.847702
460.875519,113.756516,67.994583,89.873024
461.220734,114.095329,67.267273,89.767532
462.056091,114.308304,66.220146,89.873085
462.831879,114.331955,65.654694,89.973175
463.513458,114.328545,65.319748,89.955078
465.947052,114.198174,63.595894,89.985535
467.380524,114.145424,62.640148,89.806107
467.913940,114.189491,62.546471,89.931587
468.863403,113.835312,62.420124,90.249008
469.477936,113.723694,62.003429,90.608139
470.069977,113.619286,62.233528,90.728050
470.436859,113.667953,62.292995,90.891548
470.669067,113.500702,62.049751,90.857452
471.135315,113.494019,61.491905,90.832512
471.279358,113.289879,60.973694,90.959473
471.367065,113.012032,60.193607,90.853409
471.277618,112.942970,59.791306,90.753769
471.561859,113.176109,58.450363,90.496559
471.536316,113.245308,58.072277,90.314690
471.477997,113.103455,58.025394,90.485550
471.453339,113.015953,57.388317,90.356354
471.205872,112.959579,57.198685,90.749695
471.246033,113.825165,57.323372,90.449364
471.331696,113.854248,57.469227,90.460320
471.341461,113.874840,57.463139,90.460022
471.358551,113.895081,57.471607,90.461006
471.211609,114.839478,57.361801,88.752251
470.992371,115.071312,57.487370,88.819939
469.180145,115.576218,57.627254,88.330627
469.307068,115.711220,58.021114,88.426819
467.482117,116.965172,58.386578,87.292282
467.166809,117.274918,58.459900,87.246300
466.757904,117.869698,58.559303,87.046349
464.627930,120.042236,59.021652,85.244759
464.765503,120.271385,59.481987,85.345314
464.754669,120.355286,59.478966,85.446648
464.083221,120.441711,59.514500,85.242012
463.693329,120.581139,60.147705,85.244278
463.555695,120.814362,60.487808,85.116859
462.136871,121.192467,60.499218,84.401321
461.122864,121.813461,60.787060,83.784454
460.912537,122.126656,61.006989,83.579170
461.146729,122.359291,61.476662,83.931938
460.716858,123.131851,61.517464,83.684998
459.702850,124.128960,61.895378,82.236832
459.344086,124.347282,61.953007,82.253586
458.565186,124.567200,62.015553,81.992310
458.396576,124.393913,62.299286,81.890862
457.664856,124.549179,62.411850,81.668877
457.000122,124.797653,62.461815,81.867249
455.173553,124.669853,63.191566,81.541763
455.136292,124.634834,63.555344,81.825005
455.348297,124.775223,63.972897,81.899895
455.355865,124.815132,63.966679,81.970604
455.307526,124.879494,63.984432,81.871407
455.527496,123.961884,64.036438,82.479019
455.744171,123.966118,64.474464,82.467125
455.754608,123.982399,64.468300,82.464134
455.768860,124.000031,64.468445,82.464043
454.994537,123.882797,64.509766,82.329124
455.118713,123.951401,65.090141,82.510780
453.533936,124.199165,65.527504,82.940460
453.259888,124.528465,66.301086,82.569794
452.468719,124.564430,66.631462,82.896881
450.601318,124.263603,67.497940,82.590515
448.918396,124.801964,67.786858,82.712082
445.627930,125.615845,68.390663,82.774216
445.547760,125.624306,68.623291,83.046936
445.345673,125.976334,69.143112,83.490257
444.913818,125.983917,70.213081,83.606255
444.496582,126.709106,70.503754,83.979515
443.483276,126.718361,71.795746,84.444130
441.571106,127.282722,72.729362,84.276833
441.160156,127.460281,73.086395,84.382759
436.758331,127.798325,74.050407,84.147995
434.841614,128.551086,74.570648,84.145844
434.097961,128.725952,75.077438,84.349358
432.530334,128.410645,75.394463,84.675217
430.703583,127.421265,74.981705,85.290222
427.926086,127.403023,74.883896,84.815552
425.018585,126.834229,74.553360,84.227516
421.828766,125.959686,74.678314,84.173080
420.223785,124.617554,75.407715,84.155449
415.999512,119.825996,76.156136,85.030060
415.748444,119.793320,77.025368,85.178818
415.858582,119.620377,77.445709,85.246765
415.492218,119.286201,77.706100,85.112885
415.379059,119.222130,79.691727,85.582222
415.524323,119.427689,80.007812,85.976089
415.763550,119.450668,80.511192,85.969566
415.825653,119.506424,81.010918,85.816032
415.481842,119.405540,81.628777,85.840218
415.556610,119.448578,82.049164,85.935814
415.209137,119.542610,82.803551,85.738457
415.235077,119.589386,83.069695,86.003235
415.067657,119.580879,84.146118,86.129311
415.232574,119.758911,84.457352,86.465202
415.231842,119.799065,84.461830,86.440239
415.226257,119.822121,84.463921,86.456848
414.683289,119.790649,83.976753,86.296127
414.683411,119.900871,83.959137,86.452431
414.594940,119.643990,83.698196,86.518158
414.720520,119.851456,83.963249,86.933708
414.736938,119.884842,83.958519,86.962517
414.745575,119.787941,83.954102,86.933281
414.752289,119.581650,83.930756,86.890915
414.203094,119.125366,84.147194,86.638260
413.463806,118.968994,84.731293,86.975838
412.381409,118.301979,85.420746,86.463989
410.129150,117.721146,85.724640,85.680191
409.665497,117.695877,85.994331,85.666199
407.468872,117.619049,86.119583,85.425636
406.312592,117.807838,86.710426,85.294426
405.395508,117.759201,87.096123,85.301590
404.680084,117.846939,87.821579,85.395615
404.578766,117.896568,88.066460,85.517143
404.725098,118.222694,88.478172,85.900085
403.444397,118.811180,89.088303,85.661011
403.568024,119.083450,89.476524,85.879875
403.298645,119.267059,89.560417,85.930840
401.249146,119.773430,90.021233,85.988220
398.214111,120.172897,89.968338,85.882912
397.759918,120.628281,89.321053,86.044739
394.894470,120.929695,89.132881,86.582504
394.801086,121.366638,89.177956,86.848068
394.715759,121.460922,89.211296,87.182632
394.418762,122.002617,88.786133,87.925934
394.067017,121.888222,88.755600,88.167175
392.615509,122.241768,88.808800,88.480553
392.669586,122.255653,88.961243,88.470726
392.412323,122.277573,88.915619,88.505615
392.378784,122.514671,88.950783,88.977913
391.765137,122.395081,89.140717,88.931114
387.841888,120.450066,91.179291,89.198792
387.329041,119.513046,90.871399,89.349976
386.712646,116.408020,90.317680,89.550858
386.727844,114.776985,90.439362,90.048584
386.070038,112.353996,89.988113,90.195419
386.032837,111.411324,89.935326,90.101280
385.712891,110.464020,90.019966,90.087410
385.781708,110.408943,90.512115,90.363350
385.920624,110.284004,91.029404,90.360619
386.078003,109.766129,91.595543,90.175446
386.258698,109.729080,91.993034,90.349998
386.360779,108.735374,92.058319,90.704445
