1
90.753967,51.813667,150.207596,139.794708
94.076912,47.977943,142.914062,138.080627
93.584007,42.945732,139.744293,137.376434
92.150055,37.769886,137.233170,134.847870
89.143929,31.237761,135.929398,134.050201
89.110649,27.735447,137.091003,130.446243
91.675743,26.939308,137.007980,130.050400
100.703064,21.955166,134.849747,129.097931
111.755791,19.547800,131.173096,129.465073
116.859222,17.283216,128.298035,128.642395
122.787537,16.168087,124.578819,128.331802
136.469788,15.084077,119.692764,127.542450
150.143387,14.651570,113.819496,128.379318
153.383652,15.735362,113.310211,127.382355
158.692963,19.395502,110.525658,128.281052
159.944641,21.248013,110.924217,127.466301
171.028137,29.581945,107.322075,128.219360
172.276825,33.315044,106.319031,129.443802
180.115829,43.271553,104.432701,130.039429
183.482971,50.875504,101.865822,132.127579
185.760941,55.912064,98.949936,134.024170
188.572998,57.331951,98.937202,134.266434
192.535278,71.619011,97.157196,131.998138
198.944977,82.748772,95.529594,130.159790
196.425964,85.823242,98.283638,128.739349
197.785919,84.866844,98.846817,125.133698
197.565033,85.602242,99.281288,125.073891
197.683456,85.815193,99.427017,125.454277
192.316269,84.125168,99.927887,126.106842
189.091568,80.530815,99.034431,125.491135
188.128952,77.749786,98.376091,126.118004
185.541229,74.452934,97.247177,130.878036
185.708405,74.237770,96.920609,131.133926
187.222046,72.150314,94.270638,132.147568
188.664124,71.234734,90.703308,133.313583
185.112686,72.347992,88.236710,133.521103
183.503418,89.779236,83.382965,125.221550
185.204117,100.408623,82.933640,118.071785
183.293564,100.898193,83.343475,117.317299
182.291824,105.823524,83.053734,116.243385
183.225021,106.413239,82.739906,114.926971
184.043091,106.608261,82.814629,114.036880
184.403275,107.348030,82.747673,113.810699
184.553848,109.015556,82.564926,112.708824
186.073196,115.474808,81.871796,110.550591
188.083267,123.095879,80.550720,108.004791
190.779175,130.912582,81.368187,107.978516
190.729935,141.481354,80.927559,105.551567
192.491104,151.107895,81.011330,104.511116
194.650543,160.362289,81.604736,101.793434
197.859970,167.382599,81.786766,97.747925
202.946640,174.652969,81.967262,94.371460
204.309006,180.390671,83.414330,91.046562
206.315842,186.110397,82.835083,90.674873
210.776169,192.321976,81.286652,90.946709
217.265228,199.974167,79.660713,90.237282
225.197937,206.171570,78.093903,89.688194
233.586166,214.436569,77.264282,88.062347
243.401169,221.435074,76.892258,86.410988
252.072113,226.391556,77.816612,84.766403
258.639801,230.172546,79.293198,83.653358
269.389771,230.459457,80.328255,82.781525
279.318756,225.976669,82.117241,83.758354
286.659210,218.385864,82.074615,86.622742
293.833252,209.319290,81.759003,88.459351
302.670654,197.648560,81.737366,89.332687
309.436554,184.676971,80.216408,89.748947
316.716217,168.786545,81.398941,86.096016
318.919617,152.147156,82.084908,81.903038
323.639069,144.208145,77.551285,77.364731
331.230682,134.986664,78.444801,76.621391
342.779999,118.876999,77.605850,75.733109
357.683258,98.627945,80.661545,77.525055
357.019135,87.357323,81.167091,80.124863
360.165131,81.611488,79.529045,88.486412
362.157867,59.211353,77.049286,87.498741
360.848755,39.766003,74.513077,89.150375
361.236450,39.482109,74.870712,89.342422
362.605957,42.772259,75.016022,88.029335
359.615326,40.519054,76.966675,90.693542
359.888489,43.440842,76.110252,90.864868
351.559418,47.240635,77.667412,91.507401
338.768616,64.347168,79.415802,90.385567
328.586914,74.918236,78.938141,92.306465
325.196564,79.660614,76.886307,93.525940
311.479645,85.484497,75.442650,92.948502
297.998383,89.140305,74.040039,93.024757
282.391632,101.057854,72.491066,92.917900
267.587982,107.469200,70.093597,92.075592
251.306885,111.562782,67.635330,92.092232
2
0
0
0
0
1
218.944687,38.816742,176.174484,166.852890
218.045532,36.801033,170.296036,173.070358
222.332169,32.715908,162.407349,181.466934
217.650101,39.890957,160.074905,183.958954
217.224930,40.345726,160.048889,183.263840
215.705185,42.364754,159.710205,185.212387
215.916504,48.126266,158.425507,189.612259
220.349289,55.500282,161.185349,191.165253
209.753952,66.176796,164.859344,193.935028
202.929031,70.132591,165.981522,195.408081
187.012619,70.427589,169.218582,195.640732
179.542892,69.903847,164.702957,195.112518
177.876312,68.802734,163.247467,195.628830
177.793274,67.819298,161.229889,195.794983
172.800400,67.431160,162.291687,194.076904
172.780441,68.143349,162.571396,193.213654
166.187424,69.160309,161.739899,190.152557
163.143845,68.085388,158.420273,188.578674
155.173462,71.163139,158.512665,181.401474
154.982681,72.008743,158.861099,179.642136
153.379471,76.144135,156.643158,177.720718
151.095825,75.528885,156.948898,176.181854
110.983353,67.179001,167.061752,170.988800
112.762360,64.749374,166.106354,169.118530
118.012733,65.814461,166.930603,167.367828
119.703522,66.693047,165.755951,163.205719
118.724663,69.601334,165.725296,161.137924
99.900581,69.431633,167.539581,156.320786
102.942581,82.028633,174.842926,144.896576
102.446037,79.793358,177.855774,144.474228
89.508461,80.598671,180.814407,139.799438
85.914261,79.673431,176.248169,135.741058
81.800407,76.079750,174.835083,130.553284
69.329430,75.758423,171.768814,126.897141
71.778793,68.708763,169.160934,126.674660
75.258545,64.840309,166.672043,126.166054
90.941238,62.412437,167.191162,124.428314
103.024742,59.552124,166.661209,123.775955
115.696541,56.624172,165.293762,122.691299
133.957565,54.885704,164.221420,123.256470
138.664948,55.994465,162.781174,122.663124
140.959976,57.180588,161.642990,122.315323
141.588135,57.997303,161.319321,122.230621
142.173798,57.895248,161.281128,122.207123
144.870209,63.060211,159.839783,121.652191
148.511353,66.747147,157.863678,120.199516
149.715576,68.006592,155.570526,119.314659
162.144333,69.494789,151.044495,118.514847
157.826416,83.563538,145.227859,115.842369
169.637100,97.078598,138.737122,110.563812
170.126450,110.058289,129.225082,105.507187
175.673325,116.782669,119.667084,105.133659
180.336685,123.578896,112.763962,102.223724
182.171921,128.309433,107.611618,100.531372
186.310974,137.708603,101.717522,96.958488
191.040939,143.417191,95.831512,94.918770
193.542877,149.915619,91.477615,93.318779
195.508423,152.981339,88.295273,91.574539
198.801819,154.440079,84.176369,91.864571
200.382248,156.854919,83.757790,91.732422
205.228394,160.868164,82.039444,91.969589
207.565308,163.765259,81.456566,89.802185
210.651123,165.258469,79.155685,88.109756
211.123291,165.628021,79.108551,87.787796
212.866501,167.166428,77.767265,83.556946
214.362473,167.601242,77.972878,80.801376
216.749390,168.032257,77.657623,78.956017
