1
438.098785,110.746033,52.475250,76.967216
438.129303,110.804359,52.770504,76.923370
438.803345,110.683525,52.801815,76.944824
438.904297,110.703461,52.975681,76.948639
439.177612,110.626610,52.879326,76.851135
439.306610,110.675781,52.927822,76.920288
439.352722,110.710365,52.966938,76.965820
439.586212,110.675217,52.809467,76.916145
439.858704,110.591660,52.826900,76.838150
439.949585,110.661629,52.971291,76.962242
440.193909,110.075058,52.685707,76.262604
440.387970,109.556770,52.858528,76.604309
440.541138,108.967339,52.709488,76.517372
440.664703,109.125191,52.923866,76.811104
440.982422,108.475716,52.585411,76.590897
441.367279,108.658386,52.707085,76.741425
441.579407,108.617973,52.927925,76.875694
442.054932,108.509499,52.363159,76.727615
442.511017,108.269119,52.034042,76.794479
442.798523,108.259384,52.437901,76.938713
442.905762,108.215462,52.336834,76.951233
442.974060,108.234207,52.412842,76.914597
442.928741,108.304153,52.332722,76.910988
442.982605,108.338051,52.392212,76.926804
443.020050,108.375328,52.430412,76.945412
442.978943,108.431221,52.413254,76.939392
443.010864,108.470367,52.463444,76.962967
443.051514,108.556107,52.360294,77.048836
443.045166,108.847748,52.323132,77.447266
443.195923,109.541344,51.756443,77.718628
443.250763,110.079735,51.358768,78.213295
443.274689,111.773697,50.119884,78.692917
443.491791,112.390961,50.052322,78.923042
443.555023,113.077461,49.474907,79.300339
443.167023,114.239212,49.008022,79.204254
443.107330,114.912888,48.987389,79.519379
443.045258,115.159477,48.754078,79.917015
442.911713,115.298958,48.710415,80.011124
441.917389,115.513397,48.674881,80.216438
441.928864,115.501175,48.795670,80.412102
441.364441,115.894173,48.653275,80.005974
440.153748,115.778877,48.387817,80.312996
439.138947,115.748077,48.178085,80.181053
437.419312,114.969963,47.569786,80.146088
437.289581,115.072815,47.730495,80.392723
437.029877,114.146660,47.241184,80.420357
436.696808,114.070000,47.210617,80.244583
435.945038,113.849640,47.357704,80.467064
435.839355,113.823120,47.373558,80.406776
435.698151,113.807632,47.282391,80.327477
435.421051,113.738487,47.356377,80.338272
435.332733,113.777489,47.276356,80.425934
435.174561,113.786057,46.951447,80.477791
434.858582,113.577026,46.901485,80.689690
434.395508,113.429276,46.643909,81.022293
434.036041,113.696831,46.622490,81.378555
434.014313,113.784302,46.479771,81.368881
433.722565,113.924583,46.297131,81.347511
433.776581,114.002022,46.452839,81.437263
433.572357,114.089256,46.478680,81.384872
432.889709,114.153198,46.394161,81.341835
432.921722,114.235016,46.456085,81.446411
432.937958,114.264404,46.467369,81.455521
432.719238,114.439743,46.478161,81.455811
432.627228,114.533516,46.399658,81.411919
432.607727,114.641785,46.485466,81.426247
432.503815,114.793053,46.340096,81.442673
432.465302,114.919647,46.398766,81.385193
432.771637,115.492966,45.513538,81.353615
432.941162,117.122192,45.728508,81.965912
433.111664,117.205956,45.737644,81.906624
433.048004,117.948776,45.857700,81.804703
433.156342,118.075478,45.944057,81.968048
433.239746,118.202469,45.948112,81.939568
433.275299,118.277267,45.974998,82.006645
433.340179,118.604248,45.968456,82.393478
433.355377,118.662895,45.976818,82.463425
433.369110,118.684921,45.980000,82.467789
433.338501,118.783112,45.933594,82.491508
433.434357,119.383064,45.845905,82.414185
433.724091,121.266373,45.461987,81.852020
433.733826,121.351524,45.463898,81.948532
433.430817,121.346992,45.361584,81.869690
433.152740,121.421432,45.417561,81.740654
432.470734,121.574707,45.350300,81.708046
432.357574,121.700775,45.433582,81.983376
432.339081,121.728569,45.460968,81.937973
432.291412,121.770958,45.449417,81.955750
432.252930,122.078514,45.467979,81.874916
432.202179,122.335182,45.424580,81.909134
432.253021,123.363480,45.397045,81.765381
432.325714,123.839310,45.479572,82.016525
432.344025,124.094284,45.476532,82.463341
432.410065,124.902229,45.538601,82.223915
432.658356,125.084930,45.987999,82.461021
432.830078,125.079308,45.972889,82.516205
432.843231,125.321098,45.977280,82.964500
432.941101,125.334038,45.986324,82.979980
433.009247,125.317543,45.969093,82.958389
433.066589,125.315765,45.966652,82.970528
433.168182,125.274025,45.970325,82.896919
433.573151,124.712379,46.077892,83.067528
434.818176,123.130753,45.935680,83.861511
434.904266,123.103218,46.026886,83.804169
434.866058,123.065834,46.327629,83.717484
431.877747,124.019287,46.230385,81.214066
428.783203,123.976387,46.352791,80.510460
427.069458,123.768097,46.610744,79.538704
424.790100,123.165070,47.563408,79.154251
424.646362,123.143707,47.826080,79.227180
424.622498,122.848747,47.986782,79.969933
424.536133,122.842583,48.036980,79.761002
424.754028,122.952675,48.480759,79.959793
424.716553,121.874847,48.823723,80.629753
425.355438,121.680923,48.850994,81.543076
427.442444,121.372406,49.653221,81.539162
427.733246,121.417213,49.943703,82.131363
427.889862,121.436005,50.071167,82.378387
428.267548,121.209557,50.527184,82.770592
428.516449,121.307846,50.972805,82.963661
428.553284,121.263107,51.050968,82.868233
429.467346,120.546478,51.750999,83.429482
429.564972,120.512230,51.982742,83.401123
429.630676,120.164200,52.082050,83.500519
429.794769,120.244797,52.500446,83.909302
430.008850,119.971527,53.014458,83.930740
429.807739,118.690598,53.573898,84.355560
429.900726,118.400444,54.822781,84.377762
430.015015,118.377205,55.021538,84.401207
430.545502,118.095047,56.279129,84.151001
431.177307,118.211792,56.947353,84.620949
433.167053,120.410454,58.248207,84.020279
434.482178,120.401779,60.639599,84.423866
436.820801,120.578926,60.796753,84.044533
438.320099,121.534058,61.928955,83.935745
438.868744,121.587936,62.974815,84.314751
438.890289,121.680855,62.975895,84.465950
438.996857,121.657364,62.934155,84.534958
439.463959,121.789680,63.168854,84.908577
439.628052,121.835625,63.468643,84.963379
439.688995,121.841667,63.438274,84.972107
439.747589,122.087303,63.464500,84.674339
439.993713,122.238052,63.562389,84.820374
441.380066,122.778000,64.105209,84.388000
441.720520,122.695900,64.684837,84.615059
441.970795,122.980499,64.937874,84.575111
442.521393,123.033974,65.164566,84.700981
443.244232,122.881233,65.590553,84.227707
443.455048,122.772919,66.055824,84.346642
443.733490,122.379906,66.594421,83.765320
443.970367,121.661491,67.076126,82.942711
444.185333,121.693832,67.478653,82.805809
444.245270,121.089401,67.640060,83.313400
444.510681,121.055092,67.984924,83.379608
444.499817,121.112335,68.023148,83.456886
444.701538,121.107552,68.548882,83.467186
444.930969,121.055389,68.968185,83.413094
444.864227,121.014397,69.088226,83.466988
445.053162,121.002335,69.508057,83.468086
445.042572,120.569847,70.030228,83.580513
444.983795,120.664291,70.544586,83.833885
444.285767,119.991112,71.119667,84.245651
444.170105,119.952179,71.535744,84.486313
443.384644,119.624817,72.322830,84.737160
441.301270,119.323067,72.786018,84.851158
440.241821,119.680855,73.343277,84.844345
439.570068,119.416367,73.657898,84.960396
439.551208,119.466507,73.998024,84.927773
439.329895,119.808128,74.128288,84.593727
439.476898,119.991951,74.536789,84.985435
439.619476,119.995766,75.043320,84.959709
439.822571,120.019516,75.478065,84.959709
439.826416,120.036507,75.470810,84.957314
439.825378,120.037117,75.509285,84.989204
439.956848,120.039154,76.181702,84.983673
440.114197,120.047554,76.462227,84.963379
440.135590,120.096275,76.475151,84.956734
440.146149,120.113899,76.477272,84.973160
440.155731,120.127556,76.462227,84.963379
440.172821,120.146103,76.462227,84.963379
440.226685,120.157219,76.427643,84.983566
440.264465,120.169411,76.455032,84.964485
440.894287,120.007034,76.278320,85.175697
441.095947,120.179741,76.472427,85.462990
441.201935,120.208229,76.390793,85.471069
442.387878,119.871048,75.975670,85.769920
442.570953,119.955238,75.959976,86.065521
443.371002,119.985298,75.567001,86.587143
444.447693,120.149429,75.510880,86.975876
444.991058,119.986473,75.799187,87.042297
445.667999,120.167366,75.760941,87.298798
445.938599,120.194641,75.840919,87.506744
446.144226,120.333061,75.934631,87.954559
446.548279,119.862350,75.922997,87.978577
446.646637,119.848862,75.908829,87.979126
446.790985,119.815559,75.874786,88.007263
446.800903,119.810509,75.974564,88.611961
446.924957,119.026634,75.806267,89.681351
446.973541,119.152222,75.925102,89.912407
447.009277,119.194580,75.962440,89.958145
447.206268,119.126549,75.778763,90.072594
447.416992,119.258232,75.889305,90.492630
447.534363,119.123070,75.905968,90.532036
448.196503,119.053787,75.595131,90.962082
449.250763,118.445328,75.451355,90.610130
449.513824,118.427345,75.294312,90.731979
451.228424,118.340355,74.987785,89.273804
452.766846,118.219177,74.555405,89.089333
453.952087,117.552574,74.442230,89.533714
456.125702,116.779175,72.814957,90.188889
457.731445,115.908195,72.345200,90.768799
458.939697,115.447975,71.701576,90.556297
459.354675,115.473358,71.701241,90.654045
459.693848,115.359184,71.804504,90.775368
460.065155,115.200783,71.757538,90.592659
460.380188,115.113129,71.649475,89.684387
460.542511,115.046005,71.783249,89.843819
460.682251,114.957886,71.802994,89.834503
460.726135,114.965607,71.643150,89.697762
460.729706,114.832855,71.525497,89.739410
459.873566,113.320145,70.751839,90.699707
459.929688,113.350586,70.659889,90.937119
460.087555,113.370850,70.613510,90.907265
460.144287,113.373627,70.733055,90.926598
460.405914,113.467903,70.027672,90.764244
460.754700,113.558105,69.519234,90.863297
461.652863,113.848000,68.330940,90.718224
462.385254,114.149368,67.155136,90.757378
463.257141,114.154907,66.322342,90.979881
463.790771,114.132957,65.833900,90.954338
465.430603,113.986649,64.442451,91.056183
466.741089,114.110924,62.942661,91.276535
467.635010,114.138947,61.935764,91.275604
468.811035,113.294647,61.207508,91.856140
469.355255,113.179039,61.215851,91.883461
470.415527,112.199883,60.838142,91.570206
470.880493,112.222435,60.670345,92.045998
471.074921,112.429588,60.868683,92.411758
471.217102,112.517097,60.575539,92.346359
471.429382,112.581116,60.865288,92.352486
471.605804,112.206833,60.198406,92.474152
471.391510,112.174965,59.665253,92.225533
471.530396,112.440559,58.885399,91.964546
471.536621,112.492172,58.568451,91.812485
471.412933,112.480331,58.495045,92.023781
471.019501,112.645592,57.999279,92.316521
470.772583,112.581940,57.712872,92.492500
470.867065,113.321640,57.837746,91.659256
470.946838,113.492264,57.971359,91.960358
470.959808,113.512337,57.971359,91.960358
470.973114,113.526497,57.972397,91.964523
470.516602,116.755257,57.792976,86.482910
470.571655,116.750221,57.941456,86.452423
469.805481,117.404335,58.087746,85.881241
469.874817,117.520393,58.475178,85.927338
467.395569,119.201805,58.621830,84.475525
466.387482,119.512589,59.041546,84.040756
466.381134,120.000793,59.518730,84.216476
464.614471,121.104210,59.883812,83.619644
464.617889,121.307739,59.997032,83.889130
464.615814,121.366959,59.977448,83.959190
464.419220,121.425232,59.978111,83.901093
463.873627,121.464127,60.136971,83.801445
463.673096,121.610764,60.442848,83.629082
462.431061,122.009659,60.547276,83.110374
462.352264,122.175453,61.023632,83.310417
462.113098,122.485870,61.595497,82.997810
462.292328,122.517776,61.978996,82.929695
462.179047,122.935883,62.007996,82.790833
459.669617,124.245697,62.367718,81.148224
459.399689,124.508896,62.411793,81.267700
457.983032,124.996864,62.482563,80.883148
457.956940,125.017212,62.434914,80.969772
457.439636,125.263283,62.506973,80.527443
456.649872,125.564804,63.105652,80.762215
454.925964,125.276367,63.507992,80.485229
454.882416,125.063072,64.011902,80.375748
455.132690,125.126648,64.473396,80.466805
455.146698,125.135376,64.468117,80.473923
455.161133,125.148636,64.468147,80.465317
455.173859,124.655472,64.435555,80.536774
455.197205,124.882362,64.469017,80.964325
455.211426,124.902122,64.468063,80.963303
455.232880,124.919601,64.470741,80.963715
454.726624,124.796440,64.482544,80.960083
454.628937,124.712944,64.603371,81.107193
453.389465,124.780350,64.921562,81.484215
453.229675,124.893997,65.088631,81.326317
452.640442,124.786682,65.344055,81.537148
450.779419,124.665985,66.141243,81.425201
448.718842,125.375618,66.999748,81.150375
445.272095,126.214134,67.407616,81.230057
445.022186,126.231285,67.824982,81.633400
444.409698,126.648613,68.447540,82.103516
443.909515,127.028343,69.361374,82.508469
443.270294,127.440765,69.446045,83.305504
442.189178,127.907402,70.156174,83.845886
441.881805,128.090256,70.866020,84.011459
441.087646,128.366013,71.209373,84.323647
437.030792,128.554688,72.292755,84.352928
434.021576,128.893570,72.584297,84.132416
433.174347,129.191055,73.033722,84.261192
432.553406,129.277908,73.186775,84.338043
429.860992,128.531464,72.964218,84.709152
426.609711,128.706207,72.789825,84.266983
423.362274,127.670334,73.287529,83.746483
419.816895,126.324593,73.887138,83.965866
416.973907,122.352776,76.036591,84.111534
416.074524,120.021950,76.885582,84.761009
415.875183,120.175743,77.199806,84.803642
415.971802,119.989777,77.460197,84.700974
415.700714,119.307053,77.685341,84.881508
415.662170,119.296974,79.179291,85.040955
415.814697,119.522873,79.476440,85.464134
415.826721,119.541550,79.463089,85.464249
415.797211,119.574341,79.475800,85.436714
415.704956,119.557404,79.472427,85.456482
415.195984,119.715057,80.061752,84.826851
414.759064,119.906952,80.812202,84.721886
414.796875,119.991188,81.089012,84.996872
414.948517,119.802879,81.664665,84.827980
415.086639,119.860092,81.976791,84.955673
415.094299,119.887802,81.959625,84.959290
415.110046,119.901649,81.963318,84.964394
414.405396,119.988411,81.378418,84.708672
414.409698,120.122444,81.475670,84.947243
414.319336,119.900261,81.315392,85.010635
414.340942,119.825615,81.348869,85.480705
414.414581,119.835503,81.459755,85.463158
414.443268,119.841713,81.461365,85.460556
414.447052,119.671844,81.406960,85.263077
414.111786,119.389641,81.671112,85.269600
412.812408,119.524925,82.075768,85.212730
412.636658,119.386696,82.563347,85.355789
409.486176,119.148186,83.080757,84.188637
409.518066,119.238106,83.479034,84.321487
408.545837,118.794823,83.837311,84.448196
406.829224,118.970131,84.330185,84.215675
405.441498,119.227943,84.587166,83.970192
405.041077,119.380814,85.089760,83.811241
404.899200,119.380730,85.767311,84.098160
404.903748,119.731125,85.995377,84.352921
404.419800,120.015190,86.123741,84.368469
404.185608,120.140907,86.551300,84.469490
404.202911,120.282867,87.048660,84.449692
401.931671,120.673767,87.558937,84.415733
400.183685,120.837540,87.955284,84.492043
399.253143,121.505737,87.424263,84.903404
396.229248,121.396965,86.955528,85.454193
395.883057,121.752899,86.723824,85.397804
395.917725,121.794586,86.903351,85.527145
395.480988,122.345222,86.293213,86.347427
394.794189,122.321144,86.116333,86.671303
393.341095,122.545921,86.370308,87.004051
393.248047,122.776642,86.452240,87.524673
393.253754,123.011688,86.451431,87.967148
392.882538,123.018349,86.535866,88.049416
391.792694,123.134575,87.311722,88.289230
388.850647,121.700836,88.758720,88.676643
388.208984,120.254341,88.186478,88.979431
387.737610,116.565132,88.486465,88.927696
387.542633,113.892509,88.546448,89.000244
387.525421,113.294403,88.765045,89.134018
387.732635,112.537704,88.808838,89.147377
387.353271,111.603943,89.069519,89.152397
386.876648,111.021729,89.772682,89.064232
386.814880,110.966797,90.050568,89.341751
386.858063,110.367104,90.621803,89.235817
387.027374,110.214645,91.060158,89.341255
387.354492,109.789368,91.532700,89.520584
