1
145.535782,50.823154,88.953476,104.913567
145.102325,50.765942,88.828911,104.988594
142.472031,51.073814,86.942108,105.291687
140.218201,51.100140,86.109665,105.305618
137.673920,50.041599,85.545982,106.491814
137.032562,47.684364,84.380356,107.455666
136.513535,46.484287,83.595703,107.087540
135.685974,44.205063,83.271446,107.582306
135.206482,43.705502,83.497307,107.690094
130.007339,41.825428,85.884575,107.555038
122.188492,37.472321,85.609558,111.237297
115.045570,38.192356,85.580177,110.459900
112.255249,38.182381,85.221611,110.986610
111.102692,35.663094,82.193550,112.884865
110.025620,34.738708,83.229927,112.736885
110.148407,34.767349,83.440659,112.735909
110.123276,34.961201,83.582466,112.876862
111.467613,35.640636,82.846970,113.578392
111.569771,36.000153,83.329803,113.941765
114.159622,38.631668,81.914040,115.392578
114.962204,41.956795,81.498405,115.059372
114.995026,42.381954,81.440712,115.431572
115.001770,42.659542,81.637039,115.147377
115.776588,44.079849,81.606117,115.550117
116.095634,44.433651,81.895226,115.936607
116.112938,44.385101,81.969116,116.271210
116.344177,44.112888,82.430321,116.642975
116.905670,40.875027,83.428749,115.949074
122.201096,34.260372,83.657448,114.586540
126.660576,31.356222,82.578354,114.908417
130.000458,27.616632,82.513100,115.471733
132.158951,27.084084,82.653603,115.676964
133.840393,26.082470,83.103882,116.350533
136.570572,26.535498,85.493217,116.173668
140.089508,30.466545,84.738297,115.266182
140.590057,31.031441,85.422226,114.704506
141.054184,30.826139,85.887466,115.798973
141.132996,30.783546,85.989433,115.880173
140.889511,30.540516,85.882423,115.909767
140.896744,30.525164,85.955917,115.920219
138.448593,29.925604,86.465813,116.673836
127.957153,30.613741,86.522896,118.079361
121.939186,31.569590,87.431694,119.278328
113.798599,33.740791,87.415451,117.996925
111.829849,34.379509,87.663101,117.638885
109.050407,34.864567,88.373413,117.553200
108.370163,35.879528,88.406044,117.731964
105.748787,37.058491,89.049202,117.220383
105.929680,37.186924,89.447609,117.458000
105.916649,37.162842,89.470222,117.487206
105.667145,36.754894,89.800995,116.603249
105.876076,36.719448,89.804298,117.111092
105.950333,36.464783,90.827965,117.663063
106.032181,36.548622,90.913895,118.260757
107.529396,35.733921,91.500496,120.642532
110.392700,37.498787,91.321259,122.099869
112.395218,38.710762,91.788162,121.774300
113.702118,39.232746,91.800720,122.659187
115.305046,37.176689,92.248146,126.745834
117.559341,36.594631,92.318855,127.254936
121.451149,35.794964,91.669472,127.483063
126.117195,37.819397,92.134026,122.027618
126.374146,37.968498,92.440155,122.328659
127.660210,38.079166,92.075371,122.311859
127.242439,37.934708,92.331421,124.383896
127.308380,39.199459,92.226837,122.621696
127.451988,39.753490,92.274994,122.334953
127.658684,40.850925,92.095276,121.355965
128.115433,41.982937,92.110641,119.564949
128.282532,42.214321,92.451393,119.941017
128.275162,42.148384,92.412811,119.918709
128.331436,41.964203,92.399261,120.128754
128.294373,42.204605,92.427917,120.321587
128.383240,42.580242,92.272842,120.693047
127.904716,45.292320,91.884697,120.529427
125.898888,46.183800,92.093330,120.508278
124.321098,47.431889,93.995049,120.879028
121.825645,48.236958,95.102943,121.681183
122.005394,48.360672,95.456299,121.974846
121.733757,49.107330,94.871880,122.978088
120.738770,46.744587,91.607323,124.199944
120.158981,46.237160,91.642708,124.864342
120.277985,45.776211,91.743507,125.188652
120.668404,45.034870,90.135368,125.506264
116.820442,47.363117,92.063675,126.547020
118.320824,50.436115,89.004868,127.015312
118.141159,52.450653,90.190506,125.936852
118.453781,53.147141,90.388435,126.404831
118.929001,55.293297,90.437904,124.651337
119.983711,57.530510,91.495132,123.033211
119.361420,53.824852,91.072968,126.156532
122.264282,53.772961,90.836754,124.204712
127.858643,51.585583,88.051682,124.313629
129.629181,50.618462,89.056068,120.377182
138.709167,48.200939,81.812485,122.415878
140.523926,48.918282,80.893028,123.446281
142.931229,49.636467,79.912132,123.872772
145.775970,48.272301,80.626678,123.748306
151.303192,49.693501,78.417374,122.197258
152.408401,48.944561,77.298775,122.620667
152.629532,48.330372,77.530518,122.597740
152.459137,47.538998,77.692749,122.400337
152.467499,47.806229,77.983841,121.517792
149.353729,49.374367,77.418465,114.419693
147.184479,48.539837,78.483627,111.320488
147.026443,44.853855,76.559357,118.128632
143.468384,46.172428,77.193794,118.429123
141.003586,48.827473,78.348869,115.605255
140.005203,49.428104,78.544579,115.652077
135.236633,49.582027,78.816940,116.030029
130.980499,54.586353,80.130203,111.536232
128.359985,51.099861,78.976959,115.674110
128.455780,51.526775,78.538300,115.685669
127.502350,53.217171,80.477188,111.935547
127.393173,52.098492,80.378860,113.383049
127.406570,52.126564,80.361778,113.391273
127.416931,51.681152,80.362228,114.104897
127.055679,51.690178,80.262993,115.096954
127.189735,52.245937,80.462326,115.229622
127.297676,53.531586,79.831947,116.237701
127.629837,53.104851,79.899323,117.286705
128.791458,52.757355,79.858353,117.574516
131.128586,53.985588,79.514458,115.574043
131.706696,54.401360,80.794601,113.993546
132.842117,54.667007,81.210175,112.671844
136.814896,52.753792,83.355637,109.737740
138.757263,52.088146,82.772232,110.580742
143.053116,52.716450,83.803192,109.701912
143.824219,52.861122,83.764366,110.203255
144.010986,53.042511,84.059776,110.464737
144.556885,53.138920,84.330994,110.386154
145.074585,53.223473,84.381065,110.332146
145.318802,53.369610,84.338860,110.420509
145.580017,54.209549,84.163696,109.712646
145.236603,52.593269,83.656578,109.787956
144.993698,50.516102,83.076241,110.177597
145.159576,48.537399,83.673386,107.870209
145.448456,45.636490,82.555000,107.636185
145.060822,45.311272,82.571724,107.743721
144.346054,44.594818,82.660629,106.604889
142.009766,46.404305,82.230598,106.309837
142.149231,43.780861,80.391510,108.823082
139.121140,47.728081,79.544769,106.897354
138.410614,51.392616,76.346390,104.868622
136.119675,50.525833,74.623062,105.167068
136.995087,42.194393,72.495773,109.041733
137.368210,37.220867,69.770081,111.914635
137.014221,31.619688,65.486244,112.787888
135.608627,32.688259,66.587326,109.252953
135.927460,31.827837,66.221535,109.510086
134.392822,32.532139,65.524002,109.098526
135.165634,33.420967,65.626144,108.419884
135.950302,35.553162,64.206161,107.485352
136.402435,42.561085,64.120506,100.849434
137.547745,50.152557,63.794167,97.249512
139.088959,53.559227,63.367409,94.291420
139.892349,53.228981,62.797016,94.141159
143.550934,53.021641,62.186546,94.323784
144.309799,49.598557,61.443935,94.296944
144.204895,45.232109,60.672516,94.689240
146.931717,41.488430,59.153763,96.868317
146.847473,38.068501,59.165665,96.128204
147.831314,36.846802,59.069828,96.183838
145.836212,35.480980,59.203720,95.986694
144.591721,37.265423,59.064789,96.632210
142.473572,38.091866,58.732998,99.112946
141.963043,40.299370,59.697140,97.831726
141.181290,44.332100,59.786751,97.110878
140.745651,48.097809,61.168358,95.449448
141.106781,49.856037,61.980614,93.733315
140.592590,50.290352,62.178967,93.365913
139.031754,44.008892,62.570732,93.268906
140.279388,40.944569,63.029198,92.273987
139.241211,34.157845,63.011490,92.665749
138.186264,35.678963,63.487583,89.768761
138.492203,35.204647,62.864651,90.091370
137.094589,35.848686,62.287071,89.849480
137.610794,37.484318,65.167343,87.214638
139.372208,38.473568,64.060463,87.516762
140.438568,40.175552,65.141426,84.600815
140.627029,41.518475,61.782425,85.908401
140.044739,47.615276,61.616665,84.021744
133.711273,51.354568,62.476215,81.425888
132.386536,54.873280,61.641884,79.370209
128.147141,55.503918,62.128429,79.088104
124.434792,55.523129,57.748657,79.599449
124.456093,53.773445,57.938389,79.443390
122.436928,54.111519,57.840866,78.640305
118.787247,52.840149,56.997379,78.404999
116.610489,54.232788,56.033062,77.297752
116.917511,54.222759,56.379234,77.481567
117.451057,54.016968,56.120075,77.353539
118.955971,51.331459,55.811699,78.299362
121.987289,50.110756,55.995163,78.312584
128.267380,45.442303,53.668217,84.050789
133.205063,43.573715,53.473423,82.553894
134.033340,39.305683,52.480591,87.482628
134.962494,35.973011,53.803593,79.002609
133.703552,34.656780,67.124908,78.474144
141.420319,37.591221,61.473564,79.233803
142.895752,38.473957,61.395931,80.349091
148.948685,35.013283,61.492844,81.970673
154.531387,36.911118,60.528992,82.764503
155.795456,38.394745,60.860798,81.271034
157.270538,39.231293,60.277065,81.549812
158.592209,41.144638,60.443821,82.013245
160.526733,42.457985,58.495892,84.543716
164.183777,49.071793,57.297668,85.427460
166.179993,50.221375,56.596249,85.826248
167.328232,51.753815,56.931564,85.666321
169.927643,53.577999,54.741108,85.441551
169.996185,54.690113,54.904182,85.263901
167.044189,54.787785,56.067451,86.598061
162.431931,53.892643,56.448433,85.509674
158.792892,55.549690,56.348270,87.725502
152.719177,54.929787,60.975189,86.928925
148.692688,54.494812,60.273758,89.148468
143.335602,55.308346,60.009613,89.997711
142.717316,52.053303,58.775940,91.017288
140.171829,50.936356,60.691448,91.667015
138.911942,49.502018,60.485527,92.517921
138.589584,50.238369,61.463188,94.586716
139.718582,50.990055,61.490845,95.637474
141.847778,51.893364,61.407837,96.142937
145.555374,54.981480,63.740231,99.625351
150.175034,57.523594,64.019699,97.349915
153.741089,56.486469,64.292091,97.753738
160.831635,57.605499,64.759743,98.738663
165.540054,56.985165,64.694870,98.672485
169.169434,57.984753,64.267944,98.814758
170.192093,56.090504,65.097115,98.491051
173.823914,56.139290,65.039429,98.303848
175.086349,58.164337,65.547470,97.375145
174.418747,62.782246,67.617195,97.145676
173.702942,63.692394,67.107918,97.484230
172.423477,64.807098,66.704910,96.943306
169.354156,68.898499,66.227432,93.948982
168.827835,68.218895,65.901207,93.996452
169.500458,67.167244,63.632614,96.105614
169.858276,66.750511,63.281651,96.561829
169.835266,67.121544,63.370186,96.795090
168.651337,64.073135,63.991810,96.095673
171.031082,62.739491,63.163857,96.553871
172.368652,62.978264,63.029308,96.741669
173.107513,61.653442,63.707977,98.199936
177.176865,61.535225,63.233902,99.794647
177.313965,61.711411,63.441086,100.044998
177.368347,61.989540,63.449272,100.471046
179.097198,64.859756,63.070282,101.043587
179.270721,65.090950,63.428833,101.481537
174.017349,64.993515,64.245621,100.764420
172.620865,61.252857,61.328686,102.440620
172.129730,60.369160,61.754063,102.027054
168.822937,54.036850,60.394909,105.211403
168.420944,52.034733,60.743504,106.331589
166.365479,49.504181,60.066471,106.019142
166.607437,49.443222,60.393002,106.482994
166.635742,49.438465,60.434238,106.519203
166.869232,47.262634,61.014309,113.841949
166.043396,50.376541,61.461243,113.387787
165.778412,54.741535,61.366589,112.831131
166.743362,57.591827,61.594414,112.178810
169.585861,59.343124,63.107929,112.942024
169.796112,59.107681,63.563381,113.413719
173.156281,50.836094,64.585518,119.787811
174.049545,48.454803,65.045296,119.974136
175.057236,45.183304,67.463165,118.934731
175.089172,43.496529,67.347275,118.747948
174.633286,41.130863,67.122559,118.588486
173.394623,39.636406,66.770958,118.226242
172.871841,39.830765,66.733200,118.430321
171.996704,39.797218,66.499817,118.770416
171.911713,40.202019,65.852837,119.129959
171.801208,40.564339,65.882797,119.365166
165.591568,41.458603,65.768463,117.878242
158.850784,41.973427,65.961754,118.248055
151.731110,42.725555,65.929443,116.690681
147.639954,42.524872,64.948654,116.787369
141.151245,40.081135,64.044746,114.813934
134.250092,39.695400,63.437851,111.138359
131.174072,38.886623,62.290047,111.313591
127.779869,37.763657,60.970169,111.205284
127.665359,38.206337,60.853836,111.514778
125.774956,41.461056,60.237488,111.284576
125.647110,49.561207,60.068642,109.493729
125.895195,57.340649,60.526085,105.936539
126.096550,59.109947,61.390190,103.816925
127.106689,58.810547,62.047737,104.134499
133.208206,59.614681,64.718826,105.350098
140.906067,58.448967,62.579895,108.002525
143.627335,55.752758,69.530647,108.428223
153.286392,55.541340,68.131256,107.386559
154.656662,54.946415,66.947525,107.840492
154.461197,55.015022,66.862396,107.748024
149.550995,52.708172,66.800781,107.253792
145.278671,51.907124,66.525215,106.306274
138.716690,51.003288,66.550209,106.957642
132.513580,52.837288,67.307205,106.008484
123.429161,55.148884,69.740196,104.335510
115.887802,54.550911,68.935715,104.949219
108.062599,50.034973,68.237267,106.047462
101.255913,43.898251,68.295532,108.691727
95.495987,35.805145,67.900063,109.761406
92.237938,32.158382,66.195419,108.846146
91.981133,32.501045,66.013741,108.777283
91.292984,32.930943,66.025490,108.600960
90.192749,37.913139,65.933586,109.318916
87.829323,42.667248,65.835709,109.203178
86.490814,46.764233,65.201218,108.449760
82.667221,53.473972,65.089195,108.087608
75.385292,57.031559,65.529762,104.633484
69.949699,58.039185,64.274155,104.312454
64.652542,58.007809,63.744240,102.730949
61.439831,53.522381,60.693130,101.924515
61.797684,50.297062,60.499882,102.211395
62.157436,46.792660,59.716446,102.251900
66.074486,45.895649,59.712261,103.149498
71.570206,45.515858,59.489532,104.981987
77.935326,48.472721,57.808598,105.810532
80.109413,51.761673,56.225632,105.317963
80.762321,52.918583,56.172653,104.866188
86.245766,56.109589,56.171085,102.275101
90.740730,60.333015,54.941307,100.971077
94.959755,61.922745,54.324409,100.568687
101.330994,56.525188,53.276524,101.197655
106.295181,52.629021,52.720963,103.172554
110.552315,44.642014,54.692139,104.466454
117.578056,39.297619,57.513191,104.295174
124.694603,34.966297,58.175179,102.058182
133.014664,30.858330,57.911049,104.855759
138.411469,35.322937,58.260429,105.081100
138.666550,36.798767,59.071648,107.476974
139.749390,38.109062,60.120449,106.555840
141.965103,40.002052,60.397179,106.387817
143.123795,42.317455,61.192890,106.543938
143.226639,42.795994,61.476215,106.894089
142.904922,42.597137,61.826031,107.178085
143.623505,42.396248,62.007286,107.328339
143.970230,42.372044,62.515900,107.367012
144.464767,41.787910,62.974014,107.357697
145.459549,41.659527,62.635620,107.521004
145.565292,41.863060,62.998638,107.839539
145.473953,42.174355,62.923599,107.527077
145.269531,42.978249,62.943474,107.586517
145.093689,43.094440,63.065205,107.852257
145.053726,43.032475,63.661526,107.851089
144.879196,42.490185,64.031181,107.837029
144.875961,41.923092,64.780823,107.995224
144.733444,38.686504,65.512688,108.976776
147.031555,32.274494,66.109116,107.627167
153.660141,26.411608,68.227074,106.731468
154.101959,26.310423,68.087303,107.094490
155.104507,35.869190,66.554443,109.291702
154.500427,36.220612,66.740944,110.117874
150.835083,40.707359,67.738602,110.979156
152.852539,44.980068,66.630653,112.431435
151.071930,44.791111,67.245735,111.031982
147.014725,41.396923,67.399712,110.235069
144.906662,34.757790,66.652756,112.101723
151.868088,28.355669,66.933815,113.534676
157.328888,25.410086,67.820534,111.237701
161.454697,25.818825,65.987648,110.322464
160.643326,26.054953,65.578773,111.208092
161.849487,28.807169,63.596413,111.203178
157.967346,29.583498,61.586189,110.430046
150.051620,32.482815,62.455990,108.980614
145.909180,33.338718,59.392498,106.859039
135.324585,36.197315,65.061775,104.614891
129.132660,32.151642,62.385021,103.211151
129.292770,30.083462,58.368011,103.456963
126.579788,25.751242,56.747681,100.053787
131.838043,25.709616,56.746372,98.880684
132.579575,27.125599,55.695366,99.647942
132.270111,29.894775,55.534767,98.882050
132.176132,32.631336,55.429375,99.210815
131.929260,34.937641,55.099331,99.134178
130.458069,36.173359,55.007030,99.595230
127.655075,39.533981,55.155994,99.388191
125.070969,40.447517,54.884453,99.388977
121.687286,36.981697,54.130119,102.541725
124.870964,34.300690,55.985275,102.483223
129.729965,32.172710,54.729321,104.323097
128.822403,31.925047,63.598679,103.894623
138.802795,32.912449,62.572155,104.026840
144.186356,33.531048,59.688763,106.217110
148.699875,34.746796,62.095543,106.168205
157.675476,32.115086,61.441597,107.698906
162.544540,31.059561,60.205227,108.124367
166.131622,30.135204,59.612930,109.462990
167.412354,28.205009,59.769577,109.950050
168.735245,26.344721,59.801685,110.108955
169.019897,25.987400,59.497639,109.885391
169.766403,22.313404,59.408756,109.983200
169.373962,21.485010,59.490128,107.558289
168.636749,20.493412,58.620110,107.166130
167.339417,19.147659,58.754963,105.632515
169.548096,22.649767,58.521648,106.487404
163.060135,29.468311,63.439415,100.846474
162.590714,37.008591,61.653805,97.720177
157.459686,41.654610,62.933693,97.247726
150.501343,40.473557,62.572662,95.055054
145.422318,35.714779,62.649357,93.343079
146.117416,33.507786,62.391048,90.399734
151.773010,25.339008,63.017532,87.916931
154.790695,24.546766,63.382336,87.979622
154.974960,25.339684,63.248150,87.197220
154.976288,28.605867,62.947662,87.637688
156.410812,33.365356,62.010174,85.534645
157.356781,34.219818,62.212814,85.982094
158.072769,37.141197,61.566788,85.544670
159.489807,40.372417,61.220222,85.392647
160.236557,42.790047,61.069386,85.036819
163.290253,43.525700,60.002254,85.286285
163.840149,38.715290,60.061703,84.555588
164.174133,37.947445,60.370110,83.740631
171.546204,38.081730,58.545906,84.160599
171.745773,40.345669,58.374603,83.317726
168.946106,46.686840,58.491558,79.180664
165.959793,49.986664,58.977257,76.897049
161.527863,53.442711,58.544662,74.638573
156.673111,55.628857,58.335369,72.851532
155.626144,55.680676,56.515526,72.572380
155.310471,55.440163,56.797600,72.836479
153.085495,51.762672,55.113327,72.891426
149.288696,49.530128,56.180744,71.583557
144.736771,47.119476,54.707443,70.579849
141.825119,46.142643,55.389965,69.716606
138.976639,36.556675,54.911491,76.872543
138.532303,32.994274,54.187298,75.440941
136.152481,33.328293,54.548645,72.608856
135.753021,38.841999,54.302357,72.639824
136.126877,40.960617,54.109222,72.099915
135.783279,44.416603,55.016945,71.981888
133.690552,48.800594,55.275707,70.169373
133.974289,51.637913,52.368168,74.254295
133.641830,52.099216,52.184937,74.567299
133.534683,52.638149,52.227085,75.187241
133.548401,52.420654,53.299183,75.000092
137.689987,52.719994,56.597507,74.417625
140.955612,51.973259,57.823299,74.146172
146.542328,53.628696,60.662094,73.904900
154.914703,52.110046,58.556339,73.591141
159.783020,52.461403,57.253437,72.985367
160.084015,53.291180,57.010475,73.932335
159.851440,54.232800,55.706932,73.864418
160.031357,53.940350,56.058029,74.702232
166.342667,50.623772,54.744999,76.491051
165.220108,50.051701,53.987717,77.308495
165.105576,50.256573,52.549255,76.651283
155.400925,48.734211,59.471191,71.056900
153.270065,44.320431,52.127808,72.605347
155.917862,44.453648,52.390011,71.336571
156.251602,47.928333,52.351250,70.339539
155.720306,48.938335,52.445938,69.944748
154.835587,51.129406,53.131180,67.377243
155.402939,54.615040,51.660099,66.785141
159.757309,56.937035,52.266483,65.956612
161.359970,59.353668,52.383896,65.312759
162.071991,60.265530,52.266991,65.046219
162.846832,61.235607,52.387836,64.953110
163.888931,62.027847,52.593121,64.375999
164.222992,62.310249,52.357502,64.036102
165.061630,62.885265,51.027702,63.336430
164.605972,62.745770,50.273647,62.952354
162.867493,63.060322,48.915852,61.649689
159.647125,63.034870,46.546219,60.670536
157.749359,61.834030,44.045074,59.798904
156.631729,61.550743,44.135250,58.343250
150.931671,62.044792,44.655769,54.105633
147.298035,62.303696,41.902939,54.465500
145.384369,61.634224,41.180901,53.961964
143.528839,61.575912,40.171612,52.709232
142.602997,61.760422,40.192963,52.909374
139.555405,60.519718,40.441219,50.503956
137.501251,62.133327,40.926346,50.139904
138.882034,56.563061,43.482357,48.755672
140.309158,55.439022,44.797287,50.498604
140.870224,51.628620,46.228054,48.008308
142.090912,51.189423,47.393761,47.942554
142.609589,50.595825,50.387856,47.943493
142.781036,50.322914,51.054722,47.753174
141.697067,50.919704,53.396679,47.104427
136.126831,51.007290,54.331322,47.000069
136.267319,49.821213,54.605724,47.040649
136.401398,46.181053,54.586735,47.418228
136.324951,45.571159,55.418652,47.123566
136.568649,42.113300,57.222233,47.524532
136.876099,39.977741,57.908916,47.420097
135.899277,39.510437,59.181107,47.448196
140.659882,35.830429,58.477348,56.216797
138.869995,33.820740,62.853378,52.869587
138.620270,32.249123,63.132488,52.863819
131.802261,28.064817,59.720299,54.976070
131.758163,28.017275,60.028301,54.914059
127.861725,30.685078,64.033524,53.781601
121.541084,31.140617,63.747902,56.079208
120.737961,31.706793,64.342819,57.800770
116.173576,28.139780,64.710823,58.251812
120.034737,28.501095,65.546448,59.449955
120.485413,26.032413,67.076874,58.247478
127.559647,23.285120,70.386978,59.805981
130.012833,18.350183,69.768799,60.416111
129.588593,15.224166,80.960350,57.897980
136.429886,13.153653,78.409615,57.369541
140.481888,13.939280,78.159958,57.757633
141.197205,14.742781,76.752342,58.303059
142.684280,14.519017,81.775429,57.718597
147.196365,13.970882,77.233711,59.109127
147.525864,9.925008,75.727226,61.318226
148.029419,9.333985,75.660950,61.202496
149.304901,9.657990,78.885857,60.668396
154.365494,10.552935,73.571892,61.243832
152.710175,11.626909,70.683479,65.630051
151.980591,13.958352,70.695885,66.041504
151.108536,19.271280,70.577751,65.977257
143.919510,22.387623,73.117195,66.236786
136.861862,27.828911,70.778473,68.454872
127.343292,31.476595,75.223770,67.815598
122.454178,31.726173,70.089081,68.222519
123.788666,32.168858,69.014198,68.756424
123.323349,32.306484,67.433296,71.119301
123.630447,33.360764,66.155647,71.113571
127.542046,37.734112,64.740013,72.306747
130.749786,42.205391,61.991974,72.524170
132.332535,43.279873,61.076141,74.214294
137.540924,45.152088,60.687485,75.130737
139.719055,46.901459,58.410301,76.806816
143.100754,50.094864,58.355022,78.668083
149.374771,52.947277,57.096134,80.041695
152.038910,54.282692,55.870861,80.472069
155.493057,53.845478,55.299461,81.426987
156.407761,52.027893,54.028149,83.371964
156.970764,50.233593,53.938671,83.582466
157.095795,50.332180,53.974224,84.561378
158.626709,50.534916,53.907013,85.756760
161.850174,51.832542,53.258911,87.272163
161.117554,50.619652,53.641079,88.486168
158.742371,45.959465,54.516628,89.270157
156.592606,42.958652,55.044979,91.995178
154.810333,32.220554,56.177391,92.650711
154.680206,26.979408,56.582012,95.299538
152.863846,24.094635,57.280540,96.334267
147.825272,17.494436,57.709026,92.858231
148.348984,17.127031,57.639339,93.086113
140.376572,18.269951,62.769142,94.596718
135.129074,22.115871,65.352631,88.734085
133.221405,22.114618,64.694664,87.856781
133.769150,22.798571,63.738098,86.478897
134.802460,23.204121,61.872711,86.714188
134.110443,25.511940,60.051098,87.111328
132.580170,27.582232,59.128677,86.518433
132.428467,27.430885,56.996014,86.640732
133.265915,26.817635,55.798752,87.500511
137.505844,26.631456,53.006046,87.313400
137.944412,27.456741,53.519012,87.253685
140.541321,31.360193,52.405437,87.600517
141.088715,34.616875,52.127922,87.679367
141.726685,36.500370,50.676079,87.845856
143.114883,39.526947,50.325176,87.414833
140.411880,40.800316,50.470875,89.428520
140.296402,36.963867,50.382950,94.821968
140.519714,25.475279,51.712845,94.464485
147.033035,18.025448,52.925457,92.682259
149.386826,20.521286,54.120312,95.680626
150.502792,24.289616,53.772549,95.892189
151.360291,26.786154,52.944729,95.239235
151.136032,30.976074,52.523155,95.164894
151.229935,33.626541,52.657459,94.001709
150.592453,35.460045,53.063385,93.641449
149.057190,36.722916,53.760696,91.874512
148.032074,35.588554,53.442734,91.868942
148.145416,35.873207,53.008717,90.732071
147.356430,36.585613,52.389423,90.629944
140.688736,37.570389,52.715187,90.908669
138.062943,37.797398,49.965546,89.872849
136.638687,39.119785,48.799118,89.075478
131.160614,42.286808,49.510979,88.074600
125.980354,42.442867,49.967999,87.179070
122.068565,42.520462,48.534225,85.616753
115.801308,41.863937,50.068516,83.876740
112.918304,40.575245,49.185143,83.871574
116.247185,39.699780,48.464092,84.185928
118.804070,37.472698,46.590240,86.408531
121.330368,33.084106,46.489006,85.934753
125.725693,32.013958,47.476097,87.371635
128.095001,35.865749,46.432022,91.905998
129.558914,39.583302,46.994682,91.196091
134.110626,45.233665,47.481148,90.549820
139.852768,46.432228,48.711243,90.773453
146.881302,43.380352,48.872669,90.907921
151.655426,37.911064,47.103741,93.504967
154.146332,35.649277,46.688900,90.655884
156.131577,33.822395,47.222607,88.517448
156.934875,32.798512,47.668846,87.713440
158.260101,32.805916,48.117188,86.742432
159.462082,33.173836,48.311882,86.262154
159.840118,33.417866,48.632149,85.538712
160.338501,33.268391,49.069527,85.849045
160.581665,33.591698,49.419945,85.867615
155.387695,38.648483,53.071232,79.866096
155.150192,39.299503,52.507721,79.641212
155.317184,40.214672,52.718803,80.607483
150.438660,39.690372,51.188129,84.152199
149.978394,39.737846,51.392780,84.580833
148.627533,39.628906,50.556454,85.284050
148.707474,38.730423,50.808975,84.675453
147.940948,38.262154,51.009857,85.069931
148.125519,37.489300,51.479980,85.902786
148.011414,37.426628,51.447151,86.019463
149.069565,37.355072,51.489105,87.667084
151.890305,37.313564,50.943008,88.422058
151.952667,37.320751,50.955753,88.527565
151.955597,37.831055,50.801548,89.021873
153.279449,38.246754,50.783257,89.683678
152.738876,40.228237,51.143555,89.214790
148.999298,44.592033,51.002087,88.869057
148.749893,48.040966,50.379448,88.790604
149.021973,49.420605,50.140194,90.598984
149.002197,52.678417,49.648376,92.113731
145.282837,55.939884,50.349621,91.765511
142.086487,55.846657,49.730812,91.487190
142.167740,55.438553,49.998631,91.938873
143.172119,54.613579,49.861835,92.412094
142.424728,53.317890,48.639877,92.813248
143.292145,49.234882,49.131279,92.737297
146.476181,47.937328,49.032127,92.124718
149.165176,47.189346,49.681934,91.687759
152.160461,47.737610,50.079350,91.505348
154.064850,47.777527,49.935020,92.153336
154.557175,48.046261,49.841690,92.281418
157.659012,49.373634,49.737671,92.691940
160.468750,46.016708,49.891830,94.770401
161.716537,37.996433,49.880829,96.985840
161.069931,37.457626,49.725708,96.671516
156.889603,36.422413,49.490692,96.411255
154.002686,34.759335,48.831448,95.543503
151.869614,35.582767,49.042103,95.156143
146.261826,39.553104,50.675781,95.508347
141.231766,43.078869,51.035526,94.606544
136.095200,44.661095,52.227043,93.580795
133.394394,47.229408,51.497654,91.633530
126.504379,46.920113,53.849354,90.937790
124.110565,49.408195,51.540581,88.368668
123.698654,49.424503,51.657310,87.849426
120.057404,45.080086,52.163013,89.289078
120.383789,40.579704,51.759804,88.608322
121.121185,40.492649,51.743710,88.823174
123.133713,43.020683,49.978397,89.528435
125.230377,47.013927,49.231216,91.433685
128.544022,50.928493,48.290512,90.837402
135.138397,56.492870,48.066086,92.467949
140.007843,59.969402,48.302444,90.559425
146.841263,60.268162,48.320389,90.881546
150.408203,58.753384,46.917938,90.703979
157.368912,53.616886,47.868309,92.012245
164.720535,53.034569,45.932350,91.679634
168.217484,55.681751,45.699749,92.732864
172.420898,59.945396,46.539486,89.506554
172.991653,62.106159,47.035252,88.876633
173.364883,66.041237,48.235435,87.811806
168.092621,66.552254,49.540615,83.395973
162.776062,67.032707,53.119186,79.675278
159.695206,64.543297,52.674633,78.147301
159.300034,62.289204,51.159073,79.005081
159.267670,62.259556,51.532131,79.309288
157.609756,61.643932,51.173241,78.702942
155.724197,58.985268,50.673275,79.044479
156.089111,59.014919,50.331085,79.184013
155.196030,59.411587,50.465656,79.362358
154.141876,60.213177,50.332745,79.026184
150.167816,61.194225,50.975498,78.896919
146.221817,59.837841,50.960602,78.788223
144.482880,61.468365,49.975399,78.878807
144.341232,61.790981,49.835388,78.947281
144.813034,61.293846,49.029724,79.223915
144.374527,58.589878,49.730038,80.569862
143.726746,56.456676,53.234734,80.592865
145.433395,55.506001,51.984550,80.516998
148.092560,55.217056,52.539532,79.927475
153.308838,57.201427,51.899258,80.481049
159.565826,59.960461,51.020283,81.189079
162.621399,64.187256,51.389542,81.102158
164.280197,67.988564,52.046780,81.512863
167.075134,68.249168,53.329887,81.372902
169.519745,65.848389,52.166420,81.620102
172.021759,57.133331,54.825630,87.322052
170.978958,51.200775,56.331146,89.136818
170.775864,50.431980,56.929138,90.328293
171.214127,47.332142,60.314888,87.833435
168.941574,45.526917,62.345997,87.530907
168.507126,43.250957,63.719330,91.465805
167.061203,34.918076,67.673431,91.639725
168.179443,28.291639,72.988914,88.884178
171.904434,31.140375,72.094589,88.696198
172.934402,31.856588,74.355919,87.861618
174.489960,32.907230,76.571556,86.158180
176.184860,32.383953,77.661064,86.803543
176.268814,32.413712,77.960548,86.931007
175.556366,32.348412,77.778488,86.916161
173.442902,33.044651,78.417358,86.819099
171.814468,31.885887,78.363106,86.577240
168.268219,31.224333,79.703552,84.910576
163.834198,30.612644,79.750061,82.675255
160.073380,31.328650,78.701241,82.409492
159.890488,33.918270,79.102364,81.781395
156.657669,38.259560,78.755608,82.187683
153.503937,39.138454,78.313744,82.964752
153.140045,39.307175,77.884445,83.048317
149.254791,36.758984,76.934669,85.298355
147.622437,36.774441,73.384880,85.679573
148.786270,35.699612,71.093948,86.145851
149.525330,30.839106,73.527504,87.018021
147.150574,30.034710,68.001991,87.775398
153.596359,28.145632,69.396423,87.467766
158.164185,30.102282,67.392487,88.830132
159.492737,33.125748,68.269012,87.189194
162.646210,37.180901,66.957130,87.113327
164.059814,38.747887,65.359512,86.797813
166.889893,38.828987,64.326736,86.890831
170.865372,39.884037,60.776806,87.836510
171.625793,40.312691,60.072220,87.750717
171.153687,41.482597,59.921600,88.378937
169.371033,40.018154,57.597301,88.861984
169.855148,39.097618,56.780247,86.629242
166.973282,38.758472,57.288986,86.402130
165.898483,42.885059,55.690029,85.778854
165.403671,46.197723,54.208580,86.859482
162.223709,48.957733,56.464279,84.866241
161.059311,49.260048,56.355938,84.925560
152.892670,50.725742,58.638435,81.602501
149.795441,50.861290,56.856838,82.500015
149.287292,51.452740,55.170105,82.641136
141.802399,50.495575,57.814674,80.575340
142.122650,50.659298,53.784512,81.420074
140.173828,49.816853,55.378735,81.531502
139.590439,49.292419,52.224052,83.202042
138.754105,48.825409,52.135288,83.744682
139.053879,50.263802,51.514786,85.844032
139.802185,50.029255,52.594376,85.500160
143.395737,48.244240,52.790367,86.249542
146.656281,48.031345,55.354160,84.657150
152.723022,48.399734,55.066433,84.623589
155.692017,47.981762,57.665718,82.238968
161.915482,45.976898,54.555553,82.089111
163.755905,45.201122,53.745811,82.604973
167.720169,42.311989,53.558147,84.249977
169.349457,43.477703,51.939861,84.552422
170.554230,46.099445,51.200584,84.983444
171.498672,49.335556,50.439461,83.455811
171.994568,52.752613,49.555073,82.814354
170.752167,60.755199,48.974045,81.182991
169.842117,64.431473,46.926853,79.703911
169.718002,67.315445,45.273361,79.494102
162.823044,68.545303,46.800316,77.032402
159.046082,64.526993,45.717262,84.434235
159.286911,64.197540,45.865868,84.055161
154.938980,59.891735,46.111805,85.350143
153.560715,59.677719,45.434738,85.161514
148.449249,64.005478,45.659077,84.817947
147.083023,66.136169,44.601009,83.997597
146.545975,65.864098,44.624821,83.887177
143.249664,64.793602,44.642437,82.024948
142.555237,64.367134,44.199795,82.736427
140.929276,64.097916,44.604176,82.379623
139.177628,63.069115,45.183949,81.505035
135.869751,60.391159,47.478153,83.494507
133.999619,58.616642,48.984867,83.542740
132.744537,57.858170,47.525806,84.821136
129.444275,56.693031,47.810791,83.248512
