1
147.921417,47.631943,89.905586,104.022591
146.852051,47.979595,89.302444,104.806114
142.174835,49.032810,88.393906,104.700302
140.129822,49.222191,87.344467,105.407822
136.849350,48.076527,85.903694,107.038948
136.339890,46.102707,84.895065,109.885155
136.039536,44.955059,83.980659,109.749451
135.001572,42.552185,83.348602,110.199051
134.994080,42.632771,83.430244,110.456627
129.801483,40.137112,86.039192,110.217354
122.266510,36.770664,86.851799,112.511452
115.587967,37.143715,85.923676,112.306313
111.892067,36.922482,85.086838,113.260094
110.590919,34.797726,83.447449,115.098557
109.735352,33.908161,83.824471,115.123459
109.810219,34.022114,83.957314,115.408806
109.822395,34.086555,83.976128,115.392860
110.074524,34.187206,83.849716,115.539459
110.209305,35.312035,85.122658,115.317207
111.787491,37.160107,84.744057,116.108444
113.349411,39.625660,84.421303,116.245705
113.588951,40.277351,84.328842,116.445541
113.683609,40.487030,84.527855,116.343262
114.350731,42.102516,84.697197,116.407112
114.519920,42.253284,84.990631,116.421837
114.522621,42.292686,84.958023,116.449806
114.708252,41.444706,85.238930,117.594566
115.164146,40.882046,85.774452,116.953575
119.751007,34.713657,85.587608,116.077705
125.419205,32.356079,84.315605,115.110565
129.115463,28.579426,82.786072,116.952362
132.796707,26.488482,82.730789,116.753914
133.984512,26.001926,83.116653,116.869659
137.314209,26.571423,84.899918,116.624252
140.095032,29.404154,83.880753,116.411362
140.685257,29.995884,84.492668,115.645042
141.177689,29.479143,84.794067,117.117706
141.311676,29.471876,85.075592,117.369179
141.311798,29.286392,85.459229,117.408249
141.312820,29.315269,85.455086,117.434288
137.145386,27.760414,87.166595,118.887238
125.231911,28.796036,88.033699,119.258766
118.210907,30.939356,89.114983,120.125717
113.763016,33.258892,89.164101,120.009857
109.682465,34.325642,90.184509,119.491455
107.603920,35.214653,90.738434,119.266502
107.065590,35.683250,91.088165,119.337891
105.978317,36.105728,91.641396,119.160652
105.954788,36.255661,91.987885,119.486526
105.918121,36.086346,91.937523,119.587936
105.145233,36.232944,93.277573,118.621826
105.626427,35.749115,92.921501,120.611267
104.885010,35.646458,95.296432,120.592186
105.109177,35.978050,95.255508,121.159821
105.986191,34.573441,97.513062,125.413040
107.241714,39.165764,97.231812,122.593597
110.263306,39.645321,97.350349,122.431595
110.580864,39.538994,97.662132,123.072525
113.684990,35.497074,97.116226,132.830704
117.635307,31.667051,95.361023,137.120331
119.573898,30.868847,95.376274,137.153198
123.830170,32.784405,95.628151,132.644196
124.256302,32.740719,95.875359,132.954559
125.587013,32.551708,95.292953,133.589813
125.652275,32.900238,95.401901,134.136444
126.011925,34.932484,94.725075,132.125046
126.385513,36.659393,94.414833,129.298813
126.434700,36.755577,94.425354,129.446793
126.742210,37.325489,93.910805,128.972244
126.545151,38.207642,94.045860,127.442581
127.355438,38.143417,92.538574,127.608154
127.660866,37.622028,92.808075,127.133644
127.080231,38.421680,93.418144,126.545570
127.954803,39.586647,91.817200,127.447250
127.146683,43.452023,91.781235,126.823936
123.299690,44.900528,93.957428,125.309135
122.316895,45.791790,94.689377,124.760399
119.486458,48.516796,96.750221,123.174469
119.585228,48.671730,96.964859,123.447472
118.421455,47.108719,96.879707,126.871727
117.840027,46.766968,96.320915,127.137489
113.785278,44.214066,99.652611,128.497559
114.943359,42.276161,96.728073,131.769897
115.103981,42.329708,96.719292,131.927048
114.303619,42.562389,97.505898,132.658157
115.824188,44.693169,95.064453,132.943497
116.027100,44.904133,95.461769,132.782806
116.824753,48.725471,95.707413,133.324524
118.240501,52.014782,95.634979,132.420868
116.417549,55.185215,100.843307,128.495468
116.136002,54.411098,101.052711,128.803146
120.123253,52.910877,99.600822,128.565125
126.242554,50.799965,95.740211,127.611465
128.620651,49.259552,96.547615,123.564377
135.156296,46.929710,90.687416,123.915779
137.071213,47.480721,89.540688,124.677750
137.568954,47.701389,89.759933,124.904030
139.227707,47.199871,89.932564,124.191185
145.971939,46.662830,85.511749,123.644234
146.616226,46.723236,85.384384,123.770805
147.328629,46.475563,85.292976,123.307976
147.709991,46.824570,84.967552,122.920898
147.716171,46.642002,84.933121,122.614983
147.616104,47.270538,84.234818,121.678612
145.507187,47.410133,83.950569,118.382507
144.256927,44.648899,83.294571,122.609192
138.229218,46.325485,83.419922,121.728790
135.290680,51.240974,84.261444,118.584488
133.441528,53.169243,83.784950,117.932678
131.343018,52.301952,83.014153,120.990997
128.870850,55.622028,83.236618,119.295609
126.358719,51.803928,80.920311,124.379234
126.299141,52.559219,80.581505,123.194290
126.198257,52.216972,81.130791,120.311501
126.263245,51.285793,81.209244,121.138603
126.444122,51.550739,81.330963,121.033081
126.496597,51.672527,81.450562,121.425186
126.275970,51.059525,81.335602,121.925201
126.607391,52.574890,81.423401,120.825912
126.525536,54.036163,81.499557,119.387756
126.653717,53.987228,81.429573,119.599625
127.313400,54.173901,81.425468,119.955765
129.643768,54.825741,81.448364,118.220657
131.974747,53.842968,80.083870,120.372650
135.258530,54.041843,80.244019,117.849960
138.303757,54.753017,80.817406,114.519051
142.723206,53.711834,80.249641,114.942436
145.522873,53.285313,80.910248,113.874336
147.606186,54.063808,79.695724,113.877495
147.773621,54.601158,80.132492,113.647232
148.556824,55.594246,79.988686,113.384583
148.928604,55.688354,79.976288,113.032501
149.268539,55.588737,79.827805,113.363525
149.334259,55.563801,79.988800,113.377884
148.342209,52.891865,78.221817,113.676903
147.553619,52.681648,77.157806,111.435944
147.026581,50.867931,79.429070,103.458870
148.143723,47.206951,77.524506,103.808022
147.849091,46.372139,77.611809,104.545540
146.036026,47.540314,78.240257,101.879555
142.619888,51.133118,76.944725,100.552628
142.312164,48.623981,76.140381,102.682663
140.979752,50.660995,76.111900,102.164566
139.839645,54.209484,74.000267,100.176628
137.653595,53.947182,72.916641,100.736542
137.836929,43.766251,70.329262,106.189262
138.860779,38.480503,67.091965,108.947258
137.293945,33.775223,64.095070,110.069496
135.909622,35.580559,65.518021,105.516182
136.101959,35.626621,65.920479,105.727699
134.748337,35.781368,65.665146,105.480011
135.223282,35.876934,65.799622,104.830261
135.593430,36.841927,65.111557,104.608711
135.163147,45.076374,65.811508,99.981735
136.349579,48.251385,65.861664,96.733459
138.337372,52.145920,64.568054,94.122604
138.894730,52.270214,64.704742,94.297516
142.599915,50.244408,63.651875,95.150337
143.155609,47.546005,63.445229,94.921196
143.450928,45.257465,62.985035,94.405190
145.544464,42.320091,61.591045,94.861816
146.409088,36.153786,61.068584,93.712349
147.004333,35.712543,61.237881,93.727104
144.771347,35.646481,61.481567,93.868362
143.347107,37.147137,60.952694,94.054283
142.269211,37.861496,60.605240,95.633560
141.872543,39.288181,61.308651,94.850800
140.197220,46.673382,61.074589,94.231079
139.919327,48.273373,62.347927,93.109276
140.208160,48.858959,62.702377,93.231232
140.055420,49.363476,63.186317,92.802826
138.844254,44.839603,63.002064,93.339806
139.374481,42.528843,63.672203,92.490044
138.692795,35.461971,63.969414,94.627754
138.369263,33.968014,63.879986,93.774681
138.444519,33.960529,63.894276,93.948006
137.794846,34.432465,63.504105,93.664375
137.239883,37.404274,69.034454,89.758041
138.277695,38.385784,68.847328,89.713203
139.201584,38.947681,69.369827,88.271866
139.180161,40.372772,66.376137,88.877945
138.744370,46.652645,66.048172,87.003448
133.104538,51.348598,67.208282,82.892319
131.353760,54.690796,65.760162,80.580208
127.562004,55.897301,66.650009,80.484505
123.791298,55.476376,62.263092,79.750107
123.504723,54.839207,62.197060,79.364662
121.202049,54.647079,60.949162,79.206680
118.473228,52.790695,59.259880,78.582886
116.298729,54.791313,58.129246,77.833694
116.538361,54.534447,58.115547,77.887817
117.042198,54.619335,57.988083,77.769615
117.871193,53.393291,57.287491,78.198906
121.919167,49.870007,56.841709,81.653610
126.520050,42.614269,55.235218,87.746529
132.476639,39.709682,54.523312,87.997025
134.418045,33.080326,52.732788,96.513718
134.140457,32.564251,54.089874,88.617676
134.627762,30.313740,63.262493,90.574081
143.170624,33.161083,58.558979,93.740639
144.939316,37.819954,59.409222,94.382843
149.935410,36.411564,58.995583,94.482056
156.580673,38.681507,56.395935,95.221664
157.626831,40.010487,56.661823,93.275055
159.770981,40.397449,56.674721,92.426033
160.220856,40.791103,56.809200,92.253464
161.360443,42.979671,56.721222,92.263229
164.923264,48.622475,55.565830,92.169701
167.803833,51.310345,54.199642,92.719795
169.557404,54.994869,54.634472,92.393356
170.491135,55.217342,54.217865,91.934952
170.574463,55.181156,54.430752,91.819946
167.361649,55.708691,55.476173,93.207619
162.273010,53.216888,55.650845,92.765968
158.899292,55.869282,55.786789,94.235619
152.905197,55.046303,59.191837,94.544685
149.134521,53.555992,58.731800,96.294426
144.035797,53.455891,58.620251,97.618111
144.083649,52.176132,57.950165,97.956627
139.332550,51.764473,60.656273,96.230164
138.422150,50.911755,60.328053,96.493126
137.965790,50.801117,61.221500,98.965370
138.833389,53.773869,62.215996,100.616478
140.893860,55.070656,62.814095,100.639122
145.466080,57.514706,64.035522,102.487320
149.581284,58.554523,64.112434,99.798637
155.042297,56.529057,64.277718,100.238159
160.709381,57.231674,64.006508,101.371582
165.945053,56.620804,64.054962,99.924362
169.572174,57.374416,63.481609,100.573723
171.339630,54.646721,64.581207,101.719078
172.677124,55.228897,64.708031,101.945595
174.254318,55.649769,65.065109,101.750046
174.426010,58.335590,66.487350,101.583923
173.241196,60.475174,66.260124,101.442398
172.467743,61.807606,65.739105,100.940269
170.347672,64.418587,64.763664,100.016228
169.675018,64.593193,64.672791,100.166107
168.995880,64.235718,64.079857,101.899612
168.997864,63.078953,64.264671,101.478035
169.086365,64.153908,64.036880,100.478722
167.873154,62.331085,64.865311,99.115616
170.157272,62.135368,64.252106,99.598389
171.393402,62.186867,64.009041,99.886940
172.607483,60.579998,64.986115,100.488091
176.776154,60.763580,64.190132,101.503883
177.182846,61.119598,64.005524,103.680527
177.420273,61.278996,64.452789,103.988701
177.609711,61.789955,64.348679,104.009605
177.662704,62.102081,64.452950,104.453011
173.698257,62.976517,65.058662,103.836723
171.054214,59.758297,63.118553,104.388733
171.026489,59.212910,63.597698,103.922478
168.007584,53.977512,61.969738,105.731590
167.102646,50.393581,61.906666,106.982513
165.842575,48.292423,61.296844,106.443260
165.884094,47.908195,61.325905,106.323372
165.948029,47.972946,61.459064,106.464729
166.134293,46.666195,60.949100,114.023720
165.263107,51.486530,61.515915,114.289474
165.126038,56.837074,62.070789,114.089661
166.791595,59.946411,62.460293,113.718216
168.859497,61.747635,63.200207,113.528946
169.863693,59.781879,64.123573,116.119194
172.862656,53.027218,65.070351,118.291718
173.225891,49.594578,65.885406,118.070404
173.941864,46.104286,67.345757,116.815353
174.239212,44.256512,67.331879,117.156723
174.260361,43.115955,67.396355,117.396400
173.823425,41.638699,67.227791,117.086113
172.679672,41.378372,66.867661,117.820488
171.766876,41.583496,66.609077,118.282593
171.800980,41.701134,66.502945,118.746071
171.727280,41.892414,66.812065,118.860664
165.178726,42.592476,67.239174,117.451859
157.517929,42.221470,67.400818,118.152267
151.008957,41.700584,66.663513,117.743233
148.325607,41.869724,65.513855,117.962463
141.418686,39.448086,65.197159,114.902016
134.215393,39.942791,64.563080,110.952126
131.328232,39.908939,63.213978,110.422150
128.058014,38.384483,61.369091,110.052498
127.951538,39.493393,61.153847,110.513939
125.354851,42.168678,60.913406,110.291794
125.355598,49.238216,60.739292,108.979973
125.982437,56.942871,60.646542,105.500572
126.123566,58.930153,61.390190,103.816925
127.133705,58.630756,62.047737,104.134499
133.235229,59.434891,64.718826,105.350098
140.933090,58.269176,62.579895,108.002525
143.654343,55.572968,69.530647,108.428223
153.313400,55.361549,68.131256,107.386559
154.683670,54.766624,66.947525,107.840492
154.582321,54.687820,66.781746,107.928574
149.827896,53.003975,66.676277,106.935936
145.668015,52.235683,66.542305,105.627609
138.999924,51.022526,66.831383,105.827087
133.023300,52.493126,67.320915,105.380997
121.495888,55.275867,70.628952,102.645309
114.805817,54.440655,69.678001,103.499336
108.169365,51.402061,68.574783,104.010590
101.771942,46.139763,68.744514,106.918915
95.527489,39.105835,68.593712,106.716492
91.552689,33.455864,67.016212,107.607536
91.579941,33.551838,66.821037,107.893372
90.438225,34.112701,66.332787,107.674484
89.689743,39.212505,65.367668,107.580673
88.238686,43.788704,65.198288,108.144089
86.270042,48.498322,64.897690,107.074074
83.303970,52.939613,64.698708,106.974281
76.837486,56.570564,65.807465,103.479469
70.789604,57.907520,64.691963,102.573997
64.474205,57.953526,64.218460,101.907845
60.780006,53.733364,61.745640,100.653770
61.477867,49.477615,61.481995,101.700409
61.842766,47.632664,60.575752,101.417458
65.835213,46.281151,60.621628,102.240608
71.207222,45.421543,60.209671,103.706497
76.865608,48.565746,58.733070,104.593811
79.488556,51.153282,57.063042,104.611122
80.815643,54.429367,56.637409,102.474037
86.572433,58.580799,56.459530,98.672455
90.536179,62.252842,55.296833,97.903969
95.191055,63.385979,54.951229,96.667519
102.010391,60.324516,54.444054,97.258926
106.697746,56.805759,53.308186,98.459404
109.133858,47.852200,55.183598,100.197609
116.826973,41.358971,59.092529,100.396942
124.808685,36.236881,58.483204,99.553200
133.105606,32.219032,57.938026,103.048462
139.238739,37.025738,58.801258,103.859367
139.188492,37.897354,58.803173,104.430504
140.651825,39.611397,59.238243,103.622063
142.125626,41.580719,59.957695,103.160583
143.899078,44.565437,60.991207,103.865242
143.763458,44.673626,61.061058,103.941620
143.855438,45.186443,61.452698,103.654930
144.271683,45.296619,61.513756,103.987366
144.635742,45.399151,62.021187,103.860626
144.890030,45.387959,62.504486,103.934746
146.112442,45.134705,62.642548,103.938835
146.393448,44.938099,63.020161,104.025635
146.620880,45.169170,63.500538,104.495064
146.817734,45.292458,63.913689,104.406158
146.754791,45.192291,64.028778,104.555374
146.682678,44.881668,64.523193,104.977547
146.183960,44.209278,64.985931,105.142075
145.992691,43.776905,65.048744,105.385208
145.747452,39.705189,65.589897,106.357613
147.856674,32.523479,66.993462,106.018410
151.662064,28.291780,69.220787,105.944435
152.566284,28.510796,68.920349,105.546768
154.876633,36.113003,66.863029,108.219513
154.404617,36.420982,66.944298,109.133690
151.939087,41.240238,67.331055,109.612717
152.889557,44.677681,66.991646,111.010597
151.289581,44.469055,67.007889,110.162445
147.238922,40.963928,67.661514,108.949722
145.409286,35.577808,67.253799,109.781586
152.131760,29.773468,67.305275,109.704384
157.989258,26.589724,66.971481,107.300209
162.063568,27.178970,65.226784,107.076424
161.366104,28.962786,64.761841,108.148949
162.427444,31.021315,62.447800,108.405014
158.061752,32.359531,61.478771,107.214684
150.545990,36.053600,61.368423,106.008659
145.444595,36.452053,59.084396,104.937759
135.086090,39.332375,65.339073,101.868423
130.468063,33.812134,61.806995,100.732079
128.949814,31.383406,58.388283,100.471817
126.850174,27.550722,57.121376,97.759758
131.982483,27.402740,55.934864,97.138916
132.823532,28.382868,54.545170,97.978638
132.425278,31.815842,54.674801,96.637772
132.639038,34.774605,54.520306,97.140541
132.661514,37.216599,54.642895,97.246315
130.753265,37.810604,54.530529,98.131676
127.583466,40.365494,54.692265,97.834084
125.165436,40.692131,54.527248,97.808517
122.257133,37.903069,53.969906,100.362366
125.145462,34.036385,56.373417,101.318214
130.274353,32.348881,54.667694,103.046394
130.080109,31.064789,62.887184,102.050529
139.421982,33.509781,61.780888,104.045105
144.753830,34.728168,58.370846,105.781563
149.797379,35.372601,62.295391,106.258064
157.630463,32.833385,61.259922,107.305206
161.949509,31.770504,60.219559,107.504318
167.181885,29.750299,59.356552,108.968361
168.105362,27.855526,59.281040,109.937653
169.035522,26.689293,59.261646,109.776321
169.239029,25.763523,58.865337,109.042778
170.429138,21.777336,58.699852,109.060432
170.078247,20.306784,58.650452,107.104012
168.451843,19.769430,58.561554,106.042107
168.056915,19.549868,58.686272,105.861298
169.104172,21.720945,58.779087,105.710037
164.502487,28.922329,62.175587,101.274681
163.211853,36.997246,60.779896,97.614227
157.739334,41.959991,62.012611,97.718124
150.581879,40.526257,62.175976,95.841835
145.581375,35.859093,62.341297,94.475853
147.157745,33.161762,61.580215,90.219971
152.819962,25.590897,61.434929,87.476929
156.088760,24.933270,61.651669,87.665085
157.175949,25.753847,61.613586,86.156326
156.403503,30.232519,61.343185,89.036453
157.007950,32.999821,61.223259,86.141853
158.243164,34.779659,61.095634,86.473595
159.240280,37.925129,60.511841,86.382950
160.969193,41.791874,60.183083,85.740929
160.722183,44.565056,60.478207,84.758652
162.908478,45.163357,59.596573,84.548546
163.601639,39.841484,59.570412,84.045158
163.806091,39.151844,59.825737,83.460190
171.569778,39.358627,58.438210,83.984962
172.489273,42.883656,56.981117,82.110023
170.488983,46.980938,56.471043,80.630127
167.106018,50.221333,56.601028,78.071320
163.115158,53.668198,56.836872,75.615662
157.990158,56.201210,56.425468,73.965126
157.261368,55.741249,54.431858,74.592873
156.095139,55.016582,54.726307,74.216888
153.465515,52.222504,53.550159,74.912971
149.184326,50.204117,55.495457,72.593948
144.663101,48.404850,54.783268,71.488747
141.812424,46.647137,55.568806,69.463287
138.600952,36.152775,55.007488,77.332237
137.979111,33.514030,55.030872,74.242332
135.120865,33.042274,55.265930,72.984940
134.260666,39.577866,54.587894,73.920113
135.119598,41.105534,54.175045,73.603760
134.881760,42.871281,54.941990,72.865440
132.809906,47.455700,55.692936,71.803604
134.158600,49.654572,52.946465,73.348991
133.400162,49.781212,52.814053,73.694061
133.452744,51.846817,52.732281,74.270912
133.610687,51.350296,53.953831,74.394928
137.662903,51.051319,56.424240,74.322205
140.488098,51.297104,57.085476,74.602592
145.436432,53.704506,61.027016,74.482483
155.530334,52.049381,60.020866,73.865929
159.223709,53.065849,58.886337,71.812775
159.816406,53.772713,58.395466,72.136192
159.569107,54.367615,57.410091,72.451675
159.568008,53.935196,57.488144,72.882111
166.785110,51.039429,55.972126,74.770103
165.326736,50.404572,55.193615,74.934814
165.547043,50.612881,54.280945,74.174194
155.932587,49.572952,60.207382,70.259293
153.085800,45.109066,53.513500,72.548965
155.374390,44.924732,53.472485,71.259789
155.615005,48.370674,52.630688,70.585884
155.569199,48.862411,52.911934,70.792625
153.869553,51.940372,54.334465,68.363281
154.043427,54.291424,53.819023,67.125809
158.579163,56.783688,54.205769,66.628540
160.548782,59.226425,54.413460,66.464020
160.993500,59.831882,54.341175,66.185181
161.717133,60.557579,54.468834,65.926285
163.043106,61.490799,54.413811,65.388397
163.275696,62.062454,53.837902,64.993645
164.794968,62.626896,52.171116,63.988274
164.220932,62.565784,51.304806,63.204247
161.635010,63.356544,50.722553,62.065529
158.825974,63.438107,48.114243,61.419567
156.770615,62.333790,45.814869,60.039223
155.496948,61.951389,45.096478,58.614498
150.488007,62.824577,44.715782,54.621677
147.057007,62.017513,41.569004,53.718361
145.349655,61.707607,41.475140,53.551628
143.346985,61.854469,40.171612,52.709232
142.421143,62.038975,40.192963,52.909374
139.373550,60.798271,40.441219,50.503956
137.319412,62.411880,40.926346,50.139904
138.959137,57.218327,43.099461,48.942459
140.577713,56.000896,44.797287,50.498604
141.016220,54.107731,45.714661,48.543022
141.605270,52.714348,46.682522,47.788975
142.866837,52.306343,48.835743,47.491531
142.812271,51.335236,50.255470,47.484383
141.348557,51.538857,52.836731,46.587349
136.396927,51.631737,54.073784,46.445408
136.256485,50.153885,55.127277,46.169167
136.653107,46.956448,54.486416,47.323845
137.232544,46.679672,54.774097,47.177677
136.341583,41.903446,56.902351,47.117954
136.845886,40.482979,58.186386,47.654591
134.599228,39.859013,61.371304,48.417778
140.029510,38.009399,60.020050,52.515312
138.148056,34.616932,64.991348,48.927349
137.533905,31.809334,64.943817,49.408165
131.524384,27.050758,59.842331,52.528294
131.288177,27.199617,60.044975,52.941929
128.740097,28.246092,62.666145,52.523754
122.593048,28.860275,61.888142,54.304447
122.195145,30.553205,62.539829,54.914280
117.016357,26.412811,62.924530,56.447430
119.464767,26.362095,63.818741,56.548717
120.317291,22.640818,64.771309,55.251301
127.289993,19.573233,66.909698,57.690422
129.531998,17.550812,67.829399,58.535671
132.627228,15.036996,75.384407,55.679131
139.347672,13.753949,73.911606,55.818558
142.438293,14.487025,73.590355,56.863533
143.169479,15.055325,73.069626,57.266953
146.542603,14.578995,78.829536,56.493050
150.306946,14.314399,75.780029,57.404434
149.859787,10.420346,73.807106,59.645386
150.440414,9.912357,73.563148,59.825485
151.224747,9.559193,78.260826,58.996998
155.916092,10.489367,72.965927,59.800858
154.070129,11.947510,69.469971,66.005440
153.512833,14.049039,69.894119,65.882782
151.768311,18.862940,70.222076,65.051498
144.205688,20.957689,72.913063,65.722687
137.141510,25.659508,71.812401,67.347229
127.840599,29.662256,75.064255,68.781593
122.525368,29.661207,70.348625,69.951576
124.342720,30.732714,68.278740,70.210152
123.691902,31.072128,66.971977,72.242424
123.445244,31.238096,65.721672,72.117729
128.009613,35.406055,63.850433,72.693558
131.638229,40.238796,60.588524,72.919762
133.055740,42.387573,59.827000,74.011848
137.395416,44.700726,59.157455,75.327965
140.508972,46.991734,57.106621,77.362953
144.067841,50.617889,57.494431,79.157196
149.260788,53.210320,56.330360,80.252495
151.340317,53.481529,55.482395,80.514481
156.359634,52.433899,54.880577,82.047173
157.153992,51.228275,53.792576,83.989014
157.306366,50.937588,53.769131,83.725151
157.719589,49.862213,53.955074,85.360641
159.198761,49.993336,53.877670,86.747704
160.958389,52.927929,53.376232,89.050926
160.468643,51.564480,53.526978,90.289650
159.465607,48.733494,54.170750,91.206657
156.534592,44.781334,54.434315,93.823166
154.627365,35.168751,54.397419,96.354317
155.235519,31.655214,54.376717,96.282448
153.474442,26.121668,54.884239,96.690308
148.132675,19.654526,56.717655,90.795486
149.398560,20.448416,56.084637,91.002823
139.562592,21.240091,62.342197,92.457817
132.654648,26.269699,66.316353,85.832626
131.431808,24.371622,65.335304,85.895081
133.012344,25.285696,63.009750,85.569992
133.800491,25.542168,62.350853,86.045052
133.574219,26.315195,61.441364,86.199005
132.723999,26.577240,60.914684,85.921577
133.064774,27.452801,56.707088,86.133446
133.375137,27.257807,56.928402,86.600113
137.736145,26.693308,53.516792,86.220665
138.122559,28.150217,54.170883,86.172882
139.436066,33.363407,53.609043,86.605713
139.988113,37.589245,53.599915,86.717834
140.621460,39.418015,53.279514,86.623352
141.473160,41.276875,53.035126,86.065491
140.004379,41.374905,53.349739,87.761192
140.281662,35.727444,52.653431,96.095604
140.365524,25.795748,53.239098,95.824287
147.020477,17.819601,54.118561,94.074379
148.725189,21.088295,54.195526,95.504234
149.741333,26.367863,53.909702,95.968231
150.083221,28.482176,53.507111,95.017479
149.939606,32.631184,53.399139,94.971230
149.808014,34.011055,53.194305,93.458824
149.561142,34.603378,53.476871,93.058136
148.753677,35.464191,53.356064,91.949341
147.521591,35.124004,53.418709,91.860184
147.479080,35.335777,53.267738,91.457138
147.402939,35.637428,52.051399,91.214104
141.190277,36.446144,52.304211,91.154831
138.328888,38.231483,48.961246,90.603455
138.113724,38.579796,47.639732,90.286850
131.314224,41.362289,48.986412,90.754730
126.115372,42.668423,49.001102,86.593987
121.809059,42.073181,48.223644,85.561668
115.630882,41.261440,49.825432,83.943802
112.745071,40.243145,48.533878,84.001808
116.784454,38.954315,48.522350,85.409187
119.593994,36.457180,46.852505,87.559334
120.513382,32.124889,46.879967,87.705696
125.056870,31.066114,48.166920,88.572350
128.081894,36.249416,47.223801,91.706543
129.258560,38.765064,47.363285,91.611633
133.788162,44.842602,47.934517,90.781296
140.125900,45.543480,49.009617,90.726982
147.267761,42.901299,49.022148,90.990097
151.953812,36.639763,47.402576,94.285133
153.916351,34.299892,46.912502,92.542328
155.425461,32.649452,47.703068,89.158829
156.142670,31.466848,48.251762,88.376953
157.680939,31.187933,48.662090,87.288155
158.893082,31.381323,48.773029,87.088608
159.519241,31.782242,49.073570,86.691025
160.160324,31.897470,49.475807,86.753304
160.314011,34.069675,49.261833,86.291664
154.912689,39.123837,53.715923,80.269844
154.619003,39.615734,52.832344,80.288345
154.627182,39.573380,52.731255,81.098869
149.880707,40.150848,51.366150,83.589622
149.431763,40.047489,51.416252,84.179703
148.054230,39.609303,50.518185,85.168236
148.309875,39.017773,50.911377,85.991776
147.458618,36.981716,52.132992,85.688385
147.649902,36.746197,52.429619,86.164787
147.581177,36.909645,52.424564,86.440651
148.655380,37.127312,52.422455,86.914581
152.460495,37.676395,51.838108,86.941269
152.524780,37.772102,51.885788,86.948387
152.496979,38.045006,51.666553,87.033691
153.502686,38.315498,51.671455,87.548752
151.816986,39.315403,52.744503,88.185654
148.466537,42.871952,51.986473,89.409203
148.144577,46.447617,50.979939,89.783730
148.672836,48.839184,50.550106,91.120972
148.779236,52.375828,49.961315,93.117645
145.744980,55.845829,49.775562,92.378410
142.811493,55.774139,49.466454,92.184692
142.681686,55.651333,49.473766,92.697090
145.134094,53.758842,49.512413,93.587204
143.531937,51.167690,49.371258,94.541153
144.279800,48.411648,49.500618,94.134895
147.219330,47.331539,49.924370,93.612122
147.834625,47.225578,50.342537,93.776314
151.969589,47.654358,50.408623,94.106964
155.291946,47.562580,50.084438,94.470055
155.615677,47.660465,50.438034,94.373489
158.453934,47.409622,50.179829,94.626381
160.000977,44.857292,50.124897,96.126923
161.333542,37.633564,50.630779,97.225632
160.091003,36.886539,50.631393,97.049637
156.291718,35.457802,50.283394,97.423416
153.553650,33.677643,49.400768,96.438217
151.384277,35.009064,49.294830,95.645264
146.298111,40.065857,50.108677,96.139244
140.285477,43.319092,51.568138,93.635063
136.144424,44.673523,52.348545,92.141251
133.338150,47.128128,51.567123,91.519836
126.429382,47.227737,54.034279,90.789490
124.062584,49.595875,52.057587,88.675316
123.217133,49.540005,52.065937,88.074776
119.175423,43.673084,52.344654,90.830315
119.567139,38.641369,51.639652,90.167580
120.874443,38.750893,51.779232,90.055367
123.836327,41.210789,49.701027,91.252609
126.426071,44.937313,49.114182,93.098953
128.991974,48.915798,48.745510,92.949142
135.328842,54.380493,48.610584,93.991196
139.738678,59.085419,48.356586,91.940086
146.550110,59.316353,48.276955,91.540131
150.299301,58.134823,46.781738,91.488434
157.408340,52.526958,47.574013,93.082794
164.726868,53.799816,46.237991,92.341347
167.542313,57.074596,46.162762,92.438217
171.481186,61.269993,46.560772,88.760117
173.124832,64.634544,47.132607,86.717972
173.998352,66.100891,47.710934,86.650810
169.023560,67.763649,49.123333,81.624596
164.106674,68.276161,50.975853,78.211555
161.023468,64.951096,50.366322,75.511940
160.871368,62.620903,49.177872,77.191711
159.486847,62.638931,49.915020,76.353767
158.023651,62.392872,49.569756,75.183075
158.186172,61.479965,49.244732,75.692329
158.377335,60.418839,49.027874,75.372009
156.781143,61.265133,49.936546,74.606735
154.919586,61.667427,49.978603,74.586433
149.774872,62.096027,50.855335,74.592766
144.969376,61.687611,51.419842,75.295235
143.920380,62.580143,50.839298,75.582298
143.925705,63.795902,50.676918,76.037064
144.721832,62.742687,49.089008,78.004852
144.372131,60.354698,49.305637,78.798897
144.128967,58.520073,52.421055,79.145027
145.271286,58.199814,52.074898,79.339836
147.868301,57.835293,54.845692,77.615585
153.005096,59.195488,52.739544,77.838860
159.225403,61.119282,51.833019,78.582413
162.433487,65.956299,51.985554,78.387932
162.906021,67.315231,52.374756,79.146225
167.047775,67.576889,52.744991,79.494331
169.246323,67.167114,51.932247,80.043526
171.989502,60.332237,53.635956,84.416679
172.546173,54.287971,54.118786,85.902428
172.572098,53.856804,54.684357,86.017090
171.481583,50.541492,59.123863,83.824150
169.066147,49.415318,61.445408,83.439453
168.215042,44.449329,63.748013,86.884613
165.959381,37.120632,68.514648,87.813835
170.395691,29.107523,71.021713,85.424545
174.016220,32.297161,70.236298,85.603050
174.018356,33.545315,72.932434,85.652878
174.888229,34.028023,75.329018,85.270363
177.485184,33.880554,77.401718,85.422630
176.882339,33.658699,78.003670,85.080818
175.251923,33.458458,77.967751,85.653992
172.245621,33.964375,78.628586,85.629669
168.996170,33.124123,78.368477,85.770157
164.997223,33.060513,78.513611,85.270035
161.158646,35.012020,77.545654,84.840668
161.003693,35.430664,75.353813,84.743050
160.604492,35.928020,75.565910,84.737831
158.339569,39.528873,76.221481,84.749092
153.492996,40.625740,76.113220,85.770966
153.437866,40.741276,76.119263,86.397964
150.869507,38.348961,75.298164,86.856689
150.700775,37.152039,68.080902,88.691963
150.810867,35.080658,68.055519,88.476425
150.174774,30.028456,72.332031,88.805717
145.432968,29.847038,67.535034,89.210396
155.262329,29.124996,66.995972,90.243721
157.663300,30.910370,65.075241,90.633629
160.074005,33.235817,65.118568,90.646904
163.728455,36.809807,62.189503,91.394958
165.078125,37.559971,61.435814,91.426407
168.445175,38.029358,61.373302,91.056870
172.037308,39.329117,59.083347,91.920174
172.669235,39.803322,58.721981,91.805580
169.951996,40.321342,58.559006,92.031487
170.549988,40.051414,56.085430,92.116615
170.791443,39.739330,55.836002,90.865280
167.980118,39.949394,56.644604,89.115875
165.811386,43.991505,55.249817,88.298920
165.015076,47.276421,52.772976,89.019600
163.459015,49.347572,52.658108,88.632973
160.442337,51.197239,53.058846,88.030563
153.251038,53.345184,55.359829,85.608475
148.977432,52.986580,54.377239,85.838150
148.837570,52.582718,53.899532,86.300652
142.827759,51.479824,57.141613,85.272995
141.814102,50.030411,54.945847,85.125771
140.316864,48.576305,56.298275,84.602791
138.488281,48.046940,54.191650,85.334488
137.249969,47.433094,54.042614,85.305527
137.824905,48.671955,53.942982,86.092377
138.731461,48.460461,54.628971,85.332542
143.826050,47.748306,54.704136,85.459343
146.617523,47.523224,56.795544,84.022270
150.862152,47.344166,56.348473,82.246506
155.971176,46.560680,57.715710,81.197334
160.207397,46.128433,55.286411,80.820702
161.578644,45.120949,54.564827,81.183159
165.832947,42.688515,54.749130,81.791710
167.428741,44.663151,53.829468,81.211098
169.789917,46.983326,53.092415,82.415825
169.494019,49.443558,53.326046,80.290764
169.792725,52.551273,52.793682,80.039879
168.343750,58.902039,52.474976,77.501930
167.584396,61.918262,50.589180,76.899597
166.669006,65.522369,50.035522,76.440765
162.654114,67.666122,50.901100,74.001427
158.066116,65.505814,49.623653,76.676979
158.150009,64.172493,49.239460,77.058563
153.439896,61.177292,49.615639,78.766655
152.510529,61.314774,48.725983,78.801445
147.621231,66.096817,48.090614,77.645325
146.094696,67.502319,46.948734,77.491898
146.233948,68.161667,45.976307,77.131226
143.134003,66.869804,45.533436,77.179482
141.767426,66.467766,44.963387,77.690819
141.425003,66.392464,44.686584,78.105148
138.133728,64.785309,45.643631,77.615791
136.339493,62.617958,47.181549,80.253960
134.092545,58.814800,49.431068,80.810417
132.391861,58.235611,47.526241,81.903191
129.671768,57.053371,47.507614,81.365448
