1
146.788651,56.882118,79.461128,102.197281
146.292969,56.380665,80.454903,102.083397
144.678970,55.952194,80.087067,102.411415
143.902298,55.687077,80.153267,102.395622
140.923248,52.444553,79.861000,105.789421
139.365860,49.511986,79.782104,106.581657
137.770493,46.715336,79.601593,106.820755
136.516296,43.099850,79.319427,107.171196
136.468323,43.112267,79.450439,107.394600
132.096878,40.417850,81.194839,106.842560
124.622536,37.784306,81.025612,108.714828
116.027496,38.896755,82.214333,109.209816
113.887680,38.533783,81.780846,110.834808
112.890617,36.785404,80.452553,111.626701
110.927582,36.102283,81.784103,111.304314
111.012360,36.169369,81.967354,111.405144
110.949051,36.161755,82.219223,111.233124
111.573235,36.377914,82.038498,111.635429
111.680969,37.092422,83.711563,111.513290
114.234367,39.067940,82.751740,112.765366
115.456436,43.642822,82.120682,113.657120
115.904617,44.536407,82.208748,113.823700
116.051254,44.636292,82.475594,113.944702
116.387978,45.314537,82.309288,113.883583
116.526260,45.518009,82.504364,113.912086
116.766052,45.549950,82.969536,113.983482
117.003166,45.117035,83.005409,114.349327
117.429848,43.945000,84.070702,113.230225
122.537582,37.293652,84.560661,111.118759
126.518929,34.225849,83.179237,110.645752
130.408890,30.139553,82.517662,111.946022
133.703918,28.324400,82.005119,112.617966
135.201218,27.391455,82.922096,112.649521
138.102814,27.535021,84.001884,112.851112
140.884567,29.702400,84.210487,112.959892
141.601990,30.066320,84.957184,112.793983
141.874252,29.971720,85.173752,113.259109
142.041977,30.079939,85.460693,113.446678
141.810974,29.748196,85.497375,113.391724
141.006790,28.939407,85.636879,113.393082
137.109665,27.251780,87.196823,115.388611
126.119598,29.949648,87.680412,115.484909
119.449921,31.984592,87.820824,116.004562
114.385017,34.299484,88.486473,114.654549
111.853241,34.902050,88.693695,114.431252
109.734749,35.539509,88.160477,115.053467
108.783150,36.411743,88.345573,115.347771
107.774200,37.201015,88.717422,115.165512
107.595779,37.270576,88.970139,115.525436
107.537758,37.416279,88.968300,115.926605
107.390610,37.007202,89.424477,115.071320
107.487335,37.122791,89.377838,115.502632
107.655983,36.998371,90.042793,116.440361
107.872314,37.025414,90.460541,116.452278
108.664345,35.909275,91.330170,119.862831
111.584976,37.572178,90.252632,120.841995
112.997650,39.193199,91.779144,119.871208
113.612000,39.421928,92.270844,120.367996
114.597015,38.904518,92.469505,121.316330
116.061188,38.668888,92.301682,121.712555
124.598633,36.914913,90.705704,123.742836
129.126419,35.523678,90.234299,123.136269
129.299301,35.555405,90.447517,123.449799
133.029007,36.275932,87.734634,124.621948
133.027908,36.502354,87.964401,124.969849
132.363052,41.638527,87.582375,119.848892
132.561508,41.626774,87.967270,119.869850
132.193329,42.697544,87.837456,118.738243
132.206467,43.347878,87.814217,118.391411
131.723267,43.750984,88.491310,117.569038
132.057999,43.404720,86.776649,118.686462
132.365997,42.731487,86.877403,117.748421
132.341049,42.828789,86.934410,117.990181
132.419266,42.809093,86.882729,118.678482
131.884277,46.667194,86.084000,117.780266
124.776764,48.669800,91.367760,114.785606
123.720856,49.068466,92.245033,114.687088
123.553833,49.372028,92.614540,114.908150
123.717369,49.405273,92.947021,114.954445
123.409866,49.132240,91.587502,117.545540
122.420250,46.320663,89.530045,121.478531
119.930908,42.951382,89.197868,123.408707
120.148308,42.307430,87.019745,123.555511
120.431984,42.520622,87.435898,123.929138
116.469292,43.086872,91.865486,127.695366
116.627434,43.512508,91.771202,128.136475
116.731125,46.164944,91.824623,127.892975
116.474731,48.518364,93.357536,127.571762
117.355370,50.046143,93.610855,127.936172
116.484825,53.879707,99.624290,122.147537
117.321754,44.323685,97.464272,135.303848
117.563477,44.443600,97.509193,134.910690
122.299797,43.000679,94.832855,135.757660
129.174454,41.886204,93.906914,132.345901
138.728607,41.370415,87.504105,130.419098
141.870285,42.509083,85.953720,130.819260
142.776016,43.280388,85.656105,130.575623
145.011765,42.752823,85.578842,131.029785
148.515900,43.747131,83.948174,128.101364
148.814896,43.825130,83.810059,128.079483
149.723373,43.720638,83.742401,127.746361
149.624466,43.563736,82.973557,127.452118
149.422958,43.333260,82.959435,126.869301
148.835938,43.257935,81.185524,125.861359
146.921936,43.992699,81.795441,122.821831
146.699493,41.998287,80.111786,125.792976
140.776733,44.955830,80.878372,124.187759
137.685287,47.779049,81.449142,122.269089
136.162857,47.912861,80.937775,123.142166
133.503738,48.423767,80.489258,124.690063
129.195862,52.514057,81.150368,120.181274
127.540695,52.427216,78.703476,120.655823
127.606911,52.859104,78.921600,120.548988
127.046501,51.803837,79.368622,119.304604
126.918243,50.876041,79.388657,120.605614
127.184341,51.209736,78.765091,120.694778
127.298859,51.315346,78.951180,120.979965
127.236771,50.980705,78.959167,121.066742
127.273102,52.432144,79.093216,120.535721
127.453423,54.172245,79.477882,119.249611
127.679314,53.858936,79.424591,120.031387
129.072113,54.105114,79.450760,120.329842
132.193329,55.818909,79.525017,115.909981
133.386063,55.416283,80.131256,114.225845
134.917374,55.609352,79.853180,114.616440
138.347565,54.823612,81.826233,110.092293
139.434464,53.731987,81.741760,110.475105
143.378464,54.093594,82.960991,109.355644
145.271774,53.683262,82.181679,111.072693
145.503189,54.212883,82.700890,111.400574
145.674820,54.390224,82.932213,111.370621
145.776825,54.427406,83.000015,111.401016
146.162415,54.515820,83.258484,111.447533
146.285141,54.778137,83.439377,111.273987
145.907700,53.923531,83.058701,111.473648
145.836227,53.645023,83.132805,110.853600
145.509766,53.235054,84.122902,105.297943
146.384094,49.051815,81.784386,106.036278
146.344025,49.079285,81.848099,106.495186
145.116043,48.165585,81.575470,103.295616
142.626556,49.885677,80.986519,102.727737
141.832184,48.905666,78.966614,104.247444
140.474487,52.208321,77.107155,102.860756
139.147507,55.497566,75.617378,100.063637
135.990250,52.969143,74.070503,102.351524
136.840698,44.148987,71.347435,108.056526
137.503265,38.025826,67.334129,110.408058
137.395813,34.369736,64.033546,110.151840
136.467911,34.937435,64.951492,107.512703
136.590073,34.632988,65.009644,107.394691
134.599823,34.928078,65.203781,106.337006
135.337082,35.659218,65.269279,105.100899
135.718002,36.999714,64.806175,104.799347
135.733078,43.927242,65.134903,99.569214
136.758118,50.721592,64.699615,96.940826
138.778580,55.081604,64.403053,93.071030
139.924423,54.361153,63.876560,93.259331
142.814789,53.534252,63.263012,93.860161
143.502960,49.075321,62.380436,94.261055
143.822357,46.928436,62.093620,93.873245
145.403946,44.055599,61.587723,94.050797
145.901474,38.124298,61.600716,93.114021
146.435730,37.130566,61.614151,93.477997
144.672195,36.230812,61.707119,93.115486
144.156250,37.322044,61.817631,93.425461
140.445694,38.436085,61.364632,94.177475
140.475037,38.851097,61.537872,94.081207
140.156815,44.498547,61.689587,93.581909
140.071793,45.836109,62.132896,93.484489
140.347595,46.232170,62.552937,93.126747
139.457962,46.775894,63.438969,92.989021
138.814011,43.886105,63.219574,92.017357
139.351242,42.053967,63.339832,90.702072
139.246124,37.708866,63.309021,91.447777
138.721436,36.211632,63.221924,90.018532
138.765198,36.052773,63.367279,90.101860
137.758011,36.231968,62.720245,89.974846
137.384338,38.737907,66.273399,86.230614
138.361496,39.707790,65.646652,86.265373
139.334808,41.076626,66.225090,84.362831
139.819260,41.175388,61.860611,87.124550
140.024429,47.266212,61.724361,86.112778
134.144287,51.181892,62.884426,83.864670
132.120300,56.087646,62.053844,80.800285
127.790703,56.120098,62.477837,80.699997
124.013725,57.359131,58.813053,79.026146
124.147499,56.689121,58.763226,79.166588
122.166611,54.682133,58.029667,79.379349
119.364365,53.445068,57.071304,79.239166
117.489197,54.871273,56.526508,78.264534
117.595779,54.802006,56.766651,78.395554
117.945061,54.780998,56.425259,78.257835
119.155388,52.873756,55.961357,78.813232
122.687454,50.833210,55.479210,80.125862
127.931877,44.695732,53.105034,88.058014
133.085297,43.325397,53.549908,85.723526
134.444092,40.074436,52.600437,89.057213
134.593887,38.384880,54.082127,80.265709
134.542084,35.070927,64.168831,81.822609
143.164871,36.865875,58.744072,83.618309
144.203613,40.759293,60.038231,84.491364
149.066391,37.981243,60.398197,85.828644
155.453369,40.639721,58.424149,86.534622
157.175415,41.168598,58.702911,85.485291
159.382065,41.897633,58.549721,84.890297
159.760223,42.197662,58.919430,84.882309
160.590637,43.804447,57.924667,85.442078
165.156799,49.232155,56.180145,85.562073
167.104889,51.408726,55.546444,86.792252
167.580902,53.341026,57.240017,86.899742
169.123520,54.139141,56.757954,86.679131
169.332367,56.053761,56.751793,86.846886
167.035294,56.236599,58.056839,87.446945
161.450409,55.905712,57.727158,86.749855
158.173218,57.447685,57.906738,87.856972
153.257706,57.472912,59.563988,87.162926
149.371613,56.207851,58.867081,88.782516
144.527161,55.661911,58.640148,88.921928
143.688034,52.685558,57.185307,90.441696
140.243683,51.724434,60.004742,90.707756
138.511215,49.927399,59.889275,91.040504
138.352310,50.803837,60.454212,93.772743
139.544815,51.433781,61.122311,94.932632
140.526520,51.984295,61.547554,95.044388
145.049408,55.819897,63.460911,98.694313
150.690521,58.667534,63.691517,96.620354
154.613266,56.105286,64.052475,97.991768
160.622253,57.471981,64.369957,99.156113
165.814636,57.866749,64.729942,98.420654
169.556793,59.167351,64.345520,97.908127
170.622986,56.179104,66.861038,96.506775
173.420624,56.146458,66.434784,96.699158
174.661652,58.023018,66.413467,96.498474
173.861755,63.638641,68.515396,96.518532
173.345947,64.138733,68.492302,96.835854
172.561050,65.176369,67.294716,96.627075
170.059631,67.995178,66.438934,94.775032
169.358200,67.472061,65.943153,95.004745
168.702942,65.632599,64.324646,98.532120
168.714188,65.571335,64.259476,98.852798
168.841156,65.999229,64.126465,98.430466
167.769501,62.791313,65.419571,96.941879
169.783371,62.416370,64.642746,97.162018
172.546906,62.539169,64.371216,97.676659
172.901260,61.198154,64.518288,99.214119
177.531540,60.948330,63.890144,100.940651
177.551880,61.059036,63.907730,101.171349
177.608612,61.261490,63.957428,101.475754
178.792725,64.138840,63.601955,101.833313
178.961426,64.221497,63.945747,101.977226
174.291016,64.003014,64.491318,101.237625
171.686371,61.844173,62.395092,101.981743
170.771210,60.598412,63.426212,100.447868
167.681732,55.572220,62.577431,101.887558
167.150269,52.275475,63.146130,102.323540
165.724564,49.238647,62.418472,102.250664
165.767715,48.156063,62.178963,102.824409
165.916214,48.226807,62.470806,102.962997
165.543579,46.806011,62.467434,108.231567
164.972656,51.236942,62.359398,110.307175
165.066650,55.392014,62.815220,110.405067
166.629745,58.353138,63.071629,109.496239
167.939987,59.052605,64.178116,111.069962
168.613922,59.150234,64.665276,111.611633
172.968567,47.308937,65.771019,123.172668
173.561096,46.289806,65.448875,123.321289
174.123138,42.280655,67.996521,121.081490
174.293411,41.433308,67.873375,121.415215
174.399857,40.156788,67.736626,120.955956
172.745041,37.711479,67.608902,118.246223
172.894470,37.823719,67.928261,118.468628
172.183472,38.150433,67.244682,118.515045
171.805984,39.198082,66.809776,119.406990
171.414749,39.606098,66.751350,119.326851
164.584793,40.175381,66.972244,117.598671
157.513474,41.113239,67.188576,117.570633
151.346420,41.696461,67.202866,116.820061
147.695404,41.761589,66.066765,116.798325
141.834610,39.965435,65.580894,114.244949
133.940613,38.703552,64.359642,110.522079
131.315414,39.090179,63.411823,110.252419
127.804100,37.997974,61.432823,109.548920
127.399567,39.481182,61.057911,109.951584
126.050209,42.494705,60.808228,108.770699
126.089813,50.474636,60.443047,107.736443
126.210594,59.287567,60.361446,104.454819
126.194130,59.974274,60.632267,103.943146
127.731026,58.940544,62.558300,103.939545
133.997375,61.419815,64.207390,104.375427
141.222717,57.730278,61.932816,107.926117
144.333755,53.610828,68.430809,109.079544
153.291397,52.887779,66.463455,109.100441
154.235184,52.730350,65.619682,109.376633
154.438736,52.807590,65.923416,109.343712
149.865509,50.750961,65.767868,108.844818
144.809570,49.984901,66.206520,106.032608
139.692505,49.667244,65.830750,106.581413
132.301865,52.525028,67.002220,106.469734
123.323868,54.802586,69.643219,104.122246
115.831001,54.311245,68.935715,104.949219
108.189865,50.536789,67.955986,105.772324
100.602287,44.366421,67.597893,109.655731
95.836273,37.885979,67.255287,109.923386
91.616302,33.828213,65.985153,109.370056
91.543427,33.684200,65.844810,109.375435
91.095787,33.806484,65.693161,109.344627
90.019867,38.267784,64.979462,109.503212
88.901649,42.013012,64.573677,110.072823
85.328484,48.748428,64.720329,108.378395
83.389481,52.837509,64.275688,108.056953
76.257111,56.211121,65.215584,103.716896
70.546341,57.915142,64.301376,102.436737
64.759789,57.645523,63.972015,101.305077
61.421547,54.121193,61.720650,99.882195
61.715397,50.973442,61.533466,100.569061
62.397186,49.101330,60.995670,100.043106
66.051437,46.782177,60.481995,101.673302
71.925697,45.902218,59.546848,103.388771
77.405380,49.214508,58.387680,104.139488
79.874321,51.169270,56.643379,104.661644
81.204887,54.499969,56.329422,101.996124
86.570374,58.577854,55.947536,98.522423
90.909195,62.249157,54.879463,97.834633
95.388596,63.256390,54.467628,97.121109
102.087883,58.103146,53.649738,99.748024
106.397064,53.994080,52.872185,102.124512
110.468185,45.564556,54.791496,103.710983
117.438225,39.991943,57.986095,104.246391
124.535240,35.476421,58.146778,101.875519
133.054245,30.142265,57.150341,105.146866
139.894257,35.905037,59.035213,105.419037
139.044144,36.743732,59.517601,105.509644
139.989380,37.210358,60.701969,105.443352
140.336319,37.555820,60.968842,105.455864
143.363510,43.469852,61.838940,105.355118
143.245468,44.566586,62.058289,104.893555
143.350586,45.080410,62.348209,105.215019
144.109924,45.024296,62.452663,105.480858
144.584015,45.227196,62.453262,105.389786
144.621597,45.174973,62.482071,105.426292
145.710648,45.253788,62.044910,105.521210
146.350113,45.711655,62.388397,106.019020
146.595154,45.058300,62.411995,107.088089
146.635956,45.154800,62.465511,107.416695
146.506424,45.178268,62.603794,106.924957
146.343201,44.761814,63.062622,106.832657
145.852417,44.258163,63.530018,106.840355
145.090820,41.596104,64.334190,107.085503
145.497818,40.115688,64.925301,108.085419
147.163788,37.175545,65.588890,105.760986
152.443909,32.924641,67.271034,104.147629
153.549164,31.778805,67.288574,104.476463
157.606934,36.742176,63.586346,106.823669
155.971436,38.225395,64.233788,106.764679
153.089905,41.324123,64.972229,107.691727
153.413330,42.533993,65.330490,108.788116
151.237457,42.569519,66.924675,108.531143
146.566116,40.753746,67.518478,108.000580
145.977020,36.546337,66.766960,109.889008
152.041565,29.228050,67.629005,110.544502
156.598511,26.543213,68.301315,107.090385
161.284332,27.560560,66.173576,106.616722
161.277252,28.860027,65.774094,107.600784
161.234650,30.465929,64.873993,107.910271
157.462830,31.439621,63.978394,106.589874
148.525681,34.293976,65.082169,103.857124
146.274719,35.011879,60.148495,103.063034
135.378326,37.982800,64.991966,101.431541
130.504822,32.911015,61.632347,99.882126
129.265594,31.096903,57.979313,100.532150
127.101326,28.095518,56.477085,98.295860
133.008163,28.533751,55.230263,97.580956
133.010880,29.053221,55.102715,98.070328
131.928009,31.319845,55.439590,96.541573
132.040482,34.565243,54.849102,97.594269
131.841904,36.508194,54.678513,97.795998
130.812943,37.622810,54.676609,98.139297
127.412018,39.880646,54.849781,98.322342
125.344696,41.039299,54.593121,98.447823
121.219414,37.321301,53.966663,101.676498
124.415573,33.407867,56.114071,101.630898
129.083801,32.454700,55.038696,103.119255
129.486115,31.610205,63.574261,101.322556
139.193420,33.526592,62.803017,102.978249
144.358902,33.562336,59.607559,104.910133
148.669205,34.640289,62.734943,105.208466
156.816559,31.662464,61.779274,106.728821
162.725784,30.173018,60.363914,106.681496
167.233322,29.503170,59.344360,107.557739
167.921814,29.337801,59.349056,108.201561
169.421097,27.222460,59.063648,109.210388
169.719055,26.118570,58.969944,108.637344
170.122543,22.846285,58.894333,108.245010
170.278549,22.234272,58.880707,107.420128
169.023239,20.305742,58.468353,105.827324
168.148056,19.345333,58.418861,104.401939
169.530777,22.108604,58.357628,104.735855
164.994461,29.564936,61.803528,100.781723
163.455719,37.181469,60.692493,97.995193
157.625366,40.261806,62.512707,97.796799
150.697128,39.333755,62.551697,94.944130
144.026047,34.781567,63.156025,92.811127
145.300156,32.187096,62.488052,88.746391
150.803543,24.314249,62.474087,86.503571
155.545029,23.928774,62.252800,86.877419
155.826523,25.261255,62.447319,86.136497
155.881790,28.268051,61.683636,87.647583
156.503830,32.369801,61.865067,84.066574
157.779800,33.960407,61.406330,85.135010
157.875610,35.506111,61.272415,85.081223
159.569443,40.751530,60.349995,83.814575
159.741287,43.575317,60.210205,83.418823
164.250076,45.409431,59.326725,83.575554
164.376053,39.793629,58.907875,83.217010
164.280533,38.713295,58.895248,82.546684
171.847382,39.154041,57.208195,83.658081
172.174744,41.367561,57.102383,82.617126
169.749908,46.661148,57.078007,79.963547
166.166351,50.522930,57.657001,76.435593
161.986679,53.452805,57.751568,74.593094
156.996750,55.736481,57.223991,73.042717
156.342606,55.456154,55.137474,73.744995
156.135544,55.152096,55.381409,73.804665
152.904282,52.393578,54.195282,73.527779
149.219604,51.086102,55.379471,71.994568
145.661819,48.550777,54.365532,70.276451
143.072495,47.202793,54.228245,69.076767
140.485931,37.905563,53.635815,76.186180
139.391525,33.763256,53.191582,73.640205
136.799484,34.462673,53.432789,70.985832
136.380280,40.253765,52.208176,72.515549
136.636734,41.974472,52.336327,72.328880
136.681198,43.972279,52.980419,71.964798
134.411530,49.672882,53.291286,70.660728
133.717819,53.680904,52.221245,73.462975
133.276871,53.879158,52.211735,73.607460
132.761368,54.880352,51.789463,74.419472
133.011230,54.191578,52.405373,74.147369
135.782166,54.808681,53.947903,74.453979
140.090073,54.984165,55.470482,73.691826
147.965515,56.957840,59.011642,72.976448
156.363953,54.677303,57.355396,72.313507
160.516861,55.510414,55.653194,70.052818
160.655945,56.095161,56.075626,70.707855
160.008408,56.351364,55.413456,71.222404
160.245087,54.385078,54.922653,76.182152
166.477051,49.693905,53.620941,80.082199
164.223877,49.081001,53.320805,80.676773
164.198776,49.359543,52.976234,80.288765
154.347748,47.806778,60.900539,76.050453
152.615723,42.577393,53.087948,77.654434
155.184082,42.774906,52.997898,75.503639
155.208069,46.318932,52.323689,74.569283
154.889465,48.069248,52.355179,73.770737
154.445847,50.165058,52.947548,72.784172
154.326447,52.583977,52.816021,71.357224
158.950256,55.495667,52.699356,70.564049
160.959473,57.185715,52.908447,70.446037
162.098267,58.211330,52.366219,70.049248
163.316513,59.414520,52.287788,69.612801
164.365967,60.187832,52.282978,69.046837
164.568726,61.094528,51.806129,68.254257
165.471939,61.925404,51.021847,66.642006
164.854874,62.003819,50.000687,65.723679
162.937515,62.087414,49.670036,64.318718
158.945908,62.418816,47.760574,63.013390
156.673477,61.340275,44.771469,61.947727
155.366913,61.016171,44.720024,59.837231
149.815948,62.013714,44.769901,54.912125
146.093796,61.758415,42.324566,53.994671
145.363724,61.659882,42.448578,53.866173
142.436356,60.693790,40.813988,53.266335
142.359390,60.815861,40.859737,53.437164
140.212433,59.427269,41.026012,51.414185
137.504288,60.945484,42.870621,51.264732
137.798492,55.566032,44.541870,49.634048
139.740402,54.670868,46.743370,50.806328
140.591721,52.541409,46.956589,48.535000
141.176880,52.293930,47.229076,48.246563
142.208221,51.750168,49.540371,48.190346
142.148132,50.783054,51.409748,48.189640
140.446930,51.204086,54.445747,48.001678
135.016342,50.418018,54.888084,48.099270
135.317352,50.109016,54.907387,48.158882
135.165680,45.536182,54.991066,48.777523
135.985977,45.170620,55.106358,47.646992
136.238678,42.715076,56.495346,47.266579
137.154343,41.841904,56.511124,47.708496
136.015396,40.962463,58.097393,47.610603
140.468582,39.728165,57.595531,54.278336
139.571365,36.574612,62.115276,52.598892
139.139297,35.016403,62.474888,54.843739
133.792770,32.102051,57.591286,58.986759
133.389191,31.458809,57.512074,60.134365
132.359573,31.220572,58.461285,60.123413
126.125175,32.522324,57.319012,60.704994
124.797386,33.774109,57.557236,61.927059
120.612793,30.892132,57.175564,63.781986
123.992500,32.328026,57.377029,64.318237
124.246223,31.602518,58.183670,64.303993
132.425766,28.499123,57.190849,73.614632
136.377869,24.424149,55.185272,76.341553
137.208725,23.059048,60.602615,76.060616
144.866974,23.442041,57.936619,76.794266
149.604721,25.699919,57.570045,77.299400
150.664734,27.433655,56.565857,77.998108
152.856628,29.220732,61.261726,76.918579
157.390594,29.919052,55.052490,80.099602
157.189804,29.267561,55.108467,80.954582
158.137192,29.432739,55.668438,80.827744
158.891541,27.728262,58.289780,77.926849
165.912125,30.133018,54.286835,79.321899
163.375778,33.892509,53.504288,79.930382
162.079422,37.944832,53.726261,79.644058
158.845383,40.984695,53.689514,78.495422
150.942429,45.064991,55.998760,75.031754
143.064941,46.300159,55.732960,74.296814
134.594452,47.509132,60.447521,71.617157
128.439423,45.130390,57.211117,72.556000
129.647797,47.532127,56.118599,73.501953
128.397385,47.868622,55.621033,73.918777
128.345642,47.516602,55.393269,74.052376
128.612244,47.611969,55.497536,74.657692
131.210678,47.512173,54.800644,75.194656
134.980286,46.371437,54.857063,77.289955
139.655350,46.784256,54.797924,79.085266
140.980804,47.164513,54.538383,79.990601
144.059418,49.877697,54.895966,80.617867
149.711700,53.492229,54.322899,81.987595
152.539337,53.728531,53.567886,82.016922
157.044983,53.796883,53.298508,82.908638
157.224564,51.770657,52.410599,84.264404
157.232559,51.364189,52.272610,84.434814
158.193695,51.898121,52.265312,84.917137
159.337936,51.243576,52.719795,86.272781
161.552521,52.278416,52.301086,87.137077
161.394135,51.999104,52.653778,88.245163
159.437683,49.540062,53.308067,88.976357
156.923538,47.461464,53.290745,92.656715
155.284027,37.937588,53.132137,94.508514
155.244675,32.526608,53.391060,96.589554
153.187210,27.186367,53.825470,97.737473
147.687378,18.163450,55.005737,94.907997
148.928207,18.327242,54.484001,94.907661
139.422867,20.418159,61.029892,94.668625
133.508865,25.774057,64.749039,87.465347
132.104370,25.066685,65.010963,86.810883
133.095200,25.263737,63.622417,86.364586
133.551117,25.166021,63.189064,86.413673
133.511368,26.445208,61.766144,85.310951
132.918518,27.690186,59.516769,84.632050
132.776917,27.949764,58.442978,84.926079
133.320084,27.723656,57.179298,85.365990
136.499207,27.264799,54.709305,84.543091
136.997528,30.066124,54.571552,85.003426
139.248840,35.782463,53.498363,87.129143
139.853958,38.681866,53.164890,87.265335
140.018600,39.939804,53.283989,87.152206
140.621048,41.139862,53.175930,86.841644
139.780930,41.815697,53.201530,88.032722
140.108505,37.207397,53.226734,95.416901
140.196960,26.734201,54.151154,94.742210
146.298447,20.123503,55.513355,92.680992
147.330399,21.864710,55.883671,92.962219
149.115646,26.247805,55.186584,93.461937
149.570084,28.755512,54.873756,92.769913
148.881699,34.498283,54.297550,92.932533
148.875748,36.684799,53.898876,91.956360
148.853943,38.044182,53.772137,91.336441
147.147278,38.751396,53.796425,90.408615
146.396255,38.494728,53.681587,89.878922
146.710770,38.736023,53.733521,89.726486
146.834549,38.997414,52.850700,89.770187
140.093491,37.714272,53.608219,90.532257
137.260132,37.902195,50.543114,90.085426
136.450867,38.707680,49.767906,89.130173
131.262222,41.644466,50.084579,88.528435
126.138290,42.384132,50.222080,87.184181
122.022591,42.480461,49.155369,85.975365
115.493690,40.975174,50.405651,83.967628
112.393875,40.180820,49.074680,83.154221
116.746254,38.795330,48.583740,84.810478
119.053802,37.377884,47.369347,86.120338
120.917679,33.094658,46.907047,86.206749
125.703751,31.589979,47.833515,87.243668
128.328415,37.290257,46.464703,89.136452
129.463745,40.032349,46.603374,89.444237
134.001770,46.034927,47.050343,88.777946
139.964767,47.523384,48.632763,88.038109
147.225769,45.356724,48.667183,88.493393
152.539368,39.514027,46.758701,91.784119
154.342697,37.997425,46.429089,88.916092
155.750488,36.372623,46.658020,87.523148
156.048019,35.352451,47.910789,85.359093
157.062653,35.538776,48.308632,84.386017
159.897675,36.245041,48.126396,84.337677
160.107986,36.376656,48.460670,84.402702
160.722946,35.999321,48.745125,83.933838
160.835388,36.103443,48.972912,83.910294
157.816025,38.269680,50.382771,82.010933
157.155960,38.926289,49.622437,81.605469
156.781403,39.349548,49.697899,82.868454
151.574432,39.965496,49.340942,85.655014
151.379929,39.831688,49.577770,85.878662
149.357422,39.475399,49.523319,86.157494
149.349075,39.211979,49.894875,86.343460
148.781189,37.874771,50.707489,86.916985
149.018585,37.250877,50.886646,86.719589
148.848953,37.331898,50.903217,86.985046
149.519501,37.109852,50.875778,87.678764
152.001068,37.325542,50.508827,88.483002
152.297913,37.317230,50.937687,88.528496
152.309875,37.827068,50.801548,89.021873
153.633728,38.242767,50.783257,89.683678
152.309494,39.725700,51.537674,88.700981
148.983688,43.264580,51.277283,89.224480
148.649307,47.038662,50.100422,89.582565
149.029922,48.269966,50.220501,91.507057
149.145676,52.228077,49.642849,93.331665
145.609802,55.506985,50.053383,92.346733
142.698532,55.453247,49.756165,91.983871
142.746338,55.255436,49.984943,92.198151
143.832886,54.433449,49.788044,92.661705
143.221207,52.676109,48.619545,93.312645
144.293762,47.198742,49.498684,93.386406
146.680939,46.546963,49.403721,92.947037
148.825012,46.189548,49.634399,92.055634
151.559341,46.953632,49.918591,92.099007
153.582047,47.206009,49.315380,92.971069
154.532547,47.580383,49.323307,92.815681
158.433456,48.389515,49.857059,93.291107
160.727097,45.156860,49.777847,95.287903
161.636246,37.885067,50.073883,97.443275
160.139755,37.111244,50.248375,96.978394
156.290634,35.777966,49.749962,96.593246
153.391678,34.479744,49.441185,96.197510
150.993973,35.629925,49.413540,95.496613
146.228638,40.115589,49.783958,95.279221
140.976944,43.146404,50.310558,93.172813
136.842422,44.416023,50.487671,92.626060
133.823959,46.868938,50.088348,92.212128
126.700996,47.492264,52.409550,91.828415
124.417213,50.107616,49.880116,89.882721
123.528130,49.413452,49.825531,89.540070
119.492607,43.322849,50.448494,92.564812
119.392517,38.428699,50.399189,92.919380
121.149254,38.018574,50.251392,91.894852
122.701515,39.674282,49.494644,92.359177
126.100311,42.711151,49.186096,93.686836
129.897614,46.966812,48.285385,92.735443
136.651718,52.458439,48.247040,94.705818
140.703018,57.465412,47.837700,92.818504
147.340286,58.418468,48.122185,92.626205
150.568954,57.987350,46.992214,92.308792
156.792496,52.640606,48.048759,93.746849
164.876297,52.766991,46.257275,93.347977
167.717087,55.493832,46.585308,93.214607
171.702789,58.661102,47.540604,90.923042
172.872375,61.539181,48.010387,89.435120
173.404922,64.520210,48.765160,88.838448
168.932205,65.906357,50.225960,84.517639
163.415634,65.851021,52.783180,82.329117
159.210953,63.610172,52.387123,80.067459
159.384048,62.784588,51.479969,79.935234
158.990036,62.582924,51.278133,79.802673
156.618500,61.614902,51.204952,78.476852
156.244766,60.565582,50.169189,78.485649
156.336212,59.976105,50.057281,77.752190
155.265793,60.605297,50.547657,77.303650
154.780426,61.036201,50.715229,77.369644
150.401443,60.274105,51.404057,77.540718
145.735672,59.734245,51.619141,77.647446
144.453400,61.535706,51.057369,77.789421
144.302231,62.585377,50.351177,77.998116
144.578064,62.140797,49.129486,78.789574
143.952362,59.880280,49.224903,79.942795
143.824600,58.492981,52.024361,79.496544
145.165268,57.996964,52.074898,79.339836
147.762283,57.632442,54.845692,77.615585
152.766922,60.151562,52.472195,78.447197
159.403549,62.041405,51.369312,78.832687
163.222824,66.086151,51.523777,77.527054
163.598862,67.198288,52.350796,78.146706
167.333679,65.606529,53.238838,79.399422
169.009155,66.242538,52.492924,79.794296
171.952698,59.235458,54.053181,85.059074
171.495712,54.134731,55.484138,85.985527
171.299011,53.771976,55.894997,85.923645
171.787918,50.026531,58.866467,83.544731
168.986298,49.264072,60.685570,83.559814
168.175598,44.549103,64.015121,88.204826
165.058929,37.873703,70.118729,88.622871
170.178665,30.110991,72.269424,86.045265
173.797485,32.548466,70.512650,86.311501
174.369415,33.241898,72.261116,86.118263
174.936295,33.973209,75.857826,86.453384
177.296066,32.640488,78.254997,87.582924
176.813416,32.876640,78.757057,87.535713
174.700272,32.359325,77.421944,88.560814
171.104614,33.953247,78.264671,87.954842
169.533386,33.884003,78.340240,87.735504
167.737488,33.620361,78.644661,86.959602
164.375015,33.952141,78.969147,85.763626
162.802872,34.898468,77.677437,85.615051
162.124802,35.592506,78.080261,85.672073
157.649139,38.919464,79.300575,84.814186
152.743210,41.396923,79.320786,85.240807
152.396759,41.266418,78.814644,85.791588
149.424088,37.319180,78.094460,86.324989
148.032867,36.822212,71.756981,88.410721
148.382919,35.533192,70.535355,88.323013
148.485275,31.815872,73.804283,88.134613
147.435013,30.365643,66.508698,90.286667
155.794647,28.212509,66.286293,91.432297
159.365982,31.025785,64.188843,92.955521
161.585739,33.329964,63.922203,92.078011
164.774948,38.308342,62.664589,92.157555
165.951141,38.934196,61.796822,92.199074
169.512146,39.673386,60.281105,92.553436
173.152237,39.875828,58.496052,93.868156
173.443100,40.169319,57.857952,93.821106
171.190460,39.855576,57.759743,93.541847
170.892258,39.606327,55.473225,93.749336
171.476547,39.285236,54.327709,92.437477
168.112350,39.521797,55.221832,91.742752
166.383179,43.121193,54.334644,91.007607
165.501648,46.470924,53.378086,91.394722
163.847519,48.846668,53.209492,90.571518
160.797668,50.956886,53.548378,89.475494
152.645172,52.562553,56.146618,85.390823
148.782715,52.213417,55.284248,84.808884
148.196701,52.189972,53.703911,85.213562
141.914932,51.886856,56.935421,83.850533
142.055435,51.171642,53.275307,84.080223
140.332657,50.579002,55.156559,84.352737
140.074615,49.594082,53.357822,85.188965
138.901840,49.387199,52.835682,85.696785
138.950394,50.636131,51.816963,88.353622
138.500977,50.188953,53.523460,87.259979
143.614563,48.163124,53.444828,87.705536
147.974777,47.760353,54.685410,87.374878
151.324066,47.709030,54.988724,86.330063
156.636993,47.192852,57.110275,84.835609
160.880051,44.935043,54.023891,85.261330
162.689362,42.900261,53.752628,84.552376
167.006607,42.024235,52.991955,84.811081
169.247910,42.897594,51.790718,85.199638
171.230011,47.008156,50.358936,85.413254
171.360886,50.060890,49.970821,83.671494
172.273193,53.840534,48.536003,84.528900
170.884781,59.782181,48.084023,83.794922
169.766785,63.581017,46.806038,82.070648
169.793945,66.368866,45.160038,81.764305
162.836639,68.616562,47.684231,79.669273
159.696747,64.574478,45.904816,84.509155
160.079041,63.914257,45.855591,83.777359
154.764252,59.656940,46.760216,84.230621
152.773743,60.026234,45.809757,83.536102
147.943253,64.627594,45.969753,82.986397
147.240067,66.094986,44.835106,82.426193
146.712402,66.397484,44.691425,82.390923
143.794159,64.968216,44.291969,80.315399
142.667328,64.984169,44.005863,80.649361
141.507690,64.465965,44.292389,81.092613
138.707855,63.330257,45.032612,80.249687
136.353012,61.396061,46.616276,81.495438
134.057465,59.104546,48.808193,81.605293
133.309982,58.488026,46.706829,83.352737
129.749969,56.963303,46.932327,83.095520
