1
148.589706,60.250912,83.181061,95.188675
147.430771,58.776665,83.681023,94.849075
144.575027,58.228649,83.045807,95.202415
143.102905,57.812592,82.578239,95.621056
139.728943,55.430664,82.154564,97.175461
137.919571,51.950970,81.887711,98.865761
136.908188,49.998787,81.528885,98.521362
135.446564,46.235161,81.415627,99.957657
135.177963,45.845207,81.470200,99.835770
131.242828,43.990055,82.793159,100.072937
124.201462,41.483734,82.988899,101.505104
116.711006,42.102753,82.896477,101.590218
114.375824,41.980572,82.166222,102.468674
112.823967,40.444069,80.503227,103.343666
112.000504,40.115070,81.757996,103.237633
111.987328,39.984131,81.958427,103.233963
111.278915,39.843639,83.096619,102.417290
111.543785,39.987339,83.438416,102.476822
111.678780,40.227303,83.529060,102.405251
113.565109,41.670376,82.849586,102.641624
114.416748,44.482132,82.411797,102.640083
114.605362,45.267014,82.360359,103.163033
114.779839,45.673771,82.499550,103.343582
115.024216,46.245300,82.304993,103.427979
115.347694,46.660610,82.411972,103.423752
115.391937,46.699455,82.462044,103.457092
115.545982,46.030163,83.696968,105.013710
116.175446,44.380901,84.648277,103.885330
121.388420,38.931099,83.993355,104.230606
128.733383,34.141483,81.457382,103.658737
130.706100,31.479305,81.297356,103.839088
134.550964,30.356340,80.422997,103.760056
136.736481,30.248423,81.079926,104.122414
140.003448,30.871700,82.301720,104.442047
142.243607,33.087959,82.665054,103.578346
142.807068,33.505302,83.096642,103.881882
143.296783,33.312759,83.735985,104.181396
143.407761,32.542782,84.084900,104.089119
142.541382,30.130875,84.399544,104.727516
141.704407,29.295244,84.365639,104.883698
138.388062,28.920839,85.425812,106.344063
127.764641,31.540337,85.893570,106.962364
121.164917,33.722019,85.799232,106.685776
116.043915,35.500088,86.302284,105.655136
112.551399,36.868221,87.420670,104.250992
111.316513,37.405964,87.287117,104.339485
111.196747,37.506496,87.384247,104.495422
110.267159,37.849598,87.474350,103.995842
109.646576,37.796730,87.909477,103.698509
109.732750,36.539154,87.730423,103.826843
110.396492,35.939930,87.306984,103.793831
110.616135,35.868156,87.390633,103.868645
111.027534,35.241005,87.389481,104.175316
111.262192,35.365738,87.405365,104.499359
111.680733,35.223202,88.668358,104.800529
112.546135,35.811352,88.640854,104.493324
113.308884,36.050510,89.094589,104.193779
114.000603,36.100193,89.366898,104.388145
114.999184,36.057514,89.378571,104.630028
115.607780,35.846321,89.608627,104.602730
124.374855,34.012657,88.867302,105.899445
128.269333,34.433887,88.812302,104.821754
128.521851,33.806625,89.300682,103.632347
130.992569,33.766056,88.294197,104.303619
131.337173,34.378510,88.346909,105.030128
131.642838,37.263672,88.343094,100.828163
131.806839,37.394867,88.385956,100.858780
131.948776,37.599384,88.425560,100.907417
132.010468,37.747463,88.445000,100.826195
132.005234,37.933937,88.592377,100.650757
132.266068,38.064640,88.874222,100.935860
133.402649,35.911018,88.206871,99.783562
133.168060,36.247238,88.918617,98.773216
133.935181,36.376572,88.110970,99.530891
134.033203,37.166431,88.257355,99.694206
133.063477,37.887924,88.588844,99.468948
133.261658,37.919338,88.924980,99.356285
132.917252,38.340702,88.762924,99.223000
132.572708,38.980011,88.091675,99.545486
131.335205,38.787266,87.343857,100.444443
127.168182,35.655518,84.224434,103.440933
124.461876,33.062759,83.047226,106.370430
124.697144,33.038990,82.704605,106.595360
124.817474,33.193867,82.945908,106.952057
123.425804,35.107376,82.806458,107.181053
123.538628,36.636589,82.633644,106.714729
123.147095,38.281796,83.465164,105.381073
123.547226,38.782452,82.925713,105.743149
123.936401,40.244431,82.896912,106.017479
124.970047,41.240879,83.450134,105.837875
125.619606,39.293114,82.907578,108.511101
125.901375,40.097660,82.861313,108.396858
127.696312,38.822186,81.755890,107.303497
136.726578,39.333359,81.428017,106.362160
143.807922,43.653381,78.080933,102.449524
145.895081,45.740669,77.490356,102.395546
147.793350,48.662598,76.656631,101.891029
148.532578,48.778229,77.004333,101.847855
150.362045,48.323715,76.878891,100.800896
151.569702,49.239971,75.561104,100.501755
152.162186,49.672256,75.748405,100.982338
152.198639,49.682293,75.799416,100.785606
152.284622,49.991943,76.025146,100.745193
152.012024,50.288242,76.340279,100.502625
151.254593,50.614140,76.905586,99.248871
150.744675,50.956421,77.084579,99.670540
143.764374,52.482323,78.330116,98.631149
141.889557,53.650131,78.723175,97.982124
139.249832,54.745148,78.749237,97.833221
135.777206,55.814590,79.266670,96.968010
131.045395,59.313297,79.735741,94.475456
128.347763,56.514076,77.640350,97.701447
128.487244,56.395493,77.940735,97.807648
128.482407,56.294292,77.969681,97.882271
128.448181,56.250912,77.962502,98.074516
128.426727,56.466835,77.927689,98.436501
128.418167,56.432384,77.955574,98.496307
128.183151,55.753651,77.952156,98.697227
128.365021,56.738331,77.924156,98.466354
128.425354,56.853691,77.967728,98.408226
128.477814,57.043678,77.953995,98.389091
128.860168,57.104218,78.160423,98.477173
130.541565,55.930325,78.246864,98.307289
131.409958,56.411705,78.448586,98.166428
131.967941,56.762779,78.742760,98.005791
136.086395,56.086075,79.663528,97.246742
140.499069,54.212540,79.634354,96.882523
142.564606,53.960697,80.135712,97.250504
145.531540,52.045170,79.812035,99.860695
145.864120,52.298771,80.038666,99.998207
146.496811,52.931351,80.571236,99.520790
146.810532,53.211971,80.974861,99.934052
146.873962,53.396942,80.956070,99.857857
146.773209,53.554417,80.981865,99.722099
146.269775,52.066608,80.367874,100.125458
145.583176,51.089294,80.232475,100.002213
146.030960,49.293575,80.582802,99.503036
147.399658,48.253578,79.795868,99.879517
147.292206,47.823536,79.669151,100.015739
146.574539,48.135113,79.815125,99.694504
144.082901,51.105133,78.860100,99.720131
143.093674,50.412209,78.164795,100.817039
141.308044,52.553764,76.654205,100.723351
140.508392,55.355793,74.364601,98.826439
137.892151,55.154358,72.580338,98.863930
138.140579,45.580845,69.664848,104.261467
138.754578,37.140797,66.432983,110.058640
137.693085,35.273048,62.787823,110.097450
136.307419,35.940331,63.603806,106.421173
136.518616,35.170708,63.996174,105.890518
135.830719,35.077648,63.591930,105.879951
136.051315,36.139271,63.893494,103.663483
135.831497,38.285225,63.631668,102.818550
136.024200,44.057102,63.653870,98.556892
137.571091,51.247978,63.010887,96.253403
139.089127,56.189533,63.102684,91.975510
139.913315,55.733616,63.036625,91.949753
142.202362,53.133743,62.604092,92.520439
143.632889,49.742256,61.979702,92.277359
144.319504,44.877010,61.006168,93.140694
146.580383,42.057659,60.397682,94.170937
146.652206,37.323734,59.677605,93.870834
147.408432,35.489914,59.491188,93.531235
145.580093,35.807175,59.782936,93.815041
144.889084,37.153519,59.567505,94.290321
142.369446,37.939671,59.870399,94.669746
142.148911,39.026737,60.091888,94.351418
140.282028,46.525295,59.946915,93.370369
139.655792,47.574383,61.097942,92.848808
140.040619,48.063995,61.628773,92.635513
139.264801,49.325737,62.773094,91.170448
138.956848,44.071907,62.309563,91.402069
140.254120,41.064724,62.169174,91.123558
139.061890,36.174271,62.317669,90.872185
138.896240,35.889488,62.430893,89.653419
139.023575,35.268192,62.299648,89.421371
138.087036,35.730709,62.201424,88.794060
138.491760,36.978111,64.337349,87.117622
140.094315,38.242783,63.524738,87.653442
140.973618,39.567066,64.368080,85.807953
141.316238,41.177715,60.822556,87.127869
140.733734,47.237732,60.718998,85.269814
134.496689,50.505695,61.627136,83.945808
132.945587,53.508045,61.550560,82.271217
128.347565,54.088497,62.176140,82.359863
124.297073,54.615631,58.725681,82.291817
124.300766,53.659283,58.840347,82.171333
122.454750,53.938568,58.769547,81.726913
118.568283,50.139042,57.526291,81.165207
116.248833,51.984673,56.947563,80.453690
116.432571,51.853260,56.861683,80.508949
116.835632,52.586323,56.686470,80.704956
118.541382,49.976574,56.460247,81.930832
122.514900,47.663898,56.223045,83.493011
127.832352,42.498867,54.143375,88.853828
133.097275,38.936352,53.725826,88.816223
134.833893,33.829491,51.526379,95.791046
134.762695,33.481651,52.646011,87.372620
134.774414,30.593344,63.665588,86.813446
142.665695,33.495525,58.786114,88.926765
143.922165,38.294758,59.105656,88.454781
149.018692,36.824223,59.871113,88.989029
154.639191,39.765507,58.290817,88.841743
156.551163,40.259430,58.361542,87.745720
159.070312,41.242355,58.050190,87.791969
159.882034,42.086845,58.280884,87.924522
160.449524,42.705326,58.191441,88.020630
163.886795,46.268246,57.114826,89.790001
166.071747,48.302963,55.993927,90.781563
166.889847,50.256382,55.651024,91.103783
169.645599,52.273239,54.815956,89.592506
169.708679,53.603222,54.937733,89.819435
167.057373,55.031300,55.796654,90.357384
162.800308,53.862305,55.730259,90.744728
159.373672,56.690647,55.853291,91.256409
153.546082,56.024185,59.204773,91.319031
149.737442,54.880047,58.767464,93.072350
143.586914,53.510101,59.425934,93.567871
143.052017,51.920612,58.817211,94.171898
139.420914,50.659969,60.777550,93.854736
138.501144,50.092552,60.575397,94.334618
138.579376,51.198479,61.709621,98.150040
139.099625,53.667645,62.849792,99.982231
140.239655,54.129986,63.167351,99.889580
146.183594,56.684166,63.587997,103.693245
150.065475,59.892239,64.390244,99.442520
155.504486,56.840290,64.229378,99.125114
160.136581,57.075737,63.770798,99.587563
165.625778,56.053856,63.749748,98.888687
170.248199,58.533703,63.008949,100.272987
171.449738,55.713314,66.541626,98.967163
172.554489,55.649014,66.620087,98.888634
173.723404,57.176247,66.773102,97.977325
173.660019,60.067291,68.353485,98.483414
172.843842,60.768787,68.503487,98.195145
171.971985,62.538078,68.231735,98.303268
170.094116,64.456169,67.535965,97.866188
168.827332,64.649185,67.300674,97.958946
168.339813,64.472740,66.107796,98.745346
168.277740,64.361984,66.087952,98.841019
168.455475,65.987892,65.498878,98.375397
167.201309,63.270786,66.525719,96.879234
171.428314,62.152035,65.574203,97.726852
171.700897,62.305000,65.931633,97.910408
172.170135,60.928215,66.184639,98.850090
175.133148,61.016953,65.602119,99.598854
175.437286,61.229061,65.878593,100.508560
175.650467,61.718704,65.908501,101.016647
177.321243,62.920784,65.519981,102.595749
177.546509,63.128536,65.940254,102.981133
173.176331,63.427517,66.443237,102.277725
171.065109,59.656368,64.065315,103.237305
170.463181,58.892319,64.804764,102.192596
167.638855,55.283272,63.757950,103.824425
166.754562,50.168156,63.869965,104.785355
166.002319,49.043724,63.414116,104.654305
166.012421,47.980343,63.182541,105.193459
166.037735,48.115021,63.313282,105.571205
165.692261,46.214024,63.389004,113.176849
165.040771,50.314899,63.182724,114.157616
164.615433,54.321533,63.349606,115.040802
165.737473,58.123047,63.684345,113.531540
169.078094,60.227386,64.636002,113.660477
169.494873,58.822769,65.245476,115.076782
172.869644,50.886005,65.038734,121.532700
173.150070,47.252754,65.785896,121.427826
173.700500,44.204605,68.240791,120.138107
173.888214,43.130112,68.463120,120.294327
173.953827,41.605042,68.239609,120.275398
173.474792,40.438004,68.241043,120.050507
172.442841,40.272530,67.912247,120.580521
171.469864,40.423946,67.530571,121.333534
171.572418,40.510777,67.812508,121.497864
170.962524,40.554024,67.713341,121.302147
164.119461,41.409531,68.053619,119.932144
157.365067,41.398346,68.255356,119.712318
150.200348,42.296165,67.708961,118.754349
146.890945,41.015869,66.440926,119.232376
140.600861,39.651150,65.852974,116.014664
132.977661,39.447960,65.327713,112.429115
130.187454,38.662689,64.255951,111.760597
127.102356,37.627285,62.343246,110.904922
127.081200,38.233917,62.210762,110.963211
125.931122,39.999393,61.720730,110.172958
124.813927,48.577255,61.555328,108.924294
125.194656,55.891331,61.653801,106.814667
125.377922,56.655422,62.028725,106.224251
126.972588,56.368210,64.064178,105.936050
133.515762,59.816406,64.960320,105.893005
141.126556,56.728981,61.877888,109.744049
144.791245,51.573421,66.764297,111.976799
153.944458,52.613506,65.177803,110.837364
154.819122,52.585785,64.938904,110.915306
154.762131,52.724865,64.928925,110.525429
149.931686,51.972725,64.857857,109.775703
145.891403,51.361423,64.596710,108.189781
138.981949,48.946587,65.480934,108.516281
132.095200,51.955280,66.152916,107.657013
123.407234,54.496475,68.265091,105.570755
115.644142,53.914501,67.385017,107.025291
109.318108,51.273251,66.482208,108.684959
102.000191,43.939232,66.303833,111.269218
96.993568,37.327026,65.757339,111.385567
92.473274,32.070225,64.399994,111.809448
92.278870,32.045181,64.404678,111.636406
90.831337,32.273445,64.383644,111.645927
90.468460,37.278904,63.754082,111.960464
89.126015,40.653061,63.714012,112.145058
85.982689,45.961010,63.465919,110.944664
82.821808,51.385563,63.077648,110.288544
76.489403,55.735531,63.959259,105.688438
70.756554,57.722984,62.876488,104.902397
65.350410,57.940296,62.423454,102.773956
61.348427,53.297260,59.796791,101.830223
62.094151,48.917305,59.522682,103.038124
62.416538,46.988785,59.371025,103.217888
67.197807,45.376568,59.163982,104.749512
72.593925,45.000660,58.977051,106.721619
77.835197,48.671814,57.128979,106.889801
80.015251,50.932621,56.066338,106.371994
81.294807,54.461540,55.866291,103.047333
86.680733,58.777252,55.570946,99.691544
91.424126,62.697235,54.737785,98.523445
96.073494,62.609283,53.818855,99.914307
101.590363,57.833141,53.090317,101.564674
106.185112,52.768787,51.766685,103.568863
109.826775,44.585457,53.844925,104.886055
116.954231,39.186306,57.168842,105.343719
124.158043,34.623997,58.099960,102.756065
132.173950,29.207026,58.570515,105.383324
139.706924,35.301781,59.678818,104.129784
139.576447,36.490490,60.051289,104.207115
140.022247,37.352829,61.193047,103.551346
140.330429,39.206703,61.447903,103.519318
142.111877,41.767693,61.823647,104.691124
141.850906,42.628830,62.015606,104.672462
142.139816,42.842663,62.296860,105.014648
142.739624,42.927963,62.477879,105.306740
143.170441,42.881439,62.629620,105.172455
143.596283,42.827621,62.961285,105.518166
145.085312,42.896973,62.506493,106.083275
145.429199,43.194542,63.037750,106.252815
145.722763,43.293114,63.472134,106.497375
145.689407,45.459732,63.329922,104.150368
145.684677,45.567451,63.547726,104.576172
145.864563,45.689327,63.997879,104.885010
145.671738,45.565678,63.888847,104.932396
145.827042,43.368874,64.180283,106.080765
145.951233,40.710590,64.780838,107.611717
147.838425,38.018543,65.241165,105.719566
153.793777,33.601883,66.889908,104.268867
154.738876,32.134995,66.839897,104.482712
157.573700,36.687099,62.646656,108.921638
155.512268,37.629814,63.753868,108.383759
152.045532,41.573723,64.943314,108.866310
153.315216,43.612381,65.160606,109.456024
151.097748,43.693840,66.915947,108.653648
146.381073,41.812340,67.788834,107.847687
145.392914,37.157513,67.195381,108.929893
152.537216,30.363100,67.194412,109.590088
157.896484,26.911684,67.885262,108.070686
161.643677,27.432934,66.209778,107.830414
161.813797,29.206274,64.828743,108.919571
161.931458,30.434341,63.431637,109.017807
158.050903,31.661268,61.494858,107.995430
149.666229,35.292534,62.787090,105.379990
144.625092,35.909615,60.603409,103.838013
134.389084,39.474640,66.541809,100.790527
129.481674,34.932861,63.477188,99.053574
129.109024,32.839031,60.099110,99.135422
126.742920,28.249065,58.650993,97.194481
131.646057,28.107584,56.904911,96.784798
132.518906,28.854063,55.786682,97.096893
132.038605,32.090130,55.272846,96.779228
132.528259,35.958267,54.321186,97.400337
132.287018,36.773785,54.099133,97.282478
130.577133,37.429600,54.209820,98.280945
127.741158,40.037537,54.306995,97.923401
125.573135,40.205833,54.075500,97.844749
122.402473,37.406460,53.516430,100.483475
125.517548,33.479221,56.373417,101.318214
129.676315,32.782883,54.846260,101.756493
129.035843,31.685486,63.865974,101.305145
138.754852,33.223328,62.846920,102.508644
144.488266,34.116661,59.552574,104.745003
149.350586,34.744339,62.567425,104.679123
157.130310,31.584753,61.578777,105.309135
162.296265,30.054770,59.711807,105.256668
166.110489,28.920708,59.095078,106.125183
168.288757,27.518728,58.679661,107.173317
169.949966,27.066072,58.397472,107.736008
169.932861,26.265043,58.169796,107.600731
170.838379,23.194384,58.149494,108.126976
170.949158,22.264229,58.473217,107.374435
169.053024,20.454121,58.107891,105.892357
168.358093,19.461195,58.418861,104.401939
169.195908,21.573792,58.269257,104.673897
164.265152,28.684708,62.033516,102.273682
163.276001,37.191471,59.846062,98.483452
157.518326,41.288445,61.127232,98.181801
150.783142,40.061394,61.191017,96.579712
146.193405,34.551548,61.484577,96.410805
147.971725,32.068062,60.273602,92.227676
153.088287,25.037231,61.216267,88.451996
157.187164,24.614000,61.069611,88.517227
157.913010,25.527288,61.310966,87.615227
156.801987,29.475637,60.877430,88.062973
157.240845,33.430054,60.875278,83.769714
158.376633,34.778812,60.469090,84.689781
158.346558,35.694839,60.388290,84.922417
159.362030,39.663601,59.824413,83.539375
159.751282,42.087814,60.188168,83.467575
164.148560,43.825161,59.430019,83.944328
164.357422,38.524403,59.334213,83.802834
164.445129,37.531319,59.299904,83.417969
172.353943,38.331467,57.211117,83.696991
172.692215,41.287022,56.505096,82.678070
170.370758,46.801292,56.454288,80.405357
166.595306,50.584381,56.522503,77.385399
162.724594,53.649731,56.834839,75.005196
157.835266,56.185905,56.797531,73.160706
156.890366,56.025478,54.440224,73.688156
156.280304,55.196869,54.492580,73.714401
152.418945,52.590878,53.355762,73.347328
149.075333,51.338070,54.135197,72.227921
145.592270,49.103474,53.581638,71.187454
142.769806,47.153919,54.396549,69.641403
139.763977,37.215103,53.937675,76.423637
139.182159,33.449211,53.244350,75.175888
136.785004,34.051075,53.459202,72.505112
136.320557,39.411636,52.443150,72.740776
136.459518,41.019726,52.336327,72.328880
136.260056,43.913799,52.570976,71.892639
134.275620,50.118118,53.308590,71.285904
133.780396,55.056469,52.602940,74.150703
133.303070,55.319824,52.634865,75.602585
133.266510,55.725025,52.719044,75.993645
133.356857,53.817848,53.442062,75.354568
137.279678,54.099609,54.400406,75.548485
140.794876,54.096760,55.086178,75.931709
149.556046,53.627735,56.562462,76.187851
156.542999,51.923553,56.188828,74.987396
160.480408,52.710030,55.834339,73.360344
160.914642,54.494919,55.723442,72.782768
159.405334,55.193668,55.224640,72.846184
160.011765,53.536041,55.546124,75.794891
166.187393,50.669643,54.512703,77.215965
164.339478,49.525967,54.157749,78.112343
164.742065,49.895065,52.640141,77.712975
155.311813,48.185387,58.706085,73.012856
153.938187,44.270931,51.542110,73.899567
156.782272,43.673138,51.954525,72.582649
156.906586,46.972408,51.245888,72.458931
156.285156,48.718021,51.405815,71.419441
155.089142,51.489452,53.055599,70.117226
155.721741,53.863914,51.782589,69.760597
159.928116,56.467659,52.291229,68.858604
161.402985,58.093529,52.576820,68.304749
162.138718,59.009048,52.715710,68.039284
163.136963,60.057289,52.904873,67.925163
164.627899,61.069870,52.927593,66.928894
164.487732,61.802635,51.769344,66.166351
165.547653,62.424622,50.714828,64.790871
164.527420,62.199627,49.146248,63.828964
163.247208,63.030422,48.067768,62.732201
160.085770,63.083645,46.016731,61.722366
157.657227,62.130920,43.556820,60.383507
156.816895,61.799305,43.859921,59.019192
150.816971,63.107433,44.070965,54.423077
147.401123,62.227123,41.528282,53.671978
145.714142,61.940407,41.475140,53.551628
143.928925,61.597305,40.148388,52.735325
143.014694,61.768764,40.192963,52.909374
139.967102,60.528061,40.441219,50.503956
137.912964,62.141670,40.926346,50.139904
139.293747,56.571404,43.482357,48.755672
140.720871,55.447365,44.797287,50.498604
141.159378,53.554199,45.714661,48.543022
141.748444,52.160816,46.682522,47.788975
143.009995,51.752811,48.835743,47.491531
142.955429,50.781704,50.255470,47.484383
141.491714,50.985325,52.836731,46.587349
136.276154,50.606949,53.558792,46.273979
135.969696,50.031231,55.014412,46.966972
136.121185,46.623302,55.192871,47.356911
136.281830,46.388725,55.575790,47.198822
136.562057,44.276436,56.763432,47.941406
136.488739,41.029049,57.728512,47.609035
134.935364,39.972088,59.606434,47.400051
139.929260,38.351223,58.388180,53.714592
138.776718,36.621758,63.891853,49.875107
138.642487,33.653561,64.086807,50.613144
131.981506,28.979290,60.183029,54.087025
131.891983,29.124746,60.500233,54.501415
126.827065,30.611385,65.499893,54.940487
120.032150,29.617777,64.689789,55.969299
120.252548,31.210114,64.657021,56.258526
117.287354,27.577112,64.450729,56.146313
119.266113,28.330551,65.064537,56.234550
119.818535,24.769640,67.042137,54.702892
127.697067,20.572159,69.023125,57.388252
128.856110,16.956661,69.552269,58.093319
130.347153,13.672715,76.927429,54.469536
135.932831,13.001464,74.678757,54.448643
139.737854,13.081420,75.761772,54.892902
139.913467,13.060466,76.006172,55.158085
143.097855,12.949812,80.132225,53.950382
148.681595,12.233619,77.507652,58.196507
148.459259,9.094403,77.087234,59.697407
149.141342,8.838612,76.792824,59.923912
149.339783,8.683261,83.774467,58.891914
153.723038,8.397058,78.981987,59.243168
151.548645,8.189308,76.931633,63.005322
150.730530,11.532104,76.951714,64.024055
147.507019,14.980299,77.838615,63.271252
139.232330,16.644300,81.589630,62.554794
132.591507,19.187731,80.202835,63.614788
123.865097,20.719912,81.494133,65.496666
119.140350,24.161430,76.324432,68.089149
120.842896,25.349417,75.387566,68.829887
119.659653,23.754911,72.001312,73.766571
119.695778,25.309292,71.388268,73.963524
123.321930,30.878504,70.666504,75.323906
128.769531,34.767467,66.664787,75.318169
133.880386,38.156918,64.346954,76.189049
137.585159,43.333389,62.832981,77.275200
138.706528,44.993279,61.158184,78.875366
141.249863,47.943954,61.240639,80.084953
146.146759,51.806934,60.667980,81.546829
148.178650,52.183723,59.865784,82.440231
151.396591,49.939690,59.097366,85.151962
154.535095,46.381504,58.164001,87.437973
154.939896,43.197975,57.933357,87.948967
155.722656,42.904007,57.840061,88.849426
157.935562,43.113297,57.909142,91.193474
159.170425,46.698265,57.034100,93.345337
159.242157,45.945675,57.326309,94.195663
157.871719,43.390854,57.480907,94.857750
154.658844,40.379494,57.344501,96.359985
153.888535,33.261345,57.041302,98.412361
153.607849,28.041107,56.696434,98.904991
153.321381,23.870058,57.260822,99.145073
147.897171,17.887629,58.395370,94.964775
148.533936,18.260050,57.363781,94.477463
139.038498,19.440239,64.637695,95.081314
133.506165,23.663733,67.056847,89.229744
131.278671,22.607731,66.455208,89.656853
132.643723,23.983509,64.097763,89.089706
133.646393,24.820108,62.495960,89.276855
132.533752,24.953445,61.399807,89.092079
131.059204,25.258898,60.707680,88.825996
132.413025,24.714226,56.338352,90.365875
133.850784,23.497169,55.386230,89.606033
138.506683,24.209789,53.082859,89.444481
139.111908,25.543661,53.361702,88.759315
141.316513,28.644543,52.673264,89.116112
142.317795,33.074062,51.948776,89.090263
142.338959,34.501106,51.683094,89.159370
143.774246,37.546791,50.924435,88.410675
141.125473,39.825180,50.751926,90.008408
141.177475,33.041439,50.958794,99.896019
140.178391,22.610031,52.802868,99.263855
146.371338,16.103575,54.097660,97.969345
147.933029,18.484224,54.454357,99.122658
149.872711,23.839081,53.835518,101.203484
150.514450,27.403769,52.783875,101.102791
149.871216,31.197500,52.407509,101.271492
149.538727,32.843018,52.056438,100.136436
149.481293,33.856274,52.275063,99.432495
147.760300,34.894375,52.209377,97.107330
147.456940,35.039104,52.217537,97.281731
147.488113,35.229771,52.356289,96.217804
147.085312,35.508095,51.686016,96.306183
139.513290,35.749084,53.987251,95.837524
137.810394,36.403751,50.872547,94.681145
136.275726,37.363102,49.745800,93.120773
130.801575,39.955826,50.219212,92.788918
126.372597,40.990276,49.748764,89.606636
121.343056,40.904835,48.963890,88.606834
115.700844,40.776283,49.608757,86.461830
112.364555,40.320774,48.724586,85.895622
116.628784,38.366913,48.207954,85.956093
119.254578,37.019463,46.882992,86.742737
121.281021,33.208977,46.602158,86.621429
126.244247,32.393604,47.826267,87.103539
127.800339,36.331825,46.847546,88.596291
129.857269,40.146149,46.894535,89.530861
134.307846,45.517330,47.397060,89.505249
140.079391,47.282131,48.799854,88.297951
147.256851,44.985550,48.667183,88.493393
152.804718,38.799816,46.845009,92.273438
154.904037,36.957176,46.441078,89.436516
156.867355,35.237995,46.570114,87.685677
157.476120,34.268356,47.113113,86.452156
158.088699,34.230762,47.801231,86.093620
159.710098,34.546066,47.619755,86.249092
160.094788,34.899055,47.925011,85.937447
160.280411,34.824387,48.167728,85.677094
160.424759,35.067307,48.477596,85.912560
157.981995,37.606232,49.424599,83.655731
156.614777,38.124058,48.261810,82.655342
156.334335,37.708782,48.212460,83.608742
151.538742,38.334404,47.851463,85.644745
151.538712,38.464878,48.003231,86.001114
150.355255,38.724724,48.413631,86.202652
150.111221,38.348846,48.456005,86.224152
149.198364,37.399994,49.620613,86.438255
149.481415,36.531872,50.023468,86.276077
149.133865,36.729790,50.419746,86.331192
149.859756,36.961246,50.881954,87.013443
152.677414,37.618431,50.549324,87.864243
152.903519,37.740383,50.908592,87.946815
152.767624,38.021393,50.894695,87.934555
153.472031,38.113525,50.723232,88.057175
151.806412,39.048817,51.664948,88.563423
148.636765,42.679348,51.415173,89.883011
148.538193,47.699326,50.402077,90.449387
148.977921,48.618832,50.238628,91.478127
149.024078,52.565536,49.711338,92.953735
145.236938,55.506516,50.299953,92.108315
142.202377,55.571983,49.756165,91.983871
142.250183,55.374176,49.984943,92.198151
143.336731,54.552185,49.788044,92.661705
142.725052,52.794846,48.619545,93.312645
143.797607,47.317478,49.498684,93.386406
146.184784,46.665703,49.403721,92.947037
148.328857,46.308289,49.634399,92.055634
151.628937,47.682957,49.715801,91.999474
154.504547,47.356243,49.237591,92.314621
155.139954,47.684956,49.332954,92.159264
158.213547,48.967857,49.218693,92.327744
160.687958,46.422066,49.239792,95.038223
161.144531,38.318573,49.655273,98.629242
160.192978,37.220417,49.585297,98.151733
156.517700,35.605114,49.811646,98.276772
153.810364,32.981697,49.281994,98.565369
150.086777,34.271431,50.189243,97.944160
146.472885,38.513081,50.387817,97.395073
140.579712,41.397419,50.965225,95.878441
136.184036,42.405354,51.167816,94.622192
133.158035,44.999336,50.554371,94.206779
126.655838,45.717171,52.591442,93.227386
124.302765,47.830467,50.482738,91.150887
123.791931,47.920383,50.319202,91.101753
119.783043,41.912346,50.742657,93.708069
119.718384,37.468834,50.861404,93.296867
121.388016,37.285408,50.767204,92.569206
123.035980,39.212208,49.831036,93.541260
125.113571,43.156696,48.872372,95.323669
129.035797,47.231976,48.440258,94.199631
135.725128,52.179497,48.361370,96.267220
140.011993,57.726353,48.265732,93.504478
146.832291,58.869713,48.729084,93.660774
150.465530,57.299114,47.598080,93.016808
156.818802,52.742870,48.568775,93.740128
164.646393,52.595341,46.561089,93.257683
167.847275,55.238060,47.013004,93.504730
171.239578,59.487732,47.333836,90.771576
172.874420,62.653988,47.460327,89.437737
172.935928,65.859543,48.889931,87.587730
167.664352,67.346489,50.133621,83.028397
162.945389,67.643143,52.561390,80.201523
160.119720,65.600357,52.257324,78.255142
160.217010,63.598259,51.190102,78.297188
159.308701,63.030247,51.733036,76.726875
157.804169,61.664310,51.253883,76.595955
156.626816,59.862568,50.741215,77.160736
156.622238,59.625778,50.413513,76.973541
155.960403,59.852169,50.332844,76.695030
155.250839,60.288319,50.190998,76.836365
149.046936,59.731506,53.003269,77.650650
144.713455,59.551472,53.880352,77.529282
143.508087,60.591316,53.296867,77.672081
143.157272,61.195850,52.574238,77.823174
143.759583,60.791443,51.142765,78.947914
143.548813,57.845005,51.463116,79.871597
145.345490,56.322472,53.097797,78.593918
146.513779,55.792641,53.071953,78.589256
148.796539,55.335941,53.782112,78.306900
153.498550,59.168503,52.330009,78.550484
159.622345,61.488125,51.654442,79.460808
162.884659,65.528564,52.070827,78.827805
163.613159,66.872345,52.882347,79.573738
166.851913,65.082008,53.576694,80.777229
168.249252,64.949478,52.687965,81.636421
171.502228,58.254856,54.839733,85.498093
170.240936,53.111980,55.935589,87.133652
170.182968,52.737362,56.142075,87.771759
170.802704,49.881836,59.395367,84.866158
167.360275,48.422226,63.388412,84.607582
165.517670,44.997860,66.390884,88.124672
163.164551,38.745090,70.478065,90.160614
169.550247,29.458241,73.113068,89.364372
173.480179,31.561144,71.325874,88.985786
174.082275,31.672569,73.627197,88.536774
175.259048,32.560463,77.468758,87.450882
177.012253,32.041847,78.897308,87.231979
177.003418,32.169834,78.963379,87.445473
174.133331,31.556683,78.257561,87.398453
172.231918,32.383915,79.054482,86.922073
168.868011,30.651644,79.552551,86.025215
165.166519,28.917360,80.870987,84.711411
160.714005,29.989468,80.829742,82.582130
158.416092,32.851856,78.713814,82.695953
158.281555,33.225430,78.950508,82.790810
156.875473,36.702892,78.273598,82.744057
151.971542,40.056000,78.471718,82.963196
151.911285,40.255291,77.195663,83.334282
149.539337,36.910770,76.544601,84.111176
148.221573,37.007660,70.403160,86.070221
149.165131,36.346436,68.382347,86.700645
149.453476,33.049526,70.118340,87.713470
148.233063,30.900013,64.733635,88.180840
156.422043,28.737888,65.479561,89.092010
158.894638,30.356449,63.703720,89.976501
160.967239,31.765574,63.953133,89.100143
164.787567,35.493954,61.652321,89.058769
166.682892,37.194141,60.628830,88.788689
169.764969,38.559486,60.006489,89.109711
174.182632,39.261654,57.865452,90.922440
174.489594,39.516010,57.456512,90.898064
171.995621,40.255047,56.930351,90.830086
170.589920,38.431683,54.208950,91.922447
171.228714,37.517349,53.664822,91.439468
166.513412,38.262562,55.244324,90.196121
166.051697,42.819279,53.278530,90.134117
165.860107,47.083229,51.419277,92.011063
164.070526,49.659054,52.171803,90.877556
160.846237,51.225090,53.022518,89.868179
152.471237,53.056988,55.507080,86.230461
148.755554,53.004978,54.609165,86.090378
148.083740,52.479881,54.228935,86.776955
143.400192,51.865028,56.426682,86.090179
141.776993,50.560429,53.635735,86.983521
141.092087,49.842403,54.417435,86.797043
140.600601,48.997650,53.155910,87.718155
139.046753,48.484043,52.477215,87.647003
138.891403,49.195175,51.488548,88.855240
139.179764,49.149200,52.360710,88.165176
143.874420,47.515614,52.362823,89.031250
148.302322,47.633766,54.028828,88.385788
151.128738,47.460529,54.511642,87.717377
156.444733,47.385620,56.572880,86.307732
160.315720,45.705791,54.067146,84.781441
162.535645,43.243984,53.463577,84.651939
167.373611,42.485718,52.462223,84.466248
169.053406,43.659363,50.571777,85.146019
171.089035,45.226803,50.804741,85.161446
171.783401,49.758617,50.171867,83.579933
172.441696,53.431465,49.253849,83.517075
171.936066,59.313599,48.296131,82.662323
170.225708,62.635654,46.661663,81.746582
169.942596,65.819061,45.674648,81.355186
163.113373,67.982689,47.357487,79.300941
159.356064,64.509827,46.004326,84.353043
159.556442,63.556030,46.274372,83.515778
155.747147,60.359867,46.359291,84.404755
153.790192,60.232235,45.310192,84.116699
148.008148,64.586960,45.787949,83.400536
146.562698,66.827744,44.428455,82.717651
146.360703,66.825485,44.222744,82.814941
144.017899,65.050957,43.944218,81.140953
142.039383,64.568542,43.470905,81.562920
141.610825,64.520691,43.497055,82.080673
138.926163,63.384487,44.910286,81.785065
136.132477,61.118412,46.666088,83.787750
134.515991,57.718624,48.852364,84.878563
132.257660,56.782093,48.000233,85.880135
128.495285,55.758446,48.294533,84.829041
