1
149.355011,49.742943,90.467789,102.328888
146.700974,49.564529,89.588531,102.755699
142.430725,50.719204,88.584747,102.836327
139.321396,51.090084,87.009178,102.678719
137.345062,50.188244,86.578926,104.942627
136.335648,47.817272,84.968475,105.202492
135.958542,46.941807,84.660851,105.052277
135.200378,43.902393,83.860214,105.501503
134.958908,43.785583,83.997040,105.891159
130.725800,41.744003,85.289505,106.009514
123.101837,38.468853,84.681366,108.503967
115.415337,39.386692,84.929741,108.736893
112.304375,39.422546,84.581032,109.879486
111.389542,36.810749,80.729912,112.148865
109.678658,35.802742,82.376343,112.032791
109.723938,35.971420,82.453148,112.329300
109.759354,36.069336,82.482849,112.406502
110.287201,36.301533,82.209564,112.641769
110.493958,36.941730,83.561600,112.538643
113.146523,38.899288,82.421799,114.006706
114.628387,42.633759,82.006683,115.036743
114.890533,43.105026,82.445160,115.414139
114.943756,43.283573,82.540962,115.346275
115.685242,44.759548,82.702217,115.562737
116.018433,45.141895,82.902267,116.000275
116.055656,45.366043,83.008400,116.491051
116.544853,44.811657,83.510384,117.055168
118.112816,40.586285,85.405968,114.738953
122.323967,35.297924,86.544212,112.106369
126.623489,32.601124,85.270111,110.129204
128.959122,29.361364,84.966431,111.030350
131.634598,28.188345,84.891518,111.392723
133.140106,27.306721,85.147659,111.567223
135.865845,27.470037,86.162178,112.121315
139.536789,31.863735,85.913193,111.020073
139.646423,32.119076,86.021523,111.399872
140.105240,31.940557,86.914635,111.792137
140.199478,31.938429,86.998894,111.887016
140.113724,31.902950,86.916344,111.978172
140.031387,31.690910,86.990623,111.873604
137.844986,31.148037,87.268852,112.401642
128.472702,32.849800,86.908836,112.945915
122.223877,33.462353,86.723244,113.181046
115.909035,34.398441,87.110573,112.335861
111.861916,35.496326,87.916481,111.400093
111.236992,35.749779,87.656853,111.555183
108.569977,37.492443,87.872452,111.415779
108.089798,37.872383,88.056831,111.179024
106.634758,37.496967,89.264847,111.062538
106.808617,36.933620,89.115051,111.886429
106.078979,36.413727,90.580750,110.794884
106.684608,36.245258,90.743675,111.429031
106.747192,35.807362,91.506531,111.362701
106.994644,35.885113,91.953125,111.453110
107.551262,35.467236,92.998642,111.742523
110.285889,38.126354,93.219734,110.757095
111.263420,38.760582,93.342896,110.795746
111.823738,38.810215,93.308098,111.276451
114.213730,38.180809,93.046555,112.876198
114.640121,37.891457,93.538475,112.754776
125.040123,35.004940,90.396339,117.809357
125.907913,36.191525,91.139000,115.739754
126.162842,36.188835,91.509262,115.838593
131.340988,36.149830,89.704071,116.476791
131.079376,36.376404,89.867134,117.057007
130.309143,41.402020,89.878677,112.037704
129.770157,42.440998,90.334572,110.609993
130.056183,42.682175,90.082771,110.947044
130.268585,42.953888,90.393974,110.766289
130.230789,42.995502,90.479675,110.877319
130.656891,42.356552,88.968872,111.921135
130.628891,41.614338,88.891335,111.933594
130.588974,41.559620,88.979271,112.049873
130.645767,41.988651,88.663116,112.571854
130.346512,44.825687,88.241447,112.954330
128.435760,45.436905,88.969414,112.129654
128.393646,45.593754,88.964798,112.445389
127.704796,46.240536,88.801025,112.308464
127.707405,46.309612,88.956116,112.453407
127.646759,46.325577,88.949562,112.443161
124.622200,45.341503,87.098495,113.564560
121.255035,44.349159,87.212540,114.427284
120.729492,42.341663,87.010658,115.984512
120.947144,42.135403,87.347496,116.154510
120.295906,43.110016,87.612328,116.450417
120.509293,44.534431,87.391922,115.724014
119.516403,46.393559,88.702370,114.771263
119.519615,46.736347,89.496918,117.335693
119.949921,48.966072,89.140594,117.659195
120.292244,50.255146,90.730553,116.888374
120.223518,47.326725,90.910538,121.482803
121.413666,47.130199,90.301521,120.131393
127.686394,44.845760,87.100410,122.286728
132.464447,42.672916,87.159973,120.413315
142.157913,41.933956,80.636856,120.027054
142.765900,42.732742,81.195465,120.022072
145.583267,43.010849,79.494110,121.085594
146.772018,41.927433,79.926628,120.168854
150.211304,44.025200,78.820389,118.416313
151.830139,44.577538,77.762871,117.760468
152.146225,44.666729,77.870872,117.942772
152.177979,44.507198,77.876114,117.793610
152.248642,44.716873,77.945885,117.799423
150.039185,45.085117,78.035942,115.482300
146.689957,47.469803,79.156219,109.185127
146.758484,47.159508,79.105331,110.624443
142.891891,49.022011,80.504791,109.494278
139.709015,52.079372,81.143463,107.133339
138.352966,53.676785,81.582634,106.890770
135.903641,54.422363,80.776726,108.414238
131.536942,57.704155,81.328835,106.657928
128.451569,53.726368,80.391975,110.260017
128.401291,53.764256,80.444435,110.427322
128.374283,54.052193,79.869301,110.239922
128.443253,51.415707,79.628845,114.209358
128.541931,51.495033,79.895821,114.384125
128.463211,51.190544,79.832550,114.829681
128.259003,51.280018,79.840332,115.175484
128.267654,52.299339,80.019455,114.820274
128.410126,52.756142,80.320168,114.996376
128.498062,52.762257,80.460983,114.949547
128.720154,52.794014,80.406761,114.976570
130.420578,53.567551,80.476814,111.543427
130.669373,53.691090,80.427673,112.066818
132.135681,56.615650,81.349129,108.432938
135.649124,54.923977,82.136444,108.354431
140.825531,53.747437,82.006729,107.131645
142.710480,53.480667,83.176994,106.237968
143.071045,53.574867,83.394447,106.497620
143.501968,53.758213,83.529648,107.153496
145.053726,54.049377,82.963974,107.419632
145.179947,54.009880,82.983307,107.426643
145.662079,53.675545,82.448334,107.421478
145.689163,53.686958,82.444214,107.423508
145.487350,52.828289,82.317001,106.881355
145.743286,51.148846,80.319023,107.302017
146.193314,48.592026,80.738274,106.201973
146.477646,46.763657,80.170723,106.560669
146.186234,46.014687,80.255585,107.114372
144.500671,46.313713,80.600090,103.813248
142.207092,47.197441,79.096191,103.768288
142.434662,46.940327,78.603180,104.191360
139.826874,49.877422,77.802803,103.883217
138.905746,52.720871,75.176056,101.937057
136.505234,51.662090,72.788498,102.960976
137.591843,42.320343,69.692474,109.634048
137.914627,40.221107,69.056786,110.460716
137.486237,31.450840,64.632477,113.036476
135.941895,32.747509,65.457199,108.755157
135.955124,32.695660,65.402863,107.832146
135.271011,32.856838,65.018356,107.647011
135.802719,34.050877,65.311249,106.248489
136.106644,36.659126,64.610756,104.475143
136.418594,42.577805,64.544075,100.294189
137.523880,48.594185,63.942932,98.612335
138.562881,52.840385,63.553902,94.798332
139.904587,52.672626,63.052395,94.751419
143.571564,52.464359,62.759964,95.351532
144.264526,50.142906,61.575439,95.011093
144.471146,45.836010,60.882595,96.004723
145.641388,40.954643,60.203537,96.741814
146.280899,36.833965,59.785320,95.858871
147.112015,35.805313,59.496227,95.580643
144.981644,34.750023,59.266068,96.158989
144.471436,36.814507,59.187370,96.652618
143.203537,37.796154,59.028873,98.800888
142.760559,39.755825,60.025528,97.929420
141.616409,44.369797,59.835094,98.171356
141.008270,47.542793,61.941540,96.592026
141.075439,48.346634,62.302021,96.285294
140.797440,48.453259,62.508495,96.091278
139.456314,43.758175,63.469662,94.664040
139.890472,41.513657,63.503544,93.405685
138.297424,33.656788,63.871758,93.447266
137.558640,34.422409,63.805969,90.598373
137.754135,34.432373,63.853951,90.781815
137.367477,34.915752,63.670525,90.413132
137.668015,36.007267,65.308815,88.633446
138.947693,37.402370,64.385941,88.624519
140.441544,38.956909,65.244026,87.186829
141.233566,40.027897,63.039146,89.053535
140.419907,46.806973,62.996838,86.764908
134.142593,49.952950,63.967602,84.129219
131.648376,54.117802,62.433678,82.654388
128.141815,55.197750,62.845612,82.529663
124.284233,57.254036,58.877979,81.370544
124.109253,55.588264,58.787495,81.299240
122.097313,54.189350,58.368279,81.376961
119.198929,52.456238,57.616043,80.952499
116.706932,54.882622,56.626659,79.305428
117.043327,53.836308,56.305878,79.200935
117.869919,53.707550,55.906128,79.269302
118.882759,52.565754,55.589542,79.896431
122.895538,49.489151,55.781143,81.541962
126.634216,43.745193,54.241806,88.051620
132.662308,40.507347,53.634792,88.218140
133.924973,34.393703,52.212067,94.656990
134.303970,33.396427,53.332741,85.956734
134.942444,30.170208,65.019630,85.125725
142.319977,32.880894,59.648022,89.030907
144.095001,37.447067,59.724113,89.384903
149.763077,34.976612,59.579041,90.667152
155.728607,37.901451,57.894657,92.071144
157.699707,39.090145,57.723045,90.039597
160.367783,40.012943,57.361523,90.134796
161.288727,41.318764,57.245098,89.855591
162.119186,42.527786,56.602959,89.903938
164.819565,47.301434,55.456635,90.621140
167.092667,50.951469,54.097420,90.881432
168.389191,54.042191,55.177773,90.150536
171.143768,54.763615,53.380322,89.833855
170.955338,56.056561,53.600590,90.165115
167.163712,56.271545,55.374542,91.802338
162.533325,53.701851,54.980343,92.198814
158.826584,56.057278,54.799988,92.781235
154.216217,56.766384,56.868179,93.300781
150.436676,54.544323,56.568203,95.840668
143.841827,52.675270,57.363209,97.499283
143.267242,49.849869,56.723660,99.102203
141.214981,49.710278,57.828514,98.857086
138.895142,49.548977,57.768894,98.193169
138.649139,49.960197,58.477936,100.875282
140.919174,54.147049,59.901558,101.190971
141.940109,54.747353,60.895805,101.190651
146.063156,57.622288,63.057167,102.860855
150.942780,57.875221,63.009964,100.527992
154.545975,56.922993,64.081291,100.830711
160.083847,57.792328,64.107452,101.753326
165.627838,57.206028,63.863331,101.226273
169.425705,58.138306,63.828022,100.494263
170.877930,56.326672,64.744507,101.274910
173.488831,56.203007,64.279716,101.670799
175.350754,56.996971,64.330276,101.380249
175.263748,59.147068,64.540497,101.619316
174.649384,60.964920,64.584496,102.026611
173.644821,63.499397,64.418121,101.246872
170.649536,67.647079,63.863262,98.451225
169.847794,66.316170,63.489326,98.405228
169.270081,65.004715,62.740849,100.361877
169.409698,64.650230,62.935116,100.215157
169.575714,65.066925,62.510120,100.220551
167.868759,62.291981,64.550842,99.555801
171.061371,61.402325,63.966072,100.396187
172.075943,61.350586,63.473381,100.416931
172.720108,60.448002,63.764896,100.840233
178.374298,60.714317,62.764549,102.185287
178.488434,61.192337,62.844063,102.769371
178.551514,61.312752,62.950802,102.976303
178.648834,62.878315,62.847683,103.016464
178.678055,63.139160,62.941010,103.474258
173.726410,63.986736,63.888866,102.948753
171.798691,60.106796,62.029713,104.716827
171.679779,59.808239,62.689980,104.325981
168.475693,54.110062,61.044868,106.505630
167.923492,50.742474,61.628311,107.203255
166.078735,48.236271,60.571690,106.971558
166.401260,47.602116,60.841381,106.692863
166.488144,47.748005,60.954342,106.991951
166.280930,46.381809,60.786499,113.535881
165.538589,50.920540,61.164410,114.035973
165.667969,55.583168,61.387104,114.907204
167.649536,58.596916,61.226650,114.502495
168.853607,60.461231,61.890808,115.161385
170.409744,58.384281,62.311710,117.826317
173.115250,50.177292,63.996925,121.385231
173.812485,48.657406,64.679222,120.852875
174.159637,43.671303,67.177498,118.764671
174.626755,42.219044,67.282150,119.173599
174.772034,41.490219,67.323364,119.268730
173.756012,39.837318,66.778130,118.639809
172.945908,40.104950,66.653313,118.869415
171.919586,40.093746,66.415825,119.741745
171.814133,40.311317,66.184731,120.089294
171.662750,40.659428,66.235443,120.416176
165.069977,41.560230,66.674957,118.366272
157.644104,41.542397,67.079681,119.298058
150.561157,42.558041,67.000450,117.639877
147.052338,41.907825,66.215096,118.082924
141.296768,39.789482,65.499550,115.102226
133.212387,39.056297,64.541504,112.109428
130.799469,38.447903,64.038834,112.091278
127.756203,37.386463,62.656319,111.721977
127.111626,38.915222,62.290321,112.248093
125.678886,41.651722,61.558990,111.985657
125.596146,48.498409,61.364185,110.221970
125.701843,57.218796,61.504375,106.153664
126.099953,59.948925,62.173965,103.659508
127.167946,59.232029,63.494690,104.102455
133.548065,60.851376,65.523560,104.685089
140.836670,57.690132,63.239159,107.296898
143.616165,54.323093,70.427261,107.685226
153.004837,54.803520,68.106178,108.194496
154.244858,54.930775,67.229233,108.402664
154.413055,55.028175,67.380447,108.377396
149.847504,53.225849,67.133293,107.659042
144.344635,52.038822,67.224434,106.518677
138.954880,50.348019,66.831100,107.404472
132.460617,52.088669,67.155693,106.574806
122.106590,55.590328,70.762764,104.358604
114.984947,54.078285,69.304138,106.037376
107.674469,49.576885,67.932335,108.216835
100.726776,43.755093,67.736206,110.485748
95.619888,36.984982,67.268425,110.819977
92.046455,32.439251,66.318451,110.406876
91.852242,32.491207,66.117577,110.296791
91.324547,32.713783,66.091286,110.141258
89.858627,37.878330,65.758919,110.918152
88.941330,40.678165,65.474121,110.954315
84.804817,47.734951,65.336746,108.987450
82.215767,52.025673,64.727043,108.544586
77.133698,56.290047,64.945320,104.389839
70.543053,58.294361,63.995377,102.983780
65.169281,57.875259,63.492550,101.334679
61.314289,54.039196,60.764408,100.395493
61.866962,51.185658,60.659073,100.737907
62.405022,49.095196,60.242737,99.703262
65.246803,46.712566,60.306843,101.071732
71.381065,45.758259,59.669788,102.935356
77.723633,50.304905,57.655743,104.762947
80.693207,53.158646,55.962368,105.118286
81.394569,54.766991,55.533539,104.350479
86.640709,57.516254,55.759399,101.861504
91.757713,61.895760,54.657043,99.593040
96.178123,62.484123,54.150818,99.577545
101.080559,58.618694,53.800499,100.607880
106.279007,52.963032,51.972782,103.497177
109.882462,44.963322,53.833130,104.208694
117.704170,40.099270,57.320606,104.156761
125.107803,35.572948,57.792255,103.171928
132.778137,30.406034,56.744560,105.544899
139.007812,34.111031,58.074894,106.795998
139.599579,35.500801,59.936886,107.602692
140.658249,36.748051,60.860188,107.660599
141.143219,37.920536,61.348217,107.584892
142.683594,39.953030,62.008198,108.358253
142.828873,40.550060,62.476826,108.074463
142.734680,40.695259,62.477417,108.479485
143.108215,40.833279,62.604324,107.907951
143.258728,40.367249,63.521000,107.401779
143.728302,39.352974,63.868568,107.415268
145.092285,39.308662,63.627888,107.118324
144.997818,40.105297,63.974922,107.314720
144.928925,40.388172,64.119621,107.127617
144.614182,41.104897,64.497574,106.968719
143.257263,41.256950,65.045578,106.372398
143.163498,41.244247,65.619904,106.409996
142.787918,41.086742,65.853134,106.527061
142.932022,40.800877,66.266075,107.622063
144.055893,36.976089,67.018456,107.944214
145.500183,29.829929,68.249855,107.602074
151.178406,25.013121,70.020447,105.648293
152.478912,25.050743,68.882614,106.066368
154.731094,32.940586,67.074516,108.973671
154.218536,33.820770,66.515594,110.369690
151.992920,39.742073,67.824120,109.678429
152.254395,41.036289,68.470367,110.401840
149.566467,41.400852,68.782120,109.621391
145.483261,39.315941,69.067566,109.456177
145.793808,35.166428,68.159401,110.398590
152.519257,29.548670,67.967751,109.736755
157.546204,25.734976,67.826660,106.859291
162.212006,26.494440,65.146042,106.345352
162.298523,27.679348,64.752960,106.984261
162.826965,28.501766,63.981285,106.853912
157.579391,29.856501,63.611046,106.257187
151.152527,33.278938,63.618446,105.799454
145.369644,33.469604,60.451454,104.619537
135.270584,36.464424,65.115700,101.675598
128.035080,34.621185,63.399269,100.631378
128.482788,32.243557,59.212765,100.537369
126.439087,27.772118,58.425465,98.808723
131.127808,26.521694,56.941612,98.224686
132.153183,27.193716,55.682087,99.705002
131.850357,29.934361,55.534767,98.882042
131.756378,32.670921,55.429375,99.210815
131.509506,34.977226,55.099331,99.134178
130.605255,37.200096,55.164875,99.582336
126.620071,39.947716,55.428894,99.892448
125.484299,39.795547,54.707901,100.353844
121.458626,36.336494,54.109318,103.631287
124.472870,34.184704,55.929783,102.572304
129.466995,32.752151,54.564610,104.259430
128.521667,32.166809,63.641514,103.679108
138.311523,33.394016,62.591095,104.721672
144.231842,34.394154,58.841972,106.273781
149.287537,35.064041,62.586258,107.576950
158.326492,32.828644,61.776806,108.496819
162.159485,31.900772,60.674335,108.612717
166.799805,29.371281,59.892990,109.444725
167.246033,28.588192,59.879242,109.702675
168.514084,26.851587,59.801685,110.108955
168.739059,26.153986,59.457832,109.596428
169.505478,22.624470,59.408756,109.983200
169.511276,21.310181,59.583195,108.096916
168.644089,20.155363,58.964203,107.314903
167.174698,18.735226,58.754963,105.632515
169.635132,22.525372,58.831253,105.649658
163.191742,29.139963,63.192223,102.838181
162.926605,38.066628,60.442936,99.317276
158.934830,40.275810,61.380932,98.940292
151.431290,39.432537,61.251228,94.526794
145.886551,35.722954,61.703415,93.857658
146.939774,33.372482,61.327286,89.418777
152.144272,25.820557,61.475403,86.604691
155.825378,24.930727,61.448357,87.264366
156.498505,25.344713,61.272537,86.245323
156.933884,28.649918,60.745266,88.687210
157.384598,33.038143,60.887070,84.441635
159.122711,35.447716,60.327377,85.983948
159.063629,38.181805,60.379345,85.908783
160.654633,42.388588,59.733585,85.795860
159.953598,44.800213,60.290596,85.136703
163.167816,45.550827,59.718151,85.301605
163.836121,40.354340,59.578941,84.001694
163.506393,39.748287,59.802731,83.371376
170.535858,39.540936,58.184944,84.030754
171.680908,42.559853,57.422340,82.663742
170.032791,47.267029,56.796436,80.444733
166.455063,51.507122,57.722610,76.466881
162.315521,55.175564,58.132545,74.054741
156.832626,57.022610,58.254414,71.693604
156.285751,56.691242,55.552280,71.759827
155.457855,56.015957,55.652706,72.095390
153.240524,53.056225,54.156685,72.368042
149.307968,50.649082,54.850044,71.374222
144.548096,49.020348,54.363621,70.846741
141.474243,47.057945,55.341808,68.067482
138.934631,36.229980,55.121323,76.863861
138.275223,33.457569,54.997852,73.071098
135.756271,34.289906,55.084949,71.180473
135.248962,39.904133,54.278278,72.682793
135.517563,42.212631,54.186504,72.069771
135.528198,43.245564,54.558670,72.123215
133.041702,48.339859,55.227104,70.878464
133.848083,51.284901,52.703602,73.745377
133.574142,52.014942,52.597183,74.201492
133.477509,52.380302,52.836163,74.415260
133.544037,52.077206,53.401539,74.314445
137.742111,52.036938,56.522030,74.256821
140.548599,51.911747,57.059700,74.660400
145.335098,54.238457,60.545113,74.576088
155.206375,53.663792,59.305649,74.418106
159.279282,54.467838,56.728233,73.029884
160.513077,56.144695,56.208050,73.226830
159.700073,57.206940,54.997860,72.911942
159.414078,54.995270,56.318600,76.441795
165.585114,50.738697,54.471008,80.257843
163.394119,50.043091,53.916382,80.625725
163.320724,50.238377,53.800602,80.769302
153.486740,47.729694,61.587734,77.420639
152.763794,42.986385,53.188282,79.117470
155.738251,43.721481,52.639862,77.734070
155.957413,45.867752,52.381920,76.493965
155.737534,47.685726,52.184181,75.438477
154.907242,51.109879,53.132504,72.928413
155.118546,53.052799,52.349354,72.208374
159.355865,54.871048,52.304615,71.460213
160.392593,55.933979,52.557568,70.882523
161.731766,57.317585,52.461140,70.246513
162.548080,58.353558,52.365120,69.840744
163.705917,59.481266,52.226803,68.891861
163.993927,59.890472,52.118420,68.262741
165.136841,61.037449,51.567997,66.589073
163.943314,61.362041,51.050251,65.789398
161.987030,61.994320,50.214844,64.602898
159.601334,62.367203,47.487488,63.194164
157.431458,61.187824,44.417049,61.984772
155.875519,60.974625,44.137779,58.898582
150.489380,61.834137,44.428108,54.641827
146.682953,61.666100,41.671471,54.412369
145.246689,61.643623,41.762222,54.069561
143.152115,60.843967,40.313171,52.955772
143.125183,60.996151,40.330765,52.864357
139.626846,59.453251,40.691467,51.364784
137.571732,61.547485,42.195004,51.400864
138.154175,56.156979,44.208538,49.612270
139.952988,54.792980,45.650997,51.227936
140.370148,53.170021,46.394890,49.826614
141.457855,52.291317,47.003178,49.398380
141.893631,51.773689,50.126129,49.426281
141.958344,51.348099,51.456921,49.331562
140.097336,50.957161,53.967999,48.121906
135.194473,51.576679,54.423481,48.177471
135.141693,50.244328,55.110596,48.091934
134.934067,46.042805,55.380787,49.285904
135.473022,46.015881,55.438408,49.177616
135.877289,42.151997,57.143841,48.974808
136.269638,40.309559,58.161804,48.394630
134.114807,38.771423,60.843124,48.237339
138.976013,35.247231,59.780540,55.438637
137.692825,33.949398,66.408714,51.115810
137.515503,31.168701,65.803139,52.645348
131.654175,26.711275,60.469757,56.722500
131.404007,26.722084,60.597481,56.925087
127.065437,27.744202,64.249313,57.151722
120.684517,28.872198,64.440865,57.603077
120.227493,31.041456,64.597511,59.425564
116.520859,27.746841,65.457314,59.328045
119.613052,27.790295,65.850204,59.416752
119.740822,26.291994,67.001007,58.239101
126.613060,24.010363,69.946342,59.727894
129.338898,20.141869,68.547806,64.518341
132.373108,18.451168,74.876923,61.978416
140.476807,18.025591,70.027580,62.741570
145.734863,18.164373,70.064545,62.810360
146.044785,19.071444,69.932632,63.938068
148.428940,19.022476,75.065536,62.455326
153.767700,18.743469,70.293930,63.440208
152.143372,15.845258,70.004898,65.666023
153.051468,14.900613,70.466301,65.523308
154.093384,15.329629,71.826515,64.505493
159.954895,16.165403,66.278770,65.586021
156.969650,20.512541,65.002731,70.784622
156.562134,28.995502,65.382446,71.647026
155.104263,34.689205,65.002563,69.802071
147.017960,38.454990,65.758804,70.034637
139.413330,42.366249,62.840008,72.401649
133.735809,42.902916,62.773632,72.593369
127.847229,42.136208,59.310703,73.322098
129.273483,44.897930,57.081570,74.382256
126.437599,44.461891,57.050488,73.937347
126.719910,44.427746,56.692772,73.875557
128.121597,44.602673,56.492619,74.205452
132.529602,45.847164,55.121105,75.085075
134.657959,45.051651,55.259197,76.379601
138.009781,45.321854,55.038830,77.458031
141.118484,47.932590,53.899097,79.232620
143.313614,49.288158,54.213825,80.113777
149.231979,52.623192,54.153492,81.634003
152.475174,53.208878,53.670704,82.182274
156.929413,53.194553,53.298508,82.908638
157.036880,51.995129,52.821865,83.985832
157.636017,49.284264,52.360859,84.410629
158.234283,49.980633,52.577137,85.346947
159.377380,49.917625,53.045605,86.694939
161.655548,51.665691,52.933052,89.029533
161.078445,51.055668,53.053799,89.916138
160.077682,49.042957,53.641529,90.480934
156.866837,43.601341,54.066124,91.976250
155.690903,35.849808,54.654324,93.213615
155.476883,27.870491,55.215557,94.042732
154.349487,25.219364,55.775463,94.851326
148.662613,17.794638,56.440479,92.166954
148.796432,17.710375,56.370739,92.362396
140.426956,20.272669,61.962532,92.929985
135.080017,23.521917,63.715096,87.391670
134.514053,23.985813,63.436348,86.207016
135.037720,26.360567,61.754913,84.791634
135.683746,27.359032,59.930836,85.022942
134.957184,27.883673,59.117577,85.158073
133.868164,27.829624,59.158249,84.557732
133.310516,28.500481,57.802856,85.004707
134.172943,28.555504,56.492065,85.983559
137.671585,28.154758,53.527714,85.053596
138.200943,28.983595,53.890907,85.375374
139.499542,34.566444,53.026226,86.418694
140.449142,38.419079,52.898479,86.204308
140.688339,39.642681,52.733669,86.215149
141.333633,41.783749,52.580761,85.750931
139.834229,42.864227,52.817150,87.490166
139.255615,36.221851,52.758072,95.999664
140.289764,25.363247,52.902313,94.850090
146.391418,18.451872,53.396107,92.627808
148.165451,21.056534,53.636200,94.365929
149.691422,25.432335,53.713291,95.796295
150.426910,27.819265,53.198460,95.376106
150.408096,31.528528,52.819004,95.248764
150.453827,34.705013,52.615833,93.544342
149.826248,35.940968,52.977924,93.357475
148.518585,36.300827,53.029598,92.131546
147.807709,35.218876,53.155743,92.231468
147.892166,35.452854,53.248592,91.698494
146.806625,35.977283,52.486633,91.702240
140.706604,36.570496,52.786263,90.899879
137.807358,37.161743,50.026833,89.751831
136.823975,38.461540,49.399658,89.047363
131.376541,41.379585,49.952938,88.129822
126.121910,42.439800,49.619564,86.959290
122.343216,42.438530,48.466629,85.468582
114.998924,41.937889,50.122490,82.941269
112.831039,40.837963,48.413628,83.115387
116.542458,38.688435,47.895451,85.361320
119.449112,35.794010,46.719444,87.706909
120.399666,34.456444,46.710911,87.519775
125.081345,32.549152,48.320267,88.824867
126.560402,34.054520,47.655220,90.803810
129.507996,40.510220,47.825314,92.155891
133.899109,46.378002,47.958443,91.859711
139.936859,46.995895,49.012737,91.448608
146.727829,43.758141,48.902798,91.576477
151.675644,37.756161,46.746475,94.456512
154.012650,35.381729,46.637146,91.531433
155.704605,33.437744,47.497192,88.883934
156.518204,32.185833,47.803181,86.843948
158.974319,31.899658,48.002781,85.833229
160.522934,32.025223,48.116093,85.883446
160.884613,32.057240,48.458805,85.796387
160.994141,32.133701,48.485722,85.667313
161.220795,34.092804,48.251472,85.719765
157.107834,38.799458,50.561283,82.154182
156.302612,39.172436,49.821663,81.711800
156.155807,39.049671,49.784599,82.915344
150.905472,39.642174,49.340942,85.655014
150.386261,39.440872,49.415043,85.835564
149.611176,39.368591,49.247253,85.974350
149.628204,37.908337,49.360737,85.957733
148.885620,37.377907,49.776253,85.871109
149.253540,36.360970,49.894363,86.258514
149.057999,36.495682,49.927925,86.441948
149.413712,36.595921,50.260681,86.918732
152.805801,36.676010,50.643444,88.037415
152.923798,36.951862,50.912289,88.439644
152.584106,37.236069,50.804848,88.350243
153.077026,37.403008,50.780594,88.529030
152.114456,39.296726,51.356979,89.349594
148.440323,43.600208,50.988800,90.071999
148.372589,47.609650,50.337383,90.561478
148.844040,48.804985,50.235985,91.456245
148.888199,52.200382,49.603825,92.823814
145.331635,55.919689,50.080715,91.853706
142.468887,55.948471,49.878868,91.657173
142.371384,55.377151,49.738014,93.201477
143.447266,54.402237,49.868652,93.874977
142.830383,52.605171,48.878418,94.186646
143.668091,48.009537,49.517933,94.018372
146.430801,47.485905,49.719444,93.508835
147.446411,47.637840,50.024361,93.655724
151.740463,48.126915,50.408623,94.106964
155.310791,47.342636,49.675377,95.247490
155.733322,47.539696,49.937103,95.264511
158.719650,47.243568,50.235714,95.953941
160.030945,44.863232,50.451927,96.388054
161.200012,37.508942,50.630779,97.225632
161.123077,37.414291,50.610069,97.295525
157.170334,35.625237,50.166306,97.172142
153.410049,34.104420,50.182621,96.079971
150.693268,35.393318,50.454910,95.637856
145.997330,40.044098,50.704754,95.722427
141.135956,42.842129,51.352982,93.543671
136.131149,44.211845,52.185581,92.576042
132.690277,46.423046,51.456829,91.657738
126.379143,47.428585,52.691811,91.335449
124.001884,49.949425,50.505039,89.157913
123.640266,49.516674,50.770332,89.025742
119.328262,42.367622,51.409824,93.957741
119.410667,38.318233,51.420650,93.145264
121.169090,38.355797,50.971981,92.175117
123.582817,40.151318,49.143860,93.377708
125.048203,44.310753,49.002071,94.691566
128.558014,47.944736,48.884949,93.780464
134.897461,53.523376,48.662071,95.206161
139.326065,58.411575,48.507885,93.204247
146.096878,59.633472,48.607098,93.287254
150.704788,57.767204,47.299698,92.777267
157.112946,52.581406,48.256683,94.102951
164.892624,53.342716,46.035393,93.257172
167.844360,56.114956,46.585308,93.214607
171.366562,60.233223,46.724140,90.003120
173.525269,64.347481,46.915455,88.517700
173.049789,65.867851,47.836323,88.691757
167.993347,67.908012,49.444069,83.601753
162.919525,67.279869,52.468033,80.504875
160.038071,65.361191,51.884384,78.970818
159.322144,62.337994,50.561314,79.599121
158.874496,62.320034,50.811256,79.207916
157.467133,61.767635,50.202900,78.555023
156.719849,60.001602,50.003582,78.695442
156.928375,59.827202,50.103897,78.610359
155.972244,60.471844,50.557556,78.525398
153.956146,60.478741,50.797440,78.344864
149.830414,60.759533,51.569836,77.536469
145.161224,60.064537,52.030304,77.584427
143.411514,61.243286,51.622540,77.811882
143.544571,62.257530,50.682495,78.122818
143.827011,61.634193,49.475880,79.410210
143.332016,59.778561,49.487869,79.912239
145.005798,57.918522,50.665974,79.957733
146.546341,56.186829,50.315758,79.989090
148.987717,55.177631,52.223686,78.812302
154.130417,59.428936,51.570045,79.113205
160.518661,61.606682,51.138725,80.066849
163.847519,65.570549,51.283058,80.402260
163.817413,66.241997,52.180725,81.079247
167.920593,65.132050,52.839642,81.871521
168.778564,64.778694,52.249149,82.601357
171.524078,58.134167,54.038204,87.035301
170.901306,53.178326,56.365128,88.002090
170.622101,51.998077,56.778717,88.729774
170.848679,48.919502,59.305252,86.708664
167.996979,46.695374,62.850510,87.244240
166.563034,43.399925,64.003181,91.464012
165.443405,35.022652,67.828423,92.238823
170.011047,27.155016,72.086128,88.992195
173.646835,28.414354,71.749405,89.329727
174.164536,28.897621,73.405182,89.450729
174.966690,29.740709,76.016701,87.306358
177.598251,30.573812,78.234932,88.573990
176.908112,30.731661,78.816643,88.766014
175.330750,30.678911,78.533913,88.964912
173.641357,31.197109,79.449066,88.536919
171.178925,30.299755,79.056953,88.403618
167.554596,28.751087,80.711853,85.794937
163.655746,28.883192,81.273659,84.190002
160.587387,31.208376,79.780426,83.757187
160.310181,33.104195,80.556534,83.232170
156.203918,37.354954,80.517601,83.053909
152.694824,40.961758,79.137672,84.358620
152.317535,41.109142,78.259117,85.044228
149.481842,37.834118,77.185463,86.596161
148.999786,37.624470,71.361160,87.805153
149.326492,36.175789,69.902809,87.720055
149.741333,32.432674,70.500290,88.888428
149.356155,29.993357,64.373459,90.357445
156.837433,27.934326,64.155396,91.331963
160.570023,31.021162,62.088024,93.278923
163.410767,33.286961,61.511242,93.261673
166.862762,37.865482,60.486832,93.598579
168.008606,38.561588,58.776283,93.751785
171.199203,39.082748,59.018578,93.668427
173.148178,39.874744,58.328136,94.387558
173.704330,40.367115,57.691372,94.129189
171.198486,39.683754,57.749638,94.381157
170.254166,38.657139,55.168259,94.907776
170.745224,38.036839,55.056316,94.200104
166.737137,38.467495,56.675858,93.245506
165.094299,41.789631,55.839661,92.481476
163.964188,45.295959,55.055248,92.793091
160.976700,48.100616,56.526066,91.362656
159.532272,48.963211,56.517025,91.125458
152.730026,49.742588,57.835255,88.487999
148.206146,49.813770,57.294411,87.783661
147.198212,49.673252,55.900524,88.175621
140.045853,48.914864,59.386944,85.432838
139.457657,47.696518,55.519703,85.399147
138.830444,47.189610,56.290821,84.268532
138.326538,46.737232,53.693256,85.465912
138.036545,46.412521,53.554119,85.767563
138.592712,47.606720,53.240715,86.910248
139.439804,48.351971,54.967453,85.526352
144.158691,47.467773,54.481441,86.033234
147.939651,47.188519,55.392643,85.301384
151.167160,46.865471,55.101894,84.408737
156.241974,46.065037,57.897915,82.874199
159.664505,45.763393,56.210884,81.548431
161.376404,44.670601,55.768227,81.770607
165.795975,42.932617,54.746658,82.183784
167.201202,44.496624,54.091908,81.547501
168.363708,46.497513,53.731037,82.558426
169.162537,48.182045,53.540783,82.041115
169.442184,51.861694,53.324692,81.631882
168.893158,57.807014,53.178070,78.122513
167.017960,62.982777,51.745045,75.544975
166.716690,66.028381,50.228127,75.732468
162.311005,67.875397,50.917141,73.496361
158.275040,64.602882,49.672565,77.007561
158.376694,63.719234,49.143097,77.616592
154.110825,60.744686,49.497158,79.558235
152.347687,61.374775,48.592670,79.594429
146.968994,65.678406,48.660294,78.381912
146.136093,67.396385,47.271801,77.349159
146.378418,68.254539,46.157444,77.133965
142.666687,66.627472,46.015450,77.105118
141.874725,66.354782,45.448154,77.681526
141.263123,66.098076,45.052185,78.095345
139.051682,64.654823,45.601749,77.679192
136.553101,62.035671,47.485954,79.555954
134.257812,59.526020,49.360733,80.054565
132.721405,58.367302,47.265190,81.821693
129.464081,57.232044,47.078564,81.387444
