1
138.512070,49.881439,89.978546,93.943832
138.552032,49.962364,89.984886,93.985016
138.163101,50.326340,88.600014,94.092171
137.628433,50.845898,87.784378,95.491035
136.228027,50.590851,86.870285,96.400963
136.043915,49.204399,85.510742,97.311203
135.100113,47.887646,84.980629,97.508537
134.226685,45.467674,84.686584,98.108482
134.180588,45.302578,84.836571,98.530449
129.895065,43.658840,86.324440,98.976357
122.192841,40.823063,86.784058,99.655563
116.478661,40.556377,84.967262,100.828896
113.113098,40.299774,83.697250,101.406776
111.298851,38.559280,80.666939,103.049164
110.538971,38.000546,81.438126,102.804703
110.547501,38.063679,81.486870,102.719505
110.556877,38.223717,81.489761,102.900414
110.860611,38.351719,81.493347,102.933479
111.050789,39.503799,82.097252,102.260948
113.972961,41.404095,80.648125,103.136711
115.424202,44.781342,80.136711,103.876495
115.771912,46.226704,80.303444,104.049698
115.869545,46.498684,80.491219,104.437286
116.199768,47.559902,80.335464,103.890083
116.380959,47.957520,80.489372,103.902481
116.388458,48.002129,80.480164,103.970268
116.682365,44.886688,81.202576,107.054062
117.514015,42.993351,81.888420,106.280716
121.391800,38.755367,81.692490,106.361755
130.056610,34.866600,79.904587,105.420959
130.839127,32.838413,80.127472,105.605568
135.147629,31.042303,79.954506,106.082314
137.687714,29.878843,80.845840,107.089920
140.553375,30.269842,82.114899,107.816727
143.448456,31.784933,83.152275,107.184174
144.181595,32.054955,84.177094,107.431236
144.547852,31.869699,84.775696,107.628288
144.519287,31.316490,84.979500,107.894463
142.148163,27.491117,85.028748,108.903923
140.865479,26.251997,85.366348,108.686684
136.473068,25.667961,86.345741,110.810989
125.936035,27.773458,86.509758,110.454178
119.655098,31.798841,86.915970,110.157181
113.692009,35.377846,88.295837,106.620438
111.667229,36.082882,89.135567,105.648186
109.561073,37.196953,89.089104,106.039787
109.325829,37.487377,89.364006,106.461189
108.990692,37.711887,89.411583,106.332321
107.466652,37.614990,90.279877,106.153297
107.481651,37.082733,90.356407,106.543663
107.619888,36.551785,90.392242,106.288734
108.494667,35.676735,89.822029,106.161232
108.796043,35.136295,90.080154,107.059654
109.074135,35.348862,90.467079,107.470703
108.921181,35.224392,91.794617,107.525116
110.880058,36.549366,91.329292,107.350266
111.804451,37.286427,91.394989,107.312729
112.160706,37.396084,91.409790,107.449646
112.928940,37.049030,91.324806,107.791443
119.283073,35.514713,91.308441,107.320816
124.893524,34.106281,91.239815,107.633156
125.416420,34.177479,91.392159,107.701836
125.597900,34.235611,91.494591,107.775078
129.584488,33.918755,90.101166,108.153473
129.482239,35.228180,90.605957,109.265549
129.853119,39.005802,90.395866,104.611191
129.899399,39.394058,90.432014,104.642334
129.971161,39.586250,90.394844,104.957115
130.264053,40.644276,90.583542,103.363579
130.452606,40.789444,91.080902,102.924591
130.659622,40.779682,91.456589,102.946060
131.231552,38.787621,90.723190,102.575943
130.993164,38.712189,91.092865,102.811340
131.214386,39.226761,91.323227,102.753807
131.012390,41.732681,90.732468,102.670013
129.668823,42.293079,91.659409,101.897591
130.168823,42.406422,91.253120,101.836075
129.765961,42.680340,91.312729,101.915680
129.597183,42.735100,91.326164,101.941612
129.050125,43.193150,90.606163,102.013451
125.449799,42.310467,90.148994,102.415710
121.782478,38.253387,89.267815,105.315628
121.579765,35.791943,87.019913,107.542892
121.812195,35.999325,87.453873,107.951859
119.944672,36.415054,87.406876,112.165939
120.022583,39.372280,86.634087,112.498512
118.617348,42.545609,88.706055,110.335670
119.658791,45.072933,88.821220,111.231201
121.004959,48.453026,88.178329,110.201927
121.665718,50.281776,89.765068,108.624878
121.380760,45.457844,89.112770,114.455475
122.085777,45.500076,89.127892,114.263954
122.665627,45.424164,89.379593,114.228378
129.159637,44.080536,89.074722,112.525261
141.397263,41.698456,80.968185,115.968124
142.634216,45.188156,81.470245,111.366608
145.013657,47.727139,79.253250,111.176895
146.443420,48.153545,79.773872,110.579041
150.255539,49.644142,78.145691,108.978096
151.523544,50.493042,76.999107,108.030945
151.576218,50.802345,76.947197,108.409981
151.585464,50.411133,76.556900,108.011826
151.554764,50.469662,77.295700,107.584351
150.801254,50.573299,77.585838,106.950394
149.841644,51.363552,77.956589,105.289810
149.106857,51.213909,78.060760,106.134300
140.641663,53.006104,81.695747,103.333885
138.381256,54.217640,81.206474,102.640541
137.617737,54.010353,80.403893,105.807167
134.969238,54.029480,79.701385,107.478325
129.662735,58.107960,80.159363,104.475586
127.483749,57.441223,79.721039,104.791946
127.577225,57.394806,79.926819,104.976219
127.065994,56.278439,80.251442,104.415871
127.303024,54.831017,80.153862,107.274673
127.730255,55.036392,79.632553,107.175423
127.912186,55.189854,79.958183,107.461525
127.686768,54.827747,79.990341,107.449959
127.770493,55.423992,79.871841,107.085243
127.765831,58.044941,79.505386,106.887741
128.015259,58.096935,79.956772,106.961853
128.492691,58.146778,80.211349,106.816635
130.307907,58.122326,80.626968,105.941826
131.389450,57.748119,81.102425,106.260132
132.706833,57.558540,81.718437,105.662056
135.876923,56.479073,84.222725,104.553284
138.831177,55.329376,84.411423,104.979561
142.922989,53.996391,84.567078,104.346390
143.523865,53.535591,84.888794,104.786545
143.637070,53.677059,84.980927,104.949120
143.788940,53.907749,84.858185,104.966797
144.093872,53.887836,85.000031,104.848282
144.548859,53.761509,85.395981,104.928337
144.689819,53.538734,85.291039,104.870155
144.398224,53.427795,84.959709,104.720222
144.554688,52.433205,84.540115,105.031837
144.708359,51.144329,85.120522,103.636879
145.746979,48.674984,83.912697,103.697197
144.763535,46.968311,83.371284,104.724190
142.556335,46.085800,81.993866,103.424484
141.705566,46.612865,79.545158,103.696518
141.827194,46.207695,78.908066,104.122780
139.324814,49.204544,77.930786,103.482750
138.328766,53.098755,74.538506,101.280037
135.874893,53.524815,73.148796,101.384956
136.701736,44.850826,70.064171,107.974976
137.587906,37.961983,68.339172,109.101692
137.010910,35.529736,65.319481,109.299675
135.515717,36.533287,66.254440,104.616058
135.648071,36.684696,66.464569,104.892502
133.968536,36.303268,65.864189,104.833946
134.420853,36.576443,65.781853,103.932602
134.589737,37.414555,65.750244,103.459534
135.623810,42.043339,65.075287,99.996933
136.870499,46.073799,64.229240,98.758682
139.931168,53.422760,62.515488,94.363602
140.883499,52.833267,62.218014,94.031799
143.720276,51.429131,61.459248,95.397514
144.089325,50.665180,61.258129,94.792641
144.559998,45.705551,60.387009,95.815193
146.200500,41.184700,59.485668,96.392235
146.597321,37.120625,58.861721,95.682968
146.925629,36.653957,58.793541,95.663307
145.163971,35.504478,58.667664,96.076347
144.835419,36.630600,58.772453,97.254189
142.735291,36.390118,58.407825,100.086952
142.068665,39.374844,59.577835,97.343758
141.470688,41.838085,59.553207,97.468857
141.600891,45.166309,60.427864,95.945580
141.746689,46.216469,60.587166,95.436813
140.634445,47.994350,61.838665,93.596786
139.450592,43.232761,61.733475,94.695541
140.644272,39.998310,61.605221,93.893639
140.007431,33.402740,62.049515,93.951317
138.993347,35.159840,62.417351,90.505447
139.071594,35.227417,62.365883,90.942368
138.350128,35.633827,62.138382,90.172699
137.615250,37.088997,65.691986,88.912292
138.882172,38.132511,65.054688,88.494354
139.793594,39.681358,65.645882,85.662933
140.225128,41.190571,62.957726,86.439163
139.431763,47.665348,62.706188,83.912285
133.337021,52.117992,63.155426,81.206566
132.427505,54.402882,62.641106,79.988663
127.414497,54.747993,62.797398,80.028641
123.999130,54.894848,58.561977,80.499565
123.929245,52.816982,59.073002,78.853279
122.025505,52.896954,59.182415,78.483627
118.166527,52.735435,58.482296,77.210472
116.575035,53.589279,57.483173,76.776863
116.699791,53.464653,57.187263,76.983757
117.026131,53.698879,57.317261,76.881844
118.401474,51.313122,56.849247,77.511292
122.697021,49.754467,56.928753,78.461197
127.791519,45.846004,54.224987,82.740532
133.488449,41.510960,53.440075,82.349609
134.808502,35.336048,51.778278,90.530357
135.203842,33.769485,52.495102,82.361816
136.008163,30.650049,62.501110,82.980728
143.896866,33.096951,57.479454,85.772766
144.673355,37.437546,57.508434,85.453041
151.151901,36.023941,57.909065,85.811707
155.936096,38.760483,56.436569,87.210220
157.766510,40.235043,57.147091,85.336441
159.574203,40.742249,57.192375,85.147499
160.526291,43.252350,58.346214,84.354744
161.541397,45.207367,57.229687,85.373657
165.141907,48.703430,56.160500,86.190086
167.101990,50.817410,55.373692,87.415665
168.053635,53.595806,56.884426,87.189468
169.446518,54.083035,55.903713,86.759201
169.351028,55.579578,56.033508,86.732567
165.921432,56.269032,58.377750,87.467133
161.694412,55.551571,57.999470,86.801575
158.281067,57.067680,57.906738,87.856972
153.365555,57.092907,59.563988,87.162926
149.479446,55.827850,58.867081,88.782516
144.091873,54.943813,58.496231,89.576324
143.088028,52.143177,57.696270,90.926208
139.878815,51.124630,60.201756,90.760178
138.880173,49.135227,60.079220,92.002159
138.718216,49.484787,61.120228,94.312561
139.203125,50.386055,61.965534,95.913132
139.794708,51.257278,62.041645,96.289536
144.636597,54.736408,63.588081,100.278648
150.715622,59.062725,64.287476,97.696533
154.785873,55.916508,64.790749,98.635910
160.275223,57.740013,64.403717,100.410973
165.584457,56.052757,64.146484,99.581444
169.165817,56.977833,63.481609,100.573723
170.661575,54.965908,63.507328,101.672592
175.436279,54.406658,63.068470,102.665108
176.524872,55.322006,63.518345,102.793060
176.001160,59.292107,65.329788,102.629166
174.452744,62.452942,64.869186,102.390289
172.991241,63.160633,63.896706,101.017326
170.454544,66.903954,63.336357,98.971481
170.015060,66.362587,63.269913,98.777351
169.634155,65.621346,62.852165,100.983574
169.460022,64.435150,62.966618,100.289505
169.610306,64.814674,62.510120,100.220551
167.903336,62.039726,64.550842,99.555801
171.095963,61.150074,63.966072,100.396187
172.195877,61.030666,63.665859,100.738319
173.109482,59.918530,64.178253,101.553429
176.588699,60.521641,63.790215,102.211647
176.774048,60.956394,63.838333,102.750267
176.853302,61.079231,63.977688,102.963791
178.644440,63.074677,63.491570,103.854370
178.629852,63.182457,63.443001,104.006325
173.598404,62.818367,64.468323,103.371254
171.290817,59.896984,62.213253,103.919563
170.966660,59.172417,62.678440,103.156830
168.530884,55.250324,62.222496,103.906593
167.341934,50.691158,62.396603,104.808128
165.702850,47.802906,61.566181,104.884583
166.041138,47.289017,61.836433,104.999832
166.012283,47.230240,61.931656,105.011909
165.903229,46.088039,61.881550,111.258850
165.454727,50.298374,62.014389,112.082169
165.348419,54.792507,62.864105,112.078682
167.034790,58.034134,63.195278,111.516945
168.133850,59.489532,63.813824,112.337799
168.507080,59.314526,64.288994,112.813766
172.900375,48.277298,65.517593,122.467354
173.345093,46.454494,65.936729,122.174622
173.601334,43.257210,67.924576,120.742844
174.082886,41.271503,67.764748,120.797699
174.306351,39.063477,67.615807,120.313408
172.949066,37.698181,67.512398,119.520882
172.624878,37.998268,67.662827,119.993469
171.559814,37.946663,67.559540,120.022057
171.245956,39.072956,67.219215,120.844185
171.009918,39.413952,67.290207,120.829872
164.920883,39.710007,67.065277,119.320229
157.806915,40.505283,67.100777,119.188660
151.258240,41.038830,67.246010,117.448685
147.732010,40.838917,65.872566,117.343208
141.841736,39.267193,65.186775,115.243690
133.878372,38.899193,64.027771,111.387978
131.441589,38.954563,63.179253,110.902992
127.990662,37.837513,61.555218,110.012680
127.482300,39.349186,61.394142,110.263542
126.162132,42.839867,60.918530,109.731918
126.209190,50.272732,60.368786,108.325584
125.665535,58.572197,60.518543,105.443649
125.858604,60.530384,61.487450,103.244919
126.839836,60.469387,61.931824,103.629860
134.148148,61.326954,64.050308,104.058617
140.682556,57.299484,62.141865,107.836937
144.798645,53.940414,67.873161,108.607780
154.339050,53.615814,65.753860,109.495499
155.153244,53.236855,65.365219,109.530464
155.034866,53.352798,65.445496,109.813736
149.829956,52.056797,65.328835,108.817749
145.843506,51.036098,64.987106,107.253922
139.421204,50.138634,64.915649,106.998238
132.645920,53.131935,66.075409,106.127937
123.218933,55.730183,68.993896,104.143944
115.771416,54.951797,67.797935,105.738632
108.827202,49.973663,66.645706,108.178375
101.166145,43.018692,66.789833,110.798676
95.918106,36.852234,66.522614,111.592125
92.193329,31.607939,65.545723,111.101219
92.018631,31.736202,65.717308,111.467972
90.695183,31.931166,65.538429,110.924408
90.656471,35.588177,64.600021,110.491447
88.611588,39.771370,65.433685,110.472244
86.570015,46.809673,64.996964,108.776901
82.473740,53.588913,64.733017,108.486855
75.511993,56.451359,64.785545,104.871185
69.668365,57.121811,63.737999,104.523186
64.895439,56.827354,63.580860,103.172455
60.634525,53.189079,60.649895,102.403580
61.289501,50.194843,60.680035,102.790756
61.987991,48.172379,60.321308,102.523811
66.912697,46.648869,60.034458,103.957283
72.990097,45.776093,59.356876,105.789185
77.828865,49.212776,57.561710,105.859276
79.987000,51.622711,56.494835,105.896225
80.941513,54.463257,55.902847,103.680077
86.164421,57.296032,55.865646,101.578255
91.228302,61.817158,54.657043,99.593040
96.787712,62.244694,54.192905,99.583153
101.669106,58.376461,53.800499,100.607880
106.867546,52.720798,51.972782,103.497177
110.383163,44.437637,54.121422,103.502846
117.002678,39.375298,57.368790,104.105522
124.162643,34.120369,57.819614,102.573830
132.244690,30.272945,57.837097,105.888771
138.833237,33.323437,58.466484,107.387733
139.323975,35.230000,59.764912,107.801392
140.468643,36.377895,60.860188,107.660599
140.869843,37.319832,61.192238,107.660591
141.800980,39.864822,62.066860,108.204132
142.026672,40.474083,62.500374,108.262466
142.128738,40.610165,62.918934,108.455078
142.494766,40.518753,63.115391,108.164940
142.714020,39.476166,63.904594,108.401367
142.994415,38.770855,63.918438,108.332886
144.112686,38.874630,63.717525,108.025719
144.298599,39.589001,63.938728,108.441154
144.362534,39.923904,63.971729,108.186859
144.017365,40.873306,64.004333,107.708595
143.465134,40.845306,64.964981,107.880272
143.020599,41.315376,65.055855,107.489845
142.616089,41.137383,65.550087,107.242317
142.851013,40.581909,66.030228,108.493118
143.824295,37.518127,67.125656,108.145515
145.408096,31.812397,67.970810,108.096100
150.983765,25.496193,69.797318,107.565987
151.253433,25.637882,69.773689,107.898315
154.893005,33.110901,66.781319,110.555702
154.861435,33.899715,66.327728,111.813652
152.371765,39.704102,66.615082,111.384155
153.062225,42.907310,66.888260,112.401039
149.783508,41.714417,67.758888,111.391365
146.731354,38.706760,68.286110,110.711288
146.319611,33.639141,66.554062,112.841263
152.539352,28.418209,67.309494,111.685715
157.447342,25.598568,68.156502,109.792442
161.032303,25.651583,67.069046,108.392029
160.605698,27.002804,67.075592,109.733963
160.917999,28.269455,65.386566,109.641670
156.308365,28.771996,64.449043,109.346848
149.492218,30.205381,63.920185,107.896255
145.249069,30.855692,60.310993,106.701424
136.727264,34.224251,64.186462,104.667770
128.000824,32.816303,63.095757,103.006630
128.263458,30.812853,58.090622,102.976715
125.800270,26.168781,57.666698,99.871033
131.739059,26.006729,57.170238,99.964836
131.860443,26.438906,56.851231,100.014061
130.782501,29.085602,56.659481,99.646172
130.924789,31.243616,56.675682,100.111801
130.783539,34.205387,56.367725,100.077599
129.605957,36.386559,56.081490,100.419373
126.758263,38.994797,56.021866,99.662804
124.845459,39.882343,55.956005,99.738533
121.738983,36.812943,55.150703,102.607887
124.078659,34.008972,57.136509,102.182358
129.102905,32.630165,55.623997,103.394112
129.810654,31.557552,62.460186,102.530998
139.337128,33.717472,61.155945,104.121574
145.183258,34.779980,58.214241,105.954994
148.233658,34.688816,64.125992,105.641594
157.166794,30.873251,62.689457,106.363808
162.475922,29.817009,60.338192,105.904175
166.213028,28.671936,59.354523,106.691299
167.686813,27.980042,59.084179,107.815262
168.556747,27.147602,59.394016,108.230293
168.904984,26.305857,59.093060,108.307686
169.809464,22.225313,59.261959,108.414383
169.876190,21.459471,59.219715,107.716568
168.208771,19.982325,58.798111,106.081512
168.040833,19.515688,58.694817,105.649948
169.072678,22.407051,58.729786,105.788948
164.475494,29.595861,62.148888,100.839073
163.349213,36.498882,61.196938,97.436165
157.713257,40.534142,61.348686,95.188683
150.593002,40.491390,61.316200,93.275696
146.045319,35.834576,61.479988,92.811043
147.150345,33.453144,60.782188,88.555145
152.693146,24.727669,61.393204,87.124153
156.095993,24.297169,61.455948,87.444313
156.069473,25.340326,61.501717,86.537659
155.827667,28.924816,61.328854,88.294296
156.371201,33.761036,61.311333,84.090424
157.540390,34.313351,61.250740,84.765961
158.207748,36.787991,61.180859,84.596848
160.043945,39.932152,60.704002,84.787491
160.185623,42.049683,60.869625,84.242142
164.097061,43.389168,60.200363,84.227936
164.368225,38.039349,60.128368,84.035599
163.944809,36.909489,60.286842,82.879326
171.961075,37.959187,57.312462,83.397057
172.677124,42.548687,56.117977,81.938240
170.255554,46.898773,56.330769,79.621033
166.664841,50.170937,56.641304,77.616165
162.404251,53.719234,56.770332,75.769211
157.312531,56.175468,56.425468,73.965126
156.583740,55.715508,54.431858,74.592873
155.908340,54.666538,54.627312,74.501328
153.059540,51.850742,53.804638,74.673744
148.651093,49.951965,55.495457,72.593948
144.135239,48.955379,55.194042,71.769890
141.731125,46.674736,55.844967,69.702591
138.945999,36.599293,55.636578,78.145050
138.080658,32.718792,55.189171,76.164024
135.477402,32.757095,55.287052,74.747765
135.239700,38.452194,54.814377,74.920601
135.875870,40.114510,54.529686,74.208832
135.448776,42.277683,56.073612,73.435905
133.502731,46.668785,56.759480,71.977325
133.755508,50.674046,55.801743,72.825882
132.997772,50.947464,55.757793,72.880905
132.843216,51.219818,55.790028,73.102417
133.480774,51.485027,57.554932,73.142899
136.764297,51.665176,58.935127,72.761063
139.403366,51.759876,59.131573,72.982422
144.756989,54.780235,62.599770,71.671974
152.934967,53.849407,62.068405,70.818390
158.645630,53.459278,59.455471,70.183411
159.418304,54.301254,58.538486,70.879654
159.052094,54.454269,58.122692,71.019684
158.720734,53.310707,58.772873,72.586662
165.946182,50.752827,57.202656,74.434296
164.042984,50.127533,57.144085,74.100632
164.251740,50.498379,56.470356,73.905983
154.260376,48.187313,61.928902,69.973526
152.555725,43.972755,53.687439,73.258507
155.865051,43.995159,53.766094,71.606895
155.740204,46.783596,53.205093,71.121162
155.128220,48.352951,53.398739,70.687775
154.309891,50.769939,54.104889,69.348747
154.396576,53.016563,53.916828,68.482162
158.149704,55.721085,54.217556,67.148933
160.067108,58.352943,54.450378,67.045219
161.255020,59.596558,54.174141,66.808937
161.735931,60.099285,54.405056,66.660255
163.124725,61.065353,54.292820,66.329758
163.509827,61.759247,53.698143,65.894173
165.169464,62.438301,52.055462,64.998260
163.908173,62.487190,50.885990,63.601509
162.302979,63.388664,49.597843,62.787506
159.492737,63.125381,46.942978,61.309448
157.149628,61.702576,44.376053,59.964798
156.646561,61.557140,44.189106,59.289276
150.960312,62.466068,44.667088,54.876678
147.553665,61.531506,41.569004,53.718361
145.862091,61.194603,41.551033,53.829170
142.517746,60.673637,40.620613,53.295013
142.537476,60.781364,40.859737,53.437164
138.996506,59.077740,41.253727,51.814987
137.346069,59.773258,42.534599,51.434639
137.151733,56.115456,44.733761,49.583714
138.699432,54.003361,46.236340,50.656792
140.049042,50.960304,46.843117,47.995235
142.035568,50.956329,47.114468,48.100941
143.305542,50.909706,50.004169,47.613712
143.331131,49.200756,51.325901,47.457432
142.932022,49.408340,52.463318,46.389370
138.572144,49.525154,51.846397,45.441685
137.661377,48.805134,52.919037,45.869957
137.183029,47.395786,53.016613,46.260159
137.584518,46.850220,55.681149,45.707184
136.992889,43.791229,57.111095,46.652328
137.475403,41.650726,58.077480,46.925152
135.859909,39.786049,59.533970,46.055187
140.769638,37.154999,59.128025,53.562355
138.946716,33.165867,63.115406,49.236931
138.552551,31.323612,63.677334,50.796902
132.260208,27.373526,59.810314,53.791924
131.837173,27.364304,60.298622,53.813072
130.027634,28.188416,61.416306,53.574001
123.988289,28.842075,60.073360,54.655270
123.263229,30.761993,60.702415,55.414452
118.928902,25.901665,60.410503,56.592873
120.209175,26.043037,61.486435,56.985817
121.143166,23.020054,64.202637,54.678528
127.557014,18.786306,67.768791,58.745163
128.726501,16.463743,68.720612,59.547314
131.024902,13.886909,74.713425,56.344715
137.123840,13.560837,72.086502,56.392944
142.227554,14.664234,72.169395,57.290504
142.703949,15.424773,71.985664,57.644791
145.451920,15.351904,76.710602,57.094276
150.328354,14.116331,73.241409,60.630402
149.441025,11.046939,72.559517,62.278656
150.084381,10.521379,72.518623,62.410664
151.351929,10.978639,77.196976,61.602917
156.631088,12.263630,70.931526,62.934551
154.647064,15.705045,68.470894,66.784966
154.227448,18.061846,70.147354,66.195694
151.622452,23.518589,69.428093,66.501709
144.577484,28.067263,71.876427,67.646606
136.404068,32.153313,68.968338,70.050720
131.516083,36.671089,67.516800,70.934784
126.905197,36.614231,62.565300,71.910683
129.050674,39.391716,60.092968,73.431808
125.155296,39.439846,60.011536,74.270821
125.454773,39.349648,58.985779,74.307251
127.385330,39.695705,58.900524,75.107590
131.773224,42.445755,57.315475,75.665253
132.206833,42.377167,57.412666,76.338257
138.146957,45.120716,56.525600,77.655228
140.671753,46.682026,55.683155,78.572334
144.884491,50.850266,55.821396,80.095520
150.138153,53.151455,55.061462,81.345314
151.941254,53.331532,54.644676,81.552544
156.954010,52.441341,54.326317,82.999245
157.300156,48.628365,53.739525,85.981155
157.359360,47.571487,53.758698,86.012787
157.519379,47.632721,54.000122,86.963364
159.370804,47.319920,54.292225,89.216217
161.547348,48.442627,54.128788,92.006554
161.225861,47.124577,54.330620,93.268623
159.245239,44.765129,54.556721,93.938431
157.202713,42.017754,54.723324,95.163124
155.306366,33.830364,54.807636,97.483955
155.883774,29.501852,54.596584,97.482018
154.747147,24.972630,55.579128,97.949799
149.371521,18.293880,56.451553,93.460732
149.020020,18.067066,56.341053,93.575111
139.509384,19.129587,63.902702,94.786842
134.420914,23.695543,65.794601,89.148277
132.288361,22.910732,65.132729,89.490051
133.675919,23.956379,63.721676,88.650360
134.314560,24.584126,62.549828,88.762245
133.653854,24.993979,61.911144,88.373955
132.559082,26.505333,59.906151,88.343346
132.603119,26.996710,56.110794,88.593643
133.253662,26.391569,56.304768,88.804657
138.279236,26.905937,52.329857,87.470764
138.737610,28.542917,52.122143,87.199478
140.262909,34.698132,51.775940,87.532822
140.695343,39.594242,51.927761,87.859200
140.954239,40.239845,51.682373,87.783302
141.556198,40.954327,51.766396,87.611946
140.909470,40.936619,51.691467,88.708389
140.427353,36.862736,51.767685,94.605972
140.475479,26.358244,52.458996,94.495850
146.478928,17.905523,53.535915,92.898331
148.926804,19.620028,54.649357,95.240860
151.143280,24.060703,54.419304,95.542961
151.641144,26.644531,53.547527,95.132820
151.271484,31.881664,53.330002,95.106407
150.708145,33.978027,53.382462,93.482422
150.324600,35.102543,53.489235,93.062935
148.948410,36.391094,53.582504,91.387566
147.977905,35.850628,53.756176,91.377121
148.048233,36.056828,53.634937,90.511185
147.061935,36.926506,52.876690,90.556999
140.953201,37.422295,52.800167,90.605598
138.284912,37.800835,49.965546,89.872849
136.860657,39.123226,48.799118,89.075478
131.382599,42.290249,49.510979,88.074600
126.202332,42.446308,49.967999,87.179070
121.995514,42.742645,48.417164,85.940399
115.627556,41.641163,49.740738,83.609390
112.784096,40.790070,48.533878,84.001808
116.823471,39.501240,48.522350,85.409187
119.633011,37.004108,46.852505,87.559334
121.006836,32.008259,46.781933,86.980835
126.070480,30.552603,47.842331,87.836624
128.226669,35.222958,46.535599,88.717773
130.439804,42.826778,46.633305,89.461494
133.418762,46.314102,47.723198,88.476349
139.727936,47.448185,48.936718,87.391434
146.902328,45.936546,48.736839,87.830040
151.961212,39.237171,46.806358,92.184586
154.564651,37.151951,46.242302,89.796227
156.050674,35.473648,46.878513,88.184425
156.216019,35.524422,47.419495,85.638329
157.863998,35.719784,47.688717,85.455063
159.408188,36.173992,47.620659,85.231102
159.723801,36.434689,47.931149,85.087769
160.286484,36.076931,48.792953,84.727493
160.396515,36.240295,48.998611,84.943459
157.317108,38.784431,49.889317,81.813591
156.299561,39.259418,49.364857,81.527588
156.272736,39.314720,49.372501,82.583366
151.677521,40.043747,49.326096,86.084824
151.352554,39.891197,49.768074,86.517647
148.980545,39.589188,49.180122,87.071373
148.944107,38.201607,49.641842,87.911652
147.805756,35.574085,51.235390,87.314728
147.910568,35.630619,51.408756,87.485229
147.839462,35.898895,51.408329,87.106720
148.583969,36.274200,51.536205,87.975281
152.808899,37.022587,51.314392,88.097809
152.758377,37.296162,51.344978,88.429482
152.612381,37.572472,51.273014,88.446030
153.561020,37.736706,51.165115,88.391304
152.185974,39.790657,52.369396,89.243462
148.783981,43.432816,51.635685,88.975288
148.890030,47.900928,50.509525,89.634361
149.358871,49.088528,50.749187,90.299210
149.470215,53.330273,49.889351,92.278648
145.592926,56.137196,50.512779,91.628998
142.542084,56.176254,50.095695,91.097977
142.594666,55.779545,50.366707,91.940208
143.530304,54.958130,50.224365,92.411545
142.921783,53.253918,49.466793,92.687683
143.772781,49.062889,49.464920,92.271439
146.108536,48.201855,49.415100,91.493698
148.699692,46.651390,49.629688,90.783257
151.337036,47.905094,49.765053,90.609940
153.955658,48.014248,49.255020,91.089462
154.441559,48.334026,49.360565,91.279396
158.053970,49.426365,49.629871,91.825432
160.283875,45.516468,49.953007,94.076309
160.960312,38.510441,50.213493,97.290421
160.611206,38.304394,50.213528,96.900711
156.702072,36.382290,49.768085,96.533981
153.779221,34.967770,49.502224,96.508949
151.011429,35.615211,50.149071,96.144516
146.462372,40.283882,50.969467,96.004120
141.586441,43.424889,51.065105,93.997185
136.083862,44.166645,52.279919,92.529755
132.907181,46.560207,51.612419,92.343185
125.726692,47.215450,53.744328,91.435310
124.181206,49.259060,51.134205,89.180359
123.903160,49.308891,51.235611,89.186928
119.399208,44.411507,51.674221,90.755852
119.898659,38.988312,51.174793,91.020187
120.784248,38.840530,51.467350,90.907440
123.294968,41.131481,49.209152,91.725693
125.706032,45.211037,48.398594,93.240608
128.956787,49.580688,48.434879,92.276985
135.582520,54.902447,48.250988,93.690781
140.006805,59.342831,48.266781,91.934349
146.863144,59.576637,48.276955,91.540131
150.612320,58.395103,46.781738,91.488434
157.192444,52.214787,47.918991,93.510536
164.579712,52.371700,46.050133,93.117256
168.037964,54.997292,46.653809,93.761208
172.059555,58.606354,46.927994,90.499229
173.477921,63.326965,47.189205,87.669975
173.566086,67.572975,49.294167,85.649574
168.871170,69.153893,50.119896,80.726295
163.771179,68.913864,52.091747,77.721306
161.035461,66.031593,51.741703,75.294609
159.646912,61.766178,50.475269,77.595261
159.375595,61.747192,50.658257,77.535034
157.795792,61.227100,50.384636,77.848625
157.855408,60.858345,49.896049,78.076004
157.938110,60.224007,49.634003,77.807343
155.057541,60.580769,51.223679,76.816513
153.941071,61.008461,51.158054,76.641113
149.898209,60.834492,51.983700,76.558807
145.625534,60.585155,52.337208,76.973068
143.956207,61.615303,51.543114,76.811722
143.606247,62.006138,51.539787,77.109039
144.553802,61.757175,49.794483,78.371956
143.849289,59.116604,49.694836,79.397377
143.217621,57.100513,53.006599,79.288544
145.306870,55.882660,51.361366,79.296600
148.932816,54.874447,51.927555,79.288055
153.889343,57.674183,51.091339,80.029465
160.429260,60.065357,50.199543,81.310829
163.426559,64.520851,50.758514,80.866570
163.697495,65.833336,51.514446,81.339836
168.158325,65.130424,52.388344,81.288475
169.313278,64.566261,51.825649,82.317673
171.966034,57.722637,53.469543,86.591171
171.311020,52.251205,55.864170,87.436371
171.387054,51.209934,56.267826,88.406067
171.306717,48.491909,59.642502,85.196007
168.963928,48.238174,60.586143,85.270607
167.512527,44.328579,63.808834,90.382362
165.974564,36.449417,67.630630,91.156555
169.171066,29.792759,72.575783,88.410538
172.573135,31.509445,72.233253,87.918732
173.767868,32.377811,73.998672,87.343575
174.988403,32.405758,75.189827,86.838097
176.353928,31.769442,77.005951,87.802925
176.202408,31.795858,77.381813,87.915886
175.353134,31.651714,77.241722,87.755554
174.067413,32.690784,78.083519,87.724510
172.484650,31.864157,78.204483,87.806946
169.584061,30.987020,78.956200,86.952499
165.701202,30.890728,78.834122,85.932404
161.886063,33.015720,76.503769,85.029160
160.842407,34.848198,77.248787,84.599030
156.813553,39.130802,77.685341,85.151634
152.140442,41.404694,78.554413,85.122841
151.960571,41.330486,77.472565,86.129890
149.704895,38.325783,77.144821,86.745323
149.321884,37.671867,69.409332,89.696922
149.702881,36.974709,68.413361,89.984558
149.455734,33.165779,69.906525,90.028687
147.854111,31.090351,63.304108,90.946442
156.443604,28.894745,62.957607,93.289978
159.919312,29.646988,61.327530,93.862274
162.360336,31.275528,61.086815,93.344322
166.151535,35.868099,58.443764,93.883492
166.759384,36.882156,58.187103,93.403931
170.239487,37.256836,58.536831,92.953094
174.005493,39.113884,57.010075,93.315353
174.412476,39.435223,56.991329,93.281250
171.149078,39.817013,56.467434,94.115265
170.924179,38.517395,53.918629,95.426224
171.082855,38.213589,53.874458,95.358971
167.422577,38.598728,54.798023,94.174759
166.342148,43.884346,53.738972,93.636513
166.772507,46.797638,52.110970,93.621368
163.764938,50.180546,53.984764,90.619209
159.893555,51.626232,55.263622,88.747719
152.516144,53.573589,57.366772,85.139175
148.640350,52.442154,56.250801,85.985336
147.710815,51.806171,55.433975,86.325844
141.850616,51.723343,57.740128,85.362747
142.116089,50.663754,53.731956,86.075081
140.341858,49.636120,55.366222,86.460579
140.015335,48.606625,53.895504,87.383980
137.688660,47.826889,53.142189,87.183456
137.650482,48.761280,52.727127,89.318352
138.264099,48.382336,53.372898,88.228050
143.194763,47.441799,53.063282,88.510666
147.782120,46.880535,54.912464,88.388939
151.199799,46.740391,54.855232,87.208664
156.742935,46.599438,56.844715,86.126564
160.697571,44.791443,54.288063,85.544991
162.550949,42.872326,53.554783,85.534737
166.398697,42.318378,53.300591,85.373817
169.061661,43.708702,52.855221,84.900200
169.836472,45.620319,51.893074,84.730881
170.602142,48.169758,51.348194,83.195732
171.700729,52.049358,50.540466,82.911903
170.606888,58.843781,50.300747,80.041183
169.135208,63.737759,48.725128,78.249161
168.875931,65.884163,47.662144,78.390282
162.725510,68.424103,48.842911,75.956833
158.691605,65.842255,47.441917,79.513008
159.516647,64.814499,47.059330,79.272667
154.806992,61.192612,47.512856,80.951385
152.967712,61.245144,46.672943,80.541084
148.423370,65.604134,46.352894,79.675827
146.688858,67.003578,44.689827,79.764977
146.283020,67.261070,44.597889,80.189133
144.502548,65.546417,44.323536,79.035622
142.284042,64.630783,44.043755,79.276855
141.314804,64.407394,44.231678,79.496414
139.306839,63.416695,44.277607,78.754852
136.700577,60.844036,45.962791,80.900200
135.441589,59.043842,47.779472,82.022583
133.209244,57.443241,46.427914,84.462791
129.614410,56.221882,46.659500,83.480309
