1
205.925995,115.043900,29.930674,102.162369
206.465698,112.132072,30.254591,100.494476
206.559113,111.920776,30.527527,100.351021
206.428986,111.473526,31.820679,98.583397
205.867188,111.073898,32.365967,98.177818
204.966583,110.936844,32.891644,93.833893
203.291138,110.649307,32.938038,92.066490
202.805618,110.329643,32.860462,92.420303
202.733627,109.881775,32.879852,92.811691
203.897934,108.879066,33.773636,96.156944
204.870438,110.888023,34.212418,95.942741
208.479446,113.418205,35.609795,92.233376
209.041595,113.388504,36.049919,92.623680
208.864563,112.482018,37.135136,92.451637
208.664734,110.449928,38.290676,93.013062
208.266953,109.449562,38.620262,93.264076
208.706589,107.947266,39.110233,93.718620
207.451492,105.641663,39.535503,93.481712
206.274475,106.317909,40.492798,92.974380
206.201385,105.387177,40.408188,92.602066
206.763977,104.376503,39.461479,92.955032
206.673141,103.596336,39.041187,93.174400
204.785187,104.614212,40.760735,93.333176
204.047073,104.929222,40.285896,96.185196
205.313889,104.158981,40.256462,97.104843
205.418991,103.294189,40.504517,96.617897
204.386551,103.119476,41.631611,95.075798
202.849426,102.316330,45.650604,94.059341
201.384567,98.158592,44.934490,95.247780
201.697083,95.196228,45.083332,94.568542
203.221619,92.218651,45.098820,96.509125
204.892578,91.138649,44.350716,98.061104
208.705658,89.774063,42.157837,96.980492
209.709885,90.927307,42.450405,96.504784
209.053558,95.108185,42.221855,98.208656
209.037766,96.130554,42.733322,98.384087
209.203232,96.533813,43.335159,98.600319
209.922348,97.492943,45.998894,98.755318
210.076218,97.570625,47.059101,99.620781
210.504791,97.785751,47.718773,100.318115
210.975342,99.781181,48.110359,99.638931
210.487656,104.078850,49.371189,103.088715
211.788116,105.768097,49.507542,102.433167
212.357330,106.544464,49.907459,102.342422
212.309952,106.806427,49.973301,102.444160
207.865356,107.416367,49.690529,102.133141
204.341202,111.262787,49.944336,100.631516
202.985306,111.203033,51.863586,101.227051
199.559067,112.276154,51.593620,100.162842
199.326706,112.357910,52.050751,100.354965
195.560501,112.902565,52.321281,98.672218
191.981400,109.411736,50.749245,98.960281
188.390228,108.480431,47.763161,96.524536
187.421478,104.822975,44.469521,97.910927
187.612213,100.960213,41.624119,98.395195
188.224884,100.996292,41.505470,98.389175
187.252548,100.051414,42.800907,102.462906
187.417343,105.806534,41.605984,98.072121
188.011536,106.283142,42.716255,98.706749
188.029663,106.684006,44.876369,100.434296
188.933838,105.384888,46.362373,103.717728
190.771332,107.659554,46.741329,103.086174
191.341553,108.585602,47.076870,103.406868
192.468323,108.935188,46.675419,102.704338
192.639313,109.088806,46.647736,102.771194
193.205170,108.551315,42.759590,100.039673
193.686035,109.923462,42.712997,97.338760
194.006180,109.423264,42.799824,99.199234
194.732697,109.758453,42.471386,99.168518
200.844696,112.508278,43.930920,95.112030
209.243347,112.383873,45.024551,93.429993
214.649765,104.491028,43.738575,91.574203
214.698730,102.915909,44.282410,93.339142
211.357895,103.164093,46.737518,91.670097
206.354935,101.705849,45.511169,90.767822
200.856201,101.091866,44.236671,91.812752
194.091232,102.698036,42.625031,87.921974
190.901825,98.426651,38.465736,90.370445
190.187057,99.810463,38.361145,88.987770
188.727371,95.331665,38.562180,89.214882
188.481216,93.018074,38.923508,88.607117
189.401382,87.897697,39.172546,86.902390
192.666794,84.585175,39.786732,85.911316
193.644211,80.976418,39.812927,86.781967
195.125732,74.680817,39.396004,92.110619
195.677917,74.020744,39.776329,91.942383
196.323975,74.138496,39.899246,91.036095
196.622238,74.002937,39.803551,92.697998
197.138016,77.903557,39.525803,92.513634
197.793869,80.673584,38.713669,94.556870
196.927979,88.984062,38.324432,98.346886
197.422577,92.864647,36.613010,97.027199
196.903564,95.250443,37.028900,97.363037
196.718826,99.518021,38.494965,97.983841
198.025528,101.220955,39.278809,98.578636
204.666183,100.390205,38.644394,103.886833
202.107330,108.968185,42.241955,103.377769
202.428574,114.895050,42.750519,100.682350
200.895325,121.669937,43.015949,95.932129
200.743011,126.277588,43.521317,92.281441
198.362595,127.472954,44.492424,95.062950
198.969620,128.356949,43.352455,94.535149
199.870880,129.048767,42.260944,95.606705
198.621643,131.886581,41.232433,99.508430
199.032822,132.298355,40.803017,99.658859
199.082245,132.458282,40.998409,100.220055
198.546066,133.148224,41.370289,104.236275
198.624939,133.201584,42.012726,107.336098
198.616470,134.956741,44.056061,110.159561
198.828613,131.858292,45.176304,117.564835
198.990433,133.209152,45.941425,118.873528
198.145081,129.862503,46.260201,122.546936
198.264740,130.047714,46.477039,122.990204
198.697372,129.852448,46.580841,122.871117
199.532242,130.861877,48.547935,123.020958
201.874634,133.755234,49.534298,121.739639
203.636139,137.155487,51.691433,119.840469
206.869125,141.981430,53.677868,116.648743
209.875305,146.041824,54.695747,113.520966
209.962891,149.048904,56.599735,113.151138
211.275299,154.501282,59.038673,108.098167
213.402985,157.820404,60.751686,105.494247
214.984467,160.817749,67.507957,104.497101
218.783966,165.181900,69.959785,101.225723
225.700806,168.375397,70.045082,100.382393
228.966721,172.743820,71.729118,99.647789
232.987518,174.494431,73.480560,100.305313
237.322281,176.477020,72.432983,100.071053
240.814270,177.862289,76.788940,103.433220
243.344315,179.183319,77.045425,102.417366
2
0
0
0
0
1
227.214767,131.230545,30.570618,94.003044
227.953033,131.555969,31.045527,93.858391
229.207916,132.451569,31.438597,93.883224
231.477859,131.762085,31.006912,93.906509
233.941101,128.326599,30.818668,95.373978
236.472809,125.790123,30.254711,95.412125
235.665222,117.875847,29.794889,96.133568
235.370483,118.168556,30.006147,96.139977
234.943008,117.073837,30.211956,96.613014
233.139420,117.161461,30.418198,97.205200
231.626312,117.819298,30.878202,97.208305
231.269897,117.837090,31.124228,97.637390
231.543762,117.605171,31.453295,97.961914
231.539505,117.553032,31.475710,97.978889
230.960754,115.499313,31.244438,97.946907
231.152283,114.282463,31.506607,97.726860
231.181595,113.920181,31.904835,98.347328
230.113800,114.179611,32.061440,97.195824
229.620819,113.608833,32.591251,97.705826
230.044327,113.309639,32.986263,98.131546
229.711258,111.994278,33.274952,97.594093
229.642303,110.464226,33.882767,97.188583
229.972824,110.185051,33.978897,95.535591
230.378693,109.424591,33.791550,95.205269
230.702286,108.813843,33.821499,94.777328
231.262665,106.700294,33.831879,93.217056
231.651306,103.799530,33.535770,92.849281
231.923859,104.218277,33.922180,91.609703
230.945831,108.028595,34.960594,89.606415
230.308624,107.650848,36.936852,91.188316
230.095734,109.214767,38.218586,89.955620
230.222565,109.455109,38.729801,89.717545
230.100266,109.611320,39.279232,89.404518
229.138916,110.199982,39.490734,88.999863
228.545746,110.108566,39.210506,88.507996
226.788605,109.379723,38.286522,88.836601
224.731796,108.683212,37.715954,88.658966
221.982849,108.264732,37.262779,87.688942
220.999008,107.929520,36.493191,87.850319
218.422684,107.678101,38.910999,87.210083
215.290619,108.886673,38.458130,85.976280
213.643875,108.476051,38.500793,86.113319
211.261017,107.260742,42.891014,87.341927
211.133652,107.189934,43.435444,87.564636
211.107193,107.208466,43.530632,87.986771
211.188461,106.597740,43.856068,88.631111
211.374969,104.717018,43.102089,92.070076
211.046265,104.622902,43.054688,91.483559
208.558044,105.000504,42.900208,91.384254
208.670105,104.421890,42.255600,91.259857
209.044662,104.565727,41.563477,92.663284
210.251556,105.921326,39.905445,93.243240
211.609512,105.485191,37.577621,94.318184
211.922104,105.629639,37.876919,94.597069
212.503357,106.569237,37.543564,96.934982
213.047836,106.545700,37.731476,97.142334
213.335236,109.613785,38.402718,97.176430
213.100113,109.723831,38.628429,97.790268
213.250824,109.989540,38.915539,98.260696
213.279785,106.399971,39.018974,99.666878
213.425919,105.499924,39.635033,99.949371
214.290176,104.809303,39.652229,99.996658
214.540833,104.960846,40.756374,101.225586
214.699799,104.459106,40.989231,102.515320
213.455048,103.866676,42.987087,107.645134
212.705139,104.012749,44.424084,107.967857
211.933060,102.055328,44.435005,108.422478
211.836060,104.350906,44.629848,108.270798
211.242554,100.875473,45.116009,108.794876
211.021057,99.644638,45.751369,109.682915
206.354080,105.221909,49.095230,109.732231
201.528107,102.375427,49.279892,112.615036
198.910675,99.350830,49.561222,118.559402
198.195801,99.858032,49.619869,118.521492
197.936905,99.557114,49.655521,118.471947
197.998672,99.542953,49.974136,119.295792
197.878235,100.602707,49.094803,118.644394
197.537979,104.009689,49.200577,118.740707
197.202744,109.583084,49.497612,119.006630
196.072586,110.746544,48.686607,118.813866
196.074570,111.577202,48.780518,118.322769
195.022720,116.584526,47.785076,115.389458
194.235718,116.639900,47.749565,115.381668
194.438751,124.058594,48.014557,113.689560
191.909363,128.237228,48.664597,112.755585
193.087860,132.339096,50.293152,110.478310
192.077728,134.468735,50.634369,109.354134
191.778687,133.975311,52.295349,110.793800
192.078751,133.921844,52.611588,110.719162
194.520859,133.152344,53.860344,110.518005
195.961288,133.495804,53.986492,110.323624
197.081879,138.090729,54.076515,108.905663
197.249939,139.009033,54.690109,108.765999
198.357208,139.081192,54.457279,109.128418
198.154922,138.711365,54.082508,110.901024
198.057663,138.084259,53.759216,111.216705
197.258575,138.199982,53.836159,111.691200
195.733749,130.912735,52.844879,112.876457
195.033951,126.635818,52.412403,114.225098
192.633133,127.572357,51.703121,115.967674
190.584763,129.262924,52.087723,115.928604
190.015762,130.271530,52.591335,115.674866
189.231003,132.485153,54.569214,114.472740
189.101059,132.810471,54.952587,114.239342
187.937256,134.979568,54.544968,112.338768
188.032898,136.726990,54.754093,112.064850
188.151505,136.997498,55.018734,112.379662
188.823502,138.645554,55.580524,110.682480
192.865585,143.837708,55.728313,106.472664
194.505707,144.093063,54.904335,105.661697
194.705048,144.849152,54.786045,104.901352
195.926788,141.949310,52.269310,102.743828
196.781067,141.950653,51.951714,101.639160
197.715652,142.294739,52.407639,100.826195
197.845352,142.967560,52.409458,99.842598
197.962921,142.902740,52.497562,99.829727
198.156158,142.954605,52.276550,99.715050
198.271286,143.176956,52.445942,99.729065
199.511826,141.498795,50.931980,99.232483
199.786911,140.110687,49.193352,98.066513
200.301498,140.379639,48.815090,97.412933
202.283066,137.964828,46.394318,95.268005
203.413940,130.597595,45.048225,95.925888
204.339691,129.893341,44.577816,95.849754
204.457764,131.011505,44.682854,94.501503
205.092041,128.504227,43.984077,94.182083
205.062607,128.051666,43.598640,92.617661
201.359100,129.418610,44.120983,89.586761
199.540695,133.183228,44.060200,86.193298
198.075104,135.715240,43.626064,84.706848
194.120483,142.503494,43.208050,81.366127
192.760284,143.896561,43.389072,79.074501
188.175842,148.921341,42.464409,81.603149
189.633743,144.422867,40.980087,82.317238
191.384842,143.256912,40.259968,80.524567
194.510315,137.528442,38.443295,79.500092
195.101151,138.013840,38.775658,77.001251
195.048477,136.925354,39.041809,76.811737
195.152863,136.171112,39.357517,76.304405
194.860001,133.730179,39.161449,73.422066
193.649170,133.424561,39.111938,71.640343
192.999817,132.700897,39.401646,70.605865
189.997879,132.203796,39.129906,67.447617
186.797470,130.575531,39.116592,66.343338
185.111481,126.615578,38.952858,65.234505
181.819977,124.676414,38.115433,66.561890
179.561935,120.519699,37.485950,68.186073
176.910767,119.341728,37.100231,69.199051
176.630554,118.356796,37.436493,69.609810
176.611786,118.150612,37.355045,70.349152
176.572449,117.786049,37.377903,70.743149
174.423096,113.713921,37.226658,74.351212
170.395996,112.483971,36.981194,74.111893
168.630417,108.289711,36.466629,75.092781
168.054031,103.490082,36.544647,74.449005
168.394974,100.720978,36.796986,73.751244
169.317047,97.261253,35.814426,72.992043
167.797455,95.371910,35.535156,72.110901
166.910370,94.631981,36.194973,69.478279
166.850037,94.208504,36.393200,69.298767
166.143021,92.750694,36.210957,69.650864
163.641418,93.138985,36.212391,69.569817
162.720947,92.926575,36.216755,69.123055
160.015167,91.601723,36.012539,69.195282
157.180283,90.542580,36.577713,68.365479
155.437546,89.726791,36.591797,68.133636
154.008636,89.528816,36.454681,68.525215
153.933487,89.684090,36.273891,68.983574
153.603989,89.538086,36.365723,68.997253
152.302704,88.408180,35.095520,68.200394
150.711685,89.025612,36.263023,67.970947
150.051697,90.236076,36.044579,67.598351
148.088409,92.598839,36.000633,67.075874
145.373795,94.883186,35.949818,66.752129
143.995255,97.647583,35.940331,66.790611
141.454056,98.466072,35.095821,67.569038
141.476898,99.063446,35.284569,68.503319
141.580521,99.333649,35.248478,69.089317
141.768906,99.477280,35.322834,69.565094
141.871506,99.642357,35.419567,70.010490
141.489685,100.188438,35.710514,70.220451
141.649857,100.215187,35.593594,70.429451
141.532700,100.250359,35.856163,70.422859
137.830536,98.823807,35.329842,70.557465
137.099487,100.184067,35.837196,70.196289
136.538849,100.293510,35.884987,70.410667
135.858215,100.235168,36.081886,70.529549
135.997498,100.434395,36.432510,70.945770
135.544281,99.712265,36.194366,71.942101
134.779816,98.767433,35.540005,71.987045
134.617096,98.298676,35.489960,72.289192
134.586914,98.361778,35.368839,72.502899
134.583740,98.299797,35.111755,73.035202
134.570389,97.533195,35.397064,76.504448
135.027374,99.807175,35.121746,78.733780
135.416153,102.249229,35.051079,78.844086
136.058365,102.803154,36.564671,82.469566
136.500824,105.428429,37.175529,82.439384
137.750275,109.076530,37.325710,82.581337
138.254761,109.431358,37.554241,83.235062
140.905075,109.242561,37.604973,84.687325
148.924286,103.649933,38.286983,85.424622
158.781464,102.491188,37.045208,86.048431
168.911392,103.253754,34.453728,89.082718
169.250961,104.845345,35.432011,88.305672
170.097931,103.913406,33.734867,88.536888
170.201523,106.962578,33.875172,89.107002
170.157593,107.032135,34.053562,89.588142
168.488586,106.324249,34.289749,89.550568
166.157501,106.321373,34.701202,89.380417
163.949829,106.677773,35.350117,88.447166
160.497314,105.067123,35.339027,87.410133
156.549484,105.937485,34.331612,87.645569
152.152542,109.233963,33.111382,85.917664
149.561356,109.845367,33.236008,85.776917
147.573318,110.748283,31.777573,86.228134
146.729263,110.302414,30.728436,87.944839
145.736084,108.571754,31.575378,91.187599
146.679214,108.645622,30.902786,91.889626
146.746384,108.795708,30.924562,92.169044
146.782562,108.817543,30.949701,92.590668
146.807129,109.006615,30.986164,92.954758
146.556931,108.134537,30.757961,93.065834
145.589554,105.878876,30.901976,94.447151
143.619507,104.332664,30.632807,95.732864
144.330490,103.651245,31.155081,96.803879
144.999695,101.323479,30.721638,95.847015
144.971420,101.571411,30.917238,96.014771
145.080246,101.462517,31.101723,96.230774
147.239120,93.394821,32.367226,95.825150
153.490738,87.338615,31.777933,94.607574
158.805786,86.127548,32.112751,94.216263
159.033554,87.945793,32.485981,92.563293
159.019058,92.881943,36.308769,89.417114
160.020630,95.907387,36.947521,90.038490
160.643555,101.286064,39.174297,85.694374
160.805618,101.438881,39.479965,85.960831
160.826660,101.521133,39.476101,85.935272
160.560226,102.830872,39.421204,85.656532
160.543060,105.028107,39.449039,85.229019
161.148804,110.168030,39.087109,84.995430
161.345825,111.904663,39.257549,84.606461
160.787888,113.065308,39.135437,84.668968
157.909149,115.207642,39.430264,83.407425
156.372528,118.589012,39.351692,83.067909
154.823990,121.728104,39.789200,82.219193
151.719818,119.932251,39.915756,82.316521
149.858902,119.334610,40.303715,81.205200
149.766861,116.202393,39.739082,79.897331
150.397217,113.916931,38.972637,79.008965
149.699036,106.414040,37.766834,77.809929
149.848785,102.968086,37.974777,76.857658
150.874756,97.565125,37.582394,76.713394
152.173935,92.181595,37.663536,75.505943
154.110458,90.237099,37.682865,72.881851
158.130341,89.598015,38.676411,71.378944
161.712738,88.494400,38.447800,70.273727
162.001373,88.516487,38.617771,70.497635
162.415604,88.534210,38.979191,70.566917
162.576416,90.236671,39.087921,69.858910
162.808151,90.441002,39.472332,69.953194
162.785156,90.679810,39.364368,70.308548
160.978455,96.030090,38.994457,70.078148
158.425476,98.597351,36.327393,71.548012
155.176407,99.719536,35.169853,73.950340
153.116547,101.240051,34.223015,74.362686
148.288040,103.494156,33.862007,74.873711
143.968597,110.643150,32.768291,75.659180
140.869812,116.438423,32.752975,76.077232
139.233643,117.195953,33.104340,77.150719
137.830566,120.584755,32.854801,78.359451
137.877121,122.013878,32.655857,79.483711
138.506226,122.330193,32.334213,80.936806
139.627640,122.777351,31.796953,83.732872
142.661850,123.527466,30.504456,84.708633
145.173630,125.654350,30.597525,85.005852
147.357697,124.818398,30.905209,88.100365
147.407547,124.995171,30.970568,88.438683
147.747208,122.746956,31.990839,87.518433
151.990112,118.872292,30.452339,87.475990
153.183228,116.672188,30.123182,87.636047
153.588379,116.660576,30.473011,87.815109
154.708786,115.598518,30.053476,87.929901
156.092270,112.178192,29.977533,87.477112
156.138992,112.096596,29.972393,87.488495
157.480209,111.577919,29.796766,87.008003
158.397156,109.174774,29.706007,87.379539
158.564209,108.723190,30.079586,87.917030
159.975952,106.725761,29.697083,88.550682
160.207733,106.452751,29.404202,88.972313
159.917175,105.350555,29.182110,88.806725
156.930893,100.038177,29.393507,91.325485
154.542236,97.580589,30.039623,91.192856
154.401230,97.578758,30.609121,91.312546
152.816971,96.566948,30.937519,91.790077
149.247528,94.023590,30.536484,93.444260
147.653473,91.987526,30.670174,95.271240
144.879883,90.236794,29.820227,95.976006
143.480606,91.541260,29.912483,95.552376
143.219131,91.998199,29.761166,96.033798
142.314056,91.827446,29.794664,96.343643
142.387817,91.756432,29.923248,96.304222
143.836685,88.390366,28.401180,98.104027
144.485153,87.307030,28.263229,93.692520
144.927216,82.928116,28.701351,92.024246
146.474655,83.061729,28.116938,91.599174
146.872375,83.146454,28.486626,91.685234
147.283905,82.707687,28.437059,91.934235
147.466797,82.070801,28.428619,92.866020
147.530045,82.145187,28.982307,91.275688
147.840469,81.301956,29.497885,91.780121
151.220673,78.596840,30.503336,92.610435
159.562057,74.514290,29.828722,92.025642
161.875488,73.500862,29.733135,97.611504
163.331787,78.493767,28.529245,97.710121
163.935715,80.698471,29.405222,97.866035
166.099838,85.526871,28.928091,98.381966
166.114624,85.782974,28.989326,98.393478
166.059357,86.654320,29.032543,97.774139
166.194855,87.951324,29.455542,97.588936
166.108078,87.837959,29.408180,99.275078
166.158630,87.986267,29.480368,99.437843
166.248260,90.381172,29.316771,98.857254
166.296066,97.785309,29.865213,96.972336
166.415985,97.882927,29.968407,98.131050
166.056473,99.285202,29.930170,97.878265
163.420273,99.506340,29.667746,97.996185
163.595505,99.987671,29.956749,97.476578
162.598297,101.391800,29.989670,97.098473
161.514984,103.025032,29.927086,97.402054
159.722168,110.062279,30.079056,95.045525
159.605759,109.966431,30.388266,96.290131
159.355988,109.927277,30.478516,96.485451
156.530365,111.030876,30.766455,94.655777
153.973831,111.781700,30.968439,92.734581
152.185532,114.032242,31.064116,92.139420
152.373688,114.106010,31.471079,92.226242
152.280899,114.196289,31.383646,92.498566
152.347549,114.256958,31.472176,92.391777
152.358170,114.416428,31.574120,92.204361
152.570374,114.564499,31.984198,92.460144
152.577515,114.584686,31.984198,92.460144
152.502487,114.632660,31.948957,92.427223
152.527252,114.669304,31.984198,92.460144
152.537766,114.669922,31.973206,92.396721
152.128082,113.832130,32.164742,90.998535
151.958115,112.608658,31.702686,90.921593
152.063828,112.181465,32.081985,90.569725
152.092499,110.642082,32.326302,90.245720
152.135056,110.136833,32.574982,90.068893
152.371017,107.999016,34.707703,89.660019
154.609543,102.585121,34.590534,87.905472
158.830292,101.431091,33.377934,85.188583
159.696320,101.151611,32.928185,85.029610
161.132721,98.575493,32.235485,84.472397
161.342438,98.512131,32.464401,84.426033
161.522141,98.308937,32.335289,84.489861
161.651779,98.262016,32.457699,84.434654
161.890167,97.892731,32.252041,84.165001
162.036972,97.742798,32.459236,84.974678
162.555145,96.129501,31.715809,84.846428
162.787262,95.859283,31.792202,84.935936
163.092941,95.734238,31.735188,84.933746
163.225143,95.796600,31.982029,84.916054
163.237106,95.823471,31.993595,84.953926
163.239563,95.846741,31.984198,84.963379
163.371841,95.744797,31.937496,84.907715
163.547302,95.704727,32.001217,84.810539
163.801559,95.803131,32.482792,84.931458
164.898819,94.440742,31.914700,83.726311
164.982391,94.703262,32.167297,83.628906
165.158936,94.879623,32.447784,83.890312
163.900391,95.090088,31.898449,82.114090
162.613052,94.912079,31.598942,82.026520
159.775421,96.027962,31.598158,80.042809
157.240540,95.073982,31.209820,78.870003
156.311432,95.190376,30.842405,77.999641
153.215118,95.281075,30.281445,76.049698
150.398499,95.210884,30.110172,77.111366
147.618591,96.577255,30.330103,76.747452
144.614609,96.842979,29.008568,75.821541
140.969849,96.137009,30.014738,74.750793
139.738464,93.283096,29.218847,76.652885
137.995193,93.784386,27.668144,77.562897
137.816956,93.344467,27.729404,77.443817
137.539948,93.202011,26.748734,77.676231
137.008698,92.908676,27.073799,77.795616
134.412125,89.569046,27.785227,79.426796
134.384018,89.514740,27.982641,79.512436
134.040894,89.656151,27.902613,80.002625
132.635681,89.526756,27.591137,80.257668
131.964554,89.031044,28.221287,81.170151
132.431824,89.772469,27.293934,80.669121
131.225235,89.566811,27.559826,81.236252
131.527588,89.756844,27.730469,81.403671
132.148499,90.620094,26.895668,82.445694
131.708527,95.582893,28.691103,80.810417
135.553787,102.089554,27.474230,80.749908
138.884674,109.453690,26.721197,80.788315
140.861023,113.765572,28.223640,76.977905
145.132812,120.992874,30.371239,72.859230
151.362457,122.192772,28.855970,73.167015
153.277573,125.555710,31.804644,72.528244
153.475647,125.926453,30.739023,73.840355
153.510284,125.920982,30.383902,73.833450
151.623749,121.998749,31.926317,73.286705
150.769150,118.416138,28.734703,73.519737
150.874390,116.619835,28.832594,74.871231
151.986832,113.486465,26.057209,74.982529
152.671097,108.305702,25.379560,75.192528
152.166550,104.336357,25.643011,75.158409
152.124039,103.359589,26.087193,76.107094
151.159012,98.102936,26.541801,77.565163
150.836807,95.793152,27.005949,77.726692
150.728683,95.438606,27.379328,77.959320
148.917892,93.882164,27.398506,79.050430
143.326599,96.332542,29.321634,79.135895
137.643066,97.179512,27.925182,77.940102
130.502686,92.811256,28.718338,82.273666
125.109779,91.029312,30.239887,83.211212
119.783119,89.525932,31.747690,85.447060
113.364609,84.002617,36.766167,91.004936
111.679123,82.466301,39.472332,91.277702
132.960983,76.762123,39.757889,91.658699
151.726791,71.685211,39.804890,92.061913
181.391052,64.066612,40.125008,93.824898
210.589737,53.111668,40.784424,93.591278
234.728348,49.421288,40.489937,94.745918
221.447662,48.519409,45.242645,92.685287
216.740417,52.656033,43.170277,97.750336
233.006134,48.280731,46.003521,98.328949
246.291885,42.586903,44.199062,104.821869
244.270874,39.399158,44.652302,108.658333
238.430252,47.207920,44.717278,109.372108
237.521866,47.829308,45.102482,110.887032
228.389145,46.495533,46.738155,116.260696
228.146271,63.720562,51.181160,110.207352
232.520874,64.019325,50.219704,111.674759
234.213242,71.890327,49.272293,117.838486
221.100006,80.682388,57.743298,116.562317
207.706299,102.956276,62.359734,116.472626
194.481842,110.103394,56.745609,115.845490
185.932678,117.566429,53.895790,118.166649
181.199005,117.543076,53.040142,118.798126
177.310043,118.586632,53.057522,117.337585
172.161591,116.769684,53.052963,119.735847
165.796631,115.101494,55.602943,120.768486
166.914551,113.266762,54.679241,120.205391
171.835403,112.424004,53.007957,122.216164
172.498169,108.180412,53.756496,120.397209
178.318375,104.135941,52.012852,122.112373
185.503235,101.300522,49.292946,123.852676
187.208405,102.884552,48.984234,119.845154
186.381607,101.440521,48.993122,119.274071
187.384430,99.438164,48.166435,131.777695
186.191010,107.928108,49.613487,125.236526
183.325272,112.096474,46.123276,125.711227
178.500732,114.697456,46.141811,124.673447
178.588989,114.500427,45.561749,124.859146
169.992813,119.870018,54.747150,121.569633
