1
6.570085,166.271393,42.931419,27.555363
6.810877,166.268707,42.958862,28.244461
8.301855,166.661057,43.872440,28.167904
8.380305,166.828690,43.971874,28.484781
10.437595,166.314377,45.941120,29.050947
10.553434,166.540756,46.016571,29.499899
10.785835,166.546463,46.546661,29.485342
11.673766,166.494537,48.493382,29.214752
12.564068,166.652328,49.074585,29.381258
13.622546,166.749649,49.364731,29.661581
14.620866,166.486908,49.675446,30.325542
14.889139,166.522690,50.004066,30.528692
15.770980,166.804077,50.396118,31.074450
16.576990,166.846039,50.363071,31.738491
17.846512,167.029419,50.534561,32.109818
20.227930,167.542191,49.733330,32.944134
21.010544,167.689301,50.415810,32.809509
22.861380,167.358032,49.765202,33.259766
23.607256,167.695831,50.267815,33.510078
24.766285,167.836243,50.555023,33.926991
26.952497,167.486420,50.505089,34.357796
29.370657,167.731308,51.136707,34.494347
33.330376,167.603348,49.592209,34.409611
33.640160,167.200882,51.114506,34.686272
34.921196,167.381546,50.913410,34.885193
36.390251,167.239975,50.807842,35.200367
37.286167,167.474503,51.054424,35.242741
37.677925,167.605759,51.523472,35.411491
37.927784,167.648193,51.983757,35.480141
37.999699,167.555984,53.249775,35.503277
40.000587,167.790588,52.744793,35.973862
40.325306,167.747345,53.186409,35.943653
41.191360,167.887436,53.834709,35.858891
41.292313,167.957367,53.982193,35.978542
42.192581,168.047409,53.652287,35.935009
42.368412,168.078690,53.973728,35.986851
42.890263,168.183762,54.045074,35.899624
44.594963,168.058899,54.344730,36.008442
44.995983,168.182404,54.185009,36.562534
46.294357,167.961456,54.651726,37.349648
48.306412,167.875595,54.799946,37.399464
49.519547,167.279816,55.025173,38.037834
51.475834,167.551315,54.736012,38.180126
52.784409,167.344086,54.702457,38.227150
55.347340,167.357361,53.151169,38.653881
57.411076,167.259613,52.934406,38.613743
59.312820,167.352341,52.370724,38.709385
60.080639,167.347565,52.633080,38.823040
62.216759,167.026245,52.495956,39.080605
64.149757,167.329071,52.721848,38.072426
64.606850,167.267593,52.942242,38.450497
65.005585,167.240921,52.812107,38.390640
67.371864,165.536682,52.609299,38.987175
67.569458,165.535843,52.973270,38.977058
67.638939,165.582123,52.926308,38.935566
69.665344,165.582336,52.309540,38.299488
70.971672,166.894455,54.175037,36.141262
72.077805,167.281754,54.241806,35.978069
72.582642,167.143951,54.598736,36.261726
73.432533,167.300751,54.783329,35.923462
73.932838,167.198029,54.720886,36.029560
74.100868,167.203308,55.074825,36.603485
75.244392,167.159286,54.994194,36.566982
75.351234,167.299316,54.920715,37.053986
75.581810,167.367935,55.041077,37.407375
75.874329,167.401306,55.454971,37.406143
75.988220,167.418594,55.456532,37.377655
76.162849,167.329620,55.458080,37.315826
76.270370,167.506104,55.346462,37.507435
76.280464,167.571335,55.573036,37.878025
76.571945,167.627686,55.977909,37.948723
76.773605,167.663132,55.652931,37.991344
77.132675,167.772217,56.499485,37.779655
77.130371,167.909622,56.465733,37.983189
77.168182,167.916092,56.450024,37.983017
77.348854,167.950317,56.508911,37.893314
77.794205,167.906189,56.849670,38.112759
77.660553,168.314026,57.367363,38.413040
77.385910,168.774200,57.701912,37.487427
77.533699,168.781387,57.971203,37.483402
77.196007,169.245636,58.649513,37.582310
77.386955,169.437485,58.990242,37.574875
77.611412,170.362625,59.269325,37.059181
77.242218,170.330505,60.562687,37.368645
77.456345,170.446365,60.982883,37.495743
78.160019,170.544220,59.876915,37.412064
77.812828,170.582062,60.369904,37.487942
77.928635,170.717514,60.543575,37.321907
78.578987,170.773483,59.564560,37.651894
78.743698,171.018265,60.013863,37.986671
78.761917,171.073776,60.488499,37.919682
78.756325,171.115768,60.464455,37.986790
78.772682,171.122482,60.470123,37.983627
78.682213,171.139954,60.279144,37.998787
78.719681,171.135727,60.543530,38.005653
78.945961,171.381241,60.971867,38.482037
78.958603,171.390335,60.969879,38.483410
78.971664,171.400467,60.970676,38.482151
78.987244,171.411026,60.973038,38.473545
79.034782,171.422913,60.932758,38.487480
79.065086,171.423004,60.976971,38.478500
79.075340,171.434631,60.970394,38.482349
79.083733,171.418091,61.059658,38.425457
79.303596,171.455353,61.470005,38.482204
79.319138,171.459396,61.476383,38.475624
79.329514,171.471695,61.469631,38.483410
79.522736,171.412354,61.473003,38.434124
79.529678,171.023392,62.299271,38.855167
79.657288,171.084473,62.449326,38.998833
78.929848,170.515839,64.170448,39.330685
79.240402,170.609482,64.479408,39.463825
79.337112,170.622070,64.480110,39.466347
78.546082,170.562698,66.489853,39.696861
78.781250,170.748199,66.489944,39.990898
79.219246,170.623627,66.295082,40.046112
79.368561,170.464188,67.445518,40.869530
79.888847,170.233170,67.516014,40.642303
80.618034,170.357300,67.628624,40.919239
80.713501,170.263275,69.260674,41.022758
80.905266,170.413879,69.401627,41.581245
82.111221,170.007141,68.485886,42.289059
82.205055,169.966080,68.619766,42.452328
82.369530,169.833649,69.143066,42.509933
84.109550,169.851501,69.047806,43.104469
86.118217,169.464417,69.460121,43.749485
86.399086,169.309570,70.216637,44.196747
86.845634,169.176605,70.239967,44.597610
87.419098,169.320923,70.557747,44.992985
87.650620,169.324509,70.966850,44.979580
89.171242,169.176239,70.687599,44.839893
91.579620,169.184296,71.752808,45.053314
92.140495,169.342941,71.887001,45.494011
92.461502,169.238419,72.066483,45.404800
93.405640,169.246582,73.020935,45.412102
93.711304,169.289581,73.445023,45.476746
93.815521,168.813644,73.540894,45.773888
95.828262,168.702148,74.677406,45.491901
96.142448,168.657700,75.043320,45.547741
96.368927,168.883652,75.463081,45.979935
98.003937,168.304626,76.168091,46.589527
98.323860,168.296265,77.194626,46.845383
99.033340,168.148697,77.253601,46.940060
99.212807,168.127670,77.551537,47.177361
100.677887,167.039948,77.852364,47.799667
100.794334,166.731430,78.517525,47.898224
101.874641,166.367538,78.903305,47.974094
102.866516,166.128815,79.010574,48.163536
105.095558,165.502579,80.161087,49.210224
106.154518,165.334625,81.268684,50.167488
106.277199,165.274994,81.466576,50.550575
108.572472,165.580368,81.505844,50.676460
110.076782,164.686584,82.910698,51.760605
110.035675,164.865250,83.357635,50.525047
110.009560,164.582245,84.314896,51.345875
110.141045,164.620529,84.425179,51.567562
110.563347,164.691650,84.196968,52.071449
111.018311,164.454697,83.957588,52.467594
112.076332,164.746338,81.010941,53.470806
112.262344,164.633270,81.957573,53.807758
112.583145,164.543243,80.284485,54.030670
112.930901,165.027298,79.994453,54.550503
115.863708,164.193863,80.101196,55.190357
116.271408,163.018768,84.543053,55.737232
124.593681,162.123367,87.590233,54.726429
127.081360,161.629730,86.641968,54.540272
127.611389,161.852158,86.824295,54.922710
130.652725,159.514832,86.971161,53.705486
132.059235,158.222397,84.790871,53.688507
128.742355,161.750641,84.719322,54.603043
133.617035,158.375259,89.495758,54.882881
132.994720,160.021973,90.837532,55.223667
136.957642,164.176758,94.110176,54.407959
135.557953,163.034348,106.317123,53.768875
132.185242,160.131226,110.707489,54.918240
130.572556,159.400314,114.785896,56.392761
128.937103,158.594421,114.619003,56.437355
125.026672,157.041199,122.092606,56.682507
125.227798,157.193024,122.463432,56.971813
122.712021,157.364609,129.045929,58.434742
122.467392,156.532715,130.250671,60.156296
122.436729,156.349930,131.250061,61.052906
122.909782,156.515106,131.453674,61.514030
118.536850,154.392471,139.179718,63.918797
118.758453,154.430405,139.428772,63.960575
115.540611,152.934082,144.470886,65.703423
115.552589,153.081833,144.428726,65.973076
116.045647,152.590149,145.306000,66.830048
121.173889,152.244537,146.390518,67.087791
123.501335,152.110779,146.681152,67.844322
128.382950,151.929535,149.491760,68.007217
132.936600,149.836929,155.229416,72.645798
135.394913,148.831696,156.898254,73.062927
137.322632,147.544296,159.429489,75.050323
137.886139,147.636536,159.783371,75.405083
138.456619,147.403107,161.303055,75.834488
138.546402,147.378021,161.742950,76.152321
137.928024,146.762222,166.409058,77.883751
131.466202,145.051910,173.889297,80.138168
127.381691,144.255646,180.538437,81.564705
124.669289,142.801788,181.683899,81.354012
114.635963,140.667435,188.984436,81.967010
104.110504,139.894623,199.297211,80.369339
94.668167,138.048080,206.895905,81.203941
93.587227,137.919678,208.269638,81.431145
88.364815,136.198578,211.239746,81.721260
80.080353,134.437912,210.584030,80.739655
76.372208,133.268448,212.867432,80.949982
65.978546,132.302780,224.154663,81.323166
65.101868,130.325943,223.980896,82.181679
66.450882,129.307693,225.288452,82.601212
66.323807,128.600403,228.555832,81.647285
64.342888,125.992638,234.750946,79.511147
61.892937,124.262436,242.584869,79.730804
63.032639,124.090652,248.010681,81.541298
70.024223,124.817467,252.139725,81.698822
73.486649,124.884651,259.687073,85.585098
63.233486,120.920029,284.485565,86.623886
70.417297,121.423279,281.303802,88.793991
80.462692,124.579735,287.776672,90.786568
81.928886,122.422363,287.821259,94.053535
86.906021,121.564903,288.031281,95.513184
88.483414,120.760956,294.041412,97.955536
92.166260,120.072227,295.285614,98.602547
97.974686,120.280411,293.677917,99.068253
100.413124,120.072342,292.606262,99.717529
105.162941,118.125633,292.026917,101.279572
112.740349,117.687279,291.616608,101.090050
114.271408,117.754173,291.962463,101.525093
118.468468,118.147957,290.418793,101.260063
125.749374,118.396751,289.449097,101.492973
128.027084,118.532883,289.473206,101.095253
130.404572,117.928055,287.975769,101.566574
134.087265,117.914696,287.582672,101.543190
137.244354,117.901627,287.502808,102.176666
138.837769,118.059418,287.779053,102.222260
151.516464,115.990196,280.722748,103.549843
153.846466,115.894295,280.822327,103.178146
163.656219,111.890350,282.661316,104.694511
166.663879,112.137047,282.389618,104.418297
172.191299,110.564163,283.396820,104.281487
176.106400,110.457268,282.385681,103.924477
178.985336,110.372688,281.773163,104.064575
184.301834,110.329819,282.088318,104.418327
196.036179,109.547607,286.604645,103.679482
204.121582,110.176193,286.358551,103.110512
208.230179,109.567757,287.323242,103.482178
240.666138,109.860184,277.101685,100.915329
251.742188,107.568436,282.242004,101.681175
266.621307,107.905357,281.545593,99.788315
289.354797,104.660515,280.270691,101.769218
311.362885,103.506424,273.085907,100.834373
