1
108.695671,93.983032,29.903534,104.479431
108.509209,95.942764,30.063364,104.343559
108.433540,98.299271,30.415359,104.424561
106.269302,99.026367,30.607357,105.917038
106.464264,99.198196,30.987577,106.035744
104.032669,103.447990,31.559858,105.969917
100.776413,109.511353,34.334633,102.464272
97.721603,112.798447,34.333485,98.977890
95.941727,114.995941,34.855000,98.430008
91.379723,119.320702,36.127243,97.470253
90.448517,118.132896,34.655293,98.802345
88.409645,116.828651,34.272770,95.225853
85.160294,109.966721,34.129711,103.709846
83.914528,108.265190,33.148293,99.059097
84.655113,109.007362,33.748272,96.388435
84.724297,109.027786,33.850971,96.606125
84.815453,109.108376,34.105080,96.980011
85.992889,109.752853,33.969666,96.653526
86.891434,109.937065,33.845524,97.317261
89.890198,111.006241,33.188095,98.852440
91.193993,108.976334,33.334499,100.984734
94.426010,111.482407,32.797821,98.524284
94.545776,111.521278,33.040993,99.163391
95.048859,111.639099,33.538868,98.291420
96.125557,110.984253,33.967068,98.538429
96.400772,111.655121,33.874935,98.514275
98.146332,112.589844,34.126953,98.455162
100.512543,110.942459,33.696438,99.928703
101.839775,105.171623,33.302368,99.751251
102.838493,100.503899,31.806259,97.476746
101.943817,99.140411,31.959270,98.659027
101.435509,98.625359,31.874874,99.068054
101.109932,98.256554,32.166626,96.757835
101.275398,98.398140,32.484287,96.960907
101.319565,98.459404,32.486198,96.867096
101.331062,98.635803,31.932657,98.524887
101.936180,98.359970,32.112682,99.034790
100.604507,96.470032,32.013767,104.783302
100.837990,96.232964,32.719364,104.554916
99.315918,95.092636,33.015038,106.617325
97.765526,93.367676,33.803806,106.848602
96.940155,93.470016,34.173893,106.375389
94.993423,96.104988,34.740376,102.542694
92.091560,96.147842,35.211918,102.807472
88.614082,98.828651,36.463768,99.022003
84.584465,102.048172,36.355751,96.975060
81.696480,95.904747,35.961880,98.753777
78.942490,91.017441,34.697815,95.695305
78.108032,88.563728,35.064625,103.196419
77.438042,92.860931,32.395470,98.478912
76.928017,96.638489,33.058750,96.726151
77.609123,98.509506,32.532402,96.228676
78.402184,101.197739,32.795185,96.445648
78.403732,100.043236,32.450600,101.292259
80.805206,100.061653,33.923420,100.929512
83.408195,101.491829,33.585205,103.249695
90.052658,101.434235,32.578430,103.872902
92.099274,100.809303,33.220367,102.038696
94.772064,100.762215,37.788025,101.736511
95.426094,99.683212,37.201874,101.045052
96.638367,100.805862,37.694595,97.831223
97.045952,101.580124,37.505592,98.065834
98.543228,100.969994,37.618687,98.829414
103.251701,95.686333,35.691544,104.578377
108.504784,85.725029,33.989883,113.179756
108.365433,86.422935,33.762939,112.593918
108.224236,89.130272,34.014961,114.423149
107.548035,86.667107,32.288990,119.416855
107.040291,87.359932,32.695312,118.984573
106.446648,85.297112,32.813313,120.329132
104.797005,81.019302,33.117039,120.236824
101.887131,78.457664,33.525681,120.788879
100.250923,76.756996,34.062775,120.891479
99.593361,75.569443,34.674698,120.361412
98.298210,75.998161,35.010494,120.070061
98.178741,77.114914,36.007923,119.719238
90.797935,84.344452,44.076374,117.434753
73.896553,88.209335,47.712021,115.966324
74.400436,96.728615,43.051468,130.198853
68.266891,96.079857,49.934494,129.308716
68.313583,95.004822,49.563461,131.728836
68.327309,94.667877,49.508293,132.827179
69.990219,95.415611,50.245430,132.486481
79.667015,97.028503,48.748638,135.298080
85.220451,96.009338,47.587654,136.246231
91.690582,94.657928,46.353577,131.707123
95.134544,94.597267,46.288757,125.803329
102.063408,93.766846,43.882057,120.656944
104.846344,92.832390,42.653355,117.871124
110.748726,94.362450,42.022530,113.373253
115.470650,94.852692,42.202278,109.153397
118.648567,93.146378,39.061722,108.922646
118.925751,93.209206,39.442348,108.954811
118.907890,92.581490,40.145100,109.971062
121.551537,94.996368,40.761940,106.998550
121.183128,96.266304,41.247147,106.391663
118.656975,97.570000,41.383827,105.489189
118.724976,98.382088,41.482624,105.193085
117.583809,99.607277,41.544769,105.112801
118.831421,98.073540,39.750286,105.598366
118.157776,94.812096,39.614750,105.706551
117.177872,88.890404,38.171803,108.905220
116.416016,86.713173,37.895611,109.797256
116.832237,86.452927,37.085819,108.568024
116.936371,86.584526,37.392704,108.878296
117.633385,86.069176,36.789795,109.181137
115.021362,83.983643,36.668980,110.756645
114.933746,80.120422,35.627724,110.786659
114.423279,79.100311,36.053020,111.499718
111.513626,77.699852,36.289780,111.916260
106.917160,74.575554,37.090225,111.392502
102.360001,74.443108,38.743301,108.273613
98.235085,71.798912,39.891056,107.949936
92.466980,75.054070,40.034447,110.256439
92.179596,77.738304,40.561817,110.051743
92.216537,81.009636,39.094830,109.843582
90.048691,81.683395,40.327007,114.105820
88.813988,84.033333,38.856441,112.383499
87.621552,89.975136,36.148682,103.457695
88.777870,90.270889,36.167049,103.965019
93.889442,92.129616,36.273571,101.786621
94.488274,92.362373,36.273373,101.597961
97.821510,92.521049,38.597565,103.469688
102.804695,95.520279,36.137245,100.355850
105.483925,96.095467,36.610786,101.820312
111.139534,94.367188,33.648300,110.118057
111.865974,98.987495,35.081913,111.760612
112.942261,94.244125,36.817909,117.730057
114.300964,94.420830,37.377483,116.997108
114.458397,92.971855,39.077045,121.825653
115.408112,97.814980,40.306057,116.800194
115.503433,97.984993,40.479328,116.961945
115.655540,99.278595,40.441673,116.522949
118.604004,104.974495,38.349426,116.168770
118.803970,106.791771,38.228821,116.464615
123.974075,110.326523,36.460407,110.971115
124.311874,110.283028,35.772804,110.783333
124.011223,110.490211,35.954235,111.290192
123.485107,111.041893,35.936504,110.877747
121.579254,113.949181,36.175968,110.269836
121.678604,114.108940,36.520756,110.433434
122.588341,115.757095,35.915089,110.741158
122.623817,115.092796,35.913860,111.553825
122.841255,115.473389,35.941383,112.075539
122.930061,115.292000,36.141666,112.762672
122.670982,114.156830,36.854954,114.768425
122.073776,112.786774,39.889309,115.896561
122.365150,112.784058,39.911491,115.508598
122.068237,112.913040,40.672073,116.034721
122.229187,113.100388,40.966999,116.485245
123.292656,112.544815,41.258553,113.267128
125.115547,109.144684,39.399570,111.535896
126.138901,104.899872,36.664707,110.751305
127.604645,98.426132,33.366016,107.582092
125.646828,97.759125,34.892944,110.638550
124.875305,93.664848,33.884418,111.795036
124.517395,93.590202,34.351311,105.203949
123.385971,93.768272,34.327694,105.387032
123.315422,93.971939,33.504269,105.703033
125.794121,95.497406,33.553097,110.624542
129.503555,96.427719,34.665569,110.342514
132.894073,97.153671,33.764008,112.199875
133.106613,97.030685,34.034958,112.935181
132.668533,96.526886,37.029385,112.975525
132.881989,96.445671,37.586224,113.049957
132.609283,96.350128,38.017212,113.807396
132.619476,97.706192,38.576393,113.547363
132.850128,98.271080,38.874577,115.002625
133.066498,100.555984,38.929577,114.628418
132.412918,101.105843,38.455257,116.644318
133.034302,103.099533,36.628429,108.906822
132.964096,101.470039,36.715458,110.679443
129.953751,100.788361,37.078617,112.018097
127.387146,105.084236,37.640335,105.972420
125.403183,104.908951,36.834110,106.192230
126.376770,106.341621,36.601498,106.020157
126.364037,106.625076,37.004398,106.372536
125.557304,107.017166,37.135372,106.361420
125.628799,107.508064,37.084248,109.508163
125.798409,107.768402,37.463089,110.283768
125.725380,107.839333,37.492847,110.499725
125.655975,107.661842,37.665592,110.668312
117.892616,107.294724,43.471081,106.027077
109.453819,111.077065,41.950535,105.975288
109.507202,111.093155,41.959518,105.977631
105.101746,109.410172,42.090279,107.932587
105.012672,108.180931,41.630531,107.693047
105.474983,105.440445,38.917297,107.359200
105.282181,103.791031,38.806503,107.722374
104.970459,98.805336,39.972710,116.180473
108.331062,98.459236,40.247387,110.628731
112.581764,97.653465,38.764366,109.249664
112.762589,97.972137,38.905365,109.529503
116.706627,103.250183,38.500084,107.824554
121.781593,105.540665,37.806011,107.560822
126.744331,104.929634,36.368416,107.764160
130.036652,102.632523,35.884529,111.570900
130.058319,102.259163,35.948460,112.083595
127.696068,99.325798,36.963074,110.067932
125.485802,99.860001,37.944675,109.650681
125.906982,99.960579,38.583057,110.958069
130.311401,108.897888,40.315281,110.818092
135.039719,109.281349,40.488888,108.500343
135.028061,109.503525,40.482883,108.966904
135.828033,109.940071,39.973484,109.287636
138.042160,107.869537,37.311653,109.265961
137.944046,107.234314,37.065456,109.164871
138.246353,108.077599,36.780155,112.559753
138.427979,109.703529,36.923546,112.435829
139.285522,112.567032,37.516262,112.267563
142.397659,115.008972,37.319359,113.008118
140.310745,117.470963,37.160347,113.089424
140.054108,118.150101,37.834366,113.376823
138.316147,121.409462,38.395767,114.233200
132.498367,122.806656,39.578106,116.193665
129.636887,130.417816,39.897999,116.640465
126.898140,130.644470,41.439163,116.391815
119.902588,129.927872,41.511677,115.924660
118.399422,133.429581,43.600651,115.934708
117.196487,137.610214,44.195503,115.041382
117.382812,136.795227,44.430923,117.649345
117.125298,135.423019,43.811966,118.074821
117.697044,133.400101,41.951981,119.190079
117.313164,122.627708,39.063431,118.651581
117.422440,122.344582,39.373085,119.717903
114.888115,112.936363,39.199223,120.269363
109.787949,109.829445,39.151867,118.232315
109.659485,110.889977,39.166561,118.062111
109.048798,111.074341,39.360947,118.331985
108.323898,109.997879,39.872177,121.527000
104.772842,109.155022,38.911957,120.438225
104.843590,109.455498,38.924046,120.552498
104.899223,108.901016,39.017914,122.039024
105.121872,109.118462,39.490662,122.447403
100.437248,106.388268,41.080093,121.384315
95.669640,100.210373,40.847805,119.582176
91.460625,94.246323,41.039772,119.795197
91.370499,97.208405,45.746174,116.743729
99.765671,103.697586,43.653275,116.559036
103.158073,104.040764,41.506161,113.414001
110.141983,105.225380,41.159534,111.701378
114.509567,101.685341,38.911812,116.636398
114.472748,101.783569,39.042938,117.038002
114.505577,100.961601,39.257671,117.638046
114.350662,101.149620,38.990257,115.522453
114.269325,101.379379,39.020981,115.930634
115.539330,99.810638,37.938519,121.488297
115.412415,99.359039,37.731491,126.332085
119.829231,108.467209,37.837929,123.225586
119.953697,108.970985,37.983158,123.428215
120.403557,110.837166,39.756268,124.187515
124.535995,111.380089,40.564140,123.974770
124.675232,112.268814,41.500233,123.995613
124.033180,115.053360,43.556976,123.580841
121.731125,116.029488,43.745068,123.851624
122.274757,117.208351,43.981991,124.454926
122.505646,119.162605,43.753700,123.085732
127.588448,117.746284,41.604671,121.480713
131.020813,119.874062,39.908295,118.994476
131.090256,121.032600,39.865868,119.438461
131.160522,121.162750,39.981850,119.458130
131.240707,123.055115,40.044434,117.988548
126.533127,126.545105,41.616932,115.618851
116.148979,129.608307,43.543552,117.390549
115.248238,130.666992,39.125801,123.383377
115.509842,130.866806,39.343243,123.285309
115.423988,130.591003,39.446098,124.982193
114.592323,130.347961,41.481998,124.915268
114.300987,130.403793,41.740837,125.019630
112.712746,129.334763,42.723068,124.132446
111.530029,124.978851,43.406742,125.535492
110.966843,122.506332,42.925423,125.783295
110.752373,123.574181,43.427162,124.845703
106.331024,127.545052,44.074654,120.235611
104.196701,126.113243,41.312881,118.011795
105.557655,124.255783,39.105305,116.382660
105.748398,124.308533,39.483696,116.450279
104.899940,123.847588,39.293556,116.286858
102.010292,121.163017,41.432152,115.507881
99.114403,122.569138,41.744602,117.534920
97.875427,124.738136,43.084351,117.590942
98.801460,127.353813,43.260475,118.736916
100.403931,128.242676,42.839626,119.832329
102.082840,127.259758,41.567619,120.793472
102.901047,127.813408,43.060204,121.286736
106.576927,128.339554,43.164368,123.238846
105.236732,127.001480,48.912567,123.347374
101.482620,123.581352,49.829258,122.916252
100.809868,123.661079,49.948013,122.976456
100.849609,123.822525,49.943726,122.911781
100.467880,134.046463,50.118462,121.274673
100.913101,134.089966,50.304436,121.520294
101.007164,134.326385,50.474327,121.948761
101.155807,134.337326,49.103264,121.736626
99.369926,136.589798,49.213623,121.963394
99.041656,136.874405,49.577324,122.056252
99.359276,137.118866,49.874866,122.455338
99.805031,137.210861,50.097157,122.106117
100.209343,138.517105,49.955982,121.187828
100.185791,138.589569,49.879787,121.364685
100.316025,136.725189,48.905926,121.801216
99.837196,135.798462,48.353500,123.040291
98.965431,134.728683,48.296772,123.640457
92.584259,133.372971,47.873878,124.303726
87.306900,127.550209,51.246628,122.791046
77.373047,125.596863,57.676292,118.983070
