1
107.522934,95.227150,31.213404,106.480064
107.651184,95.999725,31.466356,106.132324
107.681770,97.339195,31.507069,106.498329
106.591850,98.034500,31.836687,107.868309
106.429985,99.312096,32.091312,108.008453
103.081238,104.560173,32.925129,107.669510
101.329483,107.767082,34.587288,104.861343
96.854935,110.799751,35.104641,102.529938
95.505615,113.126373,35.486660,101.911118
91.663330,117.376167,36.186268,101.350754
90.644753,116.698921,34.255562,101.501717
88.431274,116.062637,34.339352,96.994179
85.081856,108.440689,34.325356,105.331764
84.491882,108.659462,32.586632,100.727898
84.929779,108.846649,34.283875,96.198128
84.941963,109.087227,33.868484,96.859016
84.983086,109.239296,34.062160,96.489067
86.287125,110.140816,34.167999,95.985291
87.192635,109.864998,34.219131,98.121506
88.693207,111.098122,33.975021,98.680565
90.790771,109.107994,33.458534,100.257462
94.070625,111.818848,32.912937,98.311829
94.432579,111.501373,33.077606,99.084244
95.412971,111.476204,33.828171,97.891380
96.082863,111.293221,33.930717,98.147705
96.347969,111.963020,33.908691,98.001328
98.006332,113.557518,34.112606,98.167877
101.285294,112.874725,33.867195,99.537079
101.586319,105.400558,33.508667,101.719498
102.703026,99.996880,32.396915,98.870003
101.186302,99.124573,32.610687,98.924751
100.864510,98.456703,32.920124,99.139938
100.760895,98.218727,33.070713,98.871361
100.990234,98.495796,33.461521,99.081238
101.030533,98.517838,33.576000,99.458473
101.161110,98.411911,33.863754,99.766273
101.536194,97.502991,33.930389,101.275528
100.134552,96.323250,33.304008,104.454155
100.262688,96.142670,33.538868,104.013588
99.010361,95.013840,33.995205,107.269409
96.612038,93.096375,34.564262,107.192612
95.960777,93.180901,35.125507,107.114113
93.934113,95.101089,35.744576,105.041229
91.042542,95.796768,36.104683,104.213654
88.640381,96.586349,36.936989,102.449516
84.050949,99.630737,36.875473,100.641495
81.594872,93.726204,36.895039,102.641335
78.193504,90.131500,35.595161,98.277962
77.360977,89.080299,36.103691,103.523590
76.557991,91.449310,33.991360,101.674789
76.225014,95.246353,34.435833,99.647324
76.710152,97.625984,33.597939,98.749252
77.503815,100.093224,34.169563,99.232391
77.791672,98.500122,33.408199,106.034454
80.112160,98.006874,34.225407,105.749031
83.402946,101.284103,33.985786,106.049355
89.901154,100.361023,32.217934,106.761284
91.824226,98.838989,32.414478,105.982140
94.770905,99.630524,36.611595,103.915115
95.811188,97.766678,36.194351,102.362862
96.510117,98.696754,36.953972,100.660416
97.042099,99.951813,36.006332,100.597130
98.552658,99.463135,36.388279,100.279808
102.968887,93.885643,34.850021,107.026581
108.442070,87.195229,33.328255,110.654488
108.512917,87.416000,33.438110,110.846779
108.454628,87.631798,33.466248,111.384010
108.511337,88.687340,31.504328,113.414909
107.546455,88.560349,31.959332,112.923386
106.311424,87.040794,31.778318,115.335518
103.897049,84.529121,32.262848,114.783646
101.307899,82.241272,32.573303,114.759560
99.581207,78.739708,32.988804,115.142509
98.449272,76.179970,33.131237,115.307571
96.364700,72.419075,33.615097,114.898636
95.937103,72.073654,34.496803,114.615875
89.759537,76.159119,39.297970,112.629578
73.880173,79.659462,42.006153,110.940948
2
0
0
0
0
1
103.617393,88.818398,31.652403,101.319893
105.615227,86.700363,32.129395,99.631897
106.787453,86.630486,34.241798,99.811760
110.668365,90.695557,33.738628,100.813789
111.597618,92.384956,34.160355,99.292709
115.963943,94.745720,34.247852,102.917511
120.572334,93.578186,34.896355,105.142807
122.432617,93.606094,33.266407,106.929504
123.352577,92.341743,33.498356,108.367722
123.376488,92.416046,34.007427,107.609657
124.692467,94.361473,35.841717,106.870827
123.078415,97.035316,37.074425,107.462318
120.873772,97.710182,37.515629,106.848579
121.053474,97.881248,37.916527,106.873749
118.390793,100.992340,38.251682,103.117645
120.161850,97.839401,35.370461,103.457008
119.732544,95.045609,34.947876,103.184593
119.013786,90.300026,34.283070,104.262131
118.333458,88.664520,34.491753,105.064384
118.506615,88.578865,33.892979,104.853889
118.397781,88.428635,33.967758,104.990509
119.424118,88.425926,33.121437,104.078499
116.881561,85.336693,34.054993,105.985062
116.305946,81.247917,33.432140,105.335327
115.273529,79.809578,33.847198,107.787048
111.973297,78.999855,35.020691,108.963600
106.996277,74.544548,36.548141,109.212517
102.777443,74.064751,38.049850,107.704346
98.465958,72.518074,39.371475,106.683311
93.340164,75.368942,39.317204,107.713707
92.527702,78.662529,39.563740,108.410622
92.445992,82.062393,38.832233,106.891197
89.799820,83.756577,39.959698,111.202644
89.387390,85.216911,38.085922,110.273590
87.965858,89.754128,35.606644,102.216820
88.976852,89.972298,35.935009,102.902687
93.485359,90.990456,35.940041,102.037720
94.101982,91.715317,35.828365,101.850388
97.853775,93.526558,38.070740,101.807755
103.540070,95.632149,35.593307,99.565536
105.817039,96.771881,36.189648,101.580444
111.843811,96.200844,33.014492,108.620918
112.529419,99.953018,33.913837,108.705261
113.017624,98.054070,37.075340,112.767746
114.024353,98.209129,37.583691,112.771301
114.303238,97.706284,38.273998,114.123383
115.494270,102.167221,39.772381,111.213524
115.605423,102.324425,39.980938,111.446411
116.104248,104.271248,39.836655,110.989731
117.702507,107.933319,39.072678,112.309105
117.999893,109.273781,39.334152,112.690315
123.098495,112.178368,37.496655,107.829353
123.364784,112.119072,36.925591,107.878426
123.313225,112.207466,36.912430,108.313423
123.311104,112.412071,36.964737,108.325775
121.570175,114.009277,36.914902,107.916885
121.542801,114.020348,36.992134,107.973152
122.055481,115.381432,36.232647,108.042870
122.180550,115.091415,36.424160,109.048859
123.309395,116.648033,35.869102,110.471359
123.371719,116.606461,35.987720,110.514091
122.623596,115.030083,36.412365,113.323883
122.030190,114.527084,39.639988,113.572792
122.490433,114.390221,39.914387,113.310394
122.131294,114.523560,40.660282,113.243103
122.291634,114.643509,40.984573,113.451775
123.647278,113.180527,40.902660,111.575325
124.905602,110.345421,39.497696,110.306671
125.669830,105.437958,37.047894,108.912903
126.823647,99.849304,34.330399,108.088593
124.986511,98.076218,35.299999,111.433083
124.589737,95.179199,34.814106,112.467758
124.118828,95.177643,34.862099,106.069496
123.202484,95.320496,34.825043,105.936577
123.201859,95.599396,34.592533,106.088013
125.493011,97.094521,34.110371,109.564430
129.644775,98.610863,34.533718,109.047157
133.417511,99.174698,33.340862,111.890701
133.813675,98.485832,33.692013,112.712112
133.876251,98.149483,34.640553,113.150429
134.047745,98.295692,35.720966,112.889595
134.088776,98.343666,36.035473,112.937958
133.994293,99.265617,36.520817,112.164238
134.239517,99.842705,36.928181,113.222000
134.564484,101.542328,36.706089,112.490959
132.861282,102.534134,36.804165,116.745010
133.582428,104.816559,35.279003,107.631104
133.303375,102.463799,35.425999,110.231285
130.619583,102.169174,35.507492,110.855400
128.279892,105.263893,36.300797,106.000267
125.864220,105.487206,35.664059,106.431358
126.744148,106.117210,35.424126,106.624260
126.521179,106.680206,35.476799,106.313431
125.523224,106.759834,35.475254,107.040375
125.591583,107.291786,35.387196,107.847511
125.967026,107.669113,35.243610,109.097717
125.780144,107.793495,36.006237,109.528084
126.004372,107.998428,36.513870,109.943848
118.494720,106.591278,42.539532,105.346748
109.987984,110.775093,41.516258,104.243408
110.204147,110.794495,41.992657,105.117554
105.241020,109.451180,42.172710,106.540779
105.128166,108.126328,41.494823,107.011780
105.642853,106.597237,38.720051,106.894585
105.548416,104.264755,38.798859,106.808846
104.804092,99.204643,39.901497,114.923019
108.292564,97.968666,40.104317,112.092064
112.773102,97.698639,38.672562,110.527565
112.979210,98.213142,38.935406,110.855042
116.916809,103.415710,38.838840,110.104980
122.158592,104.385887,37.981037,110.612755
125.907784,104.362144,36.722969,110.505066
130.045990,102.456306,36.066406,113.644501
129.984283,100.814751,35.983131,113.855354
128.598755,97.750504,36.711689,112.686745
126.316559,97.375732,37.799320,113.103737
126.450462,97.612190,38.065380,113.658951
131.260620,106.421661,39.442261,113.654739
135.716690,108.585915,39.380898,110.652290
135.613708,108.664886,39.506298,111.004463
136.537537,109.044693,39.259811,111.965103
137.885880,107.750648,37.840523,111.685722
137.751678,107.391693,37.549297,110.642326
137.942627,107.945908,37.705090,114.397194
138.114319,108.331345,37.950386,114.120674
138.149490,110.499062,38.401497,114.366173
142.295578,112.623589,37.572441,115.131088
140.060226,114.057602,37.511826,115.943413
139.209396,115.553024,38.511940,116.070229
138.315079,118.565239,39.437584,117.431374
132.277634,120.161636,40.971016,119.298424
129.033981,126.236107,40.635590,119.904892
124.818855,128.877075,43.813210,119.009872
118.156181,128.926788,44.364056,118.369179
117.349892,133.805527,45.195656,117.313019
116.924805,136.389481,45.320576,116.974098
117.013809,136.331650,45.411366,117.887985
116.644409,134.455536,44.866058,118.153053
117.074379,133.985397,43.145390,118.131638
116.675011,123.676048,40.465103,116.784363
116.523552,123.049858,40.284359,118.326233
114.056229,115.145554,40.073921,118.817459
109.121986,112.115654,39.668015,116.182533
109.095177,113.093552,39.547501,116.072884
108.836014,113.203239,39.848186,116.299416
108.305458,112.197166,39.978500,117.731087
104.639526,110.660278,38.554638,117.048340
104.911926,111.020309,38.894939,117.704109
104.972740,109.299461,39.081722,121.486946
105.157600,109.287933,39.494061,121.448029
100.880684,106.271004,40.763767,121.108765
95.757538,100.346672,40.364689,120.340462
92.406998,95.913483,40.173622,120.010910
91.782990,101.984619,44.326374,115.354118
99.716003,106.674789,43.298096,115.062935
102.476036,106.997589,41.195229,111.498909
109.521599,110.557259,41.583778,107.987976
114.495369,104.106598,38.658184,113.292419
114.351601,103.861778,39.275158,113.604218
114.131409,102.184097,39.078579,114.511307
114.076797,102.487122,39.259830,113.858444
114.050735,102.504974,39.511269,113.984787
114.948273,101.173004,38.857368,117.624680
114.688797,99.510506,38.708836,125.318840
119.201485,107.091911,38.814240,122.730179
119.394196,107.465195,38.955418,123.192146
120.100327,111.879982,41.084820,123.456306
124.149902,112.491447,41.915852,123.447617
124.005699,113.110207,42.555405,123.810287
123.652588,115.024223,43.843006,124.191406
121.716164,116.194595,43.978046,124.667458
122.247208,119.166077,44.025269,125.308823
122.254852,123.842667,44.700642,121.508064
128.222137,121.078209,41.617233,119.821709
130.943115,121.558632,39.963539,118.909386
131.069092,121.973434,39.878342,119.128525
131.039810,123.216835,40.068039,119.003670
131.224075,124.515984,40.501759,118.353462
126.891441,127.901146,41.954823,115.370377
116.392189,133.562378,43.543137,113.676018
115.558754,132.945465,38.751797,120.950905
115.819778,132.986771,38.518177,120.738800
115.670288,131.583191,38.998512,124.545021
115.145798,130.984314,39.837906,125.295120
112.548691,131.016190,42.467163,125.022072
110.215073,130.464905,43.414349,123.840858
109.214012,127.433395,44.180191,126.238091
109.310799,123.174797,43.559170,125.861183
109.441322,123.575195,44.189537,125.644592
105.126778,125.937126,44.976723,123.461853
103.090195,125.862175,41.906273,121.453743
103.954102,124.753723,40.622078,120.659714
104.013474,125.407631,41.037334,120.851997
103.963432,124.447952,41.137741,120.769913
102.536301,121.247131,41.783035,120.695656
100.071899,122.734428,42.013882,120.453674
98.679886,125.313255,43.493465,119.295815
100.017914,128.368851,42.740597,119.952652
101.489265,128.152954,42.785881,120.642090
102.333893,125.468033,42.304482,123.039017
103.075706,127.228424,43.686749,123.545387
105.336716,128.391617,44.181744,123.972496
103.769463,125.986732,50.274361,124.839066
99.843987,122.158798,51.473709,125.262169
98.473640,123.056244,51.734188,124.918549
98.640259,123.159050,51.953579,124.959984
98.527435,131.365005,52.135155,122.879959
99.494064,131.596375,52.062725,123.139069
99.739708,132.016113,52.431541,123.039734
99.918518,132.118713,51.839539,123.392235
98.032791,133.710297,52.148323,123.499374
96.897408,136.719543,52.399796,121.607941
97.433517,137.235046,52.193111,121.865250
97.869881,137.402893,52.391682,121.844009
98.049408,138.463882,52.226044,120.713860
98.341484,138.772202,52.137173,120.877960
98.508133,137.888580,51.726387,121.153778
98.469666,134.345291,51.914635,124.852020
98.349289,134.246216,52.010609,124.967613
91.025261,133.895248,51.597244,124.790192
86.304031,127.769058,54.819168,123.289268
77.367439,127.660011,59.139404,118.355247
