1
108.648727,106.176125,31.836258,98.256371
108.699516,106.379417,31.978825,98.392159
108.694382,106.430542,31.972168,98.503868
106.466614,105.857704,31.760489,100.643234
106.459091,106.102394,32.007980,101.009567
103.380493,108.702972,32.670254,102.330475
100.837708,111.246078,34.633846,99.783684
97.726219,111.803169,34.475353,98.787086
96.227592,114.322319,34.691906,99.077988
91.748604,118.498276,36.051697,98.953247
90.772293,116.554657,34.547352,100.547920
88.686165,115.016808,34.293743,96.364960
85.424194,110.785950,33.895237,99.381828
84.358360,109.941002,32.662395,96.809860
84.833420,109.684814,33.784458,94.442917
84.931557,109.554817,33.801052,94.826065
85.034409,109.494026,34.042053,94.619827
85.581390,109.895645,34.268108,95.094574
86.882988,110.054993,34.791389,96.103012
89.179878,110.585732,33.866661,97.548477
90.706451,108.997871,33.553459,99.776222
94.556274,111.547325,33.301853,97.514839
94.795311,111.554565,33.541344,98.410896
95.071449,112.062454,34.009090,97.772079
96.143196,111.529152,34.403378,97.808914
96.845604,112.718513,34.303734,97.164848
98.208359,112.464455,34.432961,97.997505
100.650009,110.784561,34.181416,100.363960
101.344200,105.685951,34.130383,100.166992
102.439507,100.426086,32.723522,98.352509
100.913551,99.457550,32.906387,98.214363
100.427467,98.352287,32.545776,98.813179
100.554077,98.360886,32.979393,98.506371
100.625908,98.925346,32.961868,98.939743
100.717766,98.926704,33.018162,98.970016
100.905823,98.086128,33.272861,101.100449
101.645477,98.250763,33.745350,101.671539
100.491966,98.006378,33.513111,102.965149
100.713654,97.452728,33.996616,102.515160
99.169922,95.956421,33.779812,106.035286
97.007805,94.114014,34.480591,106.170120
96.330948,93.528496,34.505280,106.567032
93.787689,97.363365,35.373497,102.051758
90.951500,97.355705,35.684177,101.452042
87.847733,99.798409,36.489792,98.754997
84.436127,102.744179,36.219315,96.945282
81.033569,97.353134,36.858913,97.447433
78.809906,92.418076,34.892864,95.018204
77.852699,89.940292,35.083767,101.733955
77.354820,91.721878,33.041988,100.597466
77.139481,94.903114,33.892899,99.776619
77.362480,96.957764,33.490170,98.850540
78.090164,99.356018,33.541203,99.594505
78.361336,99.021912,32.842190,104.718201
81.229836,99.047592,33.712681,103.786743
82.648705,99.998062,33.608719,104.993340
89.897011,99.198059,32.775925,105.608322
91.500069,98.219200,32.882931,104.075249
94.179680,98.764137,37.059349,103.541245
95.270554,97.986153,37.055508,102.378830
95.976662,98.891174,37.741013,100.586494
96.547661,99.818100,37.270969,100.738060
98.983871,98.890388,37.305649,100.947220
103.372398,93.394035,35.226604,107.183929
108.436325,87.414803,33.853188,111.866600
108.445763,87.465538,33.938507,111.908478
108.246643,88.605980,33.958885,113.190430
107.442032,86.395752,31.946779,115.473328
106.923492,88.149117,32.249886,114.276512
106.194153,86.241943,32.309235,116.015724
103.350883,85.407066,33.049213,114.997757
100.817871,82.726151,33.568581,114.600342
98.308311,79.196838,33.918030,115.365952
97.372482,77.202591,34.053318,115.407097
96.282806,76.602188,34.563251,115.131554
95.276680,76.559807,35.298553,115.032188
90.090355,82.677635,41.298023,111.252037
74.465302,86.764999,43.662373,110.056702
67.644531,81.227325,40.263447,123.836174
64.582817,82.117088,46.824749,120.597549
58.296516,74.429237,46.768307,120.633072
57.100880,72.635666,46.238773,121.258530
2
0
0
0
0
1
111.363220,82.351654,34.056629,113.257942
115.963135,86.477608,34.559460,111.455673
120.585510,87.290642,34.881897,110.996468
123.047279,87.309715,32.560108,111.597900
123.662025,87.555267,33.200863,112.866165
123.330841,87.801613,34.402771,113.066246
124.345337,89.985161,35.160538,111.327126
123.764427,91.333595,35.932846,111.157234
121.724548,93.691879,36.062675,110.375740
121.875885,94.475121,36.504749,110.253738
119.537949,97.901276,37.081337,104.900040
121.275658,95.332138,34.671200,105.417603
120.529045,92.070343,34.843910,106.254417
119.045715,87.851448,34.351021,107.096420
118.499245,86.832512,34.521381,108.291939
118.864586,86.779533,34.431709,107.600060
118.648903,86.734261,34.375126,107.948257
119.482056,86.528763,33.601738,107.719742
116.523209,83.856926,34.572975,110.003815
116.013023,79.537865,33.475437,110.009193
115.538963,78.944908,33.453182,111.098312
112.738342,78.024246,33.686596,111.948830
107.759369,73.961601,36.068237,110.707977
103.051559,73.606056,37.983147,107.091629
98.346046,71.986427,38.667923,106.353798
92.825203,74.902336,39.263988,107.867142
92.201309,78.294281,39.513409,109.210823
92.144989,82.240196,38.657726,107.956718
90.373848,82.815910,39.360081,113.744568
89.268494,85.355453,37.564384,110.886871
87.898918,90.377396,35.656864,102.297783
88.969925,90.975533,35.910728,103.673813
93.432365,92.825142,36.239140,101.439430
93.979240,92.895157,36.313606,101.155624
98.636139,93.906830,37.418190,102.170425
103.765610,95.828201,35.290001,100.124672
105.320473,95.913025,35.475430,101.167221
111.668930,97.023842,32.627155,106.717934
112.498016,100.724915,34.204395,108.198555
113.206146,98.281410,36.012348,111.424095
114.174347,98.223923,36.622501,111.533821
115.187416,97.346291,37.694332,114.121864
116.047707,100.614929,39.107552,112.138565
116.242630,100.880325,39.476624,112.432388
116.715378,102.651199,39.362076,112.873817
118.012581,104.453262,38.529633,114.224602
118.492355,107.059532,38.608379,115.065628
123.223839,110.693626,37.065739,109.658333
123.657875,110.781944,36.968418,109.883751
123.123711,110.858055,36.933002,110.426331
123.074387,111.072639,36.959171,110.297951
121.238243,114.122879,37.069458,109.058189
121.415710,114.336906,37.501221,109.444458
122.100800,115.659966,37.387211,109.875977
122.097969,115.047104,37.417191,110.541092
122.172546,115.283195,37.457848,110.957962
122.206665,114.831261,37.493629,112.145973
121.509415,112.745125,37.967030,116.246017
121.348328,111.591888,40.710766,116.071777
122.440437,111.947960,40.962399,115.185593
122.300385,112.105270,41.169678,115.361610
122.435356,112.100693,41.466080,115.493881
123.119888,111.456726,41.646824,114.116280
125.191231,108.416191,39.236271,113.044434
126.055206,104.997055,36.789185,112.193581
127.322372,97.964622,33.724091,109.133736
124.765236,97.347389,36.188797,111.854057
124.386765,93.560738,35.321548,113.273117
124.099510,93.117775,35.350883,106.922043
123.279800,93.775391,35.409023,106.534805
123.198463,94.073212,34.416412,107.416275
125.417145,96.173286,34.060818,109.390327
129.797516,96.958755,34.603653,109.441452
133.461472,97.493385,33.612106,111.198921
133.717056,97.190521,34.131805,112.053352
133.450180,97.082657,36.595318,112.815933
133.416382,97.023949,37.533619,113.089264
133.270248,97.012581,38.046055,113.791985
132.953278,98.370346,38.458923,112.790916
133.072769,98.876556,38.303890,114.344826
133.631302,101.394218,38.202320,113.668152
132.794708,102.090569,38.110394,115.762199
133.933258,104.726860,36.306438,106.599960
133.568649,101.455605,36.158875,110.787384
129.858505,100.193207,37.089554,113.066284
127.273331,104.834969,37.566982,105.448463
125.276794,104.602341,36.804592,106.405930
126.265144,105.928162,36.601498,106.020157
126.347595,106.230881,36.939091,106.387657
125.255028,106.394760,36.871452,106.690674
125.317711,107.151741,36.792793,108.113327
125.612038,107.335754,36.736706,109.225540
125.707443,107.433693,36.993500,109.466606
125.502663,107.262512,37.459850,109.537659
117.444702,106.566490,43.402390,107.752609
109.540848,110.855324,42.468277,107.207848
109.556206,111.002968,42.478489,107.453888
104.826317,108.409790,42.758129,109.743340
105.008682,108.365143,42.155251,109.209618
105.601677,105.877846,39.464008,109.770935
105.554665,104.607979,39.085239,109.364746
105.343109,99.570930,39.720921,116.192192
107.951912,97.066040,40.701839,112.669243
113.176094,97.403107,38.835339,109.876030
113.326660,97.895699,38.893543,110.170822
117.037514,103.616432,38.459915,107.428009
122.361679,105.249863,37.287773,107.633987
126.684837,104.472275,35.905891,108.230865
130.789978,102.066238,35.581043,114.494102
130.945312,100.004967,35.708714,114.635605
128.056442,97.069466,37.593662,113.236900
125.660622,97.367920,38.653099,113.101700
125.857819,97.567635,39.019379,113.541290
130.288925,107.351799,40.556107,113.284599
134.776184,108.968010,40.583302,108.689728
134.744736,109.156891,40.969940,109.113319
135.277267,109.753632,40.448353,109.915070
137.037674,108.384743,38.516029,109.158607
137.293762,107.785957,38.102032,109.217834
137.483597,107.874474,38.223217,111.723778
137.624512,108.509956,38.473648,111.641693
137.780563,111.736275,39.100853,111.805290
141.328445,113.420883,38.400955,113.367073
139.174484,115.057442,38.493683,113.020950
138.983780,115.517159,38.777054,113.500702
138.108902,117.247192,39.330242,115.699371
131.597977,119.343376,41.444508,120.532066
128.701950,125.043587,41.175556,121.214798
124.393280,126.216698,44.024292,120.414871
117.115181,127.199776,45.204426,119.199959
116.576187,130.884247,46.203049,118.179489
115.957481,135.118744,46.279339,116.921051
116.265045,134.736023,46.301136,118.720169
115.824669,132.468643,45.770084,119.370689
116.354805,132.219315,44.891953,119.218750
116.176880,121.653564,41.887703,118.803009
115.984459,121.154549,41.869827,119.845596
112.838661,114.917671,41.674782,119.812912
108.132050,112.910248,41.082245,118.342697
108.394165,113.495125,40.943024,118.058189
108.176430,113.605606,40.845898,118.301453
107.918495,112.581207,40.876564,119.126648
104.479836,111.511147,39.043114,117.391548
104.899857,111.883598,39.197765,118.186127
105.011574,111.490158,39.498016,119.567047
104.996284,111.650963,39.483150,119.975121
101.198494,107.957809,40.339542,119.563095
96.233856,101.057228,39.999897,119.245300
92.611053,95.625145,39.777943,119.202164
92.316551,102.525436,43.239010,113.312500
100.505150,107.110336,42.118591,112.025345
103.737968,107.432274,40.868431,108.610703
110.083153,111.736588,41.080509,105.323753
114.697487,104.083092,38.619408,111.950249
114.672661,103.895676,39.168018,112.153183
114.146370,103.022400,39.100933,112.413773
114.196815,102.797920,39.307507,112.223228
114.233269,102.890877,39.478710,112.453278
114.942169,100.954536,38.564835,118.078217
114.794586,99.861046,38.714993,124.581421
119.242386,106.409248,39.022972,123.181313
119.550461,107.413055,39.469410,124.127953
119.908104,109.942657,41.555489,125.539253
123.653992,111.261696,42.563160,125.746185
123.713211,112.495361,43.426998,125.609871
123.126572,116.208122,44.825470,125.571129
121.750221,115.329468,44.484436,126.820061
122.043991,117.412567,44.675560,127.236435
122.228889,123.482620,44.827332,122.998291
127.834793,120.847824,42.044399,121.467705
130.211212,122.084564,40.801701,119.527397
130.401947,122.712975,40.893375,119.979515
130.481949,123.733925,40.964600,119.390091
130.865814,125.060310,40.907665,117.748512
126.789314,127.018028,41.345692,115.626816
116.160866,131.895859,42.785931,115.432098
115.431290,132.921967,38.013325,121.414604
115.708267,132.971817,38.405560,121.396698
115.634438,131.936783,38.376591,123.396317
114.953758,131.416077,40.598217,123.016762
113.707954,131.555237,42.462177,123.463120
112.255341,129.129700,42.747082,123.087593
111.025764,126.693527,43.819298,124.244698
109.982491,124.560555,43.749439,123.626877
109.923592,125.243202,44.175320,123.208130
105.733978,127.737434,45.610123,121.582947
103.803993,127.918564,42.826958,119.024635
105.219002,125.757622,40.419922,117.409409
105.176582,125.741325,40.507168,117.511246
104.468262,124.753754,40.694576,117.215317
101.891945,122.985786,41.331463,116.065781
99.301743,125.367950,41.443535,115.538101
98.288864,128.451233,41.926052,115.133888
99.203598,130.864426,41.677917,115.222961
101.170921,132.088608,41.363274,115.702942
103.575874,129.197128,39.906101,118.645645
104.558533,128.059494,40.231731,120.582382
108.253525,128.587006,40.947014,121.869766
106.994316,127.241043,46.863354,121.758858
103.203377,122.415222,48.563385,120.501671
101.704437,124.820923,48.554409,121.083786
101.840324,125.254150,48.907753,121.488525
101.092003,133.786392,49.644123,118.966217
101.416687,133.839111,49.833149,119.028183
101.426567,133.798004,49.893955,119.510544
101.468163,133.900635,49.081738,119.837891
98.440208,138.595413,49.604370,118.579094
98.111900,138.750656,50.247444,119.117477
99.178200,139.873352,50.279705,118.915932
99.409920,139.936798,50.447010,118.844765
99.531075,140.031372,50.210297,118.854721
99.674744,140.104355,50.475063,118.948723
99.904518,138.862305,49.408794,119.178528
98.935410,133.884781,49.485691,125.449028
98.504829,133.739548,49.560947,125.247070
91.907715,130.246719,49.609097,126.104851
86.603470,125.444794,51.644566,124.848526
76.939346,121.869087,58.768230,124.132141
