1
109.470062,96.246437,27.833784,108.413857
109.480484,97.584167,28.019922,107.761192
109.604767,98.581322,28.501213,107.686630
107.297188,99.412170,28.941416,107.793159
107.314819,99.532753,28.992390,107.946449
104.598969,104.487282,29.884726,107.719337
101.893387,107.636208,32.810890,105.347038
98.342110,110.272446,32.720657,102.603073
97.585457,112.647697,33.142452,102.518715
91.408806,117.202255,34.762772,102.934700
90.779945,116.564240,33.415077,103.510536
88.791206,114.063370,32.878731,102.336411
85.632782,107.879555,32.963295,107.760544
84.143211,108.080566,31.698938,101.054665
85.058449,108.663376,32.733501,94.600464
85.114655,108.562057,32.744572,96.367676
85.230507,108.461494,33.024899,96.547623
86.363609,109.067833,33.070610,96.841721
87.713928,108.966591,33.737450,98.037308
90.454796,110.080292,32.672432,99.427765
91.460098,107.917747,32.855843,101.602928
94.263908,109.845573,32.416000,100.235214
94.446739,109.694214,32.544231,100.918610
95.225815,109.926178,33.219345,99.531303
96.769028,110.071953,33.457355,100.052994
96.931961,110.712379,33.400219,100.095062
98.353912,110.959755,33.701828,100.771828
100.580238,109.920837,33.968288,102.293777
101.784447,104.121277,33.063580,101.950691
102.766907,97.881104,32.000813,100.286720
101.641495,97.011017,32.787476,100.492317
100.804665,96.749695,31.266035,99.488792
100.841873,96.607719,31.516331,99.387077
101.400070,97.652664,32.027657,99.057037
101.655426,97.727722,32.569401,99.440620
101.835304,97.734291,32.926773,99.648560
101.955727,96.975906,33.142307,101.781624
100.328072,96.040642,32.834171,103.549377
100.515770,96.274940,33.031841,103.115707
99.316360,95.606743,33.536686,104.713837
97.049881,92.852707,34.656452,106.097839
95.839401,93.489090,35.303459,105.324577
94.053154,95.493561,35.824528,102.881477
91.337524,95.671700,36.123833,102.663567
88.129005,98.464760,37.159645,99.011414
84.035782,102.161156,36.980530,98.338066
81.467857,97.005623,36.684784,99.889954
78.333702,91.359497,35.458382,99.084686
77.119431,88.559349,36.054569,105.946503
76.196304,91.628380,34.306114,103.862000
75.951569,94.369926,34.684097,102.330978
76.632324,97.216576,34.140797,100.823090
77.080208,99.419029,34.472569,100.137344
77.508469,96.332565,33.498352,108.090599
80.715195,98.048813,34.766697,105.293686
82.259163,99.787849,34.852585,106.177544
89.208534,99.104156,33.891010,108.006767
90.330566,97.839500,34.108608,107.891006
93.495499,98.927002,37.509712,105.669823
95.349213,96.636551,36.819038,103.925735
96.263840,98.174988,37.377796,101.804428
96.864166,99.158951,36.723965,101.898094
98.762741,98.466202,37.022755,101.705040
103.309982,93.035202,35.172840,107.728661
108.541908,84.274971,33.732075,114.673035
108.626549,84.378624,33.949047,114.943108
108.569496,85.768585,33.877739,115.143074
108.410721,85.624344,31.930182,118.052925
107.596436,85.963478,32.151058,118.122154
106.813278,84.811501,32.320286,119.400650
104.086739,82.793617,32.806000,118.293327
101.387680,79.503738,33.071056,118.413918
99.311058,76.888084,33.498562,118.403465
98.078445,75.354973,33.644638,117.934837
97.119499,73.969582,34.052864,117.549339
95.924355,73.512711,35.173916,117.051903
88.821365,77.560661,41.259144,116.889244
71.838036,79.940346,43.658043,114.726517
65.936058,71.521614,40.115234,124.251343
64.247620,71.992119,43.556870,122.706467
59.875389,68.423683,42.729641,122.528511
2
0
0
0
0
1
110.183304,90.740997,34.363716,116.914261
111.130455,90.344688,34.412571,113.462975
116.010193,93.402214,34.077259,108.668793
120.709732,92.041725,34.351234,107.476784
123.414101,90.172104,31.694628,109.243950
124.191475,90.125534,32.197891,109.727013
123.894341,90.184296,33.277519,110.045998
125.208435,91.552742,34.111347,108.829269
123.213257,94.044891,35.610477,110.311592
120.846947,95.535767,36.127434,109.540215
121.003899,97.485306,36.498497,108.716042
120.032913,99.076530,35.856289,106.637222
120.918083,97.122887,34.228325,107.099014
120.438980,93.930214,34.102638,108.318794
119.443214,89.577728,33.936054,108.936363
118.754700,87.088882,33.762852,110.021736
119.015366,87.594101,33.711472,109.159157
118.702477,87.397522,33.899670,109.248077
120.302948,86.716400,32.365753,109.673347
116.775284,83.888191,33.429596,110.530479
116.207428,79.724777,32.274868,109.977005
115.762947,79.264687,32.456341,110.578033
112.816315,78.157776,32.738319,111.380806
107.662651,73.770889,34.735287,111.274399
103.405518,73.712791,36.536068,107.855507
99.000809,71.723457,37.443241,106.905190
93.994316,73.549492,37.493031,108.896126
93.039673,76.938705,37.549438,108.462654
92.296265,81.070869,37.131203,107.258774
90.539505,80.789505,37.851330,115.017906
89.279732,83.883575,36.758095,112.971825
88.826942,89.213089,34.486233,104.495155
90.007454,89.422470,34.753635,104.854141
94.497505,90.859421,35.323078,102.690994
94.980804,91.675339,35.368523,102.082863
98.235909,92.897728,38.028809,103.041496
102.494316,94.757179,36.187286,101.423943
105.214188,95.383469,36.607548,103.171791
111.787270,95.849571,33.438953,109.361382
112.300545,98.727951,34.263947,109.678642
113.232262,95.669456,36.334591,113.633026
113.838913,95.596825,36.567837,114.137527
114.613815,95.449303,37.661266,116.936203
115.982994,100.029716,39.252567,113.342148
116.093735,100.253075,39.484505,113.391090
116.605293,101.563995,39.286167,114.123123
119.527122,105.550087,37.564625,115.035301
119.778984,107.060112,37.862720,115.628189
124.036400,110.629707,36.573032,110.023682
124.468468,110.797539,36.476006,110.245071
123.822716,110.790810,36.379124,111.243507
123.522675,111.376968,36.492222,110.387299
121.528145,114.071548,36.360554,110.000458
121.556473,114.304787,36.509190,110.444878
122.686577,115.438896,35.397717,111.396851
122.717682,114.106735,35.436043,112.229408
123.596542,114.655495,35.161709,112.664307
123.762062,114.816353,35.483921,112.963173
122.180656,111.800171,36.553768,116.759453
122.031921,111.375923,39.945049,116.181046
122.442902,111.881058,39.909447,115.341255
122.117325,112.060532,40.530403,115.301712
122.343422,112.132538,40.978092,115.466782
123.383644,110.951843,41.147556,113.629784
125.447227,108.306290,39.058548,113.019791
126.400063,104.899475,36.789185,112.193581
127.342590,97.918236,33.181240,109.059669
125.444733,96.912361,34.832188,111.766739
124.702278,92.999062,34.052181,112.770905
124.392548,93.261307,34.470707,106.016541
123.407898,94.060608,34.313446,106.006325
123.348000,94.744568,33.844704,107.386444
125.502960,95.905640,33.165817,110.254982
130.454590,95.643349,34.093006,110.586731
133.556549,96.876831,33.447006,112.499184
133.829285,96.380394,33.701057,113.084854
133.563644,96.573830,36.205101,112.906296
133.665894,96.509895,36.598049,112.993256
133.457199,96.307091,37.055470,113.093971
133.226715,100.476837,37.931057,111.448074
133.279831,100.736015,37.921734,111.997681
133.500992,102.458725,37.818874,111.695847
132.572006,102.883987,37.611942,114.653458
133.672394,104.908463,35.728493,106.913757
133.406509,101.057373,35.712212,111.437469
130.057755,99.578979,37.000717,113.764381
127.468887,103.682068,37.919983,107.833664
125.123543,104.276344,37.135796,108.621498
125.874222,105.014679,37.045895,108.790955
125.638931,105.735756,37.503830,108.354729
124.994377,105.820923,37.928558,108.199707
124.654541,106.391212,37.401749,110.791283
124.796730,106.598610,37.394821,111.449066
124.831078,106.608414,37.494076,111.450508
124.393135,106.192940,38.565094,111.841759
115.876122,106.074738,45.775013,107.003464
107.810089,110.002769,44.949909,107.319679
107.844116,110.134567,44.966881,107.456154
103.645782,108.566193,44.649719,109.358253
103.931221,108.374214,44.258968,108.948219
104.856567,105.753059,41.203159,108.286446
104.635071,103.379555,41.325001,108.565613
104.416389,99.744514,42.118835,112.657494
106.975937,97.959396,42.274818,111.742889
112.369362,97.350510,40.210732,110.111336
112.744415,98.740852,40.100876,110.617004
116.379929,103.736496,39.687019,108.859619
121.568146,104.468864,38.514256,111.263382
125.213402,105.162727,37.622883,110.884468
129.502823,103.483963,36.797729,113.175171
129.468857,102.351097,36.816566,113.592209
127.290833,99.595619,38.114059,111.271469
125.127502,98.989990,39.168873,111.180855
125.500214,99.117195,39.638233,112.056267
129.817490,108.160637,41.098469,111.294220
134.814926,108.407677,41.017586,109.017342
134.761475,108.674026,41.487484,110.095840
135.246735,109.131714,40.788773,110.709892
137.628677,107.127365,38.193859,110.541092
137.505127,107.014908,38.388897,110.499954
137.699997,108.005821,37.717419,113.439400
137.926376,109.474205,37.921638,112.783661
138.694641,112.637573,39.132309,112.450699
141.224670,114.178932,38.661434,113.309166
139.467621,115.131149,38.300655,116.141022
138.704742,116.619873,39.272091,116.762505
137.602493,118.336319,39.707432,118.664886
132.360489,121.149490,41.912159,119.184937
128.223267,127.243233,41.837772,119.067253
123.525475,129.820999,45.164722,118.563690
116.996796,128.211960,45.647160,118.145615
115.717834,134.412781,46.934841,116.620758
115.298027,138.440567,46.573208,116.002441
115.616707,138.282898,46.865032,117.222153
115.766739,134.453522,44.690548,117.896347
116.551216,133.894363,43.135551,117.840012
116.767311,122.790886,40.422256,117.121651
116.606735,122.511436,40.328140,118.558022
114.169685,113.786346,40.060566,119.490738
109.191299,111.280609,39.628429,115.586472
109.148300,112.120758,39.842953,115.712143
108.833679,112.324203,40.018066,115.954178
108.494652,111.925980,40.544250,116.731194
104.132881,109.822212,38.792263,116.521965
104.329697,110.047928,38.819122,117.662506
104.681496,108.125534,38.984375,121.922752
104.674042,108.151260,38.989014,121.948051
100.647339,105.581207,40.504467,121.918045
95.711655,99.860931,40.331612,120.231522
92.136833,95.572578,40.305386,119.767410
92.408440,100.772026,43.518867,114.889282
100.534576,105.844879,42.591095,114.074890
102.931999,105.382492,41.225658,112.953598
109.710831,106.428520,40.979134,110.580482
114.423256,101.556946,38.506882,116.373108
114.491684,101.548157,39.118782,116.457718
114.426399,100.796967,39.249199,116.604965
114.225426,102.060379,39.282768,113.560425
114.187889,102.227242,39.511269,113.984787
115.085426,100.895271,38.857368,117.624680
114.825951,99.232773,38.708836,125.318840
119.338646,106.814178,38.814240,122.730179
119.531349,107.187462,38.955418,123.192146
118.375824,112.938362,43.034794,123.489349
123.149467,113.844864,43.931282,123.038223
123.080223,115.589500,44.553463,123.027283
123.332588,116.526833,45.370987,123.399803
120.852547,116.073257,45.224586,124.426704
121.390755,118.186867,45.505276,125.224060
121.576164,122.504410,45.789955,123.239151
126.646690,120.253487,43.368240,122.092735
130.208359,121.994232,40.844276,120.630768
130.408936,122.634773,40.850567,121.070801
130.544189,123.161499,40.936928,121.418114
130.630096,124.627365,40.987495,119.998344
126.169044,125.753181,41.432236,117.852180
115.130653,130.633606,44.214081,117.899551
114.019386,132.968933,40.038853,122.864792
114.655190,132.961014,39.863922,122.924240
114.704445,132.967590,39.967892,123.010437
114.706284,133.036957,40.594795,123.397270
112.233696,133.211624,43.310825,123.259247
109.742744,131.593994,45.236252,122.239555
108.912453,124.939713,46.092503,126.603210
108.148773,122.486328,45.890472,126.148972
107.599945,124.061050,46.549206,124.675667
103.538086,127.090782,47.861366,122.687950
101.289932,128.736572,45.572964,119.613411
103.515831,125.558640,42.587418,118.816345
103.333260,125.831573,42.972408,119.696068
103.242943,125.394180,42.731556,119.349739
102.109589,122.999573,43.256306,119.686554
99.726891,121.791504,43.056141,120.339241
98.901711,122.738724,44.318584,120.337570
100.605904,124.922104,44.109707,122.863716
100.837631,125.128090,44.447697,122.955147
103.105774,123.178497,42.478882,124.175621
104.055946,124.706810,42.792168,124.500809
107.058701,126.405022,43.226139,124.956940
105.369041,124.025787,49.805782,125.947136
101.136093,118.809425,50.589893,126.419136
99.647995,122.181038,50.778145,124.337105
99.875336,123.037155,50.835793,124.201790
99.479866,134.138428,51.062855,121.891464
100.799362,133.417145,50.771557,122.280670
100.862999,133.447266,50.966965,122.447227
101.099533,133.198380,49.426212,122.375153
98.558472,135.260895,49.612617,123.032967
98.297882,135.563965,50.149311,123.507607
98.962936,135.705627,50.352367,123.715233
99.786354,136.096725,50.166492,123.498657
100.127602,136.437393,50.080383,122.953362
99.790779,136.501633,49.544647,122.740501
100.051277,134.216415,49.148403,123.507782
99.533791,132.555023,49.233200,126.363014
98.764420,132.962006,49.565807,125.965668
92.165154,132.869461,49.704651,125.469162
86.828682,126.898895,51.200417,124.341560
77.822891,124.130699,56.480888,121.690758
