1
109.459564,97.036255,30.426441,106.957199
109.108734,99.288879,30.489370,106.443985
109.053848,100.050056,30.480618,106.185417
106.909676,99.847565,30.480854,107.361885
106.887550,99.906540,30.500153,107.464920
104.098579,104.392433,31.203562,105.803223
101.314285,108.931885,33.952232,103.528786
98.133713,110.950607,33.699638,102.286407
96.308441,113.885529,34.069935,101.619347
91.347710,119.001663,35.881790,101.323662
90.323502,117.040688,33.828941,103.055382
88.753334,114.927841,33.272461,99.218399
85.254517,107.795097,33.647774,107.309654
84.156471,108.026138,32.291988,101.091698
84.924843,108.874283,33.045715,94.732201
84.941200,108.626099,33.019070,96.122543
85.151192,108.732658,33.520615,96.408966
86.038200,109.258736,33.660000,96.445457
87.099823,109.287575,34.323177,97.814522
89.696747,110.016762,33.294098,98.809349
91.094704,108.728851,33.124504,99.716545
94.398445,112.397591,33.219639,98.099144
94.702522,111.949509,33.540905,98.933701
95.246307,111.873390,33.997570,97.727142
96.365479,111.259766,33.936420,97.961159
96.761597,111.729263,33.827782,97.569992
98.526138,113.247032,34.152134,97.714775
101.610023,111.581070,32.888031,98.576500
102.271866,104.971764,32.357670,99.872185
103.046555,100.427994,31.041109,97.516403
101.937614,100.046951,31.573799,97.947693
101.230049,98.413727,31.463894,98.338341
101.169159,98.058968,31.535883,97.841644
101.503716,98.604752,31.961775,97.939911
101.546082,98.452904,32.148018,97.955582
101.736595,98.797546,32.054222,99.200531
102.440819,98.621399,32.526684,99.517189
100.115707,97.987671,32.795235,101.726822
100.323250,97.523949,33.004154,101.759560
99.346581,96.441879,33.436382,103.709129
97.606979,93.590065,33.662266,105.856430
96.721382,93.592903,34.353939,105.347168
94.781639,96.621475,34.952030,101.787880
92.072723,96.695610,35.105827,101.659271
88.411087,99.230888,36.686810,98.203766
84.052292,102.279572,36.735081,96.108337
81.187225,96.187584,36.940887,97.485809
78.436691,91.378716,35.460449,93.875153
77.519455,88.531952,36.043594,102.170807
76.934807,93.350456,33.460564,97.861343
76.362694,97.601501,33.949287,95.990990
76.951462,99.241196,33.035400,95.291245
77.865150,102.114258,33.437416,94.791855
77.789528,99.960487,32.869701,102.629738
80.622078,100.607719,34.403587,102.568573
82.394302,102.276810,34.226765,104.129700
89.253021,100.865433,32.596577,106.200401
91.833389,99.685181,33.092407,105.437157
94.101631,98.626022,37.603756,104.276161
94.990219,97.669640,37.181194,103.261177
96.077431,99.544662,37.615402,99.358231
96.672386,100.687767,37.256908,99.235252
98.075256,100.240150,37.220654,99.143112
102.592743,94.703102,35.497921,105.147278
108.190323,88.699898,34.324642,109.555542
108.137894,89.037216,34.394783,109.875191
108.098053,89.654556,34.421429,111.050301
108.073891,87.385429,32.280396,116.062408
107.407509,87.835251,32.628017,116.207848
106.025131,87.999374,32.862583,116.837029
103.417969,85.262947,33.274475,116.778160
101.000046,83.109924,33.607292,116.593056
98.394951,81.758698,33.998211,117.008087
96.475227,78.477753,34.163406,117.254486
95.175438,73.807831,34.483398,117.728806
94.412292,72.117149,35.241379,116.932182
87.903755,74.748680,41.175091,114.415901
71.949081,78.343163,44.380547,112.113213
66.723053,77.442528,40.707138,121.631195
61.484875,79.209084,48.996956,117.641090
56.954075,74.222023,47.880081,117.495949
56.006729,72.548935,47.301926,117.977814
2
0
0
0
0
1
114.518250,93.695877,31.940090,104.951439
118.170700,95.169640,31.392450,103.118065
121.724648,93.773842,32.642818,104.165001
124.237236,92.550041,30.744225,106.144775
124.812035,92.347664,31.127762,107.306053
123.706978,92.499710,33.977848,107.552834
124.968063,93.685593,35.000290,106.906128
122.956421,96.691002,36.521515,108.152924
121.434952,97.103195,37.066513,108.158798
121.501427,97.431511,37.480095,108.291733
119.733414,99.763252,37.304825,105.418030
120.723984,97.103035,35.353252,106.020767
119.781281,93.484680,35.346836,107.052498
118.622665,88.428207,34.801476,109.301666
117.964554,86.527435,34.737209,109.836662
118.335075,86.074326,34.389481,108.277466
118.257614,86.128197,34.450359,108.424919
118.853821,86.044350,33.916050,108.363823
116.520020,84.397232,34.285236,109.072647
116.080803,79.834190,33.071205,109.118050
115.761040,79.270836,33.519966,110.196381
112.320381,77.117584,33.931431,111.434143
107.310478,74.370598,35.173317,110.670769
103.282700,73.455360,36.852226,107.922005
99.083649,71.348381,37.820190,107.032410
93.614777,73.900917,38.202778,108.702942
92.654320,78.109634,38.557781,108.832443
92.227745,82.359703,37.946129,107.291763
90.185249,83.489838,38.439056,112.820473
89.571693,85.174942,37.436558,110.902176
88.295967,90.317368,35.318504,102.281586
89.431549,90.566719,35.475929,103.373795
94.237236,91.691612,35.387257,101.567520
94.695251,92.544586,35.344719,101.289589
98.040817,93.031067,37.709599,102.600784
102.557838,95.386887,35.979214,100.523743
105.697044,95.557098,36.255222,103.139465
111.839432,96.044334,32.883095,108.942917
112.520912,100.597313,34.042645,109.302406
113.435287,97.986679,35.776608,112.431847
114.653595,97.469139,36.061584,113.043892
115.080307,96.912727,37.451939,115.750969
116.128685,103.354057,39.230579,110.407425
116.197113,103.430519,39.510765,110.429756
116.471672,103.700790,39.970222,110.455780
117.842690,107.484627,39.209831,111.010719
118.182762,111.179688,39.034657,112.247818
122.800110,112.279457,37.525444,109.429733
123.315956,112.108543,37.405067,109.265770
123.121506,112.259659,37.383175,109.984352
122.724045,113.250816,37.575874,108.636459
121.193916,115.661736,38.035812,108.060837
121.382797,115.878006,38.482449,108.470161
121.776688,116.583061,37.826027,108.681107
121.950104,114.039825,37.860550,112.387459
122.070877,114.099747,37.926521,112.451225
122.034546,113.623360,38.218849,114.047897
121.712128,112.757996,38.733410,116.529907
121.314873,111.862732,40.830505,116.592026
122.232780,111.626152,40.819504,116.480225
122.203285,111.624763,41.089413,116.388863
122.390762,111.649925,41.481281,116.462738
123.006035,111.171654,41.763634,115.098343
124.736778,108.064308,39.620796,113.998459
125.667038,104.560425,37.778957,112.635971
127.178459,96.698936,34.248901,110.284317
124.655708,96.322968,36.393501,112.617851
124.262497,92.884514,35.602612,114.473129
124.022377,93.887383,35.751873,106.986542
122.984619,94.245872,35.876141,106.448929
122.854187,94.536812,34.794128,107.504990
124.969688,95.708473,34.251709,111.379959
130.012756,96.551971,34.673733,109.934128
133.391205,97.230316,33.948292,111.582855
133.579941,96.401054,34.188194,113.549332
133.208130,96.182106,36.528461,114.271385
133.465103,96.360596,37.206871,114.249313
133.462799,96.405716,37.548100,114.535042
133.346680,98.032745,38.024429,113.624794
133.563660,98.401566,38.456497,114.489342
133.720108,99.635460,38.352692,114.278450
132.280701,100.988358,38.135532,116.997627
133.061935,102.805397,36.628429,108.906822
132.991730,101.175903,36.715458,110.679443
129.904816,100.292809,37.614799,113.315506
127.263161,103.706299,38.179527,106.969772
124.857384,103.525314,37.515587,107.786606
125.815773,104.990509,37.171906,107.409416
125.738853,105.158104,37.509453,107.260345
124.851097,105.285606,37.849323,107.462524
124.865021,105.930061,37.443291,110.505608
124.938728,106.151138,37.401958,111.381523
124.969498,106.194717,37.494076,111.450508
124.531555,105.779236,38.565094,111.841759
115.857613,106.087418,45.757759,109.456253
107.820221,109.592384,45.173122,108.744743
107.988098,109.772064,45.469933,108.947563
103.289619,107.636826,45.330551,110.648048
103.526703,107.748726,44.503490,110.446663
104.081367,105.736130,41.888355,109.852264
103.987137,104.443581,41.705765,109.858749
103.904984,102.359169,42.189018,112.378937
107.734123,100.636673,41.774696,108.495789
112.710579,99.915787,39.345947,106.869003
112.946747,100.069725,39.245068,107.480835
116.251808,105.217285,38.652409,103.229668
122.600838,106.016479,37.641891,106.390335
126.259399,104.866371,36.582115,107.296684
130.639648,101.679390,36.195904,114.253998
130.519943,99.419083,35.916973,114.700882
128.227234,96.570290,37.088932,113.146103
126.692261,96.890633,37.797417,113.549934
126.852715,97.132812,38.044865,114.050476
131.478745,106.680656,39.616508,113.759033
135.866379,108.177452,39.885300,110.599236
135.612335,108.336357,39.949104,111.386696
136.412903,108.787895,39.061913,112.441315
137.893448,107.785347,37.866379,111.950531
137.746307,107.293983,37.549297,110.642326
138.015366,108.347542,37.758919,111.867371
138.134659,108.606010,37.972191,111.858627
138.108307,111.198845,38.546276,111.623512
141.960968,112.645393,38.117584,113.298866
140.182968,114.829552,38.656403,112.410606
139.778381,115.539146,39.195637,112.707657
137.903534,117.470680,39.856167,116.023811
131.925827,119.656448,41.901676,120.981995
128.594360,125.847549,41.772446,120.394188
124.166443,127.054497,44.773357,120.583122
116.705177,127.921265,45.748116,119.979050
116.349709,131.302170,46.535152,119.059860
115.577415,135.747818,46.906643,117.992424
115.733215,135.449890,46.790085,119.533554
115.562981,134.072891,46.252056,119.753632
116.253731,133.043350,44.373329,120.047684
115.648041,123.513176,41.799004,118.396454
115.726273,123.529991,41.972691,118.473373
113.828064,114.861526,41.185631,119.186920
108.778221,112.844940,40.645882,116.197296
108.783897,113.505516,40.637726,116.214027
108.518379,113.490974,40.844299,116.450462
107.627106,112.403282,40.977142,117.653397
103.724945,110.911652,39.351013,117.222214
103.991013,111.368774,39.197765,118.186127
104.136375,111.065552,39.531155,119.174049
104.369865,111.228859,39.980247,119.448509
100.384315,107.434227,40.921909,119.703850
95.843384,101.192894,40.376545,118.553268
92.209167,96.079987,40.340252,118.693520
91.277328,102.016457,45.056362,114.469383
99.514908,107.456963,43.758709,114.089798
103.057648,107.653938,41.713795,110.149940
109.523903,109.569191,42.191071,107.689529
114.264984,102.711052,39.093002,114.749855
114.395653,102.758728,39.511620,114.978600
114.248322,101.872772,39.723312,114.931694
113.933090,101.219803,39.566986,113.557846
113.634575,101.194969,39.963970,114.319633
114.932480,99.847160,38.151619,121.916435
115.032272,98.808983,38.376598,127.221909
119.882721,108.648712,37.718784,122.918343
120.026291,108.731239,37.976494,122.953705
119.364784,110.710182,40.904770,124.253586
123.889397,111.478836,41.431038,123.771622
123.676849,112.965553,42.739510,124.318649
122.758255,117.135147,44.584358,123.526688
121.101074,116.606117,44.526985,124.506973
121.696625,117.909096,45.081085,125.030418
121.530945,121.687782,45.524666,123.250114
126.734116,119.431381,43.368240,122.092735
129.131790,120.918106,41.556900,121.587212
129.534622,121.843567,41.762661,122.062958
129.700424,123.510254,41.944588,121.754349
129.988480,125.052109,41.993206,120.561111
125.373695,127.366493,42.532223,119.816002
115.215263,131.178574,44.266579,120.111610
114.001678,132.386429,40.109829,124.336067
114.342308,132.434479,40.252331,124.474953
114.434586,132.436249,40.483166,124.457016
114.329102,132.051727,40.772533,124.570610
112.624832,132.913162,42.905361,124.743797
110.027145,129.142075,43.570446,124.087341
109.312546,125.780449,44.798534,126.878342
109.077415,124.032661,44.356735,126.628227
108.581024,126.619324,45.376789,124.354523
104.940315,128.896088,45.181393,121.702995
103.757927,126.100700,42.931820,120.160576
105.034309,124.886528,40.797924,118.724403
105.063583,125.197159,41.023045,118.934578
104.295143,124.221237,41.221550,118.778084
101.848190,122.444527,42.856182,117.653992
99.206383,123.647568,42.718300,117.202774
98.315254,126.869240,43.711159,115.750824
99.486420,130.117050,43.294991,116.249443
101.289505,130.566101,42.852417,116.958710
103.205276,128.821838,41.389256,118.708649
103.488609,128.322327,41.790638,119.807961
107.420372,128.461624,42.053226,122.046982
105.888351,126.860237,48.592827,121.863823
102.286934,120.904266,49.451801,122.220192
101.247787,123.765556,49.378368,121.725037
101.369354,124.714050,49.178391,121.937370
100.932320,133.021469,50.029488,120.111076
101.375069,133.234329,50.266872,120.571297
101.458244,133.377243,50.470322,120.967758
101.558685,133.344666,49.472111,120.766922
98.176361,138.024170,49.615170,119.654823
97.572868,138.025482,50.408604,120.253471
98.318214,138.731125,50.472435,120.182877
98.975945,138.921387,50.593452,120.183960
99.226715,139.482544,50.846485,119.896408
99.353386,139.570663,50.838802,119.853455
99.535492,138.009323,50.551674,120.265633
99.329643,135.418747,50.926292,123.671219
98.883369,135.329849,50.895847,124.006416
91.551949,133.014084,50.469196,124.958000
87.232300,127.114075,51.167706,123.409462
77.911880,125.964058,56.392502,118.877487
