1
106.991936,93.993103,35.850700,103.066849
105.800270,97.343567,35.932285,102.617188
105.828278,98.384674,35.957939,103.021301
104.661613,99.765724,35.872868,103.413780
104.678116,100.086174,35.962685,103.724083
101.803703,106.235611,35.928345,102.461143
101.035385,107.732956,36.539223,101.998322
97.397781,110.484802,36.749836,100.088486
94.799103,114.445877,37.114609,99.790726
90.168610,119.272377,38.244434,99.206169
89.382347,118.549263,36.344254,100.248482
87.512436,115.953903,35.806580,99.120033
84.645271,109.170364,35.879356,104.118484
83.706894,108.086212,33.868862,101.052162
84.842186,109.105217,34.174290,94.565651
84.833618,108.975365,33.860962,96.702759
84.919777,109.007645,34.105080,96.980011
86.097214,109.652115,33.969666,96.653526
86.995766,109.836327,33.845524,97.317261
88.868248,110.509392,33.432907,97.955193
90.760712,108.989441,32.881947,99.158714
94.718468,111.914490,32.418804,97.519836
94.930901,111.756493,32.514519,98.404579
95.663544,112.029411,33.217674,97.118645
96.544579,111.868416,33.452816,97.411026
96.975410,112.170273,33.390457,97.161949
98.196663,112.889732,33.556717,97.073692
100.984100,111.599648,33.457134,99.250664
101.689156,106.126114,33.058823,99.623596
102.610611,100.565239,32.227596,97.496719
101.099731,99.487198,32.922848,98.220680
100.605423,98.378777,32.545776,98.813179
100.732033,98.387375,32.979393,98.506371
100.803856,98.951836,32.961868,98.939743
100.895721,98.953201,33.018162,98.970016
101.083771,98.112617,33.272861,101.100449
101.823425,98.277252,33.745350,101.671539
100.669922,98.032867,33.513111,102.965149
100.891602,97.479218,33.996616,102.515160
99.347878,95.982910,33.779812,106.035286
97.185753,94.140503,34.480591,106.170120
96.508904,93.554985,34.505280,106.567032
93.965645,97.389854,35.373497,102.051758
91.129448,97.382195,35.684177,101.452042
88.025681,99.824898,36.489792,98.754997
84.614082,102.770668,36.219315,96.945282
81.211525,97.379623,36.858913,97.447433
78.987862,92.444565,34.892864,95.018204
78.030655,89.966782,35.083767,101.733955
77.532768,91.748375,33.041988,100.597466
76.475800,96.283554,34.438759,98.495888
76.880592,97.643143,33.722946,97.647850
77.498802,99.910851,33.654339,98.201859
77.789291,98.376427,32.828644,108.992386
80.752258,98.107689,33.718746,107.808540
83.460457,100.665062,33.671043,108.253822
89.906776,100.150375,32.708118,107.904152
91.654556,98.302681,33.655769,107.488640
94.584396,98.052498,36.997307,104.747208
95.497078,95.975082,36.328430,103.810829
96.159103,97.756012,36.799103,101.770676
96.935257,100.130417,35.817402,101.202057
99.297699,98.637848,35.677601,101.487907
103.541679,92.707253,34.159607,107.200897
108.568169,85.671104,33.026855,112.409103
108.571693,85.591003,33.278568,112.320557
108.734787,86.295776,33.449760,113.530296
108.173561,85.945686,30.976959,117.656197
107.517296,87.376686,31.189159,116.903481
106.323029,85.978149,31.442190,117.806480
104.104187,83.519516,31.828327,117.430229
101.224007,79.774979,32.105019,117.518738
99.180893,77.120064,32.511463,118.075523
98.277870,75.129684,33.084072,118.536331
97.089951,72.899078,33.587791,118.275513
95.656845,73.162659,34.750507,117.744881
88.737953,77.697075,40.243664,116.548668
71.658417,82.587601,42.721123,115.116928
66.826942,72.969757,39.022556,126.005089
63.602917,74.373459,45.501766,123.421341
60.233841,70.990738,45.261608,122.705383
58.417671,71.310371,44.933392,122.934456
2
0
0
0
0
1
113.652603,80.915283,33.012745,115.843391
117.306725,84.632156,33.469711,114.892357
121.091713,84.883881,33.900970,113.995499
123.423065,85.389343,31.646761,113.905144
124.023514,85.780281,32.095734,114.027550
124.331779,86.394661,33.090343,113.807213
125.804718,89.488152,34.429916,112.742012
124.332497,91.035629,35.182728,113.666687
122.024971,92.821472,35.933289,113.158165
121.876350,93.345299,35.972950,113.143532
119.851273,96.631950,36.181084,110.098679
120.768555,95.722382,34.981228,110.319077
120.006187,90.703384,34.604130,111.375328
119.330139,85.651817,34.683460,111.667831
118.923004,85.134697,34.886768,112.159355
119.095741,85.526772,34.398170,109.678017
119.043358,85.633293,34.445705,109.962311
119.708534,85.174400,33.873039,109.345093
116.765335,82.862747,34.367233,110.229599
116.307625,78.499222,32.872845,109.746887
115.750359,78.276314,33.145947,111.083771
112.423225,76.504898,33.880112,112.322159
107.521477,73.470566,35.031609,111.458038
102.738182,73.423119,37.134670,108.500938
98.473083,71.127876,38.292404,108.266090
93.074921,74.645828,38.799149,109.593704
92.690536,77.562462,39.060703,109.472549
91.626839,82.728889,38.327396,107.882195
90.080788,83.903244,38.737186,113.018082
89.301247,85.801697,37.268425,109.839828
88.027573,90.412170,35.345379,100.926926
89.111862,90.094299,35.461689,100.689781
93.926826,91.665810,35.359859,101.530251
94.398537,92.537415,35.344719,101.289589
98.564201,93.477150,37.320587,102.269081
103.742477,95.349190,35.290005,100.124672
105.297340,95.434013,35.475430,101.167221
111.725441,96.072876,32.665314,108.749619
112.515808,100.722504,34.042645,109.302406
113.660156,97.532669,35.873508,112.285553
114.830009,97.088272,36.061584,113.043892
115.256721,96.531868,37.451939,115.750969
116.198471,100.786133,38.735874,112.753624
116.313728,100.916321,38.990009,112.947197
117.018456,102.918854,38.924194,112.730827
118.609840,105.865326,38.021435,114.057465
119.020905,108.257477,38.187458,114.989296
123.712852,111.979164,37.031773,109.278046
124.179390,111.696762,36.845909,109.126831
123.732376,111.688454,36.823917,110.718719
123.225365,112.395546,37.101524,109.867805
121.342331,114.905388,37.196857,109.428284
121.468407,114.929962,37.495663,109.449654
122.252190,115.743256,36.276287,109.917694
122.285934,115.192375,36.469215,110.356010
122.387321,115.240265,36.411232,110.521782
122.454567,115.235458,36.485546,111.664223
122.025063,114.269394,36.888042,113.406197
122.164726,112.846718,39.823708,113.996315
122.644447,112.621178,39.851677,113.256943
122.500198,112.918243,40.305260,113.410851
122.566833,112.917969,40.495991,113.474571
123.141418,112.912903,40.689320,111.122269
125.049706,109.817329,39.226147,110.637299
126.173965,105.000870,36.929138,109.412834
127.549881,97.897881,33.258278,106.374084
125.872208,96.897720,34.384464,110.461891
125.111763,93.657150,33.898941,112.485710
124.564308,93.411049,33.790195,105.215569
123.620377,93.642639,33.857838,105.619179
123.577240,94.070961,33.154320,106.034721
125.507912,95.198769,32.996517,110.252335
129.861755,95.389832,33.812965,109.932129
133.872208,96.496056,32.924538,111.062950
133.979568,96.458534,33.137703,111.860817
133.562790,95.975479,35.784660,112.683418
133.668030,95.956985,36.197151,113.428665
133.539566,96.089363,36.668411,113.471275
133.238556,99.000145,37.383556,112.012115
133.348312,99.720284,37.373947,113.496315
133.691284,101.237823,37.265560,112.911995
132.419708,101.677490,37.232666,115.981171
133.446655,102.861488,35.611786,109.504822
133.271820,100.300484,35.646980,113.047951
130.092438,99.801231,36.793880,114.442429
127.902061,103.208534,37.063583,108.147728
125.634438,104.001259,36.726295,108.639740
126.342514,105.101364,36.485710,108.290031
125.973946,105.489204,36.564484,108.274673
125.095917,105.637955,36.958763,108.125626
125.175217,106.062759,36.663002,110.004631
125.441208,106.289230,36.856407,111.478287
125.481773,106.264534,36.998508,111.453178
125.305733,106.142693,37.772152,111.480774
117.088516,105.822655,43.814793,108.167740
108.741486,110.408424,43.100418,107.948051
108.940262,110.434700,43.478519,107.953468
104.212257,108.469238,43.572178,109.963074
104.529938,108.455711,43.050346,108.908173
104.442894,106.089798,40.816261,108.616013
104.414482,104.765259,40.737492,108.795059
104.277122,101.188774,41.309425,113.815956
107.767311,99.680794,41.438244,109.159386
112.059418,99.399643,39.436386,107.600121
112.275955,99.838791,39.301147,108.173264
116.763733,104.750412,38.774521,106.449425
121.590324,106.159943,37.762878,105.566994
126.557587,106.121857,36.315922,104.958832
130.263062,103.813080,35.848274,111.555923
130.232101,103.197487,35.920265,111.853943
126.850761,100.689857,38.915325,109.432076
124.989967,100.763374,40.029804,109.563118
125.443047,100.757347,40.712433,110.916153
128.947525,108.711777,41.596367,108.841080
133.856262,109.884735,41.599350,106.970177
133.948486,109.825203,41.960598,107.134445
134.914902,110.609756,41.134575,107.655052
137.075470,108.679283,38.810108,107.810448
137.312424,107.972672,37.883377,106.973412
137.277359,110.280502,37.497643,112.145912
137.772705,111.670731,36.789837,111.112717
138.657578,114.148521,37.868446,111.637009
142.337051,115.569115,37.287579,111.995338
140.495926,116.664879,37.306217,112.970352
139.867401,117.383919,37.959019,113.064095
138.647675,120.175995,38.568722,114.571274
132.137451,122.919846,41.052898,116.745415
128.511230,128.861679,41.625935,117.506874
125.653389,129.640381,43.518661,118.272530
118.773941,129.276642,44.354683,117.490150
116.921005,135.451706,45.937881,116.367180
116.438446,138.953491,45.782215,115.618500
116.655891,138.841644,45.872665,116.628563
116.880295,134.490646,43.708805,117.657715
117.398186,134.212357,42.437061,117.979271
117.103607,122.643463,39.421871,116.674347
116.985130,121.947227,39.336655,118.729233
114.243164,115.357712,39.318901,118.974609
109.741814,113.885681,39.001305,116.121017
109.755142,114.284454,39.228104,116.270882
108.889305,114.293472,39.425175,116.136490
108.379257,113.250687,39.416115,117.740768
104.932724,111.656181,38.368187,117.316940
105.169899,112.023888,38.206852,118.141876
105.288612,111.806274,38.508789,119.181145
105.472862,111.795006,39.018444,119.579742
101.841316,106.761246,40.521870,120.201355
96.230843,100.854492,40.308121,119.248383
92.346825,94.063438,40.259853,119.776047
91.257050,97.924545,45.571743,116.928452
99.734756,103.733421,43.928982,117.435432
102.810135,103.472176,41.743549,114.644836
109.823318,106.732368,41.509541,111.453888
113.585571,102.719353,39.525867,114.306183
113.801842,102.795967,39.988483,114.455605
113.734810,102.180588,39.721779,114.615990
113.749733,102.328659,39.851257,114.392281
113.784744,102.329712,39.979507,114.438187
114.675537,100.970634,38.859451,120.500732
114.625687,101.310768,38.822224,123.674232
119.059937,108.123619,38.824791,123.550896
119.187912,108.380432,38.955006,123.941956
119.750526,110.280212,40.185970,123.965492
124.234482,110.038338,40.813313,123.301056
124.410645,111.743706,41.857201,124.130920
123.165924,116.304245,44.904442,124.156952
121.634460,115.829948,44.640667,124.937042
122.178322,118.510452,45.047668,125.171074
122.029350,122.218803,45.524666,123.250114
126.748589,120.768410,43.159687,121.318291
129.670502,121.481155,41.171463,120.174049
129.879791,121.716873,41.420547,120.508667
129.878189,123.492744,41.525684,120.053040
130.190277,125.110573,41.956600,119.133804
126.007439,124.930763,42.318901,118.283356
116.103607,127.355927,43.654968,120.826904
114.598969,129.572998,39.710060,124.591751
114.758942,129.797775,39.967205,124.921028
114.733002,129.744415,39.966286,125.343170
114.319725,129.771271,41.588154,125.257919
113.319588,129.942184,43.144592,125.380951
111.561241,128.677139,44.233543,124.279419
110.533951,123.709358,44.892563,125.801987
108.613243,119.615532,44.472965,123.403893
108.413429,120.724464,44.844723,122.974556
105.867386,124.241364,45.652531,121.555962
103.938133,124.386490,42.697453,118.859756
105.996239,121.107841,39.662228,118.740799
106.104477,121.329163,40.024323,118.892403
104.624283,121.165428,40.241623,117.281250
102.974205,120.676636,40.721245,116.536453
100.073418,121.519638,40.788067,119.322952
99.114746,122.988609,41.768097,119.123192
100.953026,126.664436,41.939640,120.591347
101.862602,128.224701,41.750343,120.241074
103.428108,126.786377,41.020557,121.793266
103.988075,128.786316,42.951626,122.072342
106.444466,131.135788,43.595070,122.275635
105.150566,128.585342,49.666225,122.835678
101.052513,125.119911,51.183083,121.540436
99.578293,126.013649,51.746777,121.627563
99.771286,126.247429,51.925186,121.937576
99.683189,128.945724,52.067902,121.159874
100.406929,130.003525,52.064583,121.528870
100.598724,130.136459,52.458515,121.821869
100.716400,132.084244,50.885021,120.749992
97.221046,139.062439,50.629158,119.395508
97.373856,139.146637,50.972637,119.438286
98.769478,139.959427,50.836037,118.768776
98.980873,140.078934,50.957718,118.875511
99.105209,140.148041,50.724976,118.879799
99.243881,140.207352,50.963100,118.939720
99.412209,139.036209,50.284489,119.292908
98.762985,134.728455,50.708076,124.805931
98.411781,134.574753,50.821701,124.829185
91.491623,131.514526,50.861519,125.433174
86.309608,126.329109,52.265503,124.699417
77.128212,123.529495,58.085209,123.141739
