1
107.835373,103.995575,33.912193,103.613365
107.853935,105.081741,33.725140,102.495995
107.983894,105.092407,33.979961,102.445320
105.939674,104.177086,33.714142,104.100418
105.615654,104.329994,33.999310,104.480728
102.954239,106.388412,33.676422,104.583740
100.431244,108.660362,35.566212,102.618599
97.000702,110.718208,35.622101,101.044128
95.231888,113.278435,36.133877,100.525459
90.143082,117.487907,37.580372,101.069481
89.718918,116.454170,35.789883,101.838791
88.283272,114.914795,35.559464,99.079689
84.733940,106.625053,35.823788,108.997475
83.762306,107.641838,33.640690,101.461098
84.893242,109.662247,34.015125,95.054939
84.978554,109.628593,33.566315,96.330185
85.246399,109.897697,34.012691,95.693871
85.850281,110.493645,34.255440,96.093712
87.320763,110.434578,34.108135,96.654633
88.902527,111.670647,33.930004,97.341835
91.367271,109.672798,33.180103,99.392517
94.981567,112.150414,32.743305,97.986641
95.150887,111.870842,33.005196,98.239601
95.631561,111.895302,33.529514,97.726692
96.984764,111.281906,33.936420,97.961159
97.103813,112.085808,33.922222,97.403854
97.584106,112.591202,34.074142,97.056786
100.471794,111.112694,34.118675,99.824471
101.312126,105.122757,33.998112,99.648239
102.217422,100.599258,32.427586,96.454590
100.693596,99.823380,32.830700,96.880676
100.136093,98.699707,32.561657,97.296234
100.302711,98.563965,33.019035,96.991020
100.749931,99.063606,33.483471,97.228813
100.770004,99.120560,33.529339,97.370209
100.879227,99.096207,33.758484,98.384277
101.386963,99.133736,33.941948,98.804626
99.800697,97.763779,33.481346,102.265121
99.816620,97.677277,33.525391,102.237976
98.574196,96.206810,33.849548,104.524208
97.473373,94.254684,34.081081,106.058403
96.181755,93.014877,34.620846,106.631172
94.481804,96.077194,35.694603,103.053528
91.569565,96.298141,36.244019,102.834969
88.300957,99.005508,37.159645,99.011414
84.381027,102.357857,37.212425,96.605125
80.986198,97.588509,37.925835,96.470764
78.141762,93.150658,35.518158,94.642838
77.347145,91.269539,36.020546,100.332718
77.002052,93.011223,33.542862,99.018494
76.356369,96.689957,34.652721,98.076027
76.810738,98.023834,34.271076,97.695892
77.556374,100.938522,34.347649,98.438385
77.576843,98.958206,33.528843,106.666916
80.674553,98.178215,34.830715,106.008705
82.143112,99.596817,34.671715,106.878563
89.238892,99.433311,33.667244,107.183769
90.832054,97.957748,33.752346,106.652954
94.259811,100.470718,37.935848,103.435501
95.215736,98.326859,36.949871,101.334221
96.154610,99.569923,37.731289,99.443405
96.691628,100.670441,37.256908,99.235252
98.094498,100.222824,37.220654,99.143112
102.611984,94.685776,35.497921,105.147278
108.209557,88.682571,34.324642,109.555542
108.157135,89.019890,34.394783,109.875191
108.117287,89.637230,34.421429,111.050301
108.093124,87.368103,32.280396,116.062408
107.426743,87.817924,32.628017,116.207848
106.044373,87.982048,32.862583,116.837029
103.437210,85.245621,33.274475,116.778160
101.019287,83.092598,33.607292,116.593056
98.414192,81.741371,33.998211,117.008087
96.494461,78.460426,34.163406,117.254486
95.194679,73.790504,34.483398,117.728806
94.431526,72.099823,35.241379,116.932182
87.922997,74.731354,41.175091,114.415901
71.968323,78.325836,44.380547,112.113213
66.742294,77.425201,40.707138,121.631195
61.504112,79.191757,48.996956,117.641090
56.481884,75.741936,48.350941,116.103592
55.064487,74.195908,47.111126,116.631828
2
0
0
0
0
1
112.858612,94.840843,35.346470,106.506989
115.486031,96.417297,34.808838,102.457024
120.050163,94.236725,34.568565,103.212090
123.545525,92.537529,31.934277,105.572830
124.127922,92.876381,32.327106,106.689140
124.160843,92.184059,33.542850,106.426048
125.096992,92.846924,34.682899,106.804123
123.093231,95.178505,36.366718,107.740921
121.553474,96.366310,36.549423,107.469429
121.615227,97.615158,36.931667,106.866379
118.935951,100.502281,37.210526,102.916679
120.877716,97.568108,34.210831,102.063904
120.362465,93.891586,33.847095,103.638336
119.567337,89.820877,33.598640,104.764488
118.895264,88.658043,33.854748,105.627083
119.052811,89.027779,33.801472,105.213173
118.648125,88.649689,33.877850,105.438393
119.640617,88.108841,33.202873,105.552071
116.267464,84.339737,33.910801,108.771782
115.815071,80.644844,32.788322,108.695152
115.672752,79.906731,32.974747,109.718544
112.354225,80.044991,33.347702,109.620087
107.236267,76.184387,36.591877,108.397736
102.875923,75.258316,38.222275,105.496132
98.295349,73.879562,39.681179,103.649857
93.044838,75.779915,39.694939,105.576385
91.534096,80.552437,40.493484,106.397896
91.458687,83.849350,38.847816,105.544930
89.915100,84.950615,39.112408,109.682724
88.881828,86.280388,37.805286,108.526260
88.532768,89.632935,34.794956,102.747475
89.727142,90.131119,34.989208,103.592026
94.456848,91.631935,34.964764,101.693260
95.136719,92.333015,34.827202,101.146507
99.101463,92.739998,36.752075,103.208405
103.618607,94.055901,34.971035,101.731812
105.871239,95.272316,35.235992,102.719398
111.688408,95.137085,32.518387,110.581505
112.686485,100.126213,34.708641,111.268623
113.078873,97.263687,37.049374,113.421967
113.933197,97.245461,37.455849,113.091476
114.169167,96.847931,38.067669,115.180077
115.164635,100.834023,39.917976,112.171410
115.207161,101.108818,39.979019,112.439697
116.042419,103.596619,39.840355,112.427597
117.625679,107.120949,39.148232,113.929680
117.833366,108.177544,39.356537,114.353127
122.755417,110.142128,37.409931,110.827637
123.126091,110.105728,36.693779,110.757965
123.057068,110.315475,36.945038,111.451561
123.016541,110.677544,36.976707,111.159790
121.132133,113.565834,37.023651,110.873650
121.328506,113.620026,37.507378,110.944588
122.008850,115.792648,37.280655,111.264664
122.188202,113.413155,37.060112,114.231560
122.581390,113.642197,37.339355,114.540657
122.665276,113.861824,37.507137,115.034874
122.520218,113.051666,38.165382,116.414490
122.315163,111.952065,40.101101,116.422508
122.743469,112.014717,40.403351,115.862968
122.488220,112.095840,40.824669,115.865387
122.566216,112.153450,40.984234,115.951294
122.814438,111.889290,41.359520,114.864014
125.013336,107.236511,38.854523,112.226532
126.092865,104.284294,36.323730,111.503075
127.394241,98.500359,33.102879,109.625977
125.381340,96.895515,34.832615,112.632095
125.098785,93.454903,34.384430,114.768402
124.725258,93.222145,34.806526,106.706055
123.582603,93.945404,34.956223,106.606232
123.297241,94.319885,33.667622,107.630783
125.340889,95.375763,33.497524,111.434151
129.877487,96.264259,34.442272,110.059547
133.726242,97.865189,33.117298,112.169052
133.942215,97.582359,33.658916,113.193855
133.832001,97.368813,34.833996,113.703850
133.784286,97.303780,35.883465,113.701569
133.580994,97.498238,36.350670,113.896393
133.595215,97.879204,36.487144,113.795547
133.619507,98.389435,36.465706,114.644600
133.863541,100.398369,36.404037,113.785423
132.526611,101.335907,36.297176,117.537346
133.655487,102.786629,34.332455,110.774384
133.463776,100.948647,34.408226,112.996925
130.232620,100.258415,35.484596,114.054489
128.183731,101.959213,35.624786,110.382645
125.685493,103.361084,35.510849,110.820877
126.961632,104.566414,35.555710,110.161339
126.598595,105.548477,35.977974,109.852097
125.690453,105.626976,35.888847,109.670280
125.697739,106.390236,35.832588,111.261993
125.845566,106.529984,35.895390,112.099205
125.564407,106.480545,36.759956,112.854370
125.554901,106.494713,37.169884,112.885422
117.364197,105.648117,43.933868,107.583817
109.240707,110.372574,42.850224,107.372154
109.337059,110.548302,42.965324,107.440239
105.312111,108.939430,42.858734,109.030876
105.525284,108.098663,41.651146,109.304276
105.841400,105.424492,38.951954,109.153839
105.500404,103.645920,38.795902,109.011581
105.221344,98.155708,39.383095,116.927223
108.609238,95.425751,39.739143,114.121872
113.877632,96.962585,38.219284,108.566383
114.031151,97.521431,38.456566,109.040176
117.390312,102.247871,38.100769,106.785973
122.440254,104.305580,37.243317,108.528481
126.658836,104.128555,36.074329,109.076370
130.394714,100.827866,35.996639,115.044403
130.340012,98.978188,35.817181,115.436401
128.257019,95.521530,37.057915,114.212898
126.698357,95.781090,37.798103,114.742805
126.827026,95.927315,38.113010,115.293030
131.496750,105.345024,39.217216,114.869881
135.566513,109.605316,39.706234,109.655006
135.598969,109.741676,39.991417,109.957077
136.187881,109.904793,39.338318,110.718544
137.861404,108.437080,37.365150,110.492119
137.585281,107.428925,37.113537,109.059227
137.863541,108.325027,36.780155,112.559753
138.051605,109.627831,36.927292,112.438606
138.907288,112.489944,37.516262,112.267563
142.019424,114.931885,37.319359,113.008118
139.932510,117.393875,37.160347,113.089424
139.675858,118.073013,37.834366,113.376823
138.409866,121.118340,38.543137,114.078651
132.235992,122.429680,40.497196,116.157272
129.496582,129.701477,40.227249,117.092766
126.281441,129.995056,41.968353,117.272720
119.362686,129.699265,42.220131,116.731049
117.968605,133.901901,43.950443,116.319412
117.433769,138.245209,43.894585,115.850983
117.560379,137.842102,43.944500,116.777596
117.420059,135.992767,42.936657,117.295120
118.154808,134.338196,40.700729,117.533882
118.213852,123.234268,38.024578,116.505005
117.952927,122.507805,38.355289,118.572258
115.460159,114.000481,38.218311,119.548340
110.663307,111.305779,37.889935,117.900787
110.584816,111.734856,37.947765,117.994263
110.217987,111.782043,37.887428,117.955467
109.196915,110.329094,38.195580,120.999023
105.455185,109.153534,36.827106,118.363640
105.538658,109.735619,36.928169,118.703400
105.602623,107.099640,36.949261,124.177124
105.603821,107.240784,36.995235,124.446861
101.210747,104.528816,38.749920,122.458282
96.212822,99.067017,38.875164,120.264786
93.076111,94.503731,38.968689,121.141960
91.950645,98.902603,44.265152,118.259613
100.006523,103.197769,42.963326,118.656265
103.034348,102.744331,41.025185,116.438278
110.071884,105.399612,40.598816,112.254425
115.088432,100.749687,38.148609,117.350037
115.107117,100.602478,38.517029,117.607765
114.956940,100.545654,38.871357,117.925072
114.523369,100.887077,38.479515,113.332535
114.277802,100.913979,38.543327,113.568985
114.874519,100.704582,38.336674,116.327316
114.540359,99.346535,38.685009,123.272507
119.173576,107.998764,38.723949,121.801323
119.470490,109.025696,38.929180,122.056000
118.830360,112.468918,42.090023,123.404869
123.458817,112.128021,42.736954,123.448181
123.407150,112.937851,43.582607,123.794579
122.919594,115.353912,44.862568,124.082603
120.813110,116.065033,44.884850,124.344521
121.213715,118.042412,44.998100,124.949120
121.457054,119.700966,44.711082,123.895386
127.502907,117.338112,41.184471,121.942894
131.580368,119.245491,38.640980,119.362091
131.819839,119.826157,38.869156,119.659180
131.885620,120.183243,38.985420,119.895782
131.980255,121.488525,39.013794,118.854591
127.756477,125.268570,39.916920,116.239647
116.044312,130.282715,42.357883,116.434219
115.678795,132.219818,38.171932,120.836761
115.918709,132.320084,38.326225,120.861725
115.884789,132.009903,38.481636,122.053818
115.226776,132.141464,40.335526,122.024780
112.161613,132.961960,43.770927,121.758980
109.982971,131.951141,45.625900,120.679138
109.318886,126.870270,46.718155,122.888206
108.035759,123.682243,46.105061,121.778854
107.931862,125.559319,46.921799,120.873878
104.490479,127.979881,47.158371,119.223785
102.415512,127.878342,45.306332,116.664070
104.278244,125.564491,42.555237,115.535652
104.162720,126.179268,42.994675,116.031242
103.327477,125.243141,42.563591,116.162315
101.554459,122.746300,43.037460,116.035896
98.871689,123.874947,42.998905,115.485916
98.049965,125.069954,43.604317,114.963036
99.231110,128.155640,43.598419,118.465324
100.937622,129.134033,43.168396,118.777039
102.117645,127.189865,42.499165,120.950974
102.972702,127.235245,43.594990,121.304230
106.496101,128.418213,43.871105,121.937325
104.919983,127.477448,50.410866,121.633514
100.351326,123.194542,51.337059,121.987823
98.772148,123.439453,51.215546,122.123291
98.970528,123.757980,51.360046,122.459198
98.767998,131.148544,51.765793,120.683022
100.991272,132.463440,50.767834,121.345772
101.098473,132.528763,50.946964,121.428940
101.197350,132.563736,50.697842,121.363953
97.649933,137.847458,50.887840,120.234444
97.046867,137.779388,51.426727,120.873909
97.950821,139.159988,51.232513,120.104485
98.540764,139.372101,51.233456,120.420738
98.670784,139.369507,51.472778,120.439278
98.788445,139.608414,51.108196,120.250198
99.191772,138.303314,50.206421,120.495262
98.547752,133.533691,50.565624,125.799988
98.162712,133.710648,51.029957,125.801712
91.077858,131.601151,50.876957,126.969398
87.382446,125.854446,51.174046,126.388054
78.161255,122.674316,57.907753,124.484413
