1
109.093056,99.006027,32.872040,105.987511
108.368668,99.859673,32.432690,105.371185
108.055984,101.759888,32.363579,105.060295
105.936134,102.136971,33.283409,105.389893
105.773468,102.134453,33.441422,105.671249
102.495689,106.164207,33.502285,106.398491
101.436874,108.701286,35.051769,103.137909
97.872101,110.411758,35.194763,101.798820
95.589752,113.209518,35.697010,101.672997
91.360016,117.272820,36.634407,101.529800
90.166939,115.930901,35.189911,102.097961
88.212601,115.583290,34.602913,97.526093
85.347046,109.479408,34.568069,103.365868
83.805672,108.875519,33.171318,97.290604
84.580887,108.991608,33.854553,94.836899
84.586212,108.703438,33.693634,96.666695
84.756042,108.753746,34.105080,96.980011
85.933472,109.398224,33.969666,96.653526
88.123756,109.845673,33.735825,97.662247
89.087753,111.438698,33.646935,97.504280
91.010979,108.488243,33.038887,102.363159
94.426262,110.752869,32.810349,100.163391
94.518906,110.913704,32.991718,100.456055
94.964012,110.868469,33.163986,99.191368
96.478172,110.712555,33.467854,99.340820
97.213287,111.598930,33.315453,98.669266
98.430550,111.603767,33.585987,99.186012
101.259842,109.507919,33.295216,101.635605
101.937004,104.063332,33.232979,101.946472
102.834763,97.825272,32.000813,100.286720
101.709351,96.955185,32.787476,100.492317
100.872520,96.693863,31.266035,99.488792
100.837692,96.661011,31.527470,99.397224
101.390320,97.700874,32.027657,99.057037
101.645668,97.775932,32.569401,99.440620
101.825546,97.782501,32.926773,99.648560
101.945976,97.024117,33.142307,101.781624
100.318321,96.088852,32.834171,103.549377
100.506020,96.323158,33.031841,103.115707
99.306610,95.654953,33.536686,104.713837
97.040123,92.900917,34.656452,106.097839
95.829651,93.537308,35.303459,105.324577
94.043396,95.541771,35.824528,102.881477
91.327774,95.719910,36.123833,102.663567
88.119255,98.512978,37.159645,99.011414
84.199326,101.865326,37.212425,96.605125
81.429237,95.580582,36.828018,98.948624
78.625000,91.387466,34.661591,95.587891
77.808662,88.987473,35.064625,103.196419
77.043762,92.462654,33.142315,100.690918
76.756912,95.741325,33.889694,99.128288
77.444061,97.924065,32.956165,98.315971
78.425636,100.536224,33.099277,100.903572
78.604904,97.561470,32.707237,108.886742
80.911766,97.614304,33.798092,107.757576
82.547638,99.445801,33.872555,108.369537
89.518402,99.269943,32.682400,108.672859
91.015839,97.612961,32.927917,108.567337
94.091324,98.383469,37.060104,106.172279
95.295105,96.588409,36.872795,105.036911
96.453560,96.911041,37.497765,102.930763
97.090004,98.833206,36.543953,102.090332
99.159615,98.844818,36.990868,101.526978
103.758995,92.486717,35.039368,108.945091
108.959435,85.931259,33.452950,113.012810
108.673676,87.788933,33.167633,111.736961
108.662537,88.339005,33.437748,113.406219
108.887032,88.998253,31.864763,114.158379
107.836609,88.992950,31.946842,114.239632
106.684357,86.953209,31.789961,116.088409
104.576180,85.724312,32.366268,115.727005
100.389877,81.801994,32.539211,115.729408
98.733253,78.228714,32.957531,116.076408
97.214417,75.777657,33.071121,116.129860
94.684944,72.141441,33.613949,115.633736
93.431160,69.709557,34.935101,116.185448
88.275017,76.676147,41.701664,111.228584
71.846573,78.785347,44.861519,109.243309
67.185143,74.661026,41.284409,115.641380
64.866493,76.087898,45.334778,114.446571
60.433701,72.282791,44.239235,114.275307
58.046097,71.808105,43.845535,114.860535
2
0
0
0
0
1
112.096603,84.947617,36.981644,105.398193
115.142853,87.911247,36.323524,105.781052
120.033264,87.626610,36.277580,108.718727
123.030891,87.433449,33.344631,109.582947
123.305298,87.710594,33.592796,109.916374
123.387619,88.060715,34.443073,110.330933
124.611046,91.270515,35.402496,108.892815
124.101868,92.608864,35.737495,108.903984
121.369057,94.649200,36.675175,107.170120
121.130386,96.154594,37.046600,107.274574
118.996193,97.511948,37.561642,106.415695
120.903679,94.520363,34.540688,107.546776
120.261551,91.943085,34.774242,108.924530
119.604141,86.634346,34.505211,109.966705
118.556053,85.291267,34.818020,110.652473
118.664436,85.484306,34.729332,110.431435
118.552391,85.248283,34.815121,110.406189
119.430977,85.097145,33.892326,110.361137
116.434471,83.042732,34.271725,111.567139
115.844772,79.125618,33.447010,110.748398
115.226830,78.662537,33.521423,111.784576
112.116211,77.570595,34.417454,112.864220
107.921738,74.239777,35.845703,111.124428
103.756287,73.972069,37.231735,108.573799
98.601822,71.502846,38.378922,108.202698
93.566696,74.451477,38.473259,109.281746
92.714249,77.529770,38.482048,110.031464
92.685921,81.930466,37.103878,108.511284
90.424469,83.878937,38.271297,112.791489
89.053474,85.438263,37.146820,110.820160
88.349052,90.404785,34.349094,103.017448
89.696480,90.917656,34.558575,103.675140
94.297722,92.543457,35.617073,101.675491
94.783936,92.961464,35.862194,101.401215
98.959267,93.857697,37.125237,102.087105
103.102043,95.961006,35.837105,99.969765
105.257118,96.898628,36.189648,101.580444
111.324768,96.413078,32.721676,106.427284
113.121849,98.557938,33.549217,109.521194
113.938606,95.796265,35.626186,113.016731
114.423599,95.979530,36.005329,113.337006
114.804306,95.174362,37.279636,117.608589
115.572021,100.634171,39.430359,113.550629
115.606216,100.909439,39.482635,113.949280
116.447876,103.479530,39.498333,112.633820
118.805466,108.572144,38.422268,113.632118
118.861221,110.372375,38.315342,114.611435
122.817116,112.506462,37.089596,110.655167
123.340446,112.141991,37.000706,110.530464
123.350594,112.555779,37.386497,111.538002
122.949272,113.379356,37.535191,110.433830
121.328812,115.412956,37.638615,109.986702
121.463379,115.405190,37.997787,109.943748
122.086067,115.866966,36.900467,110.458717
122.120224,115.288406,36.981514,110.899109
122.352287,115.423859,36.848541,111.175301
122.452164,115.369980,37.002857,111.695175
122.262299,114.242081,37.777176,113.654236
121.934624,113.423843,40.093708,114.896912
122.677032,113.349052,40.386524,114.229660
122.094589,113.332954,41.255154,114.037201
122.207703,113.540604,41.479801,114.464508
123.206345,112.973152,41.414955,111.831490
124.981232,109.484550,39.486511,110.462120
126.038979,104.749199,36.698181,109.697975
127.582253,97.844963,33.028275,107.986313
125.344170,97.037094,34.768867,111.644089
125.037766,93.460960,34.291618,113.586411
124.866119,92.421410,34.419834,108.799042
123.868195,93.317047,34.322079,107.523544
123.783936,93.677574,33.926971,108.641647
125.746002,95.108124,33.513165,111.801666
130.519516,95.226456,34.365734,112.041183
133.485199,96.626053,32.971142,113.685440
133.872177,96.253616,33.217896,115.133659
133.729645,96.445633,35.363605,115.894760
133.636795,96.570343,36.079742,115.764297
133.774170,96.692276,36.534550,115.931038
133.778091,97.889488,37.076195,114.973129
133.956619,97.971352,37.461651,115.726166
134.018341,99.526680,37.485199,115.230446
132.309311,101.473480,37.483929,118.039932
133.609253,103.250015,35.086258,110.067551
133.148056,99.594566,35.246902,114.050827
130.558838,98.967834,36.016552,116.610100
128.063354,103.122658,37.006008,110.181091
125.746384,103.711510,36.647587,110.909889
126.596939,105.382996,36.504181,110.010559
126.603432,105.602562,36.983204,110.359695
125.287323,105.650818,35.959305,109.640938
125.259384,106.428757,35.832588,111.261993
125.407211,106.568504,35.895390,112.099205
125.126053,106.519066,36.759956,112.854370
125.247429,106.585205,37.063816,112.934990
117.109756,105.713829,43.933868,107.583817
108.986267,110.438286,42.850224,107.372154
109.082619,110.614006,42.965324,107.440239
105.057671,109.005142,42.858734,109.030876
105.270844,108.164375,41.651146,109.304276
105.586960,105.490196,38.951954,109.153839
105.245964,103.711632,38.795902,109.011581
104.792976,97.383636,40.075115,117.900215
108.290192,95.846512,40.698742,113.926582
113.559799,97.668144,39.014915,108.035080
113.793427,98.477097,39.368736,108.593391
116.082764,102.786896,39.007191,106.375824
122.192764,105.152130,37.565964,108.182915
126.010010,104.441055,36.545509,108.632210
130.482788,102.052940,36.137707,112.216995
130.560287,100.680511,35.913219,112.874435
128.541580,98.077080,36.938065,111.738777
126.227180,97.566315,37.826935,112.068932
126.410934,97.851303,38.106670,113.008652
130.927765,105.929390,39.557117,112.231010
134.583221,108.435715,40.020611,110.580696
134.678085,108.540016,40.480789,111.149780
135.554047,109.157150,39.788914,112.131104
137.273758,108.475037,37.740433,111.467621
137.262405,107.969620,37.736794,110.865524
137.359604,108.412231,37.705090,114.397194
137.745865,110.165863,37.666840,113.169296
138.299881,113.711441,39.565495,113.466949
141.377335,115.853325,39.195045,112.920876
139.805161,117.465073,39.187599,112.684181
139.169571,118.058327,39.706284,113.004784
137.728271,121.184326,40.094582,113.849442
131.929535,122.658882,41.997261,116.568047
128.395981,129.282913,42.118153,117.642265
125.295860,130.257492,44.029392,117.646851
118.546120,129.193832,43.877037,116.869370
117.354813,133.027435,45.041615,116.371140
116.337715,137.655533,45.593716,115.111176
116.807404,136.132660,45.725487,118.710838
116.570908,134.853165,45.302044,119.154976
117.140961,133.711533,43.402138,119.457420
116.668900,122.996307,40.442013,118.099655
116.571030,122.816010,40.367577,119.099045
114.341064,113.257690,39.682774,119.494286
109.448151,110.874443,40.032005,116.124725
109.447205,111.379959,40.199490,116.350258
109.172348,111.488159,40.476856,116.428314
108.638763,110.726646,40.586987,118.231316
104.379181,109.139053,38.593311,116.840843
104.581055,109.446945,38.926125,117.174492
104.835602,104.797310,38.689877,126.691269
104.989746,104.952026,38.980740,126.945282
101.086456,102.502022,40.627506,125.823753
95.845695,98.304771,40.983803,123.838776
91.994263,91.801201,40.756042,124.239067
91.127808,96.026375,45.581764,121.726479
99.200623,102.488777,44.624149,121.162300
102.725449,102.206482,42.014931,117.993179
109.532951,102.794914,42.337715,115.969498
113.252838,99.388832,40.286415,119.486389
113.245743,99.322533,40.528969,119.527603
113.454636,99.405792,40.917294,119.984947
113.329163,99.740326,40.721260,118.237312
113.449135,99.854752,40.986568,118.447090
114.300041,99.941605,39.853733,123.258583
114.142426,99.896622,39.792759,125.296806
118.507187,106.297714,39.674229,123.825455
118.716812,106.897316,39.964516,124.124786
119.561340,110.755951,41.832268,124.200104
123.640152,110.995743,42.347202,124.274857
123.731224,113.153458,43.309177,124.686081
123.119034,114.156479,44.376133,125.399864
121.309265,115.462593,44.641014,125.411385
121.836700,117.263260,45.034210,125.833542
122.073936,120.291130,45.310806,123.735542
128.125595,117.322609,41.599701,121.376495
130.157120,118.332771,40.251167,120.504623
130.311493,119.266556,40.452503,120.992004
130.381805,119.439697,40.480610,120.824692
130.635162,121.087296,40.464592,119.883888
125.801506,124.800369,40.842598,118.441696
116.222351,128.216812,42.118008,120.451065
115.087723,130.539124,38.104958,124.197578
115.430244,130.695297,38.178349,124.324287
115.481186,130.712372,38.460472,124.868347
114.539062,130.430984,40.990204,124.797676
112.862167,130.489639,42.448345,124.917198
111.144997,130.229675,43.072361,123.603561
109.959404,125.523415,44.248966,127.631149
109.868698,124.101852,44.042149,128.019318
109.737640,126.124466,44.640881,126.013138
105.619949,127.400963,44.925991,122.438110
103.552505,126.631973,42.082554,119.918686
104.832909,125.138283,40.750519,118.136711
104.587746,125.982628,41.143295,119.041565
103.435844,125.077484,41.769619,118.416977
101.542572,123.027016,42.406982,118.292587
99.524391,124.005493,42.494640,118.131256
98.482567,126.709717,43.128735,117.131058
99.902039,130.186615,42.520088,118.016708
100.341583,130.416168,42.887314,118.500862
103.211487,128.030334,40.826893,121.456490
104.336006,126.811005,41.503250,122.512413
107.181633,127.329979,42.457680,123.983749
106.214546,126.263130,46.912071,123.544037
102.886337,122.317169,47.539501,124.360352
101.785118,122.756638,48.194157,124.243217
101.958107,124.324455,48.427460,124.043190
101.473145,130.442154,49.013214,123.265251
102.408180,131.783203,48.816334,123.099564
102.446045,131.906067,48.952393,123.415215
102.542274,131.707550,48.073185,123.309471
99.543213,135.371414,48.304474,122.857620
99.388435,135.689407,48.499516,122.996552
99.844360,136.029449,48.355366,122.427628
100.396538,136.189804,48.359158,122.327499
100.555267,136.979782,48.341026,121.478188
100.582962,136.936951,47.697079,121.359093
100.729561,136.603851,47.870331,121.425034
100.226761,135.614777,47.554638,122.575325
98.943100,135.378311,47.906872,122.689178
92.716095,134.798370,47.690132,121.907608
86.943771,129.195572,52.815102,121.324852
76.894135,128.089111,58.501156,117.016945
