1
377.016602,135.584961,120.093086,97.262100
377.384949,135.100403,120.277740,97.026344
374.360046,125.556030,118.292183,93.621017
374.354218,125.847404,118.024437,93.264221
374.631866,125.697594,118.106354,93.232384
373.097229,117.353203,113.885994,91.387520
373.132507,117.398933,113.913544,91.434822
373.067291,117.432037,113.815887,91.389786
369.822662,115.081657,112.352722,88.335449
369.851837,115.205490,112.387627,88.367958
369.890991,115.246689,112.398056,88.411469
366.725098,110.925873,108.931419,86.266014
366.712708,111.052124,108.901375,86.445992
366.755310,111.080414,108.939766,86.458931
363.004517,107.710716,105.671112,84.376877
363.147217,107.660423,105.807014,84.531113
363.165802,107.876022,105.755920,84.944405
358.762451,103.409088,105.775597,81.318977
358.838898,103.489502,105.882851,81.459763
358.756836,103.427322,105.644836,81.473907
355.589813,103.048889,104.172684,79.664467
355.399017,103.102623,104.202103,79.905472
354.864288,102.215981,101.748756,79.714981
350.524139,100.478951,98.810158,78.328842
350.102081,100.561104,98.885696,78.280548
349.648132,100.461197,98.561646,78.206772
344.501678,98.222366,96.797882,77.862564
343.423859,98.174095,96.863029,76.621338
343.445190,98.403351,96.843727,76.407730
338.617432,94.363815,94.183685,75.274780
338.657013,94.141464,94.296707,75.365349
338.774231,94.167313,94.327370,75.369942
331.560364,87.719299,93.593819,75.133636
331.803497,87.877808,93.911095,75.366508
331.856964,87.941330,93.937996,75.444366
329.096741,84.978882,91.975975,74.487640
329.102448,84.961090,91.938599,74.414436
328.484009,84.407066,91.977654,73.301704
320.706726,82.230019,91.262459,71.812782
320.718140,82.394737,91.519554,71.784462
320.959503,82.502213,91.953857,71.960175
318.568878,81.589653,89.703537,68.766174
318.440063,81.358170,89.535522,68.925377
318.670013,81.378387,89.934631,68.966545
315.961365,79.365372,87.553673,68.600746
316.089020,79.522369,87.798637,68.864159
316.195648,79.586334,87.881767,68.927612
311.719788,77.885880,84.850731,67.762146
311.791534,78.007133,84.913681,67.949501
311.804749,78.081932,84.871216,67.877083
310.397583,77.640160,84.706520,67.376877
309.901855,77.980247,84.846352,67.164047
309.679382,78.247154,84.738373,67.364624
301.465118,75.377487,83.938194,65.529617
301.538971,75.642403,83.773193,65.958031
301.656738,75.681816,83.952057,65.967468
293.946930,75.556961,84.857742,65.088768
293.935394,75.761887,84.919273,65.452164
293.845032,75.794266,84.958862,65.449600
293.197998,75.578094,84.929993,65.373795
293.188416,75.640968,84.965561,65.455185
293.072510,75.700287,85.008415,65.315964
293.332520,75.778259,85.312599,65.473839
293.384186,75.793457,85.400276,65.474380
293.284271,75.788727,85.362091,65.466705
291.699310,76.011017,86.655640,65.098450
291.817596,76.201096,86.944695,65.459984
291.839050,76.201454,86.940155,65.468864
291.710052,76.103371,86.697174,65.533501
291.824829,76.319893,86.930779,65.962479
291.839203,76.299294,86.925079,65.959579
291.892365,76.332909,86.524544,65.964439
292.026520,76.352707,86.878181,65.957237
292.645264,76.388618,86.133713,65.978897
292.785126,76.348022,86.279068,65.972397
292.813202,76.344032,86.429733,65.962105
292.911224,76.379288,86.296288,65.972504
292.986389,76.412056,86.423134,65.971031
292.992493,76.430862,86.427391,65.969170
293.034576,76.437691,86.335159,65.980919
293.206573,76.434151,86.252632,65.988731
293.106140,76.553589,86.358902,65.911667
293.049591,76.582184,86.389473,65.963104
293.006775,76.542030,86.382019,65.955353
292.979126,76.571472,86.405800,65.964172
292.820862,76.587410,86.410789,65.964752
292.788452,76.610573,86.431076,65.961983
292.519836,76.638138,86.438110,65.915085
292.501068,76.931572,86.336472,65.877090
292.546661,76.731224,85.552055,66.064690
292.763611,76.949020,85.954926,66.461479
292.807312,76.962074,85.943230,66.455345
292.844360,76.994072,85.957504,66.455673
292.862457,77.014084,85.956985,66.464386
292.875885,77.030571,85.947060,66.461517
292.864532,77.032211,85.985741,66.428177
292.844818,77.050888,85.924622,66.449875
292.786285,77.042007,85.942520,66.448334
292.827393,77.067749,85.917572,66.424423
292.875732,77.111412,85.955864,66.465248
292.871307,77.140038,85.968483,66.464432
292.869659,77.136337,85.943596,66.461357
292.827301,77.187073,85.977333,66.447807
292.820129,77.224403,85.929260,66.456047
292.619110,77.274399,86.044106,66.376938
292.715057,77.420059,86.456779,66.266357
292.402161,77.312614,85.842972,66.004410
292.458191,77.562668,85.897758,66.434303
292.493011,77.608467,85.918579,66.426567
292.401886,77.616783,85.886314,66.274101
292.417023,77.734390,85.976891,66.426971
292.417389,77.770187,85.948959,66.457840
292.429352,77.749580,85.921555,66.427963
292.430817,77.826591,85.939613,66.307144
292.396545,77.930405,85.891678,66.376282
292.206940,77.985710,85.807724,66.221207
292.125214,78.112015,85.824791,66.287346
292.119904,78.233337,85.819672,66.329140
292.009705,78.197182,85.847923,66.157280
291.924072,78.254578,86.011139,65.888245
291.954254,78.269714,86.389862,65.721420
292.017883,78.326843,86.305008,65.868065
292.240479,78.310188,85.958618,65.899178
292.395721,78.294113,85.551163,65.767326
292.616486,78.346497,85.827431,65.904991
293.036560,78.327843,85.916870,65.815826
293.089752,78.368614,85.850853,65.916061
293.250885,78.433205,85.510025,65.816292
294.302826,78.560066,84.687431,65.810852
294.463623,78.657974,84.812553,65.950211
294.651398,78.678619,84.666946,65.936668
294.980286,78.610413,84.867645,65.984993
295.143616,78.529129,84.862061,65.882324
295.222870,78.574638,84.947060,65.974304
296.938049,77.776558,83.762947,66.235199
297.241516,77.683205,83.615173,66.547928
297.434204,77.906853,83.954285,66.972122
299.389587,77.641495,83.244102,67.356827
299.530029,77.704071,83.407501,67.453896
299.579254,77.725197,83.438187,67.463127
306.054108,77.292145,80.920380,67.743942
306.102356,77.415176,80.902153,67.949997
306.161072,77.428658,80.898888,67.957008
306.210419,77.449341,80.941673,67.971069
306.372375,77.400177,80.883965,67.937836
306.430237,77.413803,80.890434,67.964203
306.479614,77.434105,80.961449,67.970772
306.497009,77.448906,80.959999,67.970703
306.515106,77.463745,80.959999,67.970703
308.714355,77.676033,80.242149,67.815933
308.841400,77.768250,80.460251,67.970703
308.979645,77.784836,80.384766,67.957161
312.135437,79.234619,79.980118,66.401039
312.160583,79.283508,79.948639,66.469826
313.131409,79.326912,79.118004,66.434402
314.012573,79.403252,79.049637,66.305984
314.320679,79.505203,79.421829,66.468208
316.505798,79.519234,77.188019,66.708191
319.883575,79.986649,75.875862,66.947487
321.591187,80.316780,73.944572,67.063644
321.848572,80.563438,73.795502,67.453674
324.116974,82.469772,71.915825,66.818718
324.172546,82.559151,71.958138,66.971100
324.197083,82.573997,71.963028,66.970459
325.587372,83.213669,70.972939,66.684784
325.958557,83.407028,70.754044,66.944595
326.203522,83.796959,70.949707,66.651329
327.245667,84.187294,70.439476,66.613495
327.316040,84.389503,70.448944,66.960083
327.428314,84.482254,70.430504,66.948250
328.056061,85.028450,70.349228,66.647652
329.196686,85.466011,69.910873,66.750999
329.247040,85.591484,69.963013,66.970383
333.055603,87.105484,68.412598,66.259140
333.113708,87.239189,68.456848,66.459595
333.165161,87.290810,68.444504,66.463409
334.478546,87.574989,67.547775,66.719231
334.791565,87.906639,67.871239,66.908165
334.948303,88.043953,67.873154,66.998329
335.253326,89.663689,67.825035,66.329811
335.398193,90.014328,67.924744,66.274933
335.574371,90.444328,67.768456,66.368660
335.701477,93.176292,67.795944,66.030037
335.801300,93.415329,67.966484,66.469566
335.816132,93.456520,67.956299,66.463234
335.821503,93.549553,68.022957,66.456161
336.054413,93.611191,68.446297,66.469223
336.079681,93.626762,68.466171,66.471344
336.064667,94.100388,68.146835,66.343040
335.930328,94.379974,68.563232,66.384392
336.108093,94.486038,68.960487,66.451668
335.266388,95.078613,68.275124,66.742256
334.990967,95.395973,68.373116,66.956398
334.322510,95.698830,68.346809,67.069191
334.443634,96.427307,68.455536,67.435287
334.458374,96.489410,68.460579,67.469597
334.470673,96.479042,68.428894,67.464554
334.744843,97.045807,67.953743,67.601639
334.766388,97.245178,67.966423,67.970703
334.751495,97.215012,67.980713,68.062637
331.224365,98.351189,69.824188,68.459877
331.301727,98.368385,69.969772,68.470573
331.287903,98.371681,69.963646,68.463463
330.872681,98.508530,70.050323,68.485031
331.111603,98.648476,70.454689,68.499733
331.115234,98.656471,70.473442,68.469093
328.749481,99.406883,70.748741,69.314774
328.797333,99.568657,71.009468,69.455154
328.968140,99.587181,71.458069,69.483788
323.842163,103.044144,75.017166,70.181595
324.040344,103.162598,75.451752,70.488960
324.048431,103.140488,75.458336,70.515526
321.588776,105.064110,75.013329,72.950768
321.335388,105.044655,75.472099,73.794128
320.059967,104.910210,75.453720,74.485535
315.261139,109.447441,76.697182,74.945381
315.072815,109.993484,77.035767,75.200218
313.592926,112.323509,78.552452,75.222404
309.167999,115.028809,81.065300,77.803909
309.312988,115.068748,81.438927,78.213943
309.144745,114.914734,81.453049,79.053795
301.241394,126.371498,81.830772,80.140808
301.277466,126.560760,81.984390,80.427734
300.964203,126.668228,82.145836,80.583046
291.068298,132.605225,82.905434,82.653152
291.060333,132.847580,83.073441,82.989014
289.709198,134.172531,84.700287,83.406967
281.076416,140.874344,90.266502,85.881935
280.846466,141.501328,91.081985,86.047508
280.900604,141.880127,91.696503,86.535439
269.944397,149.031433,95.010910,89.057350
270.098297,149.457367,96.558022,90.218964
270.089111,150.433884,98.553902,91.569633
265.828918,156.300354,97.858635,92.654167
265.242432,156.374756,99.093307,93.329643
264.081177,156.638306,101.177856,95.091805
249.391159,166.033890,105.718941,98.296021
249.539566,166.160019,105.964920,98.458420
249.404022,166.177200,106.121956,98.498741
241.116974,168.746185,108.595955,101.255623
240.464386,169.307068,110.213631,102.478638
239.712601,168.370987,111.751045,103.980095
232.247467,171.006882,113.120140,103.318604
232.331757,171.141693,113.593117,103.564323
231.993637,171.384644,114.512367,104.363846
229.326126,174.455963,115.461510,105.819023
229.165619,174.484970,115.717377,106.337990
227.891693,174.123291,118.982834,108.024178
223.993225,177.437912,120.405853,109.539291
223.888733,177.670990,120.436401,109.945740
223.725662,177.711746,120.472595,109.919243
222.811371,177.771301,120.638077,110.726463
221.737961,178.591156,121.128883,110.730881
221.313263,178.993454,121.604698,110.923470
218.892868,180.214462,122.697945,111.617981
218.918442,180.427628,122.959053,111.931465
218.829208,180.451279,122.945869,111.969902
218.828705,180.484375,122.954636,111.937279
218.617706,180.588333,122.997398,111.928291
218.406616,180.694626,122.979248,111.930229
218.239120,180.818726,123.066788,111.915535
217.826294,180.913269,123.525436,111.923729
217.984756,180.989990,123.981430,111.926773
217.626038,181.145859,124.071274,111.893150
217.662323,181.224777,124.473328,111.926300
217.638947,181.275238,124.451393,111.941734
217.434845,181.352188,124.497421,111.908859
217.341583,181.443939,124.488411,111.909950
217.258133,181.533966,124.489159,111.916153
217.187485,181.625824,124.484283,111.909073
216.994263,181.725998,124.557770,111.909866
217.035339,181.825943,125.074074,111.920097
217.108047,181.916519,125.530090,111.907280
217.211411,182.016098,126.026260,111.912560
217.323990,182.101501,126.548729,111.927071
217.496277,182.166595,126.981766,111.932251
217.416336,182.240875,127.011017,111.926582
217.617569,182.300369,127.473984,111.937309
217.554901,182.369720,127.494987,111.930290
217.372604,182.453140,127.551346,111.921959
217.481506,182.520401,127.972366,111.915161
217.329910,182.614716,127.978561,111.923401
217.289291,182.681519,127.974106,111.930573
217.236374,182.749573,127.966980,111.924698
217.225220,182.804703,127.952797,111.936081
217.166245,182.874756,127.973190,111.919914
216.942093,182.957642,127.972450,111.912605
216.810608,183.040375,128.028931,111.940338
216.945587,183.096985,128.514999,111.939453
216.954407,183.140610,129.017334,111.912384
217.143478,183.195877,129.474747,111.945541
217.063324,183.240570,129.453308,111.945740
217.026321,183.275970,129.443710,111.936783
217.002350,183.313919,129.460403,111.941559
216.983719,183.342606,129.439499,111.942505
216.949234,183.380219,129.447128,111.946388
216.070038,183.463562,129.879517,111.896988
215.717560,183.504196,130.066940,111.924156
215.844620,183.544647,130.477066,111.945030
215.432312,183.545837,130.906998,112.024391
215.042786,183.778458,131.046753,112.527161
215.184601,184.040237,131.513596,112.930527
215.289627,184.101257,132.148438,112.948997
215.445358,184.135635,132.445816,112.942192
215.446121,184.175308,132.446289,112.938583
215.440414,184.214432,132.521606,112.944321
215.676498,184.242584,132.934326,112.951309
215.687576,184.279892,132.946884,112.938377
215.705551,184.308899,132.943878,112.952843
215.709839,184.346924,132.948471,112.936623
215.689362,184.388443,132.965591,112.953728
215.711975,184.364822,132.929047,112.995598
215.740082,184.360947,132.937241,112.956848
215.768341,184.382843,132.934326,112.951309
215.507050,183.351517,133.600647,114.145439
215.701263,183.521072,133.938660,114.454773
215.581131,183.341248,134.217865,115.065018
216.400192,179.894104,134.574936,118.015358
216.607010,180.127686,134.938644,118.453575
216.634186,180.150238,134.932861,118.449478
217.001938,179.139633,135.742493,118.736923
217.128403,179.221558,135.978943,118.999992
217.109283,179.196457,136.010223,118.976967
217.349579,179.199219,136.427902,118.954697
217.394409,179.201157,136.446915,118.962944
217.428635,179.209717,136.440735,118.953827
217.251740,179.346390,136.511398,118.781830
217.492828,179.455811,136.932343,118.948723
217.499237,179.484619,136.978394,118.954353
217.478622,179.478836,137.018570,118.920929
217.716125,179.518707,137.432098,118.948723
217.746857,179.544662,137.432098,118.948723
217.777603,179.570633,137.432098,118.948723
217.808334,179.596603,137.432098,118.948723
217.839066,179.622574,137.432098,118.948723
217.869812,179.648529,137.432098,118.948723
217.898163,179.673447,137.436356,118.948692
217.923386,179.697952,137.438141,118.948677
217.951096,179.723953,137.432098,118.948723
217.981842,179.749908,137.432098,118.948723
218.011322,179.774567,137.434402,118.949158
218.024597,179.793549,137.429733,118.949989
218.056519,179.818878,137.432098,118.948723
218.067627,179.841232,137.468750,118.952492
218.080048,179.865311,137.432098,118.948723
218.109482,179.891327,137.434692,118.949371
218.138916,179.916977,137.432098,118.948723
217.693375,179.703857,138.363266,119.448586
217.743423,179.712479,138.461990,119.462509
217.757065,179.726883,138.435944,119.451294
217.781769,179.727310,138.494522,119.509560
217.781281,179.972870,138.431610,119.948296
217.805618,179.995026,138.428345,119.950470
217.575150,179.939682,139.130814,120.064804
217.744873,180.157364,139.454178,120.454071
217.601700,180.130341,139.722549,120.509476
217.734131,180.365372,139.937134,120.953262
217.712708,180.366318,139.985947,120.969566
217.621674,180.337173,140.012634,120.981743
217.862076,180.346634,140.430618,120.947868
217.887924,180.362442,140.441910,120.954544
217.892899,180.377411,140.422897,120.952850
217.911560,180.386246,140.460602,120.960388
217.927979,180.406387,140.430618,120.947868
217.957611,180.427536,140.434250,120.950676
217.917984,180.420151,140.527496,120.952576
218.082138,180.407120,140.976913,120.966446
217.749374,180.341721,141.375534,121.009857
217.517899,180.395477,141.814240,121.585831
217.552979,180.557495,141.970520,121.977676
217.344040,180.455002,142.239578,122.043388
217.198380,180.511673,142.610870,122.548653
217.251373,180.621475,143.045242,122.970566
217.174866,180.562775,143.455109,122.965744
216.722641,180.256119,143.518799,123.151543
216.804184,180.315765,144.056335,123.533974
216.945801,180.503525,144.476120,123.966515
216.886459,180.481415,144.431198,123.963776
216.854324,180.468445,144.484177,123.965126
216.652832,180.352310,144.645645,124.049026
216.703491,180.500854,145.001907,124.490059
216.275757,179.978653,146.306183,124.880409
215.740875,179.647644,147.428711,125.300697
215.536499,179.651260,147.794174,125.556465
215.265533,179.671616,148.467255,126.089775
215.070160,179.798782,148.640335,126.525497
214.818314,179.868515,149.365524,127.007477
214.627213,179.934982,149.692581,127.536499
214.266037,179.880585,150.452194,128.128510
213.400360,179.840134,151.157257,128.556488
213.360779,179.905136,151.582657,129.068512
212.920563,179.550171,152.447128,129.904816
212.231735,179.279327,153.459946,130.188843
211.829590,179.234344,153.757568,130.544922
211.278336,179.075928,154.531479,131.171249
211.117401,179.229904,155.418564,131.451035
210.550842,179.110046,156.139328,131.547516
210.553787,179.311005,156.509781,131.914978
209.480179,178.968185,157.434158,132.283798
209.491455,179.070526,157.431778,132.442581
209.392563,179.048645,157.559631,132.492203
209.304947,179.057358,157.842606,132.440994
208.684601,178.945190,158.619583,132.539139
208.669785,179.143997,159.029388,132.954453
208.307617,179.098022,159.604874,133.094833
208.356155,179.261505,159.967102,133.421188
208.205658,179.256805,159.978760,133.466507
204.325867,179.421234,160.338013,133.233063
204.241028,179.521759,160.403320,133.456131
204.246613,179.530243,160.437836,133.443542
199.641083,180.069672,159.807281,133.403702
199.152954,180.031906,159.874069,133.418289
198.541855,179.932602,159.707703,133.560120
196.853958,180.376114,160.175171,133.778824
195.953476,180.433655,159.957703,133.852295
195.705170,180.467682,159.844849,133.951523
195.197876,180.488327,159.905151,134.320038
195.071274,180.533249,159.941895,134.494568
194.931488,180.501709,159.866608,134.468521
194.923691,180.506882,159.945282,134.436829
194.930008,180.535172,159.916138,134.445923
194.899536,180.548035,159.898682,134.451294
194.946457,180.572754,159.920990,134.442047
194.982224,180.602097,159.920990,134.442047
195.017990,180.631454,159.920990,134.442047
195.053757,180.660797,159.920990,134.442047
195.089523,180.690155,159.920990,134.442047
195.124649,180.719406,159.920807,134.442139
195.160507,180.748718,159.920990,134.442047
195.196274,180.778061,159.920990,134.442047
195.213348,180.804977,159.914856,134.444077
195.140900,180.817093,159.874817,134.446396
195.147018,180.835114,159.902710,134.448380
195.106339,180.848206,159.904587,134.442093
195.082962,180.864731,159.902908,134.454788
195.064209,180.877960,159.907288,134.447876
194.932846,180.866638,159.871368,134.464142
194.982239,180.883118,159.916519,134.444427
194.924438,180.893356,159.895142,134.454163
194.904617,180.899429,159.916382,134.482895
194.916321,180.904099,159.910553,134.447617
194.941086,180.927994,159.914413,134.445572
194.965469,180.953140,159.914932,134.445328
194.997757,180.979172,159.922958,134.442444
195.012558,181.003677,159.924179,134.443741
195.004349,181.023071,159.921265,134.447205
194.866028,181.007446,159.861313,134.481628
194.925003,181.015823,159.917969,134.443726
194.959076,181.043732,159.919434,134.442917
194.980713,181.070129,159.914703,134.445450
194.964798,181.087097,159.914627,134.449646
194.878738,181.088806,159.906586,134.454544
194.914017,181.110458,159.917252,134.444138
194.943481,181.137222,159.917023,134.444275
194.970474,181.163437,159.915756,134.444977
195.003174,181.190369,159.918655,134.443314
195.025543,181.216751,159.915253,134.445099
195.038300,181.242371,159.959091,134.450180
195.055008,181.267654,159.920990,134.442047
195.090775,181.296997,159.920990,134.442047
195.126541,181.326355,159.920990,134.442047
195.161911,181.355713,159.921783,134.442230
195.197266,181.384979,159.920990,134.442047
195.233032,181.414322,159.920990,134.442047
195.268799,181.443665,159.920990,134.442047
195.304565,181.473022,159.920990,134.442047
195.340332,181.502365,159.920990,134.442047
195.367950,181.530640,159.918518,134.443176
195.402145,181.559052,159.920166,134.442444
195.427795,181.586807,159.917877,134.443558
195.463364,181.615173,159.920471,134.442307
195.499390,181.644394,159.920990,134.442047
195.535156,181.673737,159.920990,134.442047
195.570923,181.703079,159.920990,134.442047
195.603210,181.731964,159.919952,134.442551
195.636215,181.760635,159.920013,134.442520
195.672470,181.789749,159.920990,134.442047
195.695145,181.816864,159.917175,134.442810
195.729233,181.845352,159.919922,134.442566
195.755630,181.873077,159.917847,134.443619
195.792953,181.901642,159.920990,134.442047
195.825394,181.930496,159.919800,134.442657
195.819580,181.951202,159.904114,134.450531
195.830994,181.971069,159.908401,134.448181
195.810272,181.985901,159.896454,134.451950
195.813354,182.001999,159.903351,134.449707
195.805893,182.016891,159.900131,134.451263
195.847656,182.041046,159.919678,134.442688
195.884079,182.070068,159.920990,134.442047
195.910370,182.097961,159.917633,134.443375
195.925125,182.123138,159.912445,134.444717
195.957626,182.149979,159.918304,134.443100
195.970200,182.174881,159.911774,134.445923
195.898834,182.179062,159.896179,134.450256
195.938705,182.203278,159.918625,134.442963
195.964600,182.230698,159.917725,134.443649
195.989014,182.257263,159.916931,134.444000
196.012970,182.283005,159.916351,134.444305
196.026886,182.306488,159.912079,134.445862
196.050156,182.331100,159.915009,134.444550
196.030457,182.347931,159.902542,134.449081
196.028336,182.364456,159.904083,134.445938
196.026993,182.383957,159.905899,134.444702
196.058960,182.410233,159.916763,134.443115
196.055588,182.430847,159.905975,134.445389
196.001999,182.437683,159.896942,134.447601
196.003342,182.455261,159.904877,134.444977
196.020782,182.478836,159.912292,134.442474
196.027023,182.500687,159.908539,134.445480
196.053223,182.525345,159.919403,134.442841
196.020905,182.540390,159.896881,134.445999
195.906540,182.532059,159.900482,134.443893
195.952545,182.560486,159.920990,134.442047
195.986679,182.589615,159.920502,134.442276
195.944107,182.604904,159.900330,134.446213
195.976105,182.629929,159.915787,134.444031
195.908112,182.637634,159.887787,134.447891
195.945450,182.660095,159.915100,134.444656
195.979523,182.687332,159.919403,134.441971
195.974014,182.709518,159.907761,134.442825
195.955673,182.727905,159.901901,134.442627
195.943619,182.745972,159.900909,134.446442
195.989426,182.773132,159.920990,134.442047
195.965485,182.790558,159.900635,134.444321
195.960571,182.808716,159.903595,134.444260
195.918610,182.820282,159.890076,134.445648
195.969833,182.847824,159.920990,134.442047
195.905502,182.858612,159.887878,134.448151
195.956177,182.884583,159.920227,134.442276
195.992310,182.913818,159.920990,134.442047
195.899399,182.918243,159.871765,134.456268
195.941345,182.937637,159.914398,134.444626
195.955826,182.961929,159.912262,134.445755
195.995972,182.989410,159.920990,134.442047
196.021072,183.017197,159.917419,134.443542
196.032822,183.041855,159.911911,134.445679
196.073135,183.069382,159.920990,134.442047
196.108902,183.098740,159.920990,134.442047
196.144669,183.128082,159.920990,134.442047
196.166702,183.091461,159.917328,134.493729
196.204300,183.094971,159.920990,134.442047
196.240067,183.124313,159.920990,134.442047
196.913742,182.699860,159.574753,134.683182
197.121613,182.855164,159.923111,134.943604
197.202820,182.845413,159.921951,134.957230
197.324234,182.825241,159.938416,134.950516
197.361618,182.847382,159.920624,134.943970
197.457703,182.849289,159.945312,134.960617
199.964661,180.904419,164.271362,135.744919
200.182907,180.915756,164.580154,136.001083
200.453201,181.096329,165.003082,136.474213
200.477127,179.286179,167.166138,137.192169
200.672897,179.384171,167.480637,137.478287
200.676605,179.376068,167.456406,137.460419
200.850845,179.359207,167.291229,137.453278
200.951324,179.382950,167.417282,137.440750
201.027893,179.297287,167.652008,137.707062
204.065918,178.757248,168.311829,138.141861
204.688736,178.778000,168.358353,138.553513
204.836334,178.955765,168.420593,138.953003
214.866394,178.588608,165.782974,140.021194
216.157288,178.294098,165.784286,140.751862
216.971085,178.114120,165.764023,141.150864
222.817352,177.457367,162.245270,141.766708
223.147095,177.528885,162.386505,141.949112
223.892715,177.392365,162.240540,141.995651
238.376495,178.205322,154.714386,142.616516
238.539307,178.395279,154.912903,142.934982
238.595139,178.425903,154.916107,142.937164
250.376724,178.211334,150.426254,143.917953
250.512802,178.231339,150.315567,143.936783
250.625076,178.261917,150.422607,143.935654
252.023331,177.946640,150.492828,144.138748
252.073441,178.115250,150.411133,144.443512
252.124130,178.143539,150.423859,144.436493
252.320953,178.157913,150.424774,144.425980
252.368790,178.184845,150.423248,144.447906
252.530457,178.196930,150.343430,144.429245
254.089188,177.849640,148.948410,144.568527
254.278366,178.027649,148.888412,144.967102
254.390427,178.040192,148.928345,144.933304
254.455063,178.074936,148.908844,144.930374
254.497162,178.110153,148.926422,144.937531
254.574814,178.143341,148.890594,144.926514
255.252441,178.140930,147.746643,144.962387
255.408081,178.109634,147.896866,144.992828
255.508362,178.068024,147.875916,144.982010
255.578949,178.056351,147.915100,144.960022
255.652420,178.017853,147.889893,144.997162
255.706665,177.988388,147.896881,144.963425
255.754761,178.007080,147.926910,144.937531
255.787857,178.038727,147.926910,144.937531
255.867691,178.068588,147.871078,144.928497
255.947067,178.091385,147.889053,144.945602
256.011322,178.099396,147.915665,144.959061
256.133972,178.073166,147.828186,144.957413
256.382080,177.935501,147.638840,144.995377
256.571869,177.921402,147.914658,144.955475
256.719452,177.871231,147.805222,144.975098
256.984131,177.363327,147.744904,145.150345
257.117371,177.485687,147.882843,145.478668
257.188171,177.466263,147.910019,145.468552
257.253143,177.432449,147.890289,145.489365
257.315063,177.407425,147.902374,145.467087
257.368805,177.376022,147.901581,145.477097
257.423004,177.295135,147.860931,145.493347
257.477997,177.286301,147.922638,145.437744
257.520660,177.302322,147.918243,145.452530
257.514343,177.320435,147.972626,145.389862
257.524567,177.375900,147.926910,145.437302
257.557648,177.407654,147.926910,145.437302
257.547913,177.445679,147.946045,145.428101
257.578583,177.482330,147.918274,145.435211
257.629028,177.494202,147.914948,145.460312
257.690125,177.476929,147.902725,145.467209
257.735443,177.488159,147.926514,145.435181
257.809113,177.517227,147.881226,145.419449
257.870575,177.538330,147.927307,145.418655
257.905151,177.576248,147.927261,145.432480
257.945679,177.585144,147.921707,145.435318
257.985779,177.605148,147.927460,145.423370
258.024780,177.612976,147.922058,145.425278
258.049530,177.631516,147.920624,145.436600
258.110229,177.470917,147.864838,145.413330
258.168732,177.408264,147.904297,145.423630
258.382324,177.279037,147.645798,145.428711
258.548126,177.303986,147.923096,145.438583
258.583405,177.323944,147.926086,145.432312
258.616608,177.354141,147.926468,145.436691
258.649231,177.385818,147.927902,145.436401
258.680481,177.415512,147.926437,145.437180
258.702637,177.431549,147.921997,145.438293
258.729950,177.454681,147.922668,145.439896
258.746277,177.461960,147.918945,145.439285
258.756073,177.465546,147.912552,145.443344
258.789856,177.484573,147.923309,145.438736
258.824341,177.510406,147.926346,145.436508
258.848328,177.525192,147.919403,145.439285
258.875885,177.543060,147.921844,145.439529
258.910736,177.567596,147.926117,145.436310
258.938416,177.595657,147.928009,145.437332
258.842957,177.549133,147.741058,145.438995
258.951355,177.560043,147.919128,145.440674
258.971832,177.569672,147.919556,145.440063
258.984375,177.564178,147.890976,145.453842
259.012970,177.573547,147.916275,145.444794
259.041229,177.591568,147.921677,145.440521
259.063568,177.611359,147.921066,145.441101
259.089050,177.630615,147.921478,145.440598
259.100586,177.642242,147.915253,145.444733
259.122162,177.657837,147.918228,145.443207
259.148743,177.675461,147.921295,145.440628
259.183594,177.702255,147.926208,145.437225
259.214264,177.728241,147.925247,145.437592
259.224640,177.745529,147.916885,145.444229
259.251373,177.765686,147.921280,145.441498
259.283569,177.792786,147.925095,145.438675
259.299255,177.807877,147.919205,145.441254
259.319580,177.824219,147.918549,145.442947
259.350311,177.848648,147.923691,145.439743
259.373779,177.871414,147.921387,145.441483
259.378632,177.883972,147.911682,145.448349
259.409241,177.903259,147.921936,145.441055
259.433228,177.925125,147.921204,145.441620
259.458160,177.947174,147.921677,145.441177
259.490845,177.974915,147.925430,145.438431
259.520966,178.003525,147.925079,145.438690
259.536896,178.024063,147.921066,145.440643
259.561676,178.047501,147.921432,145.441315
259.578430,178.066223,147.919586,145.442032
259.591370,178.082550,147.916855,145.444092
259.605804,178.092575,147.918762,145.443451
259.631104,178.113281,147.921875,145.440842
259.635864,178.124969,147.916153,145.443863
259.642975,178.086945,147.752533,145.447327
259.750519,178.104248,147.921936,145.440384
259.718750,178.086060,147.877289,145.460831
259.756012,178.086044,147.908112,145.448471
259.781128,178.099579,147.917053,145.444000
259.795380,178.107574,147.915085,145.444153
259.830597,178.133301,147.925049,145.438705
259.805695,178.111710,147.892120,145.450638
259.820984,178.110001,147.909973,145.446350
259.832947,178.078934,147.912750,145.453583
259.832886,178.042480,147.895813,145.470688
259.866058,177.941025,147.895142,145.487366
259.890320,177.910461,147.903366,145.451706
259.874451,177.857529,147.893341,145.449387
259.899017,177.820374,147.907608,145.442139
259.908722,177.820984,147.915146,145.441879
259.931305,177.807999,147.915863,145.451691
259.966431,177.813492,147.924164,145.430862
259.966614,177.813690,147.910767,145.442749
259.972900,177.801865,147.912476,145.439362
259.988007,177.801163,147.914169,145.441788
259.993866,177.796280,147.912354,145.442123
260.003723,177.788071,147.913254,145.440353
260.023285,177.775604,147.917267,145.430557
260.026794,177.780273,147.914185,145.441772
260.019135,177.769608,147.908981,145.443039
260.015045,177.764023,147.908508,145.445526
259.989471,177.744217,147.902374,145.447235
259.987976,177.735703,147.907837,145.446396
259.979828,177.721527,147.907532,145.444809
260.001648,177.726639,147.917801,145.441376
260.001770,177.721878,147.913055,145.441467
260.002686,177.705902,147.911224,145.439392
260.036926,177.728683,147.923370,145.439163
260.027130,177.717545,147.910141,145.441910
259.896271,177.586502,147.880997,145.390182
259.932068,177.622803,147.916550,145.443878
259.946594,177.623154,147.914734,145.443344
259.966797,177.630554,147.916885,145.442566
259.857666,177.519852,147.816849,145.496277
259.904205,177.479431,147.895966,145.450775
259.886017,177.446365,147.885239,145.453812
259.856934,177.367065,147.875000,145.445572
259.864624,177.339890,147.903671,145.442978
259.828674,177.291306,147.889725,145.442780
259.868378,177.274078,147.910858,145.426010
259.872864,177.266083,147.910416,145.442673
259.933777,177.245255,147.810120,145.420380
259.997833,177.260406,147.914307,145.443970
260.015839,177.263062,147.916260,145.441223
260.040649,177.276459,147.921051,145.439484
260.082916,177.275879,147.911575,145.461929
260.112579,177.278214,147.920731,145.439636
260.138916,177.294464,147.921494,145.439529
260.164551,177.312042,147.921448,145.439941
260.188843,177.326996,147.920670,145.440155
260.209686,177.343384,147.919083,145.442398
260.231384,177.357376,147.919006,145.442123
260.252350,177.373093,147.918808,145.442780
260.267120,177.382996,147.911728,145.444427
260.287567,177.396805,147.916824,145.444366
260.314240,177.412460,147.920929,145.440689
260.346710,177.440018,147.925140,145.438660
260.369812,177.455353,147.923737,145.436432
260.390259,177.468414,147.919205,145.440567
260.416565,177.484131,147.921143,145.439926
260.441315,177.499313,147.920822,145.440063
260.473602,177.521362,147.924591,145.437668
260.499695,177.542908,147.922562,145.439514
260.525879,177.559402,147.920654,145.442078
260.553497,177.581818,147.922729,145.440170
260.546936,177.581650,147.891479,145.453293
260.553375,177.572784,147.907471,145.448212
260.575470,177.583847,147.915588,145.443909
260.594666,177.597305,147.917587,145.443420
260.609802,177.609634,147.915527,145.444733
260.640228,177.626205,147.922363,145.439346
260.662109,177.644897,147.920029,145.441605
260.691071,177.663574,147.922745,145.439056
260.721588,177.686859,147.924301,145.438187
260.747406,177.705872,147.922211,145.439285
260.774109,177.730606,147.922607,145.440552
260.786224,177.736938,147.918594,145.440216
260.802002,177.747650,147.919983,145.439774
260.827942,177.770096,147.921585,145.440979
260.823090,177.766998,147.905197,145.447998
260.823395,177.755859,147.897156,145.452972
260.825348,177.749100,147.909683,145.445892
260.817017,177.741898,147.894547,145.455750
260.830261,177.741470,147.906219,145.449493
260.827515,177.735031,147.896652,145.454742
260.806976,177.698776,147.867218,145.468033
260.835510,177.698471,147.942596,145.431259
260.835236,177.702744,147.890762,145.457352
260.881134,177.720291,147.924286,145.439163
260.872284,177.717926,147.903091,145.449814
260.911896,177.692230,147.835022,145.444809
260.980621,177.700638,147.917053,145.441315
260.979980,177.683350,147.883087,145.453979
260.989197,177.632629,147.857010,145.466263
260.883575,177.543167,147.608765,145.451965
261.020721,177.518677,147.880829,145.458572
261.008423,177.499512,147.885117,145.451553
261.016083,177.484879,147.892853,145.456207
261.019318,177.471451,147.895920,145.455460
260.975311,177.440430,147.837112,145.457230
261.002960,177.431396,147.901184,145.451584
261.004425,177.415192,147.888718,145.456177
261.000244,177.402054,147.891647,145.452759
261.005402,177.397690,147.904190,145.450684
261.002533,177.387192,147.899567,145.450851
260.996948,177.372360,147.922684,145.440811
261.022736,177.383972,147.921371,145.438553
260.993134,177.384460,147.872025,145.436966
260.816803,177.181519,147.628265,145.390808
260.925171,177.192596,147.891296,145.450500
260.941833,177.185272,147.909088,145.447037
260.253296,176.735565,146.248932,145.414215
260.178436,176.660995,146.166595,145.415695
260.265045,176.636719,146.378128,145.468918
260.293488,176.640564,146.413437,145.447311
260.200928,176.590500,146.234634,145.460403
260.458435,176.324249,144.468430,145.288239
260.426117,176.403030,144.406387,145.451813
260.418396,176.395844,144.404343,145.453064
260.438232,176.398209,144.416092,145.445419
260.465973,176.421661,144.434174,145.437805
260.485901,176.442459,144.423538,145.439835
260.359985,176.470871,144.469650,145.411819
257.999237,177.250534,145.407410,145.432144
258.024384,177.279541,145.419495,145.443222
258.046539,177.311127,145.427933,145.435211
257.384491,177.408279,145.822449,145.230240
257.456573,177.539871,145.921448,145.441681
257.484009,177.568741,145.925156,145.438690
257.256592,177.896515,146.085678,145.304031
257.395599,177.969864,146.397415,145.452591
257.362427,177.972214,146.400604,145.452560
257.371399,178.480988,146.591675,145.315170
257.570404,178.573425,146.926575,145.437851
257.446564,178.857162,147.138412,145.363495
257.674927,180.225891,147.875443,144.593033
257.719391,180.459274,147.951767,144.923264
257.918640,181.050064,148.512268,144.748199
258.032837,181.907761,149.208313,144.269058
258.181702,182.029251,149.442978,144.438889
258.217407,182.069519,149.458374,144.440353
255.973450,183.371674,152.956711,145.913956
256.065186,183.549088,152.990250,145.857925
255.993149,183.664429,153.019791,145.925766
256.004822,184.722137,154.635361,145.930466
256.169189,184.822983,155.074951,145.924316
256.219238,184.979675,155.694489,145.970551
258.104828,186.950180,156.799713,144.964279
257.638000,187.223083,157.910782,144.847595
256.167175,188.602341,160.345322,143.766861
257.541046,191.981018,165.559906,140.922562
257.638519,192.048782,166.053589,140.944534
257.298431,192.161789,166.742035,140.912064
255.455109,192.450592,169.664093,141.126343
255.517578,192.660934,170.075882,141.455292
255.647079,192.716949,170.520691,141.440826
255.091949,193.013718,172.102737,141.774673
255.051651,193.151825,172.667862,141.983002
255.058670,193.242081,173.087479,141.956070
252.479889,194.014954,178.070831,141.985046
252.210770,194.157364,179.197342,141.842636
250.327469,195.012726,182.603683,140.987274
249.776855,196.829910,184.075897,139.170090
249.874634,197.095551,184.593521,138.904449
249.335587,197.357147,186.078262,138.642853
249.372299,197.791504,186.612289,138.208496
248.445374,198.199234,188.263580,137.800766
248.173279,198.423676,188.832626,137.576324
245.451569,199.866241,191.833878,136.133759
243.147110,200.424469,194.060638,135.575531
239.983185,201.204926,198.058228,134.795074
240.100204,210.637863,205.018707,125.362137
240.173065,210.740128,205.553879,125.259872
240.417709,210.914124,205.919083,125.085869
234.455719,213.019089,215.968933,122.980911
234.370773,213.055481,216.015442,122.944519
232.611847,213.069855,219.091995,122.930138
232.434372,213.148956,219.845871,122.851036
232.432495,213.256546,219.985168,122.743454
232.186905,213.649063,220.437347,122.350945
231.742416,214.528183,221.565994,121.471825
231.926147,214.577347,222.014404,121.422653
231.787979,214.678528,223.135162,121.321472
228.753067,218.460754,227.958023,117.539238
228.609634,218.762558,228.034592,117.237434
228.693420,218.929901,228.499664,117.070091
228.538269,220.647614,229.044296,115.352379
228.675735,220.741577,229.443329,115.258423
228.676239,220.864548,229.395416,115.135460
228.276718,222.567520,229.910049,113.432480
228.316315,222.601593,229.886429,113.398407
228.356583,222.644531,229.894104,113.355469
228.591370,224.263992,229.587769,111.736015
228.791031,224.396713,229.887161,111.603287
228.842377,224.597290,229.885925,111.402702
231.961838,226.407471,229.863739,109.592529
232.025223,226.630707,229.882858,109.369286
232.143936,226.823349,229.816238,109.176651
232.231400,227.012085,229.881546,108.987915
232.262711,227.061508,229.897186,108.934219
232.271378,227.133011,229.909119,108.866989
238.192383,228.288483,227.295288,107.711510
238.289413,228.433029,227.387665,107.566971
238.425476,228.704468,227.338684,107.295532
238.503738,228.817307,227.385559,107.182701
238.621628,229.012253,227.361206,106.987747
240.212433,229.292816,226.733551,106.707184
240.338715,229.444977,226.886505,106.555023
240.421631,229.693604,226.875168,106.306396
240.519257,229.837601,226.880692,106.162392
240.757492,230.094757,226.937851,105.905251
241.220047,230.443726,226.766541,105.556282
241.773697,230.829514,226.805542,105.170486
241.869125,231.001465,226.888504,104.998528
241.966949,231.041321,226.880112,104.939987
242.077911,231.141922,226.881012,104.858086
242.207809,231.314682,226.858673,104.685310
242.789551,231.820053,226.642136,104.179939
243.099976,232.045502,226.804886,103.954491
244.123169,232.436905,226.349411,103.563087
244.236496,232.778748,226.372147,103.221260
244.297867,232.937958,226.391708,103.062042
244.365753,233.190140,226.382767,102.809868
244.506271,233.379379,226.337906,102.620628
244.626587,233.620193,226.390594,102.379814
244.720261,233.702957,226.357895,102.297043
244.860382,233.861557,226.348526,102.138435
244.984756,234.100403,226.371796,101.899597
245.098236,234.186768,226.354294,101.813232
245.306046,234.382004,226.388901,101.617996
245.441742,234.677414,226.390259,101.322586
245.561325,234.881104,226.358231,101.118896
245.626602,235.080139,226.393066,100.919861
245.835129,235.313416,226.268860,100.686592
245.966187,235.491745,226.393845,100.508255
246.280090,235.923798,226.277649,100.076202
246.389694,236.142624,226.395844,99.857376
246.710037,236.323395,226.309326,99.676598
246.850845,236.526962,226.387833,99.473038
247.114716,236.710724,226.297943,99.289276
247.481033,236.880981,226.312988,99.119019
248.124344,237.513367,226.273544,98.486626
248.482681,237.660629,226.387054,98.339371
248.616898,237.808060,226.370789,98.191948
248.790558,238.076416,226.371704,97.923584
249.174850,238.229752,226.431915,97.770256
249.383789,238.580841,226.277344,97.419151
249.489838,238.621536,226.388153,97.378464
249.540924,238.683823,226.389862,97.316170
249.604370,238.801651,226.380997,97.198357
249.674637,238.960800,226.403366,97.039192
249.949539,239.289139,226.340363,96.710854
250.030212,239.437119,226.384094,96.562874
250.113495,239.658096,226.381561,96.341896
250.167419,239.737427,226.388153,96.262581
250.218063,239.856400,226.388153,96.143600
250.269547,240.039734,226.386719,95.960274
250.393585,240.072693,226.360031,95.927315
250.961700,240.192719,226.068283,95.807274
251.253159,240.315643,226.361237,95.684357
251.403305,240.528290,226.337234,95.471703
251.639648,240.633301,226.307800,95.366699
251.800003,240.725021,226.350800,95.274971
251.898956,240.835052,226.371201,95.164948
252.618027,241.105499,225.838150,94.894493
252.814026,241.241074,225.819366,94.758934
253.484177,241.539307,225.614365,94.460693
253.887070,241.604980,225.820938,94.395020
254.145279,241.733276,225.844650,94.266731
254.352097,241.853867,225.836258,94.146126
254.561447,242.098938,225.838409,93.901062
254.793030,242.130814,225.807968,93.869194
254.874496,242.214539,225.912888,93.785461
254.934067,242.324753,225.880676,93.675247
255.016495,242.490509,225.878067,93.509491
255.145615,242.740067,225.859451,93.259933
255.265350,242.863571,225.865952,93.136421
255.358704,243.050247,225.873734,92.949753
255.463562,243.080719,225.879562,92.919273
255.523041,243.124969,225.896225,92.875038
255.602859,243.182968,225.868759,92.817032
255.663223,243.283310,225.892380,92.716698
255.762909,243.426788,225.864639,92.573212
255.868408,243.641739,225.868607,92.358253
255.952087,243.713593,225.877609,92.286407
256.206726,243.816467,225.812653,92.183540
256.328796,243.975815,225.875137,92.024178
256.470764,244.215805,225.859116,91.784195
256.698090,244.314606,225.813858,91.685402
256.820038,244.472977,225.876205,91.527031
256.881989,244.709869,225.885742,91.290131
256.965088,244.815689,225.878967,91.184311
257.028046,244.974045,225.884567,91.025955
257.080475,245.211319,225.888397,90.788673
257.235046,245.305481,225.844574,90.694519
257.324402,245.458588,225.886734,90.541412
257.400543,245.686996,225.891373,90.313004
257.450989,245.780792,225.887695,90.219208
257.520264,245.920074,225.878052,90.079918
257.580566,246.130524,225.886108,89.869476
257.645569,246.196487,225.881775,89.803520
257.705200,246.295059,225.885437,89.704948
257.767975,246.440628,225.881454,89.559380
257.845093,246.660126,225.877426,89.339874
257.907562,246.740646,225.885162,89.259346
257.971039,246.859558,225.886917,89.140442
258.063660,247.039871,225.871918,88.960121
258.140564,247.060623,225.880875,88.939377
258.198608,247.091293,225.886520,88.908699
258.257080,247.137421,225.884903,88.862572
258.347839,247.202805,225.867340,88.797195
258.536041,247.273849,225.805374,88.726158
258.673157,247.399658,225.856689,88.600349
258.819305,247.585876,225.850708,88.414116
259.190613,247.589996,225.757767,88.410004
259.433868,247.621429,225.819168,88.378578
259.559662,247.675797,225.862473,88.324203
259.656403,247.764526,225.873306,88.235481
259.763550,247.895035,225.868820,88.104973
259.891235,248.092758,225.871872,87.907242
260.050140,248.132431,225.852936,87.867569
260.191315,248.197556,225.870422,87.802444
260.332916,248.284134,225.855789,87.715874
260.463348,248.424896,225.873169,87.575104
260.565308,248.630173,225.865433,87.369827
260.662262,248.689468,225.874924,87.310524
260.781647,248.778229,225.863312,87.221771
260.896423,248.910797,225.863724,87.089195
261.017151,249.103745,225.850327,86.896255
261.172119,249.137634,225.827698,86.862366
261.252625,249.203964,225.889557,86.796036
261.312286,249.304779,225.886841,86.695221
261.499023,249.429672,225.845978,86.570320
261.570770,249.644760,225.888397,86.355240
261.870483,249.673126,225.815109,86.326874
262.356018,249.694016,225.740463,86.305984
262.379242,249.779251,226.052261,86.220757
262.598877,249.918976,226.388107,86.081024
262.649506,250.128693,226.388153,85.871300
263.296783,250.215012,226.003922,85.784988
263.599243,250.317734,226.398361,85.682266
264.144012,250.199371,226.088684,85.800629
264.408966,250.278549,226.468231,85.721458
264.450775,250.414017,226.375793,85.585983
264.543060,250.587494,226.372238,85.412506
264.601868,250.579269,226.344086,85.420723
264.681396,250.618088,226.388458,85.381912
264.740662,250.656036,226.346924,85.343956
265.257141,250.645813,226.554199,85.354187
265.645508,250.702789,226.865585,85.297203
265.694580,249.978989,227.437271,86.021011
266.670258,249.863525,226.411835,86.136482
266.970581,249.933533,226.328506,86.066460
267.210052,249.326660,226.322815,86.673332
267.678680,248.042999,225.872482,87.957008
267.896637,247.791275,225.835007,88.208733
269.339294,244.522278,227.404053,91.477722
268.842255,243.888229,227.899994,92.111763
268.821747,243.702087,227.959274,92.297905
268.643555,242.941406,228.197296,93.058586
269.242035,241.199936,226.991043,94.800064
269.209961,241.127243,226.925095,94.872757
269.096069,240.650024,227.351685,95.349976
265.175598,235.665741,227.170349,100.334259
265.288208,235.733459,227.408707,100.266541
261.847931,234.011765,231.281509,101.988235
261.333221,233.512619,231.308365,102.289574
261.516357,233.582703,231.368103,102.417290
261.344208,233.290680,231.525772,102.709320
261.631836,233.427841,231.881470,102.572159
261.781708,233.569473,231.865616,102.430527
261.784790,233.593597,231.879196,102.406403
261.648529,233.613220,231.936340,102.386787
261.574310,233.598679,231.926712,102.401321
261.324554,233.160416,231.776596,102.839592
261.120544,233.126007,232.109665,102.873985
261.031281,233.067978,232.473892,102.932014
260.932770,232.996368,232.436447,103.003639
260.674316,233.075348,232.442307,102.924652
260.475159,233.002045,232.463531,102.997955
260.114899,232.864212,232.535370,103.096016
260.265656,233.044952,232.895813,102.955048
260.040253,232.842346,233.028488,103.157654
260.070160,232.970734,233.423157,103.029259
259.815796,233.110306,233.483139,102.889694
259.605225,233.124542,233.443329,102.875465
259.634888,233.188354,233.376785,102.811646
259.617950,233.278198,233.404434,102.721802
259.435211,233.168091,233.437119,102.831909
259.476318,233.246582,233.375916,102.753426
259.450653,233.249512,233.404541,102.750488
259.533081,233.296432,233.344452,102.703568
259.555481,233.425034,233.406479,102.574959
259.566711,233.556305,233.404663,102.443703
259.573608,233.496231,233.415604,102.503761
259.622406,233.678864,233.382797,102.321144
259.598755,233.687027,233.417694,102.312965
259.654663,233.705719,233.365173,102.294273
259.727661,233.771347,233.374527,102.228653
259.591797,233.677216,233.426758,102.322792
259.572296,233.718643,233.410522,102.281357
259.600037,233.808151,233.384064,102.191841
259.564026,233.888077,233.427231,102.111923
259.536804,233.989502,233.404297,102.010506
259.505341,234.157654,233.416412,101.842346
259.499695,234.159958,233.402008,101.840034
259.510040,234.226303,233.402740,101.773689
258.940643,233.973450,233.853210,102.026550
258.174011,233.627411,234.364960,102.372581
258.106750,233.666611,234.432343,102.333397
255.138748,233.247543,236.212128,102.676361
255.001785,233.264557,236.575638,102.735443
255.073334,233.345947,236.939468,102.654053
254.424026,233.298996,237.152618,102.701004
254.451309,233.350815,237.439255,102.649178
254.403610,233.437439,237.408920,102.562569
253.434845,232.870514,237.845581,103.129486
253.105240,232.554291,238.084702,103.445709
252.930481,232.441116,238.499924,103.558365
252.624130,232.072891,238.669769,103.927116
252.744308,232.086746,238.888214,103.913254
252.539490,231.792343,238.874680,104.207657
249.965454,229.191071,237.372940,106.808929
248.818329,228.908768,237.406708,107.091225
247.743042,228.215012,237.357788,107.784981
245.538116,225.452286,239.461243,110.547707
241.855255,223.449951,238.141174,112.550041
241.477921,223.501022,238.461487,112.498985
231.655579,219.845047,240.015182,116.154953
231.783051,219.958878,240.437057,116.041130
231.148605,220.077835,240.729492,115.922173
227.306900,219.804321,245.379257,116.195671
224.175858,218.731628,245.084824,117.268379
224.193741,218.833878,245.414536,117.166115
223.432678,218.687256,246.115631,117.312744
222.181335,218.417908,246.258743,117.582092
220.620071,218.137726,247.005447,117.862274
211.578598,214.667923,249.526749,120.062073
210.566956,214.383545,249.537292,120.844284
210.401932,214.425537,249.942963,120.974930
208.725037,214.040329,250.619232,121.258362
207.430466,213.829285,251.208405,121.842796
206.424942,213.723053,251.968124,122.203789
199.398438,212.180893,258.012787,123.028381
199.514450,212.162521,258.187683,123.696045
198.450745,211.712234,258.699432,124.287766
194.591187,210.237396,259.412567,125.376801
194.528580,210.267975,259.368958,125.448898
194.266312,210.195938,259.410767,125.498123
193.977859,209.983109,259.583740,125.623535
193.523605,210.185181,260.080933,125.814819
193.053970,210.222046,260.489655,125.777946
192.680435,210.278595,260.659485,125.721405
192.784332,210.419128,260.884216,125.580872
192.652939,210.617233,260.903595,125.382767
192.547241,210.667038,260.942719,125.332962
192.273911,210.469894,260.960968,125.530106
192.250809,210.704056,260.878632,125.295952
192.305374,210.806427,260.871124,125.193581
192.251556,210.916336,260.837585,125.083656
192.324036,211.118164,260.867126,124.881828
192.384369,211.177597,260.871124,124.822395
192.442719,211.266754,260.871124,124.733253
192.500366,211.398682,260.870056,124.601318
192.558823,211.597290,260.870453,124.402710
192.616226,211.641434,260.874115,124.358574
192.669434,211.703339,260.865601,124.296661
192.734177,211.805573,260.869171,124.194420
192.791107,211.952667,260.867493,124.047333
192.849045,212.173752,260.867767,123.826248
192.871872,212.228821,260.898529,123.771179
192.724609,212.264389,261.013855,123.735603
192.924637,212.380219,261.367645,123.619781
192.909500,212.531693,261.380615,123.468300
192.924408,212.526367,261.379486,123.447510
192.948578,212.536667,261.366302,123.445877
192.992966,212.497330,261.390533,123.502670
193.026657,212.728714,261.362000,123.271286
192.971680,212.802521,261.484802,123.197487
192.967026,212.938766,261.361542,123.061241
193.014191,213.134781,261.357941,122.865227
192.969925,213.146332,261.452423,122.853676
192.967651,213.204819,261.390747,122.795181
192.962418,213.204941,261.413727,122.795052
192.906982,213.250748,261.441071,122.749252
192.730484,213.329102,261.812469,122.670891
192.818115,213.494003,261.870636,122.505997
192.874619,213.736176,261.867462,122.263824
192.874710,213.815857,261.971100,122.184135
192.883026,213.974136,261.870636,122.025871
192.938660,214.204254,261.866150,121.795753
192.999222,214.306076,261.870209,121.693916
192.860016,214.430557,262.082367,121.569450
193.057968,214.634476,262.363159,121.365517
192.940536,214.682709,262.636749,121.317291
193.125519,214.774033,262.874908,121.225975
193.177094,214.910950,262.877319,121.089043
192.294647,214.989243,265.600647,121.010765
192.568298,215.241882,265.907776,120.758110
192.634018,215.362091,265.883148,120.637901
192.758667,215.543274,265.909393,120.456726
192.803314,215.565033,265.871460,120.434967
192.861374,215.597885,265.868652,120.402115
202.556320,216.575912,265.352539,119.424095
202.622391,216.614304,265.369476,119.385704
202.414413,216.695877,265.765259,119.304131
201.951065,217.232773,273.782684,118.767227
205.800735,217.436478,268.811859,118.563522
205.888519,217.655045,268.867157,118.344955
206.866364,218.255173,270.205872,117.744827
209.706619,218.542511,268.548828,117.457489
209.975510,218.582413,268.966187,117.417587
212.596100,220.105408,275.329224,115.894592
212.675049,220.158432,275.363953,115.841568
212.736633,220.237976,275.363953,115.762032
214.201462,221.448608,275.836029,114.551384
214.175781,221.744431,275.887054,114.255569
214.198425,221.878616,275.872986,114.121391
214.068314,223.307266,276.284790,112.692734
214.179688,223.463867,276.357391,112.536125
214.232040,223.696960,276.368317,112.303040
213.050095,225.659912,276.495056,109.881073
213.318527,226.013199,276.394745,109.851402
213.364700,226.087799,276.363464,109.912201
213.205002,226.381500,277.394775,109.618507
223.661377,227.127869,262.853485,108.872131
223.728485,227.192108,262.870117,108.807892
223.556259,226.726242,263.125031,109.273758
233.705460,226.942307,252.581207,109.057686
