1
388.413788,135.087189,99.298447,99.580215
388.287109,133.747650,99.782745,99.150635
382.961823,125.008926,100.799164,95.118591
383.006683,125.147308,101.039017,95.308357
383.191284,125.072899,101.494743,95.248383
379.018677,115.948204,100.284492,92.477745
379.121796,115.966042,100.450813,92.463509
379.139893,115.983688,100.448349,92.461388
375.798981,112.447151,100.536964,90.745766
376.024414,112.569824,100.948006,90.961174
376.047943,112.588165,100.949966,90.960594
372.190430,105.779541,100.061745,90.627838
372.336609,105.979225,100.407349,90.955406
372.318390,106.022186,100.458832,90.946533
365.263672,98.567528,99.886948,90.346077
365.313110,98.645073,99.942848,90.461609
365.246033,98.565376,99.752563,90.529236
359.171783,94.137894,99.566940,88.032745
359.385345,94.371864,99.948448,88.461403
359.403259,94.401672,99.934517,88.451569
354.514465,95.098389,100.373329,85.731056
354.546936,95.296143,100.416069,85.890060
354.382477,95.483620,99.995529,85.582085
352.153961,95.160400,97.858063,85.049667
351.349945,95.405739,98.098373,85.084465
350.633331,95.444183,98.318588,85.017097
343.204987,92.836563,96.916687,83.556839
342.472992,92.454437,96.959183,81.446159
342.527374,92.483955,96.883301,81.306953
338.664520,87.601448,94.185242,79.667953
338.803925,87.758423,94.419754,79.916336
338.856018,87.806541,94.428284,79.925842
330.791840,82.557564,93.374985,78.981323
330.872406,82.566879,93.429504,78.924294
330.906433,82.605011,93.452225,78.963951
327.105988,79.678276,91.824051,76.739548
327.192413,79.808609,91.954536,76.965607
327.213013,79.826958,91.954536,76.965813
320.055206,79.907028,91.204109,73.460083
320.171906,80.061424,91.479721,73.215485
320.184235,80.203438,91.455284,73.456818
319.103546,78.756058,89.638878,70.324669
319.163666,78.775635,89.464050,70.291954
319.174042,78.879601,89.443581,70.467415
316.344330,75.701088,88.105545,70.327995
316.258026,75.795372,88.219406,70.364868
316.485168,75.934608,87.861267,70.329361
312.380249,75.097740,86.804344,69.325005
312.463531,75.183403,86.935684,69.466339
312.425781,75.230286,86.906784,69.337723
308.146515,73.355408,88.362846,68.094200
308.021118,73.603798,88.184158,68.464302
308.090912,73.651840,88.291939,68.457047
302.405487,72.788651,86.664658,66.692825
302.465424,73.103088,86.560333,67.048637
302.668579,73.372276,86.936920,67.461990
294.031738,73.559349,87.862656,66.511238
293.914154,73.819962,87.863892,66.957664
293.855652,73.862228,87.988312,66.948952
293.597870,73.818550,87.911652,66.935448
293.559906,73.858971,87.974007,66.953857
293.387421,74.227142,88.025208,66.358253
293.605499,74.310768,88.387451,66.474174
293.613220,74.319824,88.350220,66.484955
293.609619,74.324562,88.341515,66.477623
293.373779,74.546448,88.673325,66.194862
293.497498,74.705353,88.917702,66.461807
293.504730,74.716362,88.912537,66.468155
293.297241,74.656090,88.578995,66.550423
293.391846,74.878670,88.712364,66.973045
293.529999,74.859978,88.596184,66.970779
293.578552,74.915268,88.397552,66.992447
293.489655,74.914429,88.352577,66.976776
294.567596,75.115303,87.945000,66.884583
293.326233,74.989319,87.907066,66.760513
293.266144,75.138573,87.949234,66.969498
293.860474,75.320343,87.587181,66.961349
294.031952,75.369789,87.820381,66.957726
294.097778,75.399162,87.881569,66.964966
294.122833,75.425598,87.835281,66.971069
294.279419,75.449989,87.806381,66.970871
294.252838,75.620644,87.914665,66.834106
293.870636,75.649124,87.637711,66.905273
293.533875,75.396538,87.325821,66.829506
293.573700,75.498009,87.425560,66.961288
292.920532,75.494606,87.354599,66.925682
292.725616,75.586540,87.410080,66.901299
292.102631,75.635521,87.348732,66.818947
292.133209,75.834427,87.352501,66.954613
292.091125,75.718948,86.899368,67.013916
292.116821,75.961922,86.948967,67.458778
292.165222,75.978889,86.944870,67.456741
292.191406,76.029366,86.962463,67.439423
292.195862,76.056404,86.957672,67.461914
292.182709,76.078255,86.943550,67.454163
291.287537,75.910522,87.692184,67.182327
291.294434,76.028572,87.939568,67.398933
290.865265,75.986382,88.095345,67.299385
291.038818,76.111130,88.418259,67.355728
291.082184,76.186333,88.455704,67.467430
291.066376,76.209511,88.466545,67.464142
291.056885,76.197342,88.426186,67.465698
291.032654,76.223892,88.471199,67.457535
291.068329,76.287926,88.430061,67.439545
290.957886,76.376877,88.556007,67.359825
291.126892,76.451324,88.933762,67.453178
291.084808,76.406036,88.693161,67.390343
291.213654,76.458664,88.938133,67.465553
291.232574,76.477104,88.947823,67.465340
291.196716,76.476860,88.908417,67.442001
290.994110,76.506836,89.018501,67.343773
291.141663,76.592628,89.442726,67.435516
291.058899,76.612823,89.424232,67.427765
291.026764,76.684181,89.448761,67.409462
290.993835,76.739632,89.416397,67.438248
290.487671,76.883575,89.326805,66.942711
290.380219,76.884514,89.322708,66.901443
290.382111,76.927582,89.337440,66.925903
290.376709,76.934898,89.308060,66.906616
290.394928,76.685745,89.501396,66.204048
290.575012,76.822006,89.901314,66.418808
290.620819,76.855209,89.937386,66.468147
290.875275,76.788666,89.486916,66.488708
290.916687,76.704140,89.222969,66.409203
291.035217,76.697098,89.374275,66.443596
291.310638,76.650658,89.375847,66.489029
291.373535,76.597221,89.353294,66.464951
291.592346,76.592178,88.942741,66.421097
292.232330,76.603943,87.604584,66.371841
292.549988,76.658577,87.591362,66.413719
292.820862,76.679619,87.821060,66.471619
293.005798,76.643379,87.944527,66.467735
293.062927,76.619461,87.899574,66.452255
293.115112,76.635880,87.952377,66.472191
294.211060,76.376556,87.535851,66.471947
294.563080,76.151711,87.797623,66.502205
294.691650,76.380890,87.927788,66.977310
297.028076,76.468193,87.132240,67.451813
297.211823,76.490211,87.402885,67.462570
297.279877,76.510521,87.393921,67.458206
300.670044,76.146118,86.295097,67.687096
300.822906,76.309448,86.322151,67.951996
300.916901,76.332962,86.407661,67.964310
300.961243,76.354477,86.454376,67.969513
301.343658,76.342064,86.160492,67.978127
301.515503,76.342384,86.413689,67.965111
301.563538,76.369102,86.429962,67.976273
301.649475,76.407265,86.334671,67.967613
301.747192,76.427734,86.422424,67.965080
305.162476,77.107399,84.927025,67.924614
305.196960,77.145279,84.958023,67.970703
305.460785,77.171257,84.824181,67.961502
308.917145,79.265396,84.365555,66.235069
309.137207,79.406624,84.271286,66.463051
310.356720,79.468124,83.330811,66.472755
310.942169,79.510773,83.252548,66.382614
311.156738,79.572403,83.410248,66.476616
313.661255,79.767616,81.028152,66.709274
317.292755,80.291901,79.127548,67.573341
318.697357,80.651329,78.114822,67.905289
319.236938,80.728210,78.053291,67.953400
321.653687,82.199463,76.127617,67.433434
321.931091,82.233856,76.395889,67.465416
322.046295,82.248535,76.385582,67.464653
323.923279,83.153069,75.262207,67.018822
324.283203,83.387459,75.300690,67.471390
324.417206,83.453789,75.444405,67.410019
325.350372,84.003662,74.499855,66.684067
325.357666,84.162041,74.460892,66.969994
325.382141,84.182999,74.458839,66.969666
326.204010,85.588005,74.283325,66.824249
326.472290,85.698135,74.367470,66.947830
326.585999,85.730812,74.423347,66.984886
329.654388,86.474136,72.492355,66.759872
329.680786,86.594162,72.452423,66.970215
329.814514,86.644989,72.389175,66.968140
332.032959,87.263611,71.370712,67.063957
332.239288,87.565720,71.324585,67.477036
332.396210,87.634392,71.413239,67.456436
332.654602,88.661636,71.363029,67.226906
332.841034,89.018578,71.412971,67.238266
333.039948,89.415512,71.268486,67.316078
333.511810,91.815254,70.495720,67.047791
333.506592,92.077515,70.464180,67.448822
333.518433,92.172813,70.446228,67.444649
333.487885,92.410919,70.622719,67.396530
333.650421,92.806229,70.886574,67.345894
333.707550,92.897697,70.962227,67.464874
333.665100,93.709755,70.469292,67.181427
333.638916,93.898354,70.484978,67.469322
333.661102,93.966194,70.457642,67.467384
333.060913,94.535782,69.478874,67.610123
333.034729,94.982925,69.353004,67.932114
332.884003,95.126640,69.431686,67.984825
332.978821,95.750740,69.328529,68.076782
333.064484,96.017296,69.449020,68.465393
333.077759,96.029305,69.461998,68.462372
333.303925,96.541840,69.074036,68.751831
333.520996,96.671867,69.453781,68.974899
333.541809,96.663765,69.440193,69.087936
330.404877,97.695801,70.941216,69.353127
330.443298,97.779457,70.968117,69.477264
330.454620,97.786598,70.969635,69.472397
330.314545,97.733452,70.898384,69.634247
330.383179,98.094017,70.967567,70.066208
330.387146,98.315407,70.969910,70.467453
328.423676,99.347275,71.334221,71.115189
328.353058,99.699562,71.551018,71.437126
328.499390,99.738777,71.955635,71.447014
323.201111,101.423759,75.306213,73.096397
323.274353,101.607063,75.456818,73.463890
323.269623,101.582817,75.459984,73.534065
320.622437,105.404243,75.018417,75.641647
319.940887,105.185211,75.474777,76.939865
318.652588,104.912872,75.506691,77.774513
315.768036,108.097755,75.770149,78.113876
315.156738,108.265152,76.477783,79.032555
313.897736,109.764557,77.073174,79.476006
308.108307,114.150681,81.420746,79.758781
308.016266,114.062767,81.550102,80.283852
307.931152,113.980698,82.076973,80.976006
301.085114,124.382004,83.119530,80.620346
301.218475,124.571098,83.479790,80.935768
301.079895,124.641693,83.552628,80.985237
289.623962,130.679489,85.323944,81.047394
289.686615,131.026184,85.594620,81.493576
289.467346,131.593719,86.416031,81.803543
283.756866,136.783844,88.240585,83.962921
283.150513,138.048279,89.704536,84.295265
283.022888,138.346390,90.086914,84.631393
271.750610,145.597534,94.338875,85.773132
271.634003,146.586060,95.078705,86.621819
270.902344,147.830475,96.499962,87.829681
264.320679,155.255661,96.510071,89.753654
264.197601,155.699158,98.165436,90.877441
263.086517,156.588120,101.734451,94.622940
247.860870,166.362503,107.247612,97.200554
247.983292,166.520767,107.453194,97.459114
247.981079,166.548813,107.512131,97.477165
241.754333,168.309464,110.466721,99.698700
241.390091,168.581619,111.419014,100.642998
239.869156,168.252853,112.625511,101.821312
232.219193,170.639740,113.544281,101.632057
232.251862,170.946838,114.192131,102.069038
231.854385,171.321884,115.114166,103.062271
229.073273,174.258072,115.776642,103.771851
229.071579,174.368057,116.065323,104.032707
228.201691,174.413879,118.460907,105.393379
223.824097,178.444977,118.299622,105.052605
223.849243,178.695663,118.570183,105.498093
223.611954,178.747406,119.556152,105.505730
222.092804,179.250687,120.891136,106.943771
220.482559,180.333130,121.308296,106.964394
220.411774,180.493851,121.540634,106.908813
218.002655,181.742065,122.535225,107.644485
217.856613,181.984726,123.002342,107.976944
217.849030,182.016937,123.511665,107.996468
218.088989,182.018585,123.939003,107.953125
217.577972,182.229004,124.013519,107.952950
217.260635,182.461304,124.526619,107.972717
217.431473,182.514038,124.966949,107.927559
217.052429,182.616287,124.967232,107.983025
216.975159,182.656464,124.964348,107.930801
216.929565,182.741333,124.976326,107.918671
216.800842,182.825531,124.980324,107.936363
216.790894,182.860809,124.943253,107.952438
216.688950,182.928421,124.986038,107.932999
216.638687,182.998779,124.972977,107.922638
216.522247,183.076523,124.989998,107.944267
216.494553,183.124161,124.956787,107.941277
216.313202,183.177658,124.993095,107.941650
216.174652,183.266785,125.043404,107.943359
216.275208,183.356171,125.505951,107.925102
216.414520,183.439514,125.971657,107.926727
216.294281,183.520081,125.994873,107.929070
216.241669,183.582504,125.974411,107.936508
216.154846,183.671646,126.008141,107.933182
216.361877,183.731308,126.467621,107.943375
216.342392,183.777512,126.463432,107.947800
216.177567,183.873077,126.530640,107.947845
216.374390,183.917191,126.956741,107.941193
216.289108,184.000565,127.001343,107.942314
216.485382,184.044891,127.494064,107.950737
216.375793,184.111679,127.510300,107.949554
216.599426,184.139450,127.969749,107.959778
216.480545,184.204605,127.989792,107.945923
216.173370,184.299622,127.995369,107.947174
215.952606,184.413788,127.975014,107.938560
215.714020,184.534576,127.993156,107.963020
215.195740,184.631378,127.963425,107.957130
214.998322,184.742416,128.009583,107.951843
215.002869,184.839081,128.447433,107.964752
214.945175,184.890213,128.450729,107.946404
214.860535,184.955399,128.462799,107.957298
214.850723,184.986450,128.442459,107.949219
214.816513,185.016556,128.438858,107.951256
214.459930,185.024002,128.640991,107.953598
214.021225,184.970886,129.057938,107.945419
214.122070,184.996750,129.433395,107.965103
214.099503,185.009293,129.463654,107.954697
214.091827,185.040390,129.454300,107.948227
214.102478,185.069962,129.448044,107.952217
214.106979,185.101120,129.459961,107.954407
214.121536,185.125824,129.437607,107.952065
214.148712,185.151047,129.436829,107.953178
214.016129,185.288528,130.059052,108.039459
214.220352,185.526108,130.468887,108.459282
214.202148,185.582001,130.528778,108.468681
214.411438,185.592575,130.931030,108.454674
214.416809,185.620499,130.954391,108.435020
214.410095,185.643295,130.978455,108.476044
214.482101,184.948776,131.107620,109.364670
214.672714,185.008316,131.440262,109.457123
214.699509,185.030060,131.435059,109.452820
214.983383,184.157288,132.517792,110.752785
215.221390,184.281189,132.934326,110.952171
214.927917,184.054306,133.346649,111.833145
215.586075,179.524170,133.814255,115.109138
215.675827,179.719925,133.933823,115.450233
215.686966,179.739120,133.984390,115.471786
215.814682,178.916595,133.984787,115.782135
215.819153,179.025848,133.933823,115.950020
215.855072,179.049820,133.935577,115.950630
215.898468,179.059662,133.925858,115.966080
215.934250,179.076523,133.934372,115.950211
215.981644,179.098389,133.955124,115.954247
215.973953,179.138351,133.971222,115.871124
215.985214,179.203110,133.933823,115.950020
216.015167,179.228424,133.933823,115.950020
216.031448,179.253952,133.965088,115.934540
216.045776,179.287003,133.933823,115.950020
216.075729,179.312317,133.933823,115.950020
216.105682,179.337631,133.933823,115.950020
216.120697,179.357056,133.960724,115.950493
216.127075,179.377701,133.951889,115.949875
216.147995,179.403091,133.933823,115.950020
216.160248,179.420654,133.965363,115.949760
216.069321,179.378342,134.435684,115.990974
216.098343,179.383179,134.433578,115.950020
216.128403,179.408493,134.433578,115.950020
216.124146,179.427048,134.496216,115.949142
216.120132,179.445190,134.429855,115.954208
216.152069,179.468414,134.433578,115.950020
216.181244,179.493332,134.435165,115.950005
216.210510,179.518646,134.433578,115.950020
216.240585,179.543961,134.433578,115.950020
216.270645,179.569275,134.433578,115.950020
215.295990,179.695526,136.851913,116.650246
215.369171,179.870209,136.933029,116.949829
215.401917,179.882477,136.967972,116.967308
215.396851,179.895920,136.923935,116.952293
215.431686,179.920105,136.932343,116.949585
215.435852,179.936050,136.926819,116.963577
215.453735,179.937332,137.068161,116.990021
215.666443,179.942642,137.432098,116.949585
215.593964,179.919067,137.596436,117.007027
215.773544,180.145401,137.972046,117.471710
215.760696,180.160812,137.975815,117.459724
215.727585,180.170410,138.001144,117.481056
215.973770,180.180222,138.431610,117.449371
215.995270,180.203766,138.450455,117.454857
215.986298,180.217773,138.480728,117.472389
215.973999,180.224258,138.464142,117.462372
215.982376,180.243668,138.444153,117.452423
215.975266,180.243637,138.508194,117.478966
216.206589,180.254974,138.953812,117.454811
216.185562,180.263824,139.026840,117.477699
216.324661,180.269211,139.652298,117.498604
216.473297,180.270020,139.969513,117.461182
216.444733,180.289627,140.008972,117.462791
216.647324,180.297012,140.507034,117.466156
216.878372,180.311035,140.947830,117.455276
216.848160,180.317413,141.019714,117.467018
217.013596,180.331024,141.466141,117.444595
216.912933,180.303894,141.414719,117.453789
216.875259,180.299301,141.434692,117.445854
216.882462,180.322037,141.427887,117.447289
216.638580,180.265396,141.390121,117.447212
216.652588,180.248474,141.422623,117.478363
216.647614,180.226181,141.423843,117.476219
216.679886,180.237030,141.429276,117.450188
216.540970,180.168442,141.556458,117.550171
216.273056,180.199677,142.818680,118.054276
216.338135,180.419373,142.973618,118.461037
216.298828,180.420334,143.003723,118.480537
216.433868,180.346542,143.411194,118.487503
216.430450,180.342377,143.480133,118.460442
216.414642,180.358170,143.453537,118.456268
216.368500,180.363663,143.474518,118.461845
216.012146,180.286743,143.487823,118.534431
215.868652,180.481339,143.484085,118.980522
215.672226,180.436615,143.465820,118.950226
215.628433,180.433044,143.493958,118.957077
215.440796,180.390350,143.464844,118.987648
215.177994,180.347153,143.629410,118.970909
215.263382,180.379532,144.062286,118.947342
215.417526,180.398300,144.472778,118.944939
215.331741,180.429871,144.469894,118.923218
215.077469,180.372574,144.497284,119.019630
215.052200,180.603165,144.431015,119.439072
215.036789,180.607056,144.436783,119.452919
214.991852,180.665085,144.515961,119.440186
214.981934,180.613144,145.272064,119.533035
215.051773,180.826111,145.475983,119.960411
212.746613,180.950562,145.094711,120.035675
212.870377,181.162491,145.507874,120.457275
212.979507,181.150925,145.944229,120.487961
207.959229,182.299042,146.617615,120.522858
207.640869,182.422226,146.905045,121.063545
207.536407,182.605652,146.915024,121.446732
204.935944,182.707230,147.362274,122.258591
204.441635,182.765686,147.580307,122.522911
204.441010,182.909439,147.955612,123.041306
202.309036,183.172104,148.660828,123.454269
201.401657,183.174377,148.687881,123.441055
200.909561,183.147919,148.881424,123.545792
200.881653,183.355270,148.923798,123.969963
200.835861,183.345734,148.917877,123.970871
200.776779,183.337021,148.905487,123.964928
200.796326,183.347397,148.940063,123.947144
200.808716,183.368179,148.928741,123.955452
200.783340,183.373444,148.906799,123.970795
200.826462,183.388397,148.926422,123.946571
200.859772,183.415451,148.926422,123.946571
200.889313,183.442657,148.933899,123.948364
200.918869,183.468826,148.926422,123.946571
200.952179,183.495880,148.926422,123.946571
200.985489,183.522934,148.926422,123.946571
201.018799,183.550003,148.926422,123.946571
201.052109,183.577057,148.926422,123.946571
201.085419,183.604111,148.926422,123.946571
201.099533,183.628967,148.919952,123.948418
201.115417,183.650009,148.918839,123.952530
201.140335,183.671570,148.924179,123.950478
201.147629,183.685745,148.922958,123.971573
201.182663,183.700302,148.926422,123.946571
201.148651,183.708206,148.910828,123.979782
201.187088,183.718109,148.926651,123.946800
201.202011,183.739288,148.923004,123.958778
201.217041,183.753708,148.922470,123.960464
201.251984,183.773788,148.926331,123.946617
201.276779,183.797455,148.925552,123.954285
201.310516,183.820648,148.926422,123.946571
201.343826,183.847702,148.926422,123.946571
201.376465,183.874557,148.926804,123.946587
201.409576,183.901611,148.926422,123.946571
201.407806,183.893921,148.924683,124.053108
201.435211,184.116806,148.924408,124.447327
201.458801,184.142075,148.923233,124.447891
201.464554,184.162231,148.917160,124.455948
201.418457,184.172455,148.954346,124.474602
201.350388,184.165268,149.009293,124.489899
201.592255,184.170670,149.426178,124.446358
201.607285,184.191315,149.432266,124.456238
201.622589,184.207352,149.427170,124.458633
201.655518,184.228378,149.426178,124.446358
201.636612,184.242004,149.459946,124.468765
201.366974,184.104584,149.870697,124.781601
201.247787,184.139664,150.046768,125.099808
201.435654,184.326843,150.423965,125.459641
201.424164,184.335251,150.436584,125.455681
201.389481,184.345490,150.459778,125.455765
201.332047,184.347122,150.433624,125.461014
201.321747,184.355804,150.430542,125.455643
201.320206,184.370789,150.429306,125.448616
201.311539,184.387344,150.421860,125.454163
201.054688,184.310730,150.611404,125.571686
200.999268,184.442200,150.971741,126.039413
200.934265,184.653564,150.967560,126.475868
200.801682,184.613541,150.906052,126.479462
200.795517,184.609787,150.934021,126.466568
200.802551,184.617783,150.933487,126.454445
200.820969,184.637070,150.930313,126.448174
200.762024,184.606781,151.058701,126.501640
200.904266,184.826828,151.405670,126.964607
200.901276,184.831757,151.419571,126.959953
200.904541,184.843124,151.421600,126.947906
200.870819,184.848099,151.413513,126.948662
200.876373,184.863129,151.430481,126.946907
200.845520,184.871811,151.425354,126.949043
200.866013,184.895203,151.439514,126.947777
200.878815,184.917328,151.433029,126.945610
200.815552,184.921249,151.398209,126.964470
200.789352,184.917801,151.420074,126.961777
200.725784,184.909668,151.409256,126.966454
200.707458,184.908936,151.415237,126.959290
200.648666,184.904938,151.391403,126.961212
200.615479,184.900467,151.402435,126.961929
200.622650,184.911118,151.410828,126.951118
200.619888,184.922455,151.422211,126.955444
200.587509,184.927521,151.408218,126.956993
200.593857,184.939651,151.427658,126.947044
200.503708,184.936462,151.413864,126.950302
200.464325,184.940582,151.418579,126.947914
200.446213,184.951492,151.427139,126.944000
200.378403,184.955444,151.415039,126.948555
200.346054,184.962509,151.416946,126.959816
200.314117,184.970093,151.397156,126.954727
200.342789,184.989639,151.419083,126.948364
200.353622,185.010300,151.416321,126.949020
200.341782,185.026535,151.407089,126.951805
200.339478,185.040894,151.409027,126.950531
200.335480,185.054596,151.411728,126.949135
200.366440,185.078186,151.423187,126.945656
200.358841,185.097855,151.408890,126.950623
200.358902,185.108307,151.421341,126.954979
200.308044,185.102478,151.410706,126.957970
200.317017,185.116638,151.415665,126.947136
200.339859,185.138840,151.420715,126.947105
200.369186,185.163452,151.424515,126.944710
200.361435,185.176254,151.413818,126.948326
200.327744,185.175140,151.412811,126.950775
200.261429,185.174408,151.379333,126.948830
200.265182,185.185013,151.411392,126.947983
200.209106,185.178574,151.399353,126.957123
200.143494,185.158020,151.373688,126.968369
200.100433,185.132523,151.389206,126.961021
200.052658,185.110443,151.393478,126.957008
200.021042,185.099457,151.400421,126.953484
200.033722,185.111710,151.416946,126.946022
200.033051,185.128052,151.420502,126.938408
199.972382,185.120804,151.405655,126.963310
199.968338,185.121429,151.417206,126.949135
199.966339,185.132935,151.418961,126.941551
199.986389,185.157120,151.422256,126.944000
199.973801,185.166199,151.412231,126.949249
199.967911,185.175735,151.412460,126.948494
199.959793,185.186295,151.413986,126.948883
199.978195,185.207932,151.418564,126.947632
199.995651,185.229782,151.418945,126.948204
200.011490,185.251266,151.418961,126.948097
200.021591,185.271408,151.418488,126.947502
199.986725,185.277267,151.395248,126.960991
200.035568,185.297119,151.425186,126.945282
200.069138,185.324799,151.425095,126.945320
200.085922,185.350143,151.419891,126.947723
200.122452,185.376633,151.425186,126.945282
200.156311,185.404343,151.425186,126.945282
200.190186,185.432053,151.425186,126.945282
200.430466,184.493057,151.687561,127.764618
200.583130,184.611099,151.924942,127.944847
200.529831,184.626648,151.888916,127.951904
201.789307,181.947189,152.076599,130.370346
201.997437,182.012375,152.424698,130.443771
202.105362,181.946869,152.526733,130.529785
202.400101,182.176270,152.893692,130.938690
202.446442,182.165039,152.967728,130.977020
202.558670,182.069565,153.035416,131.023605
203.502625,178.378204,159.848801,134.380890
203.590607,178.374176,160.020752,134.482254
203.833786,178.354950,160.452042,134.461243
204.193939,176.725922,162.636063,135.226074
204.408691,176.859268,162.934082,135.444107
204.501831,176.833664,163.125336,135.492371
204.685349,176.837860,163.419266,135.441620
204.721893,176.867416,163.419266,135.441620
204.941422,176.806702,163.562622,135.602875
207.767990,176.292175,163.926376,136.064545
208.824554,176.194244,163.753296,136.760895
209.456558,176.127045,163.804123,137.116135
224.673309,175.951187,157.766174,137.805496
226.220291,174.160858,157.967667,139.175568
226.370346,174.301514,157.887802,139.433319
230.544922,174.465012,156.223999,139.735916
230.746277,174.583160,156.438446,139.966812
230.810181,174.592987,156.408676,139.937225
239.163910,176.076416,154.912979,140.691727
239.208969,176.228775,154.920868,140.941040
239.248138,176.253845,154.920502,140.944519
254.316132,175.914383,147.437088,142.127747
254.344131,176.100891,147.427170,142.438599
254.377106,176.131989,147.427170,142.438599
254.600311,176.005219,147.688507,142.612381
254.752975,176.198837,147.926559,142.939041
254.786240,176.229706,147.926910,142.938385
255.068909,176.230667,147.910889,142.915024
255.125351,176.270111,147.929230,142.939545
255.231430,176.293777,147.908463,142.932098
259.048798,175.673050,142.581314,142.589783
259.266571,175.863571,142.922424,142.954514
259.317017,175.886765,142.925629,142.935822
259.350861,175.919250,142.929382,142.938385
259.382812,175.950439,142.929382,142.938385
259.414795,175.981644,142.929382,142.938385
259.536255,175.986893,142.806625,142.942993
259.636536,176.004456,142.923004,142.950851
259.671692,176.029419,142.929382,142.938385
259.687866,176.055649,142.931656,142.936890
259.721527,176.071884,142.917297,142.955658
259.759552,176.094452,142.929382,142.938385
259.782837,176.120621,142.941742,142.926895
259.808624,176.157578,142.929382,142.938385
259.840576,176.188766,142.929382,142.938385
259.872559,176.219971,142.929382,142.938385
259.904510,176.251175,142.929382,142.938385
259.937256,176.281113,142.928665,142.939789
259.917328,176.157578,142.794571,143.041840
260.029572,176.363388,142.916611,143.463104
260.089325,176.335846,142.910553,143.478577
260.112030,176.093704,142.895660,143.597443
260.162811,176.260880,142.913483,143.964539
260.224670,176.140411,142.905304,144.063904
260.286041,176.330139,142.913406,144.469299
260.341766,176.311111,142.911057,144.472519
260.389008,176.240891,142.903717,144.500397
260.430756,176.437973,142.906738,144.972488
260.467072,176.441238,142.926010,144.940628
260.490479,176.463547,142.927841,144.935989
260.465332,176.491409,143.000916,144.882874
260.711517,176.550369,143.429138,144.937531
260.743622,176.582016,143.429138,144.937531
260.775696,176.613647,143.429138,144.937531
260.807770,176.645294,143.429138,144.937531
260.853058,176.655106,143.416992,144.961517
260.899933,176.660355,143.421127,144.953339
260.935425,176.683167,143.428802,144.937653
260.967041,176.714294,143.428833,144.937759
261.007111,176.735474,143.436783,144.943832
261.035370,176.763962,143.429138,144.937531
261.066132,176.788467,143.425812,144.941605
261.099884,176.818069,143.429138,144.937531
261.134552,176.836380,143.425461,144.941376
261.161469,176.861115,143.425674,144.940201
261.201477,176.856628,143.412949,144.953018
261.238892,176.856674,143.419510,144.948257
261.283020,176.852737,143.415207,144.957230
261.311371,176.870499,143.435165,144.937820
261.335846,176.898712,143.426880,144.939285
261.369049,176.929474,143.429138,144.937531
261.401123,176.961121,143.429138,144.937531
261.433197,176.992752,143.429138,144.937531
261.465088,177.024246,143.429047,144.937607
261.494659,177.054062,143.427887,144.938492
261.525177,177.083649,143.428055,144.938370
261.556030,177.113632,143.428268,144.938187
261.588562,177.144943,143.429138,144.937531
261.620636,177.176575,143.429138,144.937531
261.652710,177.208221,143.429138,144.937531
261.684784,177.239853,143.429138,144.937531
261.715637,177.270615,143.428528,144.938004
261.685913,177.272812,143.455017,144.934525
261.658112,177.282181,143.400345,144.954422
261.704590,177.305374,143.429138,144.937531
261.736664,177.337021,143.429138,144.937531
261.761383,177.363434,143.425507,144.940338
261.755798,177.373993,143.423004,144.946854
261.762421,177.384232,143.417770,144.945206
261.762207,177.393860,143.436905,144.941772
261.774628,177.413452,143.422424,144.942673
261.767151,177.420395,143.424515,144.946075
261.775818,177.432785,143.416504,144.946976
261.802338,177.451263,143.423279,144.942062
261.829498,177.475067,143.425262,144.940521
261.863525,177.505203,143.429138,144.937531
261.887909,177.532684,143.429443,144.939087
261.917297,177.561752,143.427887,144.938492
261.935883,177.556793,143.456039,144.943436
261.950073,177.581970,143.426926,144.938873
261.973724,177.604813,143.424332,144.939865
262.006317,177.633926,143.428207,144.938248
262.034882,177.662384,143.427170,144.939041
262.057922,177.686142,143.424194,144.941360
262.089142,177.713501,143.427490,144.938797
262.121338,177.744019,143.428802,144.937790
262.153595,177.775528,143.429138,144.937531
262.185669,177.807159,143.429138,144.937531
262.217743,177.838806,143.429138,144.937531
262.243958,177.866272,143.426239,144.939774
262.272491,177.893250,143.426682,144.939423
262.300598,177.920258,143.426575,144.939514
262.324493,177.944168,143.424454,144.941147
262.352600,177.969528,143.426010,144.939941
262.383484,177.997986,143.427780,144.938568
262.390533,178.017807,143.438416,144.940002
262.355164,178.009659,143.346664,144.953613
262.418365,178.026337,143.425049,144.940399
262.392273,178.027145,143.400711,144.955521
262.428955,178.042953,143.424393,144.941208
262.452087,178.064713,143.423553,144.941849
262.473450,178.083344,143.422684,144.942093
262.507965,178.112152,143.428757,144.937820
262.505646,178.118301,143.414627,144.945145
262.522369,178.132172,143.418289,144.945068
262.557251,178.150696,143.427277,144.937149
262.579224,178.175339,143.423706,144.941666
262.603821,178.187225,143.422440,144.945908
262.639984,178.213516,143.429321,144.935410
262.664368,178.240799,143.425385,144.940445
262.690430,178.265335,143.425232,144.940521
262.719727,178.292099,143.426788,144.939331
262.735901,178.304260,143.420380,144.942108
262.759766,178.319427,143.425140,144.939713
262.761902,178.322372,143.415192,144.945282
262.755371,178.310226,143.415115,144.943542
262.762268,178.307617,143.415222,144.943680
262.777344,178.311249,143.419235,144.943222
262.760681,178.290070,143.417328,144.942703
262.752289,178.255417,143.424393,144.936768
262.755280,178.254929,143.416870,144.941650
262.735535,178.239807,143.411621,144.945663
262.721069,178.219574,143.405151,144.947189
262.686218,178.194473,143.419571,144.944214
262.710205,178.212067,143.422684,144.942139
262.737518,178.223068,143.420380,144.946457
262.708008,178.201126,143.416214,144.942261
262.736633,178.219147,143.424011,144.939743
262.728668,178.203964,143.411514,144.942581
262.741516,178.212646,143.419510,144.943130
262.724030,178.194534,143.408752,144.945480
262.452545,178.059296,143.441345,144.898041
262.457764,178.098190,143.426010,144.943069
262.474609,178.107910,143.420319,144.942566
262.494232,178.123291,143.420609,144.943344
262.434601,178.085220,143.395981,144.962082
262.439362,178.068573,143.406372,144.949768
262.404480,178.039566,143.398163,144.953766
262.379028,177.999741,143.397064,144.948273
262.363556,177.975662,143.411621,144.945740
262.338654,177.944885,143.406937,144.945343
262.342010,177.931671,143.412018,144.945618
262.336639,177.915619,143.412704,144.945038
262.317963,177.887512,143.396439,144.932632
262.335480,177.894653,143.417053,144.944138
262.330933,177.887466,143.415131,144.943237
262.330170,177.886276,143.422897,144.942856
262.344269,177.894577,143.419846,144.941986
262.353912,177.903503,143.419052,144.942795
262.366608,177.915405,143.419708,144.943420
262.389374,177.934158,143.422226,144.942871
262.408691,177.951416,143.421860,144.942505
262.419861,177.962753,143.418243,144.944778
262.440125,177.978271,143.420593,144.943893
262.446472,177.983398,143.416870,144.943283
262.453644,177.987793,143.415466,144.944565
262.468628,177.997177,143.418213,144.943558
262.487946,178.011307,143.420288,144.942612
262.517639,178.035553,143.425766,144.940140
262.492462,178.032013,143.441711,144.933151
262.482849,178.033081,143.414978,144.942429
262.508636,178.052429,143.422516,144.942474
262.518097,178.058517,143.418167,144.942810
262.541016,178.072601,143.421570,144.941177
262.561554,178.089111,143.421890,144.941452
262.560791,178.090149,143.418259,144.940491
262.586060,178.111893,143.424088,144.941116
262.578491,178.116501,143.411591,144.943954
262.589722,178.119934,143.417953,144.941376
262.597656,178.126205,143.417816,144.941711
262.602295,178.133591,143.422638,144.942078
262.622742,178.152298,143.421906,144.943024
262.647247,178.173233,143.423615,144.941803
262.640656,178.175034,143.427811,144.942123
262.646301,178.179672,143.420822,144.941528
262.668121,178.194580,143.423508,144.940048
262.690369,178.212830,143.423828,144.940399
262.714630,178.235489,143.423965,144.941513
262.736450,178.248856,143.422287,144.941071
262.763214,178.269928,143.425568,144.940002
262.774139,178.283569,143.417587,144.945145
262.771057,178.280991,143.417862,144.943283
262.781586,178.289444,143.415924,144.946579
262.789581,178.294281,143.421112,144.944580
262.794250,178.303375,143.414352,144.948013
262.824188,178.319885,143.424194,144.940582
262.820129,178.330261,143.417587,144.948029
262.807648,178.319290,143.395355,144.957870
262.758331,178.295471,143.454559,144.927689
262.742584,178.310944,143.410950,144.949265
262.777252,178.331818,143.425903,144.939957
262.801453,178.351273,143.424149,144.940338
262.823059,178.349197,143.413422,144.943283
262.847809,178.355835,143.424347,144.939758
262.864563,178.360901,143.423920,144.939941
262.880035,178.352722,143.406967,144.946854
262.716461,178.247437,143.244461,144.982986
262.756104,178.186630,143.379044,144.962006
262.756256,178.170624,143.400589,144.949951
262.743988,178.144501,143.393936,144.953232
262.716125,178.108887,143.376770,144.960159
262.651031,178.056763,143.348236,144.960098
262.690765,178.056458,143.412811,144.948746
262.716461,178.063278,143.421310,144.941391
262.709442,178.062607,143.407639,144.948135
262.686676,178.047241,143.414505,144.947250
262.701935,178.050980,143.416702,144.945068
262.697388,178.045990,143.434174,144.942032
262.724365,178.066559,143.427338,144.937180
262.699493,178.065079,143.400818,144.942245
262.676208,178.014267,143.421173,144.926697
262.696381,178.037399,143.421112,144.943069
262.716888,178.050354,143.421097,144.942566
262.686859,177.797958,140.271408,144.604034
262.724243,177.907730,140.348495,144.950546
262.735962,177.890945,140.416214,144.953629
262.763458,177.905685,140.425629,144.940384
262.729736,177.881866,140.387390,144.957855
262.680267,177.736649,140.107178,144.999695
262.856964,177.690659,140.419266,144.927246
262.852295,177.706085,140.410492,144.952179
262.868774,177.717178,140.418350,144.946732
262.898285,177.716675,140.442337,144.924347
262.918274,177.732101,140.435883,144.928497
262.848663,177.736954,140.468292,144.961914
260.947571,178.282074,141.346313,144.878876
261.009216,178.340317,141.424347,144.941483
261.012482,178.391541,141.441986,144.918076
259.097717,178.950012,142.501541,143.809509
259.332886,179.042389,142.924164,143.941544
259.351044,179.072083,142.925674,143.939056
259.051331,179.295578,143.250259,143.833786
259.111664,179.357346,143.413437,143.951523
259.121460,179.372253,143.411179,143.946014
258.756348,180.179718,144.206467,143.756836
258.899719,180.301697,144.428650,143.937958
258.912445,180.335464,144.464661,143.949600
258.706757,182.277115,145.295990,142.565384
258.804596,182.498367,145.429199,142.935806
258.910553,182.568375,145.562622,142.952057
259.150391,183.089340,145.995865,142.393082
259.163177,183.152481,145.971756,142.445694
259.173553,183.203659,145.996399,142.441971
259.094574,184.633408,147.775253,143.026993
259.268311,184.979431,148.034256,143.352112
259.399292,185.134308,148.663681,143.427765
264.027802,188.051086,149.787140,142.846771
264.212250,188.222397,149.948807,142.899612
262.176605,188.366989,151.283066,142.684647
263.250305,188.914658,152.360794,143.343018
263.077393,189.222244,153.026550,143.330719
263.201019,189.773865,153.904099,143.085663
268.018372,191.709900,156.480743,142.117813
267.618256,192.084412,156.768661,142.371384
265.235718,192.895676,157.624359,141.654602
265.357971,193.982559,158.846832,141.545471
265.451874,194.380920,158.942169,141.619080
265.458710,194.916885,159.002365,141.083115
265.546783,195.882889,160.033295,140.117111
265.678375,196.158081,160.507446,139.841919
265.537781,196.586029,161.382355,139.413971
265.632751,197.507446,162.277695,138.492554
265.717896,197.717163,162.543549,138.282837
264.960480,198.789001,164.126251,137.210999
265.107544,199.654953,164.735657,136.345047
265.316010,199.953644,165.015854,136.046356
265.631500,200.408417,165.743011,135.591583
264.888275,201.532806,166.465668,134.467194
264.534729,201.785202,167.021271,134.214798
263.632629,202.692047,170.199051,133.307953
262.967743,204.972565,173.996521,131.027435
262.106110,205.296295,174.893143,130.703705
258.936768,205.682114,179.173477,130.317886
259.114471,210.079620,183.185684,125.920380
259.108765,210.168472,183.629471,125.831528
258.700378,210.365036,184.810745,125.634956
250.300827,212.122620,197.986176,123.877373
249.932190,212.289978,198.370926,123.710014
249.668716,212.464615,198.729706,123.535393
247.613724,213.317322,201.421066,122.682678
246.172775,213.691208,203.143951,122.308792
245.844131,213.899170,203.803726,122.100830
238.378159,215.578186,214.051514,120.421806
238.212128,215.645126,215.004730,120.354874
237.410553,215.779022,217.397171,120.220978
234.328400,218.262817,220.595612,117.737190
234.384583,218.484268,221.062439,117.515724
234.507065,218.746033,221.455521,117.253967
234.092072,219.968552,222.628906,116.031448
234.052246,220.256851,223.077835,115.743141
234.169327,220.404648,223.443115,115.595345
233.421875,222.597626,224.639572,113.402374
233.596848,222.646759,224.888885,113.353249
233.622543,222.707413,224.914917,113.292587
233.535950,223.342545,224.916763,112.657448
233.572311,223.514130,224.888885,112.485863
233.622620,223.521515,224.888885,112.451530
237.877228,226.733902,224.800858,109.266090
237.971542,226.851166,224.888885,109.148834
238.038757,227.067139,224.872559,108.932869
239.266846,227.741730,224.561356,108.258278
239.480942,227.864578,224.888977,108.135429
239.520813,228.053360,224.896118,107.946640
241.438919,228.702866,223.664734,107.074081
241.606323,228.920776,223.885529,107.079216
241.707031,229.211380,223.859253,106.788628
241.731506,229.381973,223.914703,106.618027
241.803085,229.632568,223.869492,106.367432
243.565887,229.873276,222.894348,106.126717
243.649048,230.097488,222.863281,105.902519
243.834427,230.234100,222.898331,105.765900
243.936401,230.434357,222.886398,105.565636
244.226898,230.795151,222.946518,105.204857
245.187851,231.270157,222.624176,104.729851
245.731476,231.553238,222.869720,104.446754
245.817932,231.626526,222.883636,104.373474
245.907806,231.723312,222.883957,104.276688
246.034348,231.909119,222.880402,104.090874
246.225220,232.306808,222.781357,103.693192
246.753403,232.784546,222.640488,103.215446
246.948410,232.966156,222.897766,103.033836
247.380737,233.432266,222.723999,102.567734
247.521561,233.736572,222.897705,102.263428
247.601456,233.987335,222.872681,102.012657
247.686249,234.296005,222.888718,101.703995
247.760971,234.549164,222.912674,101.450844
247.841324,234.652008,222.922928,101.347992
247.884613,234.748749,222.883041,101.251244
247.956863,234.908264,222.885971,101.091728
248.023880,235.156708,222.903503,100.843300
248.080200,235.267715,222.887451,100.732277
248.236572,235.535065,222.952377,100.464928
248.249542,235.586304,222.910965,100.413704
248.304459,235.702209,222.893097,100.297798
248.355042,235.813660,222.905411,100.186348
248.552094,236.146957,222.779053,99.853035
248.661148,236.238251,222.901794,99.761742
248.751862,236.490219,222.871979,99.509781
248.814682,236.746536,222.901443,99.253464
248.966904,236.919373,222.882172,99.080635
249.026688,237.152466,222.909439,98.847542
249.084274,237.287506,222.888397,98.712494
249.160583,237.480881,222.889313,98.519112
249.216278,237.729324,222.887924,98.270676
249.296082,237.873352,222.898712,98.126648
249.364960,238.069839,222.904312,97.930153
249.461716,238.143234,222.878082,97.856766
249.828949,238.245117,222.863708,97.754883
250.234299,238.564072,222.628601,97.435928
250.414780,238.596375,222.889877,97.403618
250.467148,238.645020,222.893112,97.354980
250.643051,238.796707,222.876129,97.203300
250.853943,238.960648,222.912003,97.039360
251.086502,239.239746,222.872711,96.760246
251.151184,239.359879,222.888809,96.640121
251.239990,239.540237,222.882401,96.459763
251.305222,239.560776,222.886383,96.439217
251.364136,239.591293,222.889694,96.408707
251.414093,239.637207,222.889877,96.362793
251.619522,239.703262,222.881760,96.296730
252.106842,239.836502,222.630219,96.163498
252.332565,240.013184,222.879105,95.986816
252.491913,240.070786,222.853043,95.917191
253.102463,240.479965,222.795578,95.520042
253.533188,240.910950,222.848785,95.089050
253.669617,241.131363,222.868835,94.868629
254.153183,241.404053,222.759689,94.595947
254.323944,241.647125,222.859314,94.352875
255.105301,242.050308,222.610748,93.949699
255.444672,242.071701,222.820831,93.928299
255.605255,242.133102,222.849686,93.866905
255.847397,242.178589,222.794434,93.821404
256.033295,242.297638,222.843170,93.702354
256.153717,242.440491,222.860855,93.559509
256.217010,242.675125,222.919052,93.324883
256.279663,242.756393,222.871887,93.243607
256.363403,242.887146,222.877579,93.112854
256.625763,243.091888,222.796799,92.908104
256.812134,243.131088,222.870651,92.868904
256.889008,243.201462,222.892303,92.798538
257.014282,243.305435,222.889252,92.694565
257.075317,243.458923,222.899597,92.541077
257.166016,243.687393,222.877655,92.312614
257.259888,243.790070,222.902390,92.209938
257.532928,243.930359,222.806030,92.069641
257.669830,244.147217,222.868774,91.852783
257.777863,244.220306,222.866211,91.779694
258.009521,244.335892,222.829208,91.664108
258.125549,244.505142,222.873383,91.494858
258.276123,244.508514,222.860306,91.463715
258.436340,244.521042,222.847443,91.470795
258.549255,244.537201,222.869995,91.462807
258.617126,244.561829,222.903336,91.438171
258.682556,244.593445,222.883163,91.406555
258.763733,244.646255,222.878555,91.353737
258.819244,244.719650,222.889877,91.280357
258.904877,244.824448,222.873108,91.175552
258.966797,244.987045,222.888046,91.012947
259.020233,245.230927,222.888535,90.769081
259.076080,245.346817,222.887238,90.653183
259.140350,245.517166,222.886932,90.482834
259.205872,245.525513,222.882248,90.463196
259.259521,245.544159,222.889877,90.455833
259.314789,245.562912,222.884918,90.437088
259.374695,245.589584,222.882919,90.410408
259.452148,245.629761,222.874435,90.370247
259.509735,245.694885,222.889877,90.305115
259.559570,245.792572,222.889877,90.207420
259.610596,245.939163,222.889313,90.060844
259.660736,246.158981,222.889877,89.841019
259.728699,246.236313,222.879028,89.763680
259.791534,246.354980,222.886124,89.645020
259.871521,246.530792,222.874084,89.469215
259.978912,246.538452,222.856766,89.461555
260.148376,246.536819,222.816208,89.463181
260.255402,246.551208,222.876755,89.448792
260.373840,246.568039,222.880814,89.431969
260.493469,246.596008,222.849503,89.403999
260.684296,246.636765,222.866013,89.363235
260.917847,246.703995,222.834625,89.296005
261.151031,246.792984,222.848404,89.207016
261.346832,246.936646,222.874695,89.063347
261.473663,247.149536,222.880997,88.850456
261.571075,247.224976,222.890778,88.775017
261.656799,247.330872,222.876251,88.669128
261.774994,247.483414,222.876221,88.516579
261.881104,247.715637,222.868683,88.284363
261.964661,247.820618,222.886047,88.179390
262.011902,247.981186,222.922699,88.018806
262.099243,248.222672,222.877869,87.777336
262.223938,248.326859,222.859131,87.673134
263.030579,248.430878,222.566742,87.569130
263.260071,248.642822,222.885406,87.357170
263.458496,248.702866,222.834717,87.297134
263.550293,248.800659,222.885956,87.199348
263.580414,248.948395,222.928589,87.051605
263.713654,249.164627,222.872925,86.835381
263.874817,249.236618,222.896393,86.763374
263.746490,249.339767,223.208527,86.660240
263.908508,249.507278,223.393036,86.492722
263.959778,249.511246,223.388138,86.462997
264.033905,249.530411,223.382156,86.462189
264.142334,249.545685,223.395462,86.454315
265.870300,249.210159,221.499649,86.789848
266.585815,249.155624,221.688034,86.844368
266.870056,249.221252,221.862793,86.778740
266.939148,249.329880,221.896194,86.670120
266.986603,249.421173,221.864975,86.578819
267.083984,249.628540,221.901031,86.371468
267.205963,249.635529,221.762772,86.364471
267.560822,249.656281,221.910706,86.343712
267.719727,249.726685,221.890884,86.273315
267.989532,249.198593,222.609268,86.801399
268.510956,248.931198,222.647888,87.068802
268.850800,249.070007,222.913712,86.930000
269.092407,248.135056,222.882782,87.343292
268.804993,246.524796,223.388748,88.702393
268.883759,246.634750,223.385727,89.001503
268.746613,243.717224,224.972961,92.282776
268.589355,243.600876,225.043442,92.399132
268.686737,243.266495,225.461853,92.733505
267.481293,241.160065,225.931656,94.839943
267.896271,238.173538,225.125854,97.814163
268.001831,238.248993,225.411530,97.750999
268.403961,238.276886,225.673203,97.723114
268.630127,236.741318,223.267487,99.258690
268.698822,236.859207,223.401016,99.140793
268.411316,235.503113,224.680649,100.496887
268.454926,235.427139,224.913330,100.486359
268.587067,235.432861,224.876663,100.467545
268.291443,234.832123,224.794479,100.952347
268.491486,234.771729,224.785202,101.073952
268.608032,234.942291,224.890808,101.057709
268.574005,235.122253,224.815643,100.877739
267.825806,234.937836,225.072769,101.062157
267.729767,235.032104,225.586243,100.967896
267.174713,234.418289,226.086594,101.581711
266.683929,234.416275,226.843704,101.583725
266.214294,234.409363,227.086441,101.590637
265.915649,234.456909,227.703796,101.543091
264.338104,234.205048,228.573105,101.794952
263.903107,234.136398,229.016022,101.863602
263.288269,233.947372,229.886673,102.052628
262.706085,233.985092,230.198792,102.014915
262.189911,233.991974,230.757263,102.008026
262.195129,234.227097,230.908249,101.772896
262.111603,234.315979,230.926956,101.684021
262.037018,234.460953,230.916367,101.539047
262.069733,234.693924,230.885757,101.306068
261.999176,234.716782,230.926941,101.283211
261.814667,234.628143,230.872116,101.371857
261.868835,234.616104,230.906876,101.383896
261.719940,234.474960,230.932251,101.525040
261.745270,234.703720,230.879272,101.296288
261.740082,234.775940,230.909042,101.224060
261.758636,234.865799,230.890305,101.134209
261.655243,234.912415,230.933609,101.087585
261.690643,235.081253,230.883469,100.918747
261.685669,235.037323,230.915222,100.962677
261.712006,234.950317,230.876999,101.049683
261.700745,235.117920,230.897095,100.882080
261.666199,234.988708,230.901993,101.011299
261.639832,235.192032,230.903503,100.807968
261.654053,235.230865,230.884766,100.769142
261.662170,235.250534,230.885269,100.749458
261.602081,235.142303,230.877121,100.857697
261.477356,235.105560,230.932327,100.894440
261.364990,235.030548,230.928696,100.969460
261.367310,235.040298,230.897491,100.959702
260.985992,234.772308,231.166595,101.227692
260.708405,234.478714,231.764252,101.521278
260.524689,234.650558,232.006500,101.349442
258.784454,234.509903,233.425598,101.490097
256.847565,233.127808,234.458069,102.872200
256.400970,233.046600,234.617294,102.953407
255.605957,232.792801,235.443939,103.207199
255.394928,232.831848,235.432495,103.168152
255.336746,232.977158,235.409088,103.022850
253.386475,232.693527,235.825134,103.306480
253.057327,231.853378,236.106262,104.146614
252.729050,231.908829,236.559708,104.091171
252.433044,231.147324,237.425140,104.852669
252.301590,230.223892,237.273666,105.776108
251.860703,229.656250,237.444092,106.343742
250.331482,227.546097,237.034180,108.453903
249.258667,227.291016,237.176407,108.551506
248.671600,226.909821,237.306427,109.090179
245.118500,225.435410,240.637375,110.564583
243.104538,224.260635,239.454849,111.739365
242.575256,224.196350,239.430878,111.803650
230.762238,220.390106,241.581940,115.609894
230.611389,220.492340,242.029495,115.507660
230.467316,220.714951,242.524506,115.285057
230.043442,220.843781,243.233047,115.156227
223.748077,217.353363,242.617416,118.646637
223.496231,217.479752,243.067200,118.520248
222.828781,217.426819,244.718857,118.573189
220.664597,217.032990,244.899902,118.967003
219.554840,216.799164,245.516373,119.200844
215.076157,214.783829,247.387558,121.216179
213.693390,214.296646,246.401489,121.703354
212.965363,214.349548,246.772400,121.650459
212.649933,214.431442,247.078796,121.568558
211.105774,214.332977,248.089676,121.667030
210.745010,214.410324,248.527054,121.589676
205.397034,212.853394,251.367844,122.972191
204.688797,212.693985,251.640778,123.105812
203.284943,212.397186,252.469574,123.602814
195.523132,210.740295,255.053665,124.818207
195.651230,210.792862,255.338852,124.956261
195.160019,210.609665,255.552307,125.066971
195.258896,210.746674,255.905945,125.253319
193.238464,210.899551,256.717102,125.100441
192.292252,210.923706,257.191010,125.076302
192.313171,211.111053,257.434448,124.888954
192.294922,211.164688,257.367889,124.835320
192.298416,211.231689,257.384399,124.768311
192.237274,211.319992,257.419373,124.680016
192.173782,211.413010,257.397949,124.586990
192.184036,211.602936,257.363525,124.397064
192.246246,211.654755,257.372833,124.345245
192.192215,211.691956,257.349121,124.308044
192.260864,211.786331,257.371704,124.213661
192.319016,211.929855,257.372833,124.070152
192.373093,212.136185,257.367554,123.863815
192.425827,212.185532,257.361450,123.814468
192.487961,212.275803,257.371155,123.724205
192.546356,212.414047,257.372833,123.585960
192.597641,212.605392,257.363312,123.394615
192.659973,212.658417,257.372833,123.341583
192.715424,212.732590,257.369629,123.267418
192.773468,212.846359,257.371155,123.153641
192.812012,213.008270,257.395874,122.991730
192.802765,212.979141,257.445435,122.966484
192.819534,212.989151,257.373016,122.948311
192.819824,212.983856,257.445251,122.961380
192.790680,212.980377,257.442017,122.956276
192.800507,212.992020,257.385712,122.950073
192.843903,212.977951,257.370972,122.969093
192.902405,212.993744,257.372833,122.947006
192.796341,212.963882,257.625977,122.991692
192.977325,212.968384,257.872589,122.947006
193.028580,212.971588,257.860901,122.950523
193.058670,212.967438,257.908051,122.959671
193.096939,212.983734,257.870087,122.947029
193.152023,212.836105,257.910950,123.062447
193.179031,212.976654,257.875336,123.023346
193.288071,213.199127,257.909027,122.800865
193.327530,213.299042,257.872589,122.700958
193.383652,213.445236,257.875092,122.554764
192.111435,213.234970,259.763336,122.765030
192.223694,213.352798,259.871613,122.647202
192.274582,213.513611,259.862122,122.486389
192.295334,213.516510,259.941528,122.457146
192.318497,213.538269,259.871613,122.447220
192.349899,213.561874,259.912140,122.438133
192.115509,213.568573,260.229279,122.431427
192.310501,213.603897,260.399170,122.396111
192.314056,213.652542,260.431915,122.347458
191.227295,213.466415,263.652222,122.533585
191.380951,213.699448,263.920288,122.300560
191.421783,213.799225,263.873230,122.200775
191.251480,213.904007,265.066589,122.095993
191.488297,214.106094,265.381317,121.893906
191.553497,214.159012,265.374969,121.840988
197.007172,214.644501,263.887909,121.355499
197.057053,214.717087,263.869629,121.282906
197.117432,214.824615,263.930725,121.175385
198.762787,214.742493,266.711365,121.257515
201.614441,215.174377,264.504822,120.825623
201.855835,215.261902,264.869141,120.738106
201.682388,215.440231,265.633820,120.559769
204.172760,216.034836,265.254639,119.965157
204.296906,216.053833,265.379120,119.946159
204.241867,216.472549,268.595764,119.527451
206.024216,217.338196,266.723633,118.661812
206.161438,217.521408,266.857574,118.478592
207.056763,218.560226,267.014130,117.439766
207.800095,219.294678,267.053589,116.705322
208.019775,219.449356,267.362427,116.550644
208.035538,220.375763,267.336853,115.624237
208.954666,220.765060,266.732483,115.234932
209.090500,220.910065,266.857056,115.089935
208.128464,223.177216,268.025299,112.822784
213.267929,225.163406,265.786926,110.836601
213.368240,225.245407,265.868652,110.754593
214.594925,225.746353,265.920685,110.253654
221.081604,226.463516,258.128937,109.536476
221.261078,226.695587,258.372345,109.304413
223.460754,225.901535,258.565308,109.790718
232.847137,226.110016,247.189041,109.889977
