1
381.012451,139.370331,116.605438,97.248512
381.116150,137.836075,116.488075,97.205811
377.033386,126.937935,114.536224,94.821777
377.272278,126.887230,114.680374,94.542999
377.491882,126.621521,114.468102,94.622787
374.328278,119.234207,110.965042,91.259628
374.346191,119.311447,110.941338,91.422188
374.330780,119.297363,110.868591,91.301262
371.308899,115.679977,107.337685,88.778015
371.375122,115.775246,107.437874,88.950256
371.395844,115.773514,107.437584,88.947166
369.198669,110.364914,103.264961,88.002647
369.243896,110.623375,103.394348,88.442482
369.292694,110.651703,103.448074,88.462257
365.591827,107.027840,102.503807,86.222717
365.791565,107.089569,102.850815,86.486740
365.806427,107.084526,102.863937,86.447334
359.793762,101.319290,103.886955,83.296524
359.843903,101.421463,103.937508,83.461975
359.808258,101.422813,103.793152,83.451195
356.604736,100.938332,102.503716,81.988991
356.728851,100.939178,102.839325,81.919563
356.222015,100.333252,101.153625,81.679329
350.767395,97.789070,98.920799,80.881638
350.404022,97.817085,98.844559,80.847992
350.050812,97.644417,98.563774,80.741386
344.121552,95.048149,96.988037,80.049843
343.596344,95.544975,96.799744,78.693260
343.576965,95.883018,96.780098,78.400047
338.319550,90.823914,94.677185,77.211632
338.351868,90.874649,94.831001,77.305244
338.438995,90.972748,94.941872,77.454437
331.485535,84.632721,93.377350,76.375458
331.560120,84.695259,93.433655,76.436241
331.591095,84.727348,93.453827,76.467041
327.343384,82.103172,92.342125,74.498314
327.420166,82.104225,92.454323,74.467903
327.440430,82.125130,92.443672,74.454681
319.775055,80.279846,91.508049,71.980827
319.964996,80.490433,91.991211,71.529510
319.969269,80.725540,91.954445,71.965172
318.192902,79.435516,90.414505,69.791328
318.258850,79.508705,90.210800,69.779457
318.401337,79.619171,90.455307,69.969841
316.251556,76.058289,88.909714,70.037941
316.228333,76.278984,88.707703,70.322739
316.392822,76.362656,88.789062,70.411751
311.517090,74.269341,87.209000,69.209846
311.627106,74.422874,87.401550,69.448738
311.594696,74.478806,87.328415,69.373947
308.396027,73.185631,89.071190,68.495819
308.122986,73.436188,89.076027,68.368393
307.991943,73.581245,89.076973,68.430817
301.936127,72.838982,88.282669,66.545883
302.072083,73.261261,87.874741,67.115860
302.137482,73.558495,87.912720,67.438408
292.053802,74.023689,88.884109,66.419006
292.082306,74.064491,88.932777,66.471306
292.086823,74.088387,88.963074,66.465942
291.733490,73.989265,88.936264,66.433502
291.679382,74.019295,88.959557,66.459526
291.604919,74.084122,88.996025,66.383965
292.144531,74.242760,87.668938,66.437988
292.285248,74.275192,87.927513,66.468513
292.255127,74.295944,87.893082,66.464836
292.149170,74.384346,88.066353,66.357040
292.356995,74.453621,88.451042,66.468620
292.373810,74.464394,88.450966,66.466911
292.307220,74.359695,88.112846,66.613007
292.452576,74.544441,88.401833,66.972099
292.477539,74.546501,88.417030,66.970428
292.480560,74.542847,88.296806,66.976982
292.488678,74.550621,88.356606,66.976234
292.891998,74.605690,88.149246,66.978149
293.006104,74.648537,88.263466,66.967110
293.080078,74.672119,88.452522,66.969490
293.524353,74.772438,88.071251,66.968178
293.718689,74.815269,88.379364,66.969894
293.752502,74.845879,88.427841,66.965096
293.750671,74.882523,88.385872,66.971008
293.878143,74.926804,88.337540,66.975189
293.818573,75.073921,88.406990,66.876808
293.777313,75.143547,88.399979,66.964157
293.752930,75.131485,88.246635,66.933899
293.798462,75.171730,88.405952,66.965981
293.528015,75.203560,88.340462,66.979858
293.463898,75.227882,88.385071,66.959305
293.183472,75.241188,88.369568,66.936539
293.317627,75.430283,88.232895,66.977562
293.312408,75.317116,87.831879,67.080513
293.308411,75.527657,87.824654,67.462631
293.458832,75.526779,87.805511,67.475983
293.553925,75.529984,87.896729,67.471962
293.590515,75.531372,87.936325,67.472961
293.596100,75.541489,87.914078,67.471809
293.528442,75.541206,87.915298,67.460075
293.500092,75.554123,87.924301,67.453590
293.415039,75.575417,87.922485,67.427895
293.468475,75.550682,87.401184,67.486763
293.207855,75.473572,87.381378,67.440346
292.831055,75.449951,87.501617,67.358574
292.838562,75.411743,87.845406,67.435638
292.768799,75.414627,87.959785,67.449646
292.634857,75.467979,87.875023,67.415939
292.425018,75.553719,87.965446,67.351685
292.343201,75.643372,87.900223,67.436577
292.362061,75.633568,87.586777,67.424332
292.520844,75.679871,87.912392,67.459137
292.543701,75.704346,87.936844,67.467026
292.472412,75.693085,87.889282,67.441063
292.422516,75.706482,87.908501,67.453003
292.424194,75.730896,87.929108,67.463707
292.374634,75.731552,87.884918,67.456848
292.280975,75.770279,87.941551,67.392448
292.199371,75.822731,87.876076,67.425980
291.785736,75.807915,87.772552,67.267220
291.765594,75.931900,87.866875,67.411659
291.804840,75.986275,87.903267,67.452454
291.820312,76.000664,87.903206,67.435669
291.948212,75.863892,87.986626,67.134071
291.870117,76.030548,87.919617,67.439339
291.912323,76.051537,87.935959,67.457100
292.176178,75.882378,87.187721,67.503380
292.422272,76.072090,87.130058,67.832802
292.594940,76.115036,87.385315,67.903244
292.874512,76.064766,87.348480,67.893669
292.925873,76.014977,87.309914,67.909149
293.220734,76.046509,86.760948,67.747276
293.710938,76.202751,86.246742,67.819283
294.024353,76.290977,85.739151,67.842606
294.289764,76.349419,85.558403,67.912704
294.638153,76.351471,85.886368,67.985229
294.749512,76.304466,85.838203,67.915031
294.829315,76.346848,85.956871,67.970901
296.574829,75.843697,85.347061,67.887337
296.726746,75.749748,85.322464,67.983376
296.846039,75.736259,85.384026,67.976051
297.155304,75.723648,85.351196,68.031822
297.232941,75.956367,85.427895,68.459129
297.273010,75.975578,85.437256,68.464928
303.464783,75.362938,83.138863,68.649498
303.943298,75.519714,82.856506,68.909332
304.078674,75.550278,82.790604,68.945030
304.181427,75.577950,82.959015,68.970268
304.223633,75.581512,82.949463,68.963333
304.249359,75.592636,82.931839,68.966904
304.281525,75.609375,82.959015,68.970268
304.300690,75.624870,82.958298,68.970581
304.324646,75.638130,82.955414,68.971390
308.209198,76.689598,81.793716,68.773659
308.310394,76.802956,81.959511,68.970268
308.357269,76.818581,81.937744,68.965698
311.847626,78.257607,81.188126,67.256935
312.029449,78.418411,81.405121,67.444374
312.829132,78.544052,80.508514,67.443413
313.235107,78.537582,80.870865,67.443169
313.305664,78.567017,80.957794,67.470497
314.539734,78.666199,79.520576,67.650383
319.216583,79.741791,76.680344,68.282684
320.653900,80.079643,75.183754,68.490112
321.072601,80.086189,75.242836,68.465279
323.694489,82.301765,72.902779,67.672157
323.817810,82.463348,72.920204,67.963326
323.897980,82.480400,72.931656,67.966675
324.536011,82.721092,72.559578,67.898827
324.845703,82.777473,72.918465,67.967781
324.922119,82.911964,72.944656,67.861168
326.054749,83.454185,72.101723,67.128822
326.425659,83.645660,72.353470,67.467804
326.583313,83.742126,72.421196,67.436638
327.336334,84.387398,72.269173,67.372742
327.774506,84.583481,72.261307,67.345215
327.911713,84.677299,72.436317,67.480148
331.722015,86.191582,70.304474,67.109558
331.821320,86.388313,70.463821,67.469879
331.899109,86.460266,70.413742,67.455467
333.385712,87.017204,69.584923,67.607941
333.616638,87.236176,69.934952,67.976898
333.678314,87.269554,69.936714,67.981911
334.025757,88.076820,69.780975,67.732124
334.217194,88.535500,69.906097,67.617302
334.402130,89.131966,69.784424,67.714622
334.251007,91.845284,69.884094,67.363686
334.296753,91.968063,69.962029,67.438858
334.309998,92.133804,69.932281,67.421188
334.083588,92.591034,70.419952,67.306061
334.117126,92.922737,70.420692,67.385971
334.164154,93.002258,70.462456,67.467102
334.179077,93.790253,70.163147,67.063004
333.987366,94.207230,70.610771,67.392792
334.175110,94.307152,70.957115,67.458771
333.483582,94.895615,69.920044,67.552238
333.487366,95.176430,69.910912,67.958908
333.270996,95.283661,69.884666,68.016556
333.297821,96.428619,69.865387,68.517288
333.355804,96.674797,69.964676,68.966911
333.392090,96.675644,69.867416,68.969208
333.590607,96.861374,69.665108,69.053497
333.756409,97.084816,69.965431,69.470055
333.767487,97.054314,69.923325,69.583427
328.070160,98.653168,74.833595,70.276260
328.183990,98.796814,74.954056,70.493011
328.232788,98.885239,75.000755,70.497650
328.393219,98.871483,75.397255,70.459061
328.486511,98.993355,75.360306,70.570747
328.548309,99.210892,75.465714,70.967766
326.314667,99.373634,75.553474,72.896355
326.528992,99.432365,75.967003,72.966385
326.535614,99.450417,75.965004,72.965950
321.673462,101.064880,79.492897,75.169029
321.652618,101.223572,79.460938,75.458969
321.635986,101.218483,79.491974,75.531631
318.857849,104.708336,79.562935,77.902649
318.274048,104.330711,79.866669,79.064507
317.816711,104.135582,79.872604,80.031464
313.470093,107.162384,79.961525,81.813301
313.382477,107.210754,80.007332,82.273354
312.573669,107.686455,80.635216,82.978058
307.757904,112.163734,83.238541,83.819275
307.562378,112.242287,83.604416,84.219543
307.099792,112.170959,83.938049,85.019562
298.485229,123.128670,85.009445,84.730484
298.708099,123.228783,85.507248,84.868164
298.788391,123.288322,86.082939,84.971703
288.174561,129.952591,88.076683,86.104507
288.372833,130.222244,88.542946,86.496437
287.763519,130.935806,89.525017,86.774017
279.839966,138.333115,92.538551,87.976761
279.823120,138.750580,93.627480,88.056709
279.784424,139.230881,94.370796,88.602119
268.581879,146.353958,97.997154,89.134727
268.446075,147.480820,99.403206,89.869003
267.979309,148.264389,100.110718,90.876656
262.213654,156.431656,100.161278,93.446060
260.958740,156.381546,104.257256,95.733139
260.582336,156.569916,105.357597,96.962608
247.667267,166.071106,108.602325,99.974808
247.826248,166.092285,108.946327,99.939354
247.810577,166.123428,109.027306,99.957115
241.603928,167.751297,111.756241,103.046471
241.503555,168.013947,112.817009,104.055138
239.895203,167.152359,114.591026,106.344780
231.697891,170.524124,116.659363,108.167061
231.121292,170.876175,117.335434,109.242249
229.927948,170.575211,118.382812,111.258789
228.227463,171.940826,120.135941,112.259377
228.406662,172.061447,120.440498,112.451530
227.444458,172.014236,122.388931,112.868446
221.633743,175.144455,122.774673,112.140442
221.527328,175.344955,122.949280,112.435303
221.245453,175.402985,122.982010,112.424301
219.883224,174.899551,124.296371,114.682129
219.625290,175.465225,124.527847,114.838844
219.788086,175.613922,125.011757,114.927261
217.676956,177.268417,127.761177,115.276604
217.504242,177.497360,128.002731,115.401756
217.497086,177.555313,128.444077,115.473335
217.443726,177.655334,128.482208,115.374626
217.172714,177.853485,128.558350,115.388779
217.071335,178.086731,128.992538,115.411476
216.944611,178.246872,129.006287,115.393303
216.770386,178.385971,129.480347,115.453575
216.645813,178.473114,129.481628,115.434296
216.177460,178.566223,129.543472,115.463219
216.179428,178.687439,130.016479,115.395004
216.353516,178.755447,130.456146,115.445213
216.055954,178.864899,130.533646,115.379715
215.788483,178.990021,131.073654,115.399887
215.786987,179.089325,131.520035,115.416580
215.832718,179.221146,132.015503,115.399445
215.413864,179.353912,132.572433,115.378372
215.197067,179.468491,133.081848,115.472343
214.992065,179.572723,133.607285,115.402519
215.060196,179.656219,133.976959,115.421852
214.866623,179.736496,134.010696,115.416069
215.069351,179.799042,134.451859,115.427834
215.003876,179.875977,134.508209,115.421288
215.219574,179.930618,134.946167,115.437233
215.203735,179.978546,134.943024,115.441887
215.086395,180.053650,134.965210,115.420227
214.963608,180.126144,134.978699,115.427368
214.823196,180.217117,134.970337,115.440208
214.808258,180.261063,134.947250,115.436409
214.761658,180.317825,134.946320,115.437881
214.773331,180.357468,134.941574,115.441635
214.740509,180.425308,134.979462,115.423874
214.656296,180.516235,134.969284,115.421310
214.580948,180.610596,134.971710,115.416092
214.497131,180.711349,134.982849,115.421768
214.396912,180.790329,134.972687,115.422142
214.355927,180.855377,134.996567,115.444908
214.287476,180.910782,134.979950,115.437935
214.265671,180.952164,134.971680,115.449226
214.254654,180.985931,134.962723,115.447769
214.244385,181.022797,134.957550,115.443237
214.233017,181.063980,134.960876,115.444351
214.004440,181.111252,135.148300,115.423355
214.098297,181.170639,135.470657,115.427452
214.056564,181.219543,135.476913,115.447586
213.962311,181.262711,135.525192,115.458069
214.162094,181.301453,135.959747,115.435860
214.103027,181.368530,135.992996,115.425018
214.073578,181.416214,135.974411,115.448746
214.072906,181.449188,135.939880,115.442940
214.078308,181.487762,135.957626,115.444229
213.989105,181.536911,136.197189,115.453262
214.124680,181.566925,136.445908,115.445557
214.148529,181.594467,136.432602,115.450233
214.179047,181.619659,136.432602,115.450233
214.204178,181.648529,136.436279,115.446426
214.230057,181.677536,136.434509,115.448265
214.259613,181.703720,136.432602,115.450233
214.288620,181.728989,136.435608,115.450958
214.317627,181.753830,136.432602,115.450233
214.338425,181.700989,136.490067,115.510834
214.340210,181.945892,136.432602,115.950020
214.164093,181.833069,136.773743,116.554504
214.500366,180.492310,136.969803,117.894318
214.510849,180.540619,136.935257,117.951637
214.537323,180.556778,136.927887,117.954994
215.705048,178.755386,138.058380,118.984711
215.934448,178.747330,138.440506,118.967606
215.917160,178.742218,138.558975,118.982063
216.148651,178.740952,138.927933,118.959198
216.201889,178.744232,138.944962,118.960739
216.244431,178.759415,138.937180,118.950943
216.206223,178.840744,138.968735,118.891869
216.218613,178.895142,138.931366,118.948723
216.249680,178.921097,138.931366,118.948723
216.228928,178.936569,139.066360,118.875450
216.442490,178.999176,139.431107,118.948723
216.464218,179.025558,139.449860,118.953316
216.492004,179.047897,139.432877,118.949333
216.465546,179.043472,139.601425,118.975723
216.661560,179.055939,139.930862,118.948723
216.677734,179.071335,139.970840,118.949059
216.666489,179.090149,139.972214,118.951248
216.678085,179.097565,140.013275,118.956856
216.918167,179.119461,140.430618,118.948723
216.947067,179.144363,140.435074,118.948685
216.938248,179.160980,140.501297,118.955444
217.131714,179.157318,140.830200,118.979179
217.213318,179.168060,140.930374,118.948723
217.235016,179.192444,140.949005,118.951317
217.257217,179.217117,140.930374,118.948723
217.280853,179.243423,140.945984,118.952507
217.302002,179.267609,140.935455,118.949951
216.721893,178.918839,142.338165,120.159721
216.794266,179.083786,142.440140,120.452698
216.816086,179.103378,142.439240,120.452065
216.837234,179.127945,142.441315,120.450912
216.863251,179.152817,142.429626,120.448082
216.835770,179.167618,142.411499,120.453766
216.786011,179.182175,142.641113,120.475670
216.951508,179.196487,142.947281,120.451218
216.738388,179.223022,143.175491,120.448479
216.869095,179.244949,143.463669,120.456314
216.567047,179.185898,143.806152,120.514580
216.312210,179.338318,144.338013,121.012070
216.387238,179.581100,144.427368,121.448463
216.392136,179.594666,144.474747,121.462044
216.316498,179.595749,144.491547,121.476089
216.244293,179.589905,144.520660,121.467865
216.476181,179.605011,144.931152,121.447845
216.476807,179.629181,144.974457,121.457596
216.453201,179.636108,144.948792,121.436562
216.408615,179.649185,145.009735,121.460510
216.454117,179.619324,145.688370,121.476219
216.517944,179.594467,146.063736,121.475502
216.711304,179.600983,146.468353,121.459511
216.699631,179.615204,146.475235,121.461540
216.697311,179.630692,146.450165,121.454628
216.692902,179.645309,146.476822,121.462341
216.661377,179.660568,146.484848,121.458961
216.643234,179.661148,146.452209,121.460121
216.627029,179.668213,146.478806,121.460670
216.627319,179.685364,146.428558,121.445045
216.633377,179.698853,146.445496,121.456818
216.648026,179.715256,146.446014,121.454132
216.652191,179.728851,146.464752,121.459961
216.666382,179.749207,146.427658,121.447647
216.542831,179.626801,146.692932,121.567139
216.497025,179.828842,147.292511,122.025620
216.558182,180.058273,147.499115,122.466866
216.430862,180.008423,147.665939,122.544548
216.415787,180.157150,148.030869,123.017029
216.171692,180.254364,149.065231,123.598320
216.113266,180.344116,149.687347,124.044891
215.875229,180.381775,150.314957,124.604179
215.279831,180.383102,150.858154,125.031105
215.125168,180.463654,151.129288,125.548126
214.674667,180.239044,151.886765,126.340622
214.550095,180.259003,152.025024,126.435501
214.004486,179.973755,152.733963,126.671204
213.688995,180.019730,153.182419,127.003929
213.651840,180.234436,153.582382,127.451302
213.607254,180.202011,154.153625,127.483459
213.587631,180.160568,154.571243,127.424126
212.119293,179.593964,155.915039,128.153427
212.016815,179.735153,156.024170,128.452759
212.082489,179.707321,156.507706,128.456635
211.963623,179.727997,156.686523,128.453400
211.777512,179.656708,157.277969,128.550430
211.673843,179.833740,157.455566,128.945679
211.579651,179.812790,157.321442,128.992950
211.624130,179.805222,157.440216,128.942032
211.459534,179.783401,157.492950,128.972290
208.673645,179.605881,158.240921,129.040497
208.241913,179.757736,158.349747,129.506180
208.229919,179.971069,158.417191,129.945053
202.408264,180.704620,157.486069,130.521164
201.699631,180.872406,157.367172,131.015457
200.987976,180.978485,157.263870,131.596252
199.165970,181.354431,157.570374,131.779449
198.574692,181.358337,157.592392,131.949814
198.269241,181.292175,157.761780,131.993774
197.950714,181.262268,157.559357,132.246078
197.838531,181.302444,157.889130,132.499023
197.708298,181.269714,157.871933,132.464630
197.468094,181.224258,158.052490,132.448685
197.363846,181.178848,158.344925,132.489746
197.064911,181.090866,158.359406,132.463501
197.131516,181.109482,158.421738,132.442917
197.166946,181.138397,158.421738,132.442917
197.202377,181.167313,158.421738,132.442917
197.237808,181.196213,158.421738,132.442917
197.273239,181.225128,158.421738,132.442917
197.164093,181.232101,158.384995,132.453125
197.196625,181.254837,158.416367,132.438873
197.225632,181.284866,158.419327,132.443039
197.057404,181.281860,158.390930,132.451141
196.882294,181.274124,158.302032,132.449951
196.892822,181.284943,158.394440,132.449448
196.772141,181.283569,158.382370,132.441345
196.726639,181.294479,158.392288,132.457947
196.623001,181.290726,158.383438,132.451248
196.477676,181.276794,158.360855,132.460388
196.404709,181.273468,158.391373,132.450867
196.315414,181.272675,158.386795,132.456207
196.129211,181.240265,158.388184,132.489838
196.052948,181.223587,158.378387,132.457809
196.011826,181.226608,158.392792,132.459808
195.992783,181.235367,158.397736,132.454865
196.040207,181.258301,158.421738,132.442917
196.072220,181.287262,158.428131,132.444412
196.081055,181.310074,158.423492,132.445541
196.056870,181.326370,158.408752,132.454208
196.064514,181.344666,158.409348,132.448166
196.083038,181.367447,158.413025,132.447037
196.094070,181.389664,158.410324,132.448975
196.108292,181.410599,158.416016,132.447433
196.089508,181.427002,158.415344,132.449341
196.111588,181.449890,158.414703,132.446701
196.137833,181.474304,158.419296,132.445267
196.147491,181.497650,158.410919,132.448685
196.188339,181.523682,158.421738,132.442917
196.218475,181.551682,158.419434,132.444168
196.230576,181.577377,158.446823,132.449509
196.248642,181.602356,158.420288,132.443604
196.274017,181.629364,158.418060,132.444763
196.303467,181.656326,158.419418,132.444031
196.323532,181.681686,158.419510,132.445175
196.343384,181.706985,158.416046,132.445892
196.367310,181.732254,158.416550,132.445587
196.402802,181.759491,158.420975,132.443268
196.421753,181.785599,158.415359,132.446259
196.458481,181.812592,158.421173,132.443176
196.414734,181.825562,158.394104,132.452408
196.447144,181.846741,158.415726,132.446045
196.381561,181.855682,158.387680,132.451660
196.398285,181.872696,158.407410,132.450027
196.421265,181.894241,158.414551,132.446716
196.453232,181.920242,158.419357,132.444107
196.487564,181.947937,158.422485,132.443039
196.477966,181.967682,158.407501,132.449524
196.488235,181.985809,158.410767,132.449234
196.521759,182.010208,158.419205,132.444214
196.526978,182.031174,158.412537,132.445892
196.538818,182.051147,158.412384,132.448669
196.539047,182.067902,158.412003,132.448669
196.579330,182.093933,158.421738,132.442917
196.570984,182.112640,158.410004,132.450928
196.496170,182.114227,158.380249,132.460617
196.476715,182.117966,158.405121,132.454315
196.419037,182.120499,158.392746,132.456192
196.364487,182.121536,158.387039,132.455627
196.309128,182.120972,158.384552,132.457291
196.325317,182.133865,158.407761,132.449905
196.340897,182.152405,158.410843,132.448502
196.330460,182.166534,158.402084,132.451141
196.311600,182.176895,158.401886,132.451294
196.299973,182.189285,158.403259,132.450333
196.246033,182.195267,158.398773,132.450928
196.286469,182.218552,158.419922,132.444046
196.269119,182.242020,158.412857,132.440201
196.171021,182.249161,158.388855,132.450699
196.217789,182.276794,158.425125,132.439941
196.141388,182.294754,158.379211,132.453827
196.197159,182.318817,158.422363,132.442261
196.229904,182.348129,158.421341,132.442932
196.151321,182.363205,158.385818,132.454453
196.204605,182.386337,158.421707,132.442917
196.233185,182.413101,158.425598,132.443069
196.236420,182.435944,158.414169,132.446075
196.180649,182.446823,158.389328,132.452682
196.214035,182.466095,158.424789,132.444168
196.084961,182.463806,158.375793,132.454086
196.140671,182.488953,158.423584,132.441025
196.172562,182.518280,158.420471,132.443619
196.204498,182.549606,158.424545,132.440033
196.213104,182.574265,158.410294,132.448242
196.088364,182.569321,158.385086,132.453125
196.089844,182.590546,158.406342,132.441711
196.122162,182.618317,158.417435,132.445190
196.097412,182.634811,158.412964,132.447403
196.102982,182.654938,158.408142,132.448593
196.099747,182.672653,158.403351,132.446945
196.069016,182.685593,158.385406,132.450897
196.090561,182.704147,158.409576,132.445389
196.126602,182.731079,158.419922,132.443207
196.153168,182.758514,158.418457,132.443649
196.176910,182.784973,158.416718,132.445282
196.202866,182.810638,158.417099,132.444977
196.227219,182.837128,158.417786,132.442200
196.126724,182.839081,158.384491,132.450226
196.144836,182.857834,158.408127,132.445465
196.175537,182.884384,158.418137,132.442429
196.180099,182.908997,158.409332,132.445236
196.195694,182.933395,158.411896,132.444321
196.236038,182.961609,158.421738,132.442917
196.160568,182.970459,158.368332,132.457916
196.194656,182.987396,158.410919,132.448044
196.173355,183.003799,158.396698,132.455017
196.221298,183.026657,158.421738,132.442917
196.226746,183.050613,158.409729,132.448273
196.209030,183.066422,158.397095,132.453690
196.256775,183.089951,158.421738,132.442917
196.292206,183.118866,158.421738,132.442917
196.327637,183.147781,158.421738,132.442917
196.300461,182.626938,158.782089,133.067673
196.403931,182.837509,158.925140,133.445526
196.437653,182.865112,158.921478,133.442474
197.694946,181.567398,158.853485,134.386307
197.764481,181.624619,158.921478,134.442047
197.825012,181.612091,158.927353,134.467148
197.858948,181.628922,158.921051,134.441818
197.917725,181.643951,158.935547,134.453766
198.012009,181.641479,158.948639,134.458969
201.273285,178.979263,162.532150,136.050217
201.521072,179.176132,162.951538,136.463089
201.560577,179.170944,162.944839,136.459061
201.730392,178.255539,163.751160,136.866852
201.882065,178.315170,163.934875,136.944153
202.116867,178.213989,164.169571,137.063217
202.577362,178.346741,163.976562,137.489487
202.585251,178.352371,163.919022,137.440750
202.648270,178.381897,163.927521,137.468109
205.896652,176.576569,165.426498,138.977509
206.926346,176.196701,165.392136,139.342010
207.345840,175.962234,165.481262,139.681763
222.412247,175.223145,160.947678,141.160583
223.181381,174.797241,160.831039,141.646393
223.919815,174.794647,160.761383,142.042770
226.573044,175.375488,159.961456,141.952957
226.669693,175.389908,159.924011,141.943573
226.786148,175.407089,159.903183,141.933792
236.536758,173.299881,157.055054,145.320984
236.848083,173.381851,157.365234,145.424133
236.911789,173.420181,157.422226,145.437302
252.696594,173.524963,147.257736,146.230988
252.818436,173.653122,147.423340,146.444290
252.850952,173.681503,147.431854,146.438217
253.922104,173.197220,148.360611,146.999084
253.994324,173.198364,148.424484,146.936066
254.063843,173.229904,148.431625,146.927780
255.612747,172.828308,147.597107,147.163589
255.940277,172.983139,147.932571,147.425171
256.554291,172.969833,147.670013,147.341019
261.353333,172.590225,140.646423,147.063980
261.527802,172.807007,140.929504,147.438248
261.563141,172.838379,140.929260,147.435730
261.596771,172.875122,140.929535,147.431396
261.628723,172.909821,140.930374,147.436447
261.660248,172.942017,140.930374,147.436447
261.693878,172.974289,140.927795,147.435776
261.726715,173.006805,140.930374,147.436447
261.756805,173.038116,140.932404,147.434464
261.783234,173.068909,140.930374,147.435776
261.814789,173.092026,140.925491,147.444870
261.848755,173.119995,140.930374,147.436447
261.868866,173.144363,140.946106,147.419052
261.892517,173.185257,140.930374,147.436447
261.922791,173.215820,140.929703,147.436279
261.877472,173.234909,140.727661,147.381302
262.004730,173.291367,140.930389,147.435516
262.040344,173.312210,140.920792,147.447968
262.043488,173.000793,140.787628,147.653214
262.136322,173.168686,140.928467,147.931976
262.169708,173.167526,140.908798,147.962219
262.228577,173.159058,140.904419,147.960358
262.268188,173.167618,140.926880,147.941986
262.306885,173.165955,140.911148,147.963776
262.342651,173.177246,140.928070,147.937073
262.374634,173.198868,140.925827,147.942352
262.384216,173.196533,140.921524,147.941498
262.401337,173.212509,140.928375,147.933258
262.422211,173.236069,140.928452,147.933380
262.450592,173.265579,140.930237,147.933594
262.371185,173.305923,141.096390,147.785110
262.569702,173.413773,141.430130,147.936234
262.601318,173.446075,141.430130,147.936234
262.632599,173.478439,141.429901,147.936218
262.670319,173.511002,141.422913,147.934372
262.706512,173.542572,141.429245,147.938049
262.738586,173.573959,141.430130,147.936234
262.767975,173.604248,141.429001,147.937042
262.793213,173.629898,141.426620,147.938751
262.826599,173.660934,141.430130,147.936234
262.855042,173.690872,141.428543,147.937485
262.885437,173.716141,141.428772,147.936096
262.902985,173.736649,141.444717,147.923309
262.924500,173.767914,141.428345,147.936310
262.936920,173.790375,141.435486,147.938904
263.023956,173.722641,141.227615,147.942795
263.143036,173.732422,141.423477,147.937943
263.160004,173.747192,141.420898,147.942139
263.003723,173.776718,141.453903,147.919647
263.023468,173.817291,141.430130,147.936234
263.055115,173.849594,141.430130,147.936234
263.060059,173.869995,141.418900,147.944397
263.043518,173.876495,141.427216,147.938950
262.994019,173.873962,141.435455,147.930176
263.002167,173.901901,141.422256,147.942871
263.009888,173.919754,141.421494,147.941055
263.017212,173.937729,141.417236,147.945404
263.052460,173.964767,141.428741,147.937195
263.084778,173.996582,141.430130,147.936234
263.108215,174.021790,141.425995,147.939285
263.129578,174.043503,141.424042,147.941101
263.152435,174.064682,141.424286,147.940903
263.102783,174.059555,141.463455,147.917282
262.737610,174.009781,141.188095,147.902237
262.834961,174.031418,141.424255,147.939987
262.785583,174.015030,141.430740,147.929138
262.805084,174.040573,141.424225,147.940536
262.765594,174.033508,141.428711,147.939301
262.769012,174.046249,141.419540,147.943222
262.714874,174.029892,141.441589,147.934555
262.735657,174.059250,141.427597,147.938263
262.658722,174.031021,141.440704,147.926575
262.682770,174.066559,141.429245,147.937042
262.708893,174.094070,141.427170,147.938583
262.741272,174.124649,141.429764,147.936508
262.741241,174.141556,141.448318,147.927750
262.737823,174.161621,141.423309,147.943634
262.753937,174.177887,141.425079,147.940323
262.765320,174.195648,141.435699,147.931076
262.760681,174.211456,141.437378,147.936691
262.755188,174.226120,141.435806,147.941681
262.759918,174.241531,141.433182,147.934769
262.763947,174.260422,141.437500,147.935959
262.783569,174.286758,141.426041,147.939514
262.808624,174.311386,141.426834,147.939316
262.837891,174.339172,141.428131,147.937820
262.863495,174.365540,141.426682,147.938995
262.892578,174.393570,141.428879,147.937637
262.921844,174.422974,141.428650,147.937408
262.944702,174.447708,141.425446,147.939972
262.963318,174.468781,141.430695,147.937851
262.983398,174.491959,141.424545,147.940704
263.003113,174.511230,141.422882,147.942047
262.997314,174.507568,141.416443,147.942703
263.014801,174.522705,141.424438,147.942841
262.936066,174.500870,141.478653,147.916199
263.155914,174.457687,140.579926,147.780609
263.347412,174.552780,140.924637,147.938156
263.290314,174.533875,140.899002,147.951401
263.324524,174.545822,140.923737,147.939774
263.351227,174.568283,140.926224,147.938828
263.364990,174.575012,140.921417,147.938431
263.378235,174.594681,140.951767,147.920242
263.369415,174.604126,140.923569,147.935471
263.395905,174.624878,140.926682,147.937439
263.425781,174.649841,140.928345,147.936829
263.444916,174.671967,140.923767,147.941544
263.460754,174.681427,140.920746,147.941269
263.490692,174.699158,140.927383,147.937836
263.504913,174.718155,140.930252,147.936859
263.518799,174.736603,140.921616,147.943161
263.533752,174.752045,140.930191,147.934082
263.553986,174.776123,140.924698,147.940567
263.574402,174.799637,140.942810,147.929047
263.581909,174.822388,140.921600,147.943298
263.593201,174.832565,140.926117,147.940155
263.606812,174.845505,140.925293,147.940063
263.614716,174.858536,140.933365,147.939270
263.620941,174.868835,140.927521,147.940506
263.600006,174.843887,140.953323,147.920425
263.602356,174.868881,140.925095,147.940277
263.597839,174.873520,140.925323,147.943085
263.598816,174.881821,140.923050,147.944305
263.562378,174.869827,140.939651,147.934937
263.564880,174.886078,140.924179,147.942108
263.533600,174.878128,140.925415,147.943619
263.527740,174.875626,140.918213,147.941483
263.512390,174.873016,140.932098,147.938797
263.520416,174.883301,140.920929,147.941879
263.524719,174.890381,140.926590,147.936188
263.523834,174.896484,140.919113,147.942429
263.020264,174.626816,140.891861,147.822189
263.059326,174.707504,140.924591,147.940887
263.040070,174.688873,140.948990,147.907822
263.041595,174.719833,140.936798,147.933075
263.039978,174.720184,140.916031,147.942413
263.064606,174.729782,140.924088,147.937271
263.023865,174.710678,140.931534,147.927475
262.944214,174.633026,140.929672,147.899933
262.876740,174.596191,140.930313,147.907227
262.841400,174.585464,140.924347,147.925644
262.814453,174.503708,140.937576,147.737946
262.773987,174.574142,140.928894,147.922913
262.735138,174.554550,140.908737,147.880417
262.750397,174.597275,140.928940,147.938644
262.726410,174.590485,140.935928,147.933456
262.696472,174.590790,140.950256,147.925262
262.718048,174.628571,140.930374,147.936234
262.736664,174.653168,140.931900,147.936584
262.749054,174.674759,140.930771,147.939453
262.775452,174.701813,140.927948,147.938171
262.790771,174.722733,140.929291,147.939804
262.799011,174.736832,140.920670,147.938354
262.816956,174.754959,140.921356,147.937698
262.826385,174.768539,140.924652,147.940231
262.806549,174.769272,140.932892,147.936676
262.812592,174.786697,140.928268,147.941360
262.816559,174.798157,140.925919,147.938278
262.848328,174.828171,140.931686,147.933563
262.755707,174.800156,140.977524,147.884735
262.733551,174.838913,140.927689,147.936752
262.750305,174.861969,140.931274,147.939087
262.768951,174.884003,140.925171,147.939438
262.800293,174.912643,140.929001,147.937332
262.826019,174.939774,140.927719,147.938171
262.857086,174.970047,140.930374,147.935944
262.879578,174.998581,140.936951,147.934036
262.888458,175.020081,140.928268,147.939117
262.830139,175.008682,140.961029,147.919601
262.824768,175.036743,140.930176,147.938507
262.808563,175.046768,140.950455,147.927292
262.803955,175.071457,140.938278,147.936157
262.800812,175.089508,140.945389,147.927734
262.765839,175.098740,140.960236,147.912766
262.732361,175.116394,140.940475,147.930557
262.754974,175.148560,140.929901,147.935806
262.771942,175.172943,140.935150,147.934738
262.786926,175.199356,140.934982,147.937820
262.812317,175.229340,140.932495,147.936356
262.842773,175.261581,140.930374,147.936234
262.874298,175.293869,140.930374,147.936234
262.890930,175.318802,140.934021,147.938324
262.913971,175.345154,140.927094,147.938858
262.937469,175.372360,140.935806,147.936508
262.960724,175.400421,140.927628,147.938431
262.993591,175.431625,140.930374,147.936234
263.025116,175.463913,140.930374,147.936234
263.047272,175.489288,140.925735,147.939957
263.018341,175.501938,140.980118,147.915100
263.017975,175.539612,140.926895,147.939026
263.051239,175.570511,140.930374,147.936234
263.082733,175.602798,140.930374,147.936234
263.114258,175.635101,140.930374,147.936234
263.143768,175.665909,140.929382,147.937042
263.166718,175.694260,140.935486,147.936493
263.195618,175.725403,140.930267,147.936081
263.200409,175.729263,140.905441,147.947922
263.232635,175.740875,140.924133,147.939713
263.257080,175.764664,140.927689,147.939468
263.282440,175.788605,140.926590,147.938965
263.303986,175.810791,140.924530,147.940933
263.324188,175.830185,140.923340,147.941864
263.347656,175.849976,140.924576,147.940598
263.381714,175.876205,140.929932,147.935699
263.400696,175.900192,140.926605,147.940414
263.415375,175.920441,140.932861,147.939590
263.432495,175.941360,140.926102,147.940521
263.447113,175.964081,140.941086,147.936798
263.473297,175.996094,140.930374,147.936234
263.488190,176.009186,140.921692,147.941498
263.416321,175.957581,140.924927,147.924911
263.443451,175.990280,140.926849,147.939056
263.466431,176.001480,140.924438,147.938019
263.233948,175.476669,138.933792,147.979385
263.216522,175.438782,138.885971,147.944519
263.177856,175.410110,138.935303,147.948547
263.186951,175.428329,138.942627,147.936829
263.185150,175.433792,138.917297,147.944901
263.103790,175.322678,138.726135,147.981339
263.199402,175.298141,138.911758,147.948212
263.214661,175.301971,138.918350,147.945099
263.203217,175.290390,138.938156,147.937088
263.221191,175.307861,138.932480,147.935059
263.242065,175.319061,138.935455,147.927551
263.033691,175.412399,139.137405,147.876297
259.847595,176.622650,141.578110,147.717163
260.038757,176.760651,141.921875,147.941803
259.963104,176.851532,142.005249,147.882614
259.479645,177.192764,142.903397,147.397614
259.505035,177.237900,142.919846,147.443207
259.528534,177.272949,142.931458,147.431259
259.463104,177.388519,142.962509,147.367630
259.440186,177.438538,142.917328,147.447678
259.399750,177.447433,142.878464,147.454102
259.671204,178.601059,143.216202,146.959610
259.804565,178.620483,143.426620,146.938385
259.836212,178.651779,143.432526,146.937653
259.783295,181.845062,144.412064,144.919174
259.819611,181.891357,144.434616,144.934708
259.868652,182.046494,144.728180,144.953857
260.501953,183.911697,144.756531,142.191727
260.583313,184.075378,144.974640,142.441803
260.385345,184.147568,145.111298,142.404892
260.857788,185.893723,146.983139,142.962646
260.937134,186.000244,146.989578,142.891373
260.711517,186.482376,147.497345,142.743118
261.049500,187.411484,148.224014,143.028366
261.532623,187.784515,148.641556,143.356369
261.753998,187.940536,148.997803,143.406326
265.096558,189.085297,150.333923,142.827408
265.297638,189.367844,150.654434,142.805191
265.690735,190.196594,151.363327,142.496414
269.054260,192.996155,153.058380,139.225174
269.018005,193.296249,153.624832,139.358810
266.423706,193.796280,154.823212,138.993774
266.290466,195.472046,157.385727,137.464172
266.145905,195.728760,157.668259,137.345291
266.132812,196.058716,158.162064,137.337418
266.181488,196.961670,159.054550,137.239975
266.292236,197.190643,159.479736,137.388321
266.178375,197.474899,159.587936,137.355942
263.599731,198.698639,164.732590,137.301361
263.643188,198.941757,165.041122,137.058243
263.829681,200.090042,166.065262,135.909958
264.044922,200.712418,166.858200,135.287582
264.146851,201.071854,167.000275,134.928146
264.415466,201.238434,167.628708,134.761566
262.440643,202.192139,169.212769,133.807861
262.295502,202.365036,169.956192,133.634964
262.010193,202.712509,170.998398,133.287491
261.166870,203.208115,172.424988,132.791885
258.398743,203.324310,175.199036,132.675690
256.173798,203.804337,177.951141,132.195663
256.448212,209.016953,183.946564,126.983040
256.199524,209.101257,184.411362,126.898743
255.954956,209.277267,185.125854,126.722733
252.315353,211.001785,190.887421,124.998215
250.595078,211.468369,193.578171,124.531631
250.446136,211.708023,194.345398,124.291985
248.324997,212.388687,196.918671,123.611313
247.364349,212.727798,197.985153,123.272194
247.048187,212.944641,198.241211,123.055367
242.365967,214.927963,203.814224,121.072044
242.289764,215.211792,204.092529,120.788216
241.744095,215.334335,205.787308,120.665665
235.923569,218.878586,214.073059,117.121422
235.991852,219.111649,214.499023,116.888344
235.939789,219.178528,214.418335,116.821472
235.725891,220.932434,215.141830,115.067574
235.663940,221.211075,215.550354,114.788918
235.821960,221.317535,215.920166,114.682465
234.741776,224.689804,218.009659,111.310196
234.981842,224.785004,218.392105,111.214989
235.030685,224.927826,218.392105,111.072174
235.048264,225.447006,218.364075,110.552994
235.111130,225.670822,218.392105,110.329185
235.167740,225.759033,218.387497,110.240967
237.092377,227.971741,218.908920,108.028259
237.132797,228.207901,218.891861,107.792091
237.183380,228.312088,218.892029,107.687904
237.437836,228.561462,219.002319,107.438538
237.681549,228.592484,219.391602,107.407516
237.729431,228.638763,219.416748,107.361229
238.933136,228.880722,218.955688,107.119286
238.953400,229.072006,218.942642,106.927994
238.986298,229.110214,218.911499,106.889786
239.025421,229.165619,218.891861,106.834381
239.123718,229.264008,218.947739,106.735992
240.945541,229.654922,218.462540,106.345078
241.098358,229.765732,218.275360,106.234261
241.644165,229.918640,218.626617,106.081360
241.895172,230.159088,219.016571,105.840912
242.328705,230.380829,219.639313,105.619179
243.073441,230.798203,219.673843,105.201805
243.337372,230.997162,219.919998,105.002831
243.372238,231.246048,219.891357,104.753960
243.434372,231.377808,219.896820,104.622192
243.496216,231.587997,219.895294,104.412003
243.576721,231.654419,219.877731,104.345581
244.155258,232.009155,219.742737,103.990845
244.390610,232.074081,219.906967,103.925926
244.730225,232.242432,219.832062,103.757576
244.925873,232.437546,219.966110,103.562462
244.936920,232.679260,219.901321,103.320740
244.990997,232.792572,219.895309,103.207428
245.136703,233.033707,219.917175,102.966293
245.324890,233.202713,219.871689,102.797295
245.533096,233.441605,219.815186,102.558388
245.642715,233.692596,219.905151,102.307404
245.838074,233.886978,219.909973,102.113022
245.985031,234.151337,219.894058,101.848671
246.135742,234.307053,219.901413,101.692955
246.200150,234.490540,219.896317,101.509453
246.271500,234.780472,219.882751,101.219536
246.328522,234.921249,219.892532,101.078758
246.419876,235.202469,219.862122,100.797531
246.532532,235.306595,219.894394,100.693398
246.631882,235.507675,219.873367,100.492325
246.698196,235.507233,219.909409,100.456657
246.881973,235.579453,219.899261,100.420540
246.930389,235.631912,219.899002,100.368080
247.049820,235.763382,219.872559,100.236626
247.175903,235.935440,219.934540,100.064552
248.125443,236.534225,219.787796,99.465782
248.345154,236.592850,219.970032,99.407158
248.387329,236.652817,219.917160,99.347191
248.654129,236.785904,219.917511,99.214096
249.653458,237.043625,219.875183,98.956375
249.745285,237.127762,219.904861,98.872238
249.791931,237.197037,219.901001,98.802956
249.839874,237.308762,219.937042,98.691238
249.812393,237.580933,220.048691,98.419060
250.126968,237.652802,220.452774,98.347198
250.211670,237.794281,220.383530,98.205711
250.264755,237.941696,220.391113,98.058296
250.314041,238.162827,220.391113,97.837173
250.363342,238.244507,220.391113,97.755493
250.412628,238.367035,220.391113,97.632965
250.461914,238.550827,220.391113,97.449173
250.563324,238.577408,220.386230,97.422592
250.728104,238.608688,220.333130,97.391312
250.818268,238.665649,220.395813,97.334351
250.878677,238.749908,220.391739,97.250092
251.003738,238.878128,220.387939,97.121872
251.063217,239.067947,220.392487,96.932045
251.112442,239.102234,220.391922,96.897758
251.183914,239.154587,220.388794,96.845413
251.234360,239.232147,220.391113,96.767853
251.419022,239.367340,220.366837,96.632652
251.516144,239.552261,220.383133,96.447739
251.614777,239.580917,220.389359,96.419083
251.676636,239.622116,220.386841,96.377884
251.745926,239.684174,220.385529,96.315826
251.802460,239.776825,220.396820,96.223183
251.831985,239.939011,220.474075,96.060989
251.849869,240.159271,220.392456,95.840729
251.913422,240.241058,220.395355,95.758942
252.011261,240.364746,220.398911,95.635254
252.089111,240.551041,220.403564,95.448967
252.148026,240.581253,220.408295,95.418747
252.196854,240.623093,220.399200,95.376900
252.251923,240.687973,220.404282,95.312019
252.294632,240.782227,220.391113,95.217773
252.360672,240.957748,220.379608,95.042244
252.455765,241.194489,220.373215,94.805511
252.521973,241.300812,220.389069,94.699188
252.574905,241.451660,220.394485,94.548340
252.746201,241.732864,220.338348,94.267143
252.822647,241.849609,220.392120,94.150398
252.911270,242.057968,220.374939,93.942032
253.057968,242.087479,220.333481,93.912529
253.136078,242.131470,220.391113,93.868530
253.237198,242.183136,220.357895,93.816864
253.476227,242.337341,220.340408,93.662659
253.623169,242.546463,220.357819,93.453537
253.692261,242.576385,220.390182,93.423622
253.890701,242.630737,220.313873,93.369255
254.002304,242.724213,220.388672,93.275795
254.063873,242.862671,220.386368,93.137337
254.134399,243.054352,220.379074,92.945648
254.312241,243.159363,220.346909,92.840630
254.384216,243.242645,220.390121,92.757355
254.453354,243.400589,220.376389,92.599403
254.510010,243.601151,220.391113,92.398849
254.608276,243.658768,220.382446,92.341225
254.666595,243.742874,220.387238,92.257118
254.717819,243.864578,220.391113,92.135422
254.779724,244.047592,220.402359,91.952400
254.909103,244.165512,220.350449,91.834496
255.011429,244.307907,220.377670,91.692093
255.126190,244.493515,220.372879,91.506493
255.223190,244.799194,220.370239,91.200798
255.287506,244.950058,220.388718,91.049942
255.359161,245.176010,220.381302,90.823997
255.425629,245.275925,220.385315,90.724083
255.478485,245.414154,220.390778,90.585846
255.610306,245.617905,220.372177,90.382095
255.839249,245.666077,220.306839,90.333923
255.945145,245.744843,220.381836,90.255157
256.021820,245.868301,220.379822,90.131699
256.104492,246.053558,220.378937,89.946449
256.186005,246.081543,220.384781,89.918457
256.284729,246.122086,220.384338,89.877922
256.354645,246.183289,220.392258,89.816711
256.460419,246.272552,220.389648,89.727440
256.538605,246.407898,220.392487,89.592110
256.687683,246.609909,220.380890,89.390099
256.753448,246.664429,220.394852,89.335564
256.806488,246.748016,220.396713,89.251984
256.913239,246.890289,220.371521,89.109711
257.029083,247.078232,220.367706,88.921768
257.132172,247.117065,220.365860,88.882935
257.212433,247.168350,220.377060,88.831642
257.344421,247.244583,220.348221,88.755417
257.429199,247.366959,220.400742,88.633034
257.473694,247.550690,220.391113,88.449310
257.638580,247.563904,220.348099,88.436096
258.080811,247.546875,220.269836,88.453117
258.190735,247.570557,220.391113,88.429436
258.274017,247.600754,220.372940,88.399246
258.232635,247.595795,220.844421,88.404213
258.491577,247.636261,220.820084,88.363739
258.842865,247.662781,220.780930,88.337212
259.494598,247.568207,220.434814,88.431793
259.936401,247.515289,220.578369,88.484718
260.436096,247.484787,220.762909,88.513817
260.752686,247.707291,220.899277,88.292717
261.077271,247.629395,220.588974,88.370598
261.717346,247.667938,220.640686,88.332062
261.889038,247.749863,220.880157,88.250130
262.106293,247.758957,221.070084,88.241051
262.958038,247.824127,221.182831,88.175873
262.902039,247.372253,223.024704,88.627739
263.954102,246.770584,222.845490,89.229424
264.326630,246.823517,222.876022,89.176476
265.884735,246.226181,221.741898,89.773819
265.785370,245.991272,222.201126,90.008728
265.959015,246.131653,222.428207,89.868355
266.956970,243.125076,224.468323,92.874916
266.876831,242.989624,224.653824,93.010376
267.023376,243.198013,224.922379,92.801987
264.333771,240.505524,227.528275,95.368904
264.711731,238.228851,227.917740,97.332291
264.609192,238.248428,227.977921,97.496643
264.887909,238.236359,228.096771,97.539810
265.233795,235.789917,226.107788,100.210083
265.381531,235.931656,226.400223,100.068344
262.215668,234.461151,230.224243,101.538857
261.715790,234.282745,230.404724,101.717255
261.847260,234.384735,230.380676,101.615257
261.642822,234.150955,230.498886,101.849045
261.694580,234.190384,230.424164,101.809616
261.697662,234.247437,230.412018,101.752571
261.676117,234.370880,230.399445,101.629128
261.613220,234.551056,230.412354,101.448944
261.562836,234.509399,230.436905,101.490593
261.189240,234.036453,230.436829,101.963547
261.003815,233.914688,230.552444,102.048935
261.131317,234.109543,230.921600,101.890457
261.007935,234.066376,230.950363,101.933632
260.895172,234.059692,230.928177,101.940308
260.590118,233.985535,231.017746,102.005440
260.723083,234.210907,231.424438,101.789101
260.706573,234.309921,231.402145,101.690071
260.565369,234.340790,231.479187,101.659210
260.463043,234.502960,231.409973,101.497047
260.194031,234.401855,231.544083,101.523079
260.318115,234.635498,231.908859,101.364502
260.319855,234.704224,231.890762,101.295784
260.253815,234.764862,231.926788,101.235146
259.838440,234.522369,231.877304,101.477631
259.829498,234.472473,231.931473,101.520500
259.683228,234.571304,231.959366,101.428696
259.719299,234.440353,231.887222,101.559654
259.678925,234.621658,231.921600,101.378342
259.568329,234.448471,231.938095,101.551537
259.506073,234.587799,231.931229,101.412209
259.481567,234.430969,231.914230,101.569038
259.453979,234.614105,231.911560,101.385902
259.364532,234.440292,231.907761,101.559708
259.326080,234.587479,231.906937,101.412521
258.895020,234.092911,232.101837,101.907089
259.022858,234.129440,232.405869,101.870560
259.026947,234.190399,232.390686,101.809601
259.003967,234.264496,232.410461,101.735504
258.984009,234.373077,232.408875,101.626923
258.948914,234.532455,232.408951,101.467552
258.899811,234.483841,232.420303,101.510025
258.895386,234.720612,232.399353,101.279396
258.755707,234.602478,232.503708,101.397522
257.211395,233.875992,234.820297,102.124008
257.174561,234.036545,234.934723,101.963455
254.823624,233.467300,236.415283,102.266296
254.637756,233.479004,236.576447,102.520996
254.676193,233.599518,236.960281,102.400490
254.301575,233.535324,237.037796,102.464676
254.352097,233.384247,237.427628,102.569664
254.310211,233.510620,237.408920,102.489380
252.800354,232.852448,237.887192,102.843491
252.581131,232.377319,238.111450,103.452713
252.111786,232.133606,238.579422,103.667519
252.155350,232.014465,238.991013,103.985542
252.220306,231.963333,238.865631,104.036659
252.194946,231.919067,238.890152,104.080925
250.157242,229.352829,238.517456,106.647171
249.567261,228.888382,239.099747,107.111610
249.027695,228.111328,239.268723,107.888664
242.890686,224.926254,243.575562,111.073738
240.416550,223.710541,242.361053,112.289459
239.486435,223.602539,242.554611,112.397469
231.750504,220.701187,245.275650,115.298813
231.342194,220.724609,245.560394,115.275383
230.329346,220.620102,246.122528,115.379898
229.845566,220.705002,246.638885,115.294998
221.147552,216.482269,247.415848,119.517731
220.749527,216.700043,247.529877,119.299957
219.751343,216.408875,249.566544,119.591125
218.933838,216.480103,249.279114,119.519897
218.443039,216.610947,249.512848,119.389061
213.824661,214.916290,250.312012,120.621422
212.927170,214.689178,250.194260,121.310829
212.037506,214.628906,250.729935,121.371086
209.932281,214.268005,251.709961,121.731987
208.794601,214.061340,251.825745,121.938660
207.963699,213.940933,252.221481,122.059059
202.257248,211.787521,255.950119,123.615883
201.109085,211.111237,255.869766,124.832008
200.199600,210.808456,256.042572,125.191551
196.564682,209.953003,256.822876,126.046989
196.425034,210.119064,256.915985,125.880936
196.315292,210.132462,256.857269,125.867531
196.145599,210.075684,256.925629,125.924316
195.060867,210.176117,257.257782,125.823891
194.489868,210.218109,257.492218,125.781891
193.273514,210.078827,258.069366,125.921181
193.334793,210.121811,258.389374,125.878189
193.146881,210.149811,258.408936,125.850189
192.945267,210.174805,258.458313,125.825203
192.636688,210.094849,258.456177,125.905159
192.606262,210.136658,258.378845,125.863335
192.676910,210.206543,258.352325,125.793457
192.652466,210.286057,258.377014,125.713936
192.707916,210.429443,258.372345,125.570557
192.765701,210.644516,258.372345,125.355492
192.823486,210.717117,258.372345,125.282890
192.876282,210.813187,258.364777,125.186821
192.937866,210.970123,258.372345,125.029884
192.995651,211.205521,258.372345,124.794479
193.051971,211.304871,258.370117,124.695122
193.110870,211.457657,258.372345,124.542336
193.165146,211.677826,258.367004,124.322166
193.225586,211.767090,258.372345,124.232910
193.190308,211.876190,258.495758,124.123817
193.136688,212.050446,258.408905,123.949554
193.171875,212.065033,258.365753,123.934959
193.198776,212.077698,258.395752,123.922295
193.238037,212.099564,258.361969,123.900436
193.295410,212.135452,258.363831,123.864548
193.349823,212.182312,258.360107,123.817688
193.411743,212.268753,258.369324,123.731239
193.426498,212.381439,258.429016,123.618561
193.452316,212.563248,258.366821,123.436752
193.496567,212.572006,258.377350,123.427986
193.542480,212.585373,258.371277,123.414619
193.600800,212.628403,258.372345,123.371590
193.653549,212.628815,258.372925,123.371178
193.704926,212.664642,258.377838,123.335358
193.895859,212.647461,258.892578,123.352547
193.943512,212.721527,258.872101,123.278481
193.996994,212.821457,258.865387,123.178551
193.678284,212.902435,259.421021,123.097572
193.711716,213.103989,259.371857,122.896011
193.730698,213.142731,259.424194,122.857269
193.672546,213.205841,259.506531,122.794151
193.796921,213.301239,260.027649,122.698769
194.021820,213.452591,260.373383,122.547401
193.820374,213.650970,260.739899,122.349022
193.950470,213.726562,260.874207,122.273438
193.892776,213.830505,261.028137,122.169495
193.917160,213.909393,263.124969,122.090614
193.838425,214.120178,264.123138,121.879829
194.027893,214.180313,264.373016,121.819679
194.157120,214.271317,264.405396,121.728676
194.208649,214.406921,264.374603,121.593086
194.248993,214.611938,264.375671,121.388062
197.322342,215.061172,264.217468,120.938835
197.457428,215.092087,264.369385,120.907913
197.457687,215.135620,264.495941,120.864380
197.708969,214.859573,271.758484,121.140427
200.134842,215.205231,269.664001,120.794769
200.296539,215.308182,269.866669,120.691826
200.447922,215.509155,270.539307,120.490845
204.078766,215.870255,268.848633,120.129745
204.193039,216.070663,268.919678,119.929337
203.314453,216.506516,273.494843,119.493484
204.443710,216.803574,271.665039,119.196419
204.627487,216.975906,271.844025,119.024101
207.014236,219.316345,272.664093,116.683655
207.941055,219.937057,272.356323,116.062950
208.050644,220.200058,272.341431,115.799942
208.179871,220.713364,272.268494,115.286636
209.049545,220.947495,271.724731,115.052498
209.188873,221.182922,271.851105,114.817078
209.084045,222.191147,272.105408,113.808853
212.031296,223.377380,270.567719,112.622612
212.241104,223.566391,270.866180,112.433609
212.861389,223.926712,270.875824,112.073288
218.555710,225.036957,263.964264,110.963043
218.566772,225.055038,263.868958,110.944962
219.371933,224.863678,264.257294,111.023727
234.858307,225.219650,248.148636,110.780350
