1
161.504211,172.281128,39.950680,80.623268
161.421692,171.977036,39.950584,80.849594
160.509964,170.905624,40.057571,81.721748
162.585587,167.628143,40.950089,83.405174
161.368332,167.530594,41.021152,82.702858
159.589584,170.165802,42.672554,79.955566
158.676056,173.614487,42.910389,79.383087
157.415527,173.294266,42.946495,80.443306
155.293686,176.733505,42.823326,78.632576
153.558563,179.010132,42.767551,76.805244
152.682083,179.315018,42.787792,76.822296
152.960403,183.115646,42.272949,75.038391
153.070923,183.347687,42.476936,75.464394
153.082153,183.358688,42.479591,75.452332
152.773224,183.236679,42.894577,75.014412
152.632843,183.350739,43.022556,75.463020
152.734024,183.278564,43.476509,75.457901
153.628922,184.759964,44.182713,74.139244
153.935944,184.638855,44.360184,74.670280
154.025940,184.764008,44.440662,74.845078
154.197586,185.400375,44.301334,74.825897
153.896072,188.360992,44.469444,73.896690
154.265549,191.148911,44.219261,72.013451
155.163452,193.603729,44.072731,69.180321
155.374939,193.763931,44.481003,69.458755
156.843536,195.892685,44.236458,68.574905
157.029434,196.054276,44.438137,68.831207
159.697357,195.765976,43.716953,73.005035
159.862625,195.903244,43.984886,73.789803
159.799026,196.086945,44.161709,75.124092
159.384003,194.852661,44.470798,80.678513
159.576294,194.828262,43.590054,83.401321
160.023483,193.986191,43.566612,82.995033
159.908875,194.079391,44.310623,86.480347
159.240265,192.657562,44.525280,83.393761
158.564041,193.627197,45.455879,79.933937
157.861710,194.505783,46.582088,79.475639
154.961334,195.243774,46.888691,77.283821
153.089798,196.273117,47.755016,72.973412
151.216309,195.703842,47.929890,71.074371
150.512024,195.652176,47.729401,71.580307
150.264694,197.055954,47.084637,70.139130
150.553543,197.277802,47.140656,70.441750
150.523727,197.180359,48.072800,70.040939
150.773361,197.439865,48.334881,70.458778
147.866852,197.323273,48.839405,74.430183
146.763779,198.503708,48.709721,75.058205
146.051346,198.325470,48.584034,75.819031
143.179474,199.626022,49.410564,75.332169
139.568893,199.205048,49.910049,76.032669
139.557480,198.926697,49.980717,76.219246
138.754074,199.203094,50.544296,74.421127
139.063339,199.429337,50.806580,74.703545
138.998322,196.790909,50.363163,80.113518
140.873642,195.698135,49.453964,81.419785
140.884430,195.682053,49.460155,81.483391
140.921341,196.114838,49.350391,79.832794
140.874359,191.585632,48.088772,81.995461
139.797119,188.331451,47.250725,84.078720
139.308640,186.146271,47.328243,84.247612
136.516251,184.707443,47.153080,85.747627
136.509308,184.704147,47.351536,86.178986
136.524719,185.095291,47.138638,86.294411
133.753906,183.720352,48.456390,85.403000
133.692505,183.787125,48.423019,85.466667
133.649292,183.748886,48.452457,85.552040
133.359390,184.508560,48.360607,84.101875
133.141479,183.563217,48.339333,87.217613
133.188965,183.660950,48.479099,87.461098
132.447113,181.864029,48.726055,85.423340
132.694611,179.470703,48.649620,85.113640
132.968948,179.495621,48.944881,85.487038
135.502884,181.506332,50.267689,92.675972
135.700562,183.263916,50.313011,92.013214
139.201202,181.265015,51.269444,94.374519
141.635864,182.639862,50.784008,94.855461
142.949265,180.185501,50.959721,96.019005
145.856964,177.655670,51.706745,93.529419
149.924133,180.550247,51.807156,94.220306
150.250854,179.306396,52.211891,93.803909
154.120361,178.794128,52.992508,90.090439
158.019104,182.739990,52.589474,88.836693
160.704086,182.570221,52.649357,88.624146
163.555344,184.768234,53.299850,88.060593
169.084106,185.886414,51.686626,89.872398
173.632248,181.360703,51.010448,94.461258
176.686844,182.459106,50.891407,93.948441
178.484467,182.965729,50.610203,93.948326
179.038651,180.747528,50.911430,93.559265
182.807541,179.593109,51.427784,93.839920
186.571503,177.848175,50.583961,93.489532
187.096191,177.248520,50.941822,93.202095
188.208191,178.260330,49.507118,92.118919
188.586456,178.442047,49.822079,91.538887
188.776535,181.251328,50.821884,87.286507
188.864975,181.382614,50.972961,87.448967
189.046265,181.321091,50.947887,87.239578
188.814301,181.699112,51.294605,87.214607
189.140549,182.197922,52.253689,87.157639
189.265335,182.380783,52.467117,87.475616
189.285172,182.429367,52.555481,87.428238
189.270294,180.897293,53.816986,86.505470
188.479309,181.024109,53.849728,86.874374
188.734634,180.761734,53.859303,86.952621
188.986710,182.236115,53.496845,87.851418
188.970016,182.329117,53.427242,88.022591
189.293762,182.218124,53.419609,88.409431
188.547546,179.082626,52.577866,89.602463
192.747513,177.594193,53.477291,90.942955
193.034973,173.629166,52.740620,91.807343
193.002548,173.190079,52.700916,92.169174
192.600952,170.306046,52.691711,92.540527
195.511658,169.389008,53.594131,91.647591
197.400986,167.234558,54.161114,90.834030
198.243561,164.577072,53.105232,91.312263
197.867462,161.466141,53.561047,90.995239
191.796127,159.755661,54.660000,90.577538
191.129761,159.148254,55.408096,90.333397
195.400833,160.901291,55.213291,90.043991
201.310440,164.402130,55.539722,90.578575
203.142242,165.612473,55.393921,91.276268
202.476990,166.413162,55.230045,91.994644
204.415100,167.271210,55.746868,91.753052
204.946976,167.645844,55.967186,92.452362
205.022293,168.744965,55.871723,92.661316
205.792999,170.366028,55.521748,93.345894
207.374603,168.887390,55.791733,94.019806
208.187424,168.711700,56.176491,94.058922
208.144333,167.588821,56.908901,94.554947
207.885254,167.322937,57.171303,95.336075
207.926483,166.409470,57.702671,95.506248
207.304062,167.081604,57.740593,95.323776
207.456116,166.942291,58.223457,95.526245
207.724365,166.633347,58.728199,95.478539
207.828079,166.747406,58.974781,95.489433
207.749985,166.706085,59.336494,95.415359
207.678833,166.997375,59.515656,95.386154
207.966995,167.452454,59.954548,95.107834
208.100052,167.147858,59.827171,95.818909
208.225983,167.275467,59.871422,95.968979
208.638824,167.670197,60.151268,95.832817
209.469070,166.785278,60.870628,95.626068
209.680969,165.280426,61.925583,97.293060
208.664795,165.237732,62.025841,97.270065
208.627106,163.988571,63.103523,98.203323
208.691986,164.243439,63.477074,98.453758
208.685059,164.253708,63.545494,98.416451
208.662827,164.124817,64.071571,98.522369
208.736679,164.124313,64.532715,98.946701
208.523056,164.084717,64.968193,99.543503
208.636185,164.101974,64.917419,100.019211
208.675018,164.294571,64.968788,100.453140
208.732956,164.181244,64.935867,100.399902
208.965744,164.276138,64.870018,100.600266
209.117599,164.646729,64.806183,101.033333
209.982986,164.494965,64.424080,101.729248
210.156250,164.642548,64.503571,101.963745
215.686935,169.713028,62.639042,102.542747
218.171738,169.825592,62.283707,103.020729
224.133118,170.188278,61.481224,104.303650
224.702179,168.310654,60.878597,104.631424
225.379425,168.401550,60.568344,105.691154
226.695450,164.203156,60.315742,107.729103
227.352814,160.373581,59.410633,112.197792
228.136200,158.676880,59.736481,111.675125
230.266769,150.366028,58.906181,111.692047
229.492966,146.224167,61.843704,114.388390
225.982651,145.415741,65.320786,109.892479
227.744461,143.202332,65.987587,107.561363
227.844849,143.620911,67.356659,107.167763
228.270264,143.987991,67.468605,107.401871
228.774048,144.265762,67.578674,107.339050
229.731293,144.545410,67.987877,108.256256
230.099228,145.309967,68.055969,108.354225
230.359818,145.408600,68.535004,108.381805
230.405975,143.722366,69.804741,112.284409
228.490799,146.654343,71.088615,111.674751
228.276871,146.984573,71.338509,112.033783
227.542023,148.588318,71.425041,111.826263
225.954254,151.164322,71.919006,109.824150
226.920410,155.815811,72.866196,106.791679
226.696365,162.553375,72.633690,105.872604
226.517197,161.431320,73.109528,106.419800
226.593796,157.932816,72.632851,108.464279
225.182953,153.144012,73.511856,111.344505
226.959396,159.988083,74.723763,110.818802
227.435913,159.807648,74.830704,110.926132
225.363571,154.535309,73.283875,112.860062
223.150146,154.017975,72.030212,116.150154
220.989044,153.963699,71.923874,116.559692
215.497711,153.920380,71.455269,117.168602
214.706543,153.955688,71.239937,113.124260
213.379562,155.256821,71.326294,111.953819
213.038666,155.237167,71.602150,111.311111
210.815811,155.790924,72.745514,108.928780
209.979202,156.144897,73.333504,108.318970
202.899460,155.232880,73.573807,106.019592
201.231415,154.768570,73.932343,105.557640
200.405045,153.554306,73.953384,105.676216
199.267883,154.947861,74.100967,107.132332
198.765427,154.981796,74.567932,107.303658
194.383606,156.477310,73.302078,103.965775
191.863724,162.816849,72.193138,104.377739
189.992859,164.946686,71.829308,101.940369
189.661362,164.534531,71.274826,101.706963
188.495651,167.823654,71.147018,100.776611
187.132782,167.804016,70.985199,101.161934
184.485031,170.700180,70.838860,101.113396
179.621536,172.279129,69.738548,102.106430
174.007950,171.584915,67.684746,101.749435
169.485184,176.913834,66.371017,104.953972
166.313828,177.630157,65.835327,105.473465
162.578674,179.029327,65.527802,105.452774
162.271545,178.800934,66.377800,105.293945
161.561203,174.609070,67.157822,105.174606
161.441513,174.877823,67.580933,105.402153
161.706497,175.002686,67.640144,106.819321
162.941269,173.385468,67.927155,107.777046
164.360947,172.247574,67.702698,107.822739
164.556000,172.232941,67.804108,108.087234
164.770340,172.022644,67.899055,108.766296
164.795502,172.243805,67.949051,108.848473
165.244247,171.134735,67.416473,109.167175
167.527130,166.475708,66.214844,115.554794
168.293640,166.152008,65.790314,117.580063
167.982452,171.584961,65.235336,117.929970
168.781876,170.478058,64.745636,116.807816
169.427399,170.679199,64.136757,117.021080
169.807724,170.827164,63.546074,117.702927
169.803757,170.934311,62.783928,116.907356
169.615677,168.254791,62.090515,116.003754
169.416306,167.837799,61.982365,116.832375
168.959793,166.081024,61.663418,117.385521
169.140686,163.853088,61.703457,117.815498
169.774384,164.385605,61.134270,118.489288
169.648285,162.866989,61.648388,117.018448
169.613022,161.671463,62.368397,116.579735
170.001205,160.473801,62.272617,116.091232
171.241623,158.700119,62.026657,113.354675
172.770096,158.304108,61.994434,114.792633
174.063828,157.262695,61.172550,121.057014
174.443207,158.477783,61.248993,115.221588
174.736130,158.399948,61.423470,115.427040
174.618164,158.399261,61.535538,115.166542
175.678314,153.031418,61.594204,118.335915
175.215622,151.050674,63.029163,119.705162
175.087952,150.741760,63.908779,120.547150
174.557678,149.093933,64.449768,121.144119
174.437927,148.996262,64.850494,122.655098
174.551086,148.400620,65.218590,122.267883
174.976334,141.688385,65.017738,135.703659
175.146057,140.666443,65.403603,135.560349
178.663025,140.324890,63.849106,134.588974
176.349579,138.184753,63.782867,129.966492
175.245682,136.220505,64.000885,130.812988
175.318665,135.403000,64.435631,130.960846
179.280731,136.148956,62.736927,130.638260
179.382721,137.619293,62.641209,129.257919
179.662613,142.609024,62.583927,124.897377
179.872040,142.799225,62.943390,124.929207
178.750610,143.783554,63.126369,123.186668
176.845001,145.861359,64.164803,112.789833
174.163544,142.574478,64.668755,112.406181
174.351089,144.056473,67.926125,105.083565
174.872833,142.312408,68.397713,107.835136
174.659561,134.718842,67.031448,107.319138
180.001572,134.529694,66.344109,105.800522
189.883636,139.589203,66.021019,105.840729
187.566574,139.633026,65.979095,104.352310
187.793259,140.027298,65.956512,103.968346
188.611465,141.661484,68.444649,100.306862
190.129211,142.997559,68.261818,99.852142
203.139938,150.437195,66.903030,100.538208
209.925476,151.937973,67.164970,100.395195
211.346130,153.535767,67.198692,99.780586
212.607574,156.367554,67.078331,99.949860
213.920151,168.163605,64.378334,103.604218
220.266129,178.174240,62.673862,106.129234
222.593903,181.050919,60.637012,106.038033
224.896698,184.730484,59.794178,105.528381
228.095078,192.789795,61.203983,99.657959
230.148941,199.621368,61.752277,96.848175
233.275436,200.857376,62.361156,96.707413
237.470840,205.779861,63.203575,96.241714
237.075363,208.963120,63.587189,95.387222
236.436325,208.372284,63.709805,95.462379
236.145035,207.904541,63.902580,94.971130
236.897873,206.758362,63.663120,94.791924
236.762711,200.888672,62.386337,95.141418
236.794388,200.941803,62.481316,95.465248
238.174408,198.380081,60.353703,98.627350
238.538315,199.363907,59.513340,99.339874
241.831177,183.102829,57.879398,110.341423
241.361938,179.535080,56.414040,118.019897
239.747040,168.979309,55.424599,121.934700
239.807404,167.530167,55.339413,121.855789
239.569992,165.503220,55.667442,124.344696
241.352432,164.942154,55.517899,126.234146
242.205597,162.353424,55.000473,128.199585
242.125137,155.986984,52.492245,132.271317
241.988266,157.408386,52.039440,131.463318
241.768250,149.979614,51.219612,131.930435
240.765076,154.121567,53.070850,126.846718
233.379105,154.016296,54.833134,122.740921
230.375946,158.916656,56.383110,116.608208
224.509766,166.186203,58.299278,109.912888
217.758636,179.657578,63.162457,101.150070
208.490158,185.523346,68.288445,94.400391
207.211365,190.224731,69.331635,90.910713
210.487823,191.802521,69.130165,91.449837
214.606567,195.895432,71.080353,87.820404
225.200577,199.303619,70.410515,87.966911
229.810379,199.748550,69.647232,87.482796
231.262070,200.810287,68.974548,87.423454
233.672241,199.417572,67.108315,87.107834
233.575439,199.320251,67.144714,87.031349
226.035461,192.798615,66.220779,88.937759
221.990158,191.720154,64.927917,90.030266
221.886108,193.797791,64.615456,90.426033
220.953552,197.851135,63.817394,91.932739
214.088501,193.518936,62.542274,92.504723
216.197830,199.095566,60.233467,95.711571
216.412994,192.898361,58.365479,99.412575
217.440491,176.245880,54.566067,109.410309
218.050446,164.486954,50.660480,115.461197
218.921707,160.501938,50.387302,113.964798
219.269653,155.906143,50.041500,114.169212
219.752396,155.145523,50.140583,110.736359
218.419617,154.540054,49.961193,106.128593
218.250885,155.052765,49.632336,103.884460
218.926743,156.980804,49.093773,101.573372
215.453232,163.744476,54.395874,93.932060
215.228271,163.894913,53.830647,92.268402
215.942810,168.006882,54.298599,88.550720
217.762268,169.217743,54.605972,86.261353
223.622375,169.117996,54.856331,83.819481
233.610428,167.230942,54.773136,81.621185
238.910065,164.321976,53.401833,83.456192
247.633636,165.404587,51.967716,84.529358
248.561310,163.543274,51.182022,85.904472
254.096634,170.130386,50.625763,86.707199
256.855164,177.269608,48.334419,88.114914
257.312592,180.382095,47.993507,88.931839
256.448761,178.189133,47.212189,91.486526
259.260376,186.593903,46.043556,92.892220
261.255646,187.407303,45.325211,94.645111
263.840179,194.384354,44.222794,94.967087
269.989899,197.417099,43.722515,98.649338
276.154114,201.022034,43.214020,98.535461
276.781494,197.624542,42.798023,95.523315
277.449310,198.877975,42.148438,96.640099
275.560150,201.230103,42.082859,96.861763
283.277344,211.053619,40.725510,94.659866
279.443604,206.353180,39.399635,97.941826
282.696594,205.885574,38.243057,100.585907
288.476135,208.642838,37.364506,100.556076
294.395905,212.201752,36.257320,103.934738
289.915649,210.409821,37.207973,101.258369
290.426880,217.874832,37.303753,102.023987
292.487091,227.943375,37.242027,101.926674
293.524506,239.552399,37.267220,102.243225
291.917511,240.956711,37.749374,100.566208
290.902527,243.537521,37.768166,97.970253
292.089508,246.825592,37.417351,96.299950
293.504028,244.086456,37.457706,95.999855
291.162659,239.457123,37.982887,95.781548
292.580414,234.387939,37.061874,95.418510
293.757233,232.896317,36.386097,96.181732
295.512421,231.420746,36.106251,95.662476
296.184570,231.455063,36.326313,94.624008
298.970398,227.488495,36.139969,94.015060
303.954865,225.223541,35.577324,93.521439
308.802368,227.016541,35.441326,89.874474
313.888367,231.064972,34.808647,85.742332
317.817139,240.925659,33.797562,84.556671
320.106323,244.876099,35.030067,78.278618
324.782562,253.177536,35.290836,79.179375
324.872498,254.836029,35.588806,79.189598
326.713715,250.901947,36.123306,79.668159
326.515747,247.221802,36.305080,79.464058
329.809570,247.238098,36.506596,77.176842
330.064331,248.597107,36.393932,78.154526
330.360443,248.452499,36.507462,77.900238
330.686920,247.703537,36.927124,77.890617
331.112305,247.216995,36.736435,77.568909
333.750275,247.880707,36.103310,81.364845
335.744202,245.294632,35.919819,82.542366
336.444702,243.908981,35.772289,83.389992
337.407166,247.406021,35.946568,82.855484
337.583496,247.436050,35.954643,83.086708
337.139709,252.150528,35.808704,83.640228
337.075958,252.298492,35.920490,84.019333
336.885406,252.610901,35.679073,84.862000
336.471130,255.183685,35.534809,85.429413
336.675018,254.892273,35.782196,85.344910
336.790863,254.629044,35.936382,85.396729
337.541962,255.007050,35.963837,84.176003
337.184326,257.749481,35.665501,83.253952
337.400940,257.612305,35.887142,83.443970
