1
156.888000,167.428467,45.427383,90.088127
156.923615,167.631897,45.485157,90.433678
156.667831,166.340363,45.551544,91.177849
159.234772,160.358673,46.068394,96.349609
157.528030,161.950623,47.557034,91.919594
155.043625,164.800491,49.199448,88.957542
154.152405,166.243668,50.505058,87.879349
153.570908,166.534958,50.971157,88.043373
151.217987,175.473373,50.206650,84.711700
150.377731,176.152496,50.395615,83.637451
149.053864,177.001862,50.171696,83.380333
149.068268,179.066132,50.292389,81.152771
148.977554,179.276886,50.336067,81.185356
149.059341,181.430115,50.265236,78.825012
149.077560,181.972870,50.446697,78.296181
149.096939,182.076965,50.475479,78.464951
148.949265,181.947372,50.424343,78.366669
149.086716,182.409317,50.681519,77.965790
149.409073,182.552887,50.834015,77.980560
149.555466,182.601471,50.946865,77.891068
149.580338,182.707230,50.970451,77.921249
149.661713,184.034698,50.970963,77.463326
149.663452,185.877289,50.695480,76.682320
150.627960,190.517395,50.749798,73.706001
151.018066,191.416397,50.911777,73.676926
152.558914,195.041199,50.687611,71.450623
152.779022,195.128174,50.902046,71.098686
155.585251,195.799484,49.853325,75.349434
155.688217,195.936325,49.989380,75.666763
155.693863,196.109848,49.979149,75.970039
156.440674,193.718094,48.601952,81.398132
156.613098,193.003647,48.536507,83.449753
157.146423,193.034500,48.317871,82.730125
157.578094,192.533356,48.102242,85.315834
156.307114,191.714966,48.766708,82.537643
155.742615,193.979477,49.344875,78.303696
154.737061,196.355911,51.089771,78.283867
151.315308,197.090073,52.243908,76.501282
148.471893,194.922974,54.553936,73.923576
146.553452,196.061127,54.709770,71.187027
146.188690,196.214722,54.817192,70.206329
146.311569,197.608566,54.295525,68.265968
149.159271,196.526123,50.368725,68.708969
149.224380,196.671494,50.474556,68.970024
149.238266,196.689987,50.467640,68.971947
147.949417,195.985062,50.470703,72.597679
146.798737,196.130539,49.634041,74.176598
146.454437,196.825241,50.030216,74.106659
145.573196,197.664886,50.772583,73.859146
141.572525,196.786194,50.752110,74.488579
141.015167,196.105225,51.538464,75.001183
141.223740,191.902206,51.748867,76.110847
141.340424,192.032318,51.916859,76.607605
141.765091,191.280289,51.347034,78.623741
141.954651,192.060394,50.859695,79.183815
142.005310,191.984070,50.600842,79.848717
142.316406,194.205063,50.792347,73.950073
142.116486,190.498520,50.062424,75.139717
139.902466,188.148438,49.814857,76.029572
139.226471,185.045944,49.597286,77.454643
136.052368,183.563080,49.828949,78.201462
135.815018,183.340042,49.552845,79.559830
135.547379,184.656616,49.077461,80.043556
133.662552,184.644669,49.846096,80.448112
133.533997,184.716125,49.874756,80.833176
133.489166,184.913528,49.926674,80.625984
133.457047,185.113480,49.940937,80.904350
133.376907,184.853073,49.963142,81.578079
133.337936,184.723557,49.903748,82.004875
132.869720,181.589417,49.152374,83.810593
132.982330,181.700821,49.482265,83.921097
133.373428,180.961929,49.388191,84.258369
135.693069,184.219193,50.385441,89.262474
135.800003,184.844833,50.398907,88.172897
138.881973,182.522903,51.132973,89.646667
142.373718,184.753662,50.520290,90.235405
144.243332,182.302567,50.000389,90.387230
147.473114,176.219757,50.826870,90.134949
149.708267,178.207504,51.656700,91.725410
152.357300,177.593323,52.360317,91.847572
155.403503,177.640320,52.097420,90.772476
157.220413,181.455612,51.916821,91.022537
161.350189,182.744598,51.792797,90.861504
163.140457,184.448792,52.325809,90.308403
166.964966,184.238174,50.471375,91.052910
172.430618,177.850067,49.654472,96.562561
176.712875,179.331848,50.013542,96.213539
179.321960,180.407806,50.542706,95.780640
179.797012,179.207520,50.913975,95.631058
182.232178,179.153900,51.513927,94.921356
186.958923,176.562683,50.105633,95.198288
187.861359,175.736679,50.210808,95.138611
189.512451,178.406937,48.932659,91.961067
189.104919,180.324615,49.397408,88.428154
189.689865,180.555054,50.300800,86.025368
189.791245,180.813431,50.568935,86.378342
190.053314,180.793747,50.955746,86.337242
189.934128,180.891190,51.149014,86.419113
190.284805,181.622192,52.322166,85.984215
190.393265,181.684937,52.397266,86.104790
190.499222,182.078339,52.836300,86.371544
190.050064,181.588089,55.902500,85.425476
190.039200,181.429977,55.897751,85.590431
190.029404,181.275757,55.711861,86.031189
188.709106,183.367569,54.659798,86.392387
188.974854,183.703568,54.690582,86.726471
189.828781,183.365158,55.032955,87.088303
188.215698,179.086685,53.755478,88.960052
190.145660,177.024902,54.009010,89.536644
194.836548,172.565186,54.591278,89.453171
196.433167,169.302399,54.344975,89.223648
196.257751,168.432358,54.378387,89.154984
197.070190,167.702805,54.536331,89.037537
199.035263,166.283218,54.545433,89.415955
198.991364,164.733658,54.752056,89.396378
198.443298,162.904465,53.862507,89.180954
193.787857,164.116028,54.288723,89.289238
196.883362,163.928223,54.252602,89.972755
202.623566,161.743576,53.517971,90.585266
201.531189,163.288300,54.522633,90.826767
202.453247,166.190964,55.041550,90.609497
202.827866,165.840927,55.685463,90.856544
204.106110,165.421555,56.216011,90.770134
204.317902,165.025162,56.650753,90.916924
204.335678,164.671570,56.804985,91.259926
204.564575,163.606049,56.616699,91.455299
204.814972,163.111496,56.815399,91.398994
204.856445,162.839615,57.166306,91.126495
204.597412,161.407349,57.296658,91.423050
204.272308,160.810623,57.663044,91.358452
203.952621,159.780930,58.145161,90.886353
204.236618,159.781067,58.534092,90.624229
204.675735,159.491760,58.990959,91.010071
203.741943,160.069534,58.802532,91.029282
203.682938,160.214340,59.058319,91.426414
202.818405,160.426971,59.502071,91.294945
202.852417,161.223648,60.080650,91.095093
203.589630,161.426025,60.879913,90.946014
203.839355,160.525452,61.079880,90.805321
203.709930,159.956360,61.358105,91.114601
204.004654,159.969391,61.609394,91.302872
204.093994,159.983917,62.092007,91.627785
204.459213,159.474945,62.590736,92.236717
204.654083,158.944687,62.797596,93.172874
203.212708,157.913284,63.039078,93.992996
203.360596,157.953812,63.489044,93.940300
202.732697,157.745453,63.373230,93.971413
202.659012,157.690918,63.457306,93.915215
200.937164,157.361633,63.253761,93.908333
201.092239,157.252579,63.427696,94.037567
201.437943,157.865189,63.357494,95.044739
202.001556,157.785919,63.518829,95.622505
202.269257,157.909683,63.955769,95.956932
202.536270,158.300934,63.838001,96.100876
203.112839,158.649261,63.884636,96.587250
204.512833,159.390610,63.135616,97.677849
204.966858,159.399673,63.672302,98.088524
210.229019,162.532318,63.135723,99.783928
212.627289,161.334686,62.410313,99.839088
221.506378,160.832230,61.093262,100.402084
226.619751,162.434814,60.665031,100.718071
226.446915,163.312790,60.708820,101.120613
226.715088,161.613083,60.396824,104.182350
226.450714,157.759705,59.735935,108.540977
226.586151,157.357590,59.918591,108.708160
228.838379,149.032394,58.734005,109.260414
229.496384,142.127594,58.452282,115.529678
227.769226,142.344101,60.011982,112.689148
229.335907,142.539688,61.384403,110.312790
229.747452,142.521637,61.717896,110.032860
230.701843,143.031357,61.952232,110.716644
232.399811,144.891739,62.437290,110.653931
232.919418,145.560715,62.510860,111.417305
233.978226,145.445694,63.219326,110.605812
234.168350,145.639648,63.692059,110.875481
233.940872,143.572769,63.915142,116.019112
233.057144,145.120026,64.569687,116.341736
232.186676,144.884018,64.852936,118.993507
231.038193,146.894531,64.775208,118.160934
229.514664,148.772095,65.541351,116.768250
228.887177,152.860291,65.295563,116.037338
229.996445,160.398209,65.560822,114.509621
229.192459,149.639694,67.650589,120.439011
229.338943,148.643112,66.930962,121.300751
228.918350,145.042694,67.047318,121.853226
230.594650,145.547653,69.083229,122.711197
232.378586,148.097168,68.214272,124.039062
230.678101,145.721054,67.365044,125.798683
231.000458,146.646225,67.105743,126.705719
227.974426,147.866608,67.176941,124.583412
225.021362,147.845673,67.029053,125.016769
222.048859,147.544937,65.444962,125.768356
215.056152,153.772964,65.495575,116.530785
210.609726,157.312378,65.168564,112.645874
210.320282,158.585220,65.997833,110.591980
206.430374,159.152252,66.174431,110.134789
203.323929,158.760376,66.190636,109.703941
201.137695,159.722885,65.722221,107.410538
200.376801,155.253799,65.879471,106.729637
198.385757,157.462769,66.838150,104.618866
196.777542,157.781906,66.845230,105.144371
192.578903,159.663376,66.762016,102.663620
190.115402,165.696121,66.145119,101.941010
188.918320,166.558289,66.458397,101.002449
188.519333,166.861282,66.298401,101.364822
188.409821,166.841583,66.260666,101.537567
187.456009,162.585648,64.977089,102.316406
184.601379,163.456924,65.179405,101.866982
180.358932,165.926483,64.574715,101.369774
176.855789,163.229721,63.818584,100.460487
174.968613,167.255676,63.639767,103.966988
170.833542,168.876083,63.195732,104.865372
165.258301,173.106232,63.268116,109.390678
165.238159,172.537079,63.773693,109.406334
164.825684,172.147095,64.730377,108.537071
163.773712,172.545410,64.923096,108.893372
163.769424,172.655411,64.981926,109.546471
163.807388,172.825653,65.019142,109.906998
165.340027,172.128403,65.232391,110.301048
165.654968,171.916595,65.347786,110.625374
166.018494,171.671371,65.356560,110.971855
166.107346,171.756821,65.336479,110.859230
166.242218,171.315796,65.051910,110.977432
168.078995,166.017670,63.925171,117.334084
168.888962,164.967606,63.395775,117.883949
168.997986,166.174622,63.253826,117.795868
169.113861,166.049545,63.387962,117.777931
169.550751,166.418655,63.027458,117.788094
170.050461,165.312576,61.927227,118.524040
169.967743,165.985229,61.941967,118.457489
169.451187,165.510483,61.830116,117.542389
169.169571,165.962341,61.839447,118.329811
168.869781,166.117065,61.855690,118.358727
168.941254,166.111435,61.929428,118.432106
169.073517,165.672577,61.820030,118.633682
169.034058,165.132401,62.036613,118.461311
168.626953,162.554367,63.406990,115.406860
169.294830,160.364182,63.498997,115.824211
170.042526,159.220047,63.444206,113.404556
172.065872,158.197968,62.292313,114.116348
173.889755,156.903259,61.485634,120.262161
173.999924,157.262711,61.137321,114.849525
174.197205,157.413101,61.572456,114.857117
174.046783,156.720901,62.373356,113.728836
174.658035,152.729935,62.164898,114.656288
174.125656,152.244659,64.442673,117.434486
172.911667,152.104065,67.198212,118.449875
171.707245,151.324722,68.107040,119.001556
171.944443,150.051422,68.399925,119.406677
172.213104,149.593063,68.465843,118.991058
172.969284,142.029434,67.911057,130.422867
174.145828,139.939835,67.605057,134.175262
176.591949,136.778122,67.315552,132.498657
175.874619,133.183899,67.056068,127.879883
174.067322,131.892731,67.034607,129.520782
174.270462,132.006760,67.457916,129.914169
177.520325,134.416306,66.289566,128.094238
177.665115,137.307663,65.994537,126.469696
179.590042,145.176590,65.091484,121.787331
180.095657,145.124237,64.672630,121.832329
176.935318,146.688675,65.209770,118.274979
175.417206,148.722458,66.236069,111.535439
172.746536,148.514877,67.177658,108.936028
172.727188,142.262863,68.052078,103.409737
172.025055,145.200821,69.437805,106.375908
172.866455,139.466110,67.809929,107.863426
178.429794,135.551834,66.338104,105.955597
188.049957,140.751541,66.664474,105.047440
187.517807,140.062546,66.396667,105.101669
187.673691,141.791428,66.702393,102.887001
190.122116,146.207108,68.475380,95.632111
190.006332,146.407761,68.512703,95.879761
198.486160,148.617508,66.973495,96.016701
203.696320,149.348511,68.084282,95.866798
204.840744,150.884155,68.494324,94.641243
205.188522,151.012085,68.035088,95.604630
208.154861,155.310928,65.573792,99.600632
214.770874,157.312683,62.526390,105.653709
221.614075,159.257675,58.753716,112.370041
224.632294,167.669708,57.612549,110.928795
223.932281,173.648880,61.360416,106.604996
227.676590,179.146851,61.087547,104.673546
229.713043,181.207886,61.237427,104.173264
234.671814,187.059464,60.731884,108.272278
235.131500,187.802063,60.656372,108.904770
234.336670,187.811234,58.994823,108.926781
234.530136,183.330826,57.890583,110.431854
236.175385,181.260651,57.492119,109.761009
235.179642,173.479691,55.668816,110.074951
235.259781,173.310883,55.818317,110.618416
236.045837,174.003189,55.210155,112.432228
236.932037,174.742264,54.579060,116.042030
240.343582,170.913727,53.369751,116.993500
241.049591,169.104553,52.993740,120.987846
240.708344,163.810074,52.855625,123.310410
240.675797,162.971863,52.969406,123.240868
240.200882,162.060120,53.636971,123.584373
240.128464,161.905670,54.066891,123.850357
242.349426,158.173172,53.238914,126.808418
243.559891,152.193375,49.604095,133.993103
243.485611,153.432755,49.592327,132.179535
243.536560,150.873886,49.192009,133.454636
241.940689,155.197495,51.615341,125.920738
234.710495,153.809113,52.515114,121.712883
232.099747,160.250763,54.899025,113.340836
224.750061,171.700455,58.504570,105.610794
218.525253,182.555130,62.266190,98.598877
208.476059,188.228271,65.929688,92.748055
207.274368,190.220154,66.739822,90.537682
208.368469,192.524841,66.934464,91.173180
213.130615,193.952377,68.149918,88.683342
221.790924,194.509628,67.906151,89.060616
231.349487,191.259155,67.320282,89.306839
232.329056,192.648453,66.786850,89.307304
233.216858,191.717804,65.545624,88.462708
233.532410,190.222702,65.756569,87.956047
229.559845,184.919235,63.242661,93.679398
221.896118,183.105301,62.430779,94.885445
222.326782,183.478195,61.983448,95.244507
222.003525,184.566711,61.573952,96.027100
213.707779,183.435562,61.201889,96.938377
215.937393,187.108002,58.556370,99.258148
217.508423,183.008621,57.213390,105.482536
216.879730,178.566483,54.780499,108.227020
219.220245,163.642212,50.139828,118.257454
218.824860,160.007584,50.145824,116.994179
221.529419,154.022415,49.130054,116.455345
220.902832,152.362930,49.170910,113.346443
219.456497,153.233444,48.844852,109.089363
219.019516,153.688354,48.565514,107.929192
218.546722,155.036865,48.711445,105.309479
216.825363,161.798340,54.731300,97.449463
217.559937,162.859268,54.493866,94.445915
216.997955,163.462280,54.229790,91.505470
218.604462,164.680298,54.474617,89.930016
223.835312,165.142685,55.092045,86.556587
233.610977,164.634216,55.286003,84.756523
238.123077,162.715317,54.323315,85.818764
249.067978,163.454193,52.704124,87.792763
248.820770,163.838974,52.621407,88.112991
253.976166,169.176300,51.879272,90.455711
257.166931,174.912506,49.783886,93.017845
257.435150,175.553955,49.795734,93.627495
257.463715,177.584183,49.282822,96.219231
258.960236,183.667542,47.988064,97.482063
260.457642,184.041580,47.006100,99.260925
261.830353,189.809082,46.068363,99.516479
266.226532,192.762405,45.735634,103.074463
274.065369,193.810562,44.911148,103.760979
274.002075,191.202621,44.594181,103.546928
274.702820,187.108322,43.892517,106.267319
273.334991,187.347061,43.947430,106.663544
278.367981,197.726898,42.684254,104.751877
279.650879,197.200806,41.571941,108.645035
281.352173,199.151535,40.570316,112.788383
285.838745,198.593033,39.921654,114.822189
288.885620,201.231110,39.677261,116.065147
285.387695,199.930542,40.342796,114.104172
287.810089,204.486603,39.555809,112.926872
288.463043,215.647232,39.637566,112.012230
288.451447,218.619629,39.570839,119.213486
286.050140,221.164383,40.513359,114.080696
286.342712,223.509918,40.918270,112.210136
288.518799,226.125717,40.642548,111.828362
289.045105,224.612427,40.678978,111.363525
288.485901,218.600861,40.583931,110.477791
290.122925,218.423294,40.391407,110.113365
291.570770,216.123718,39.453899,111.408417
292.443848,215.325302,39.272652,111.127083
293.903320,218.031128,38.651981,109.659645
297.863739,214.376984,38.204189,108.756020
301.316833,214.499390,37.506371,108.112274
305.998962,215.779907,37.710411,104.444748
311.814209,218.703796,37.204796,101.022179
314.410004,228.218628,36.493191,99.750389
317.833374,232.437317,37.270779,92.786751
322.013245,236.957687,37.301533,91.732567
324.014160,249.059372,37.904060,88.171074
329.120300,247.132828,38.077503,86.925049
329.502899,245.656433,38.474289,85.657578
331.168640,248.235291,38.637642,82.838867
330.622803,251.234955,38.673634,82.443954
328.928223,251.689682,39.228939,81.454605
330.308746,251.077271,39.335796,80.986374
331.141846,247.377579,39.032612,80.718086
333.024109,248.618561,38.828979,82.096291
335.614685,244.839218,38.368618,84.588303
336.145325,243.782944,38.278149,85.479774
337.102325,245.561707,38.145271,85.475174
337.751160,245.640396,38.313961,85.743874
337.768188,248.698227,38.126297,87.353897
337.701996,249.139252,38.179966,87.660072
337.004456,249.673050,37.766609,89.096527
336.661438,253.329544,37.598682,88.635490
337.054779,253.767685,37.812523,88.653793
337.083710,253.790161,37.907581,88.804695
337.644958,254.551346,37.949093,88.452721
335.368134,256.320465,37.562153,86.698647
336.001465,258.123993,37.932495,86.077354
