1
162.879562,170.491364,34.021660,87.732162
163.077057,170.657181,34.514450,87.965981
162.764282,170.424316,35.151360,88.141289
165.903122,170.005371,37.856892,89.073914
165.706192,170.883438,38.205536,88.914429
165.836426,171.309006,38.709789,87.645386
165.604370,172.936050,39.569283,86.247627
164.390320,173.052902,40.134171,86.234123
160.155685,177.762070,40.357014,84.349174
158.962051,178.312775,40.570877,82.664619
156.975342,178.965805,40.699093,82.460892
156.664230,180.988129,40.573112,80.839676
155.770630,181.993271,40.997807,79.721817
155.697952,182.230301,40.883343,79.649384
154.998413,184.442551,41.594860,76.299347
154.340408,184.212357,42.116104,76.458046
154.306183,184.194611,42.501976,76.462563
154.464493,185.117264,43.745487,73.915535
154.644089,185.098587,43.945293,74.032951
154.762299,185.213516,43.933968,74.355972
154.833908,186.014908,43.858063,74.129326
154.955460,186.676529,43.935268,74.267624
155.241440,192.010941,44.018005,71.465485
155.807129,193.097412,44.078220,70.044250
156.013947,193.361526,44.492622,70.394630
157.088165,194.874847,44.439697,69.662651
157.151276,195.030670,44.466709,69.913918
159.204727,195.446152,44.282539,72.798401
159.325150,195.571732,44.655819,74.008759
159.462173,195.972717,45.013599,75.062904
159.160782,195.151733,45.536110,81.132782
159.199448,194.459000,45.332405,85.878616
159.334412,193.285889,44.953125,85.536293
159.547150,193.595322,45.024437,87.212891
158.871704,192.766083,45.031082,82.579811
157.963974,193.329391,45.870243,79.154243
157.413040,194.038284,46.514236,78.494690
154.526917,197.626114,46.985710,75.226151
153.114029,197.196854,46.767975,71.407448
151.560028,195.746521,46.533428,71.253593
150.732452,196.538315,46.959496,70.904121
150.016800,197.614853,46.430305,68.397163
150.439926,197.609589,45.443008,68.235069
150.356552,197.702438,45.665279,68.408836
150.561996,197.767441,45.874863,68.447342
148.035522,199.864670,46.493198,70.895317
147.371796,200.572540,46.135223,71.189499
147.124481,200.067703,46.253677,71.517052
146.362991,200.706879,46.629440,71.400681
143.793198,198.799835,46.355099,72.527237
143.473190,199.028656,47.081333,72.716454
142.613022,196.508362,47.372936,73.500977
142.647537,196.832642,47.363121,74.059853
143.835312,191.990311,46.819332,76.979675
144.363312,191.293732,46.376858,78.150589
144.429855,191.440796,46.477074,78.431328
144.374771,191.861588,46.479443,77.717728
143.454315,190.434296,46.029926,78.312515
141.080215,186.607651,45.506924,78.818390
140.309830,184.775482,45.638378,79.634628
138.242371,183.657852,45.800991,80.548317
138.237991,183.905045,45.868286,81.123947
138.155991,184.209518,45.732147,81.555573
136.281143,183.883621,45.998535,81.923454
135.952179,184.462784,45.945251,81.992104
135.411133,184.348068,45.922287,81.904488
135.422531,184.331070,45.987988,81.846695
135.434052,184.363678,45.925797,82.070084
134.837891,183.695221,46.122593,80.820389
134.923462,180.076965,46.047153,84.043915
134.992249,180.635605,46.701214,83.161430
135.458572,178.911362,46.724232,85.397209
137.775604,181.081375,47.518440,92.454849
137.517700,182.994690,48.072559,89.260155
141.501648,180.935425,49.559998,90.781784
143.085526,184.181717,49.723022,90.148567
144.733353,182.070724,49.162773,90.679161
147.038651,176.648819,49.636532,90.281853
151.167664,179.224838,50.423351,93.128799
152.539993,178.626144,51.788082,90.889076
155.666336,178.975571,51.936527,89.423653
158.948685,185.053909,51.215843,88.320580
160.954391,185.143890,51.469307,88.445198
164.930084,188.805786,52.465080,86.510521
169.097702,188.099274,50.086609,88.346710
173.297729,185.812057,49.818516,91.641891
177.567520,186.881027,49.860882,90.834129
179.619339,187.305557,50.132278,90.628174
180.862274,183.924469,50.390087,91.224678
183.958633,182.267395,50.579491,91.404457
187.239136,179.758835,50.205055,92.112503
187.884659,178.422531,50.532814,91.892929
189.352310,180.773117,50.189445,89.320847
189.396545,181.368195,50.598614,87.307877
189.538803,182.771805,51.647007,85.256371
189.818359,183.332031,52.054737,85.270142
190.119812,183.411377,52.463463,85.460815
189.930939,183.688080,53.063141,85.441788
190.260925,184.474915,53.872936,84.795586
190.328461,184.726669,53.878132,84.987579
190.232834,184.830887,54.763458,84.970406
189.595978,185.080460,58.090740,84.611588
187.684860,183.384323,57.874550,85.066681
188.344193,182.054962,57.224514,85.588913
188.712967,183.826950,56.543865,86.638687
189.084167,183.982864,56.826500,87.042267
189.215775,183.552795,56.974537,87.415764
187.802246,180.419571,55.262470,88.788589
190.824600,177.195572,55.431515,89.581596
191.911514,172.104004,54.879959,89.010368
193.211166,169.909195,54.542004,88.738937
190.002670,170.887421,54.923409,87.463348
193.226532,168.327255,56.108433,87.598122
193.716629,166.344589,56.505447,87.110771
193.479980,165.807785,57.496616,86.397896
194.082016,163.725281,57.301445,86.093903
195.095200,164.676056,58.702301,85.232430
192.779541,164.187347,58.389568,85.033577
191.457169,165.015930,58.487236,86.452202
194.833160,168.000381,58.310844,85.858917
202.759293,165.192703,57.627674,86.575233
203.074341,164.207306,58.092247,87.050407
204.943207,162.021133,58.324329,87.316666
204.954330,161.945847,58.704720,86.355446
204.995041,161.125671,59.189732,85.927635
204.074692,161.724976,59.552586,85.060654
205.238052,159.934982,60.129120,84.956642
205.738846,157.907227,60.384396,84.517250
204.571716,156.577621,60.987671,84.990654
203.823853,156.204224,60.966057,84.957245
205.120377,153.576065,61.559292,83.808411
207.215927,152.894638,62.337101,82.395798
209.831726,153.632278,63.016979,81.611992
212.057327,153.617432,63.536560,81.432343
213.051285,154.431274,63.931595,81.121826
214.583023,156.982620,64.174324,80.540138
220.035339,158.136154,63.649086,79.421394
219.084152,159.570343,63.714802,78.074615
217.663666,160.367325,63.778137,77.477066
217.223099,161.903000,63.375183,77.491066
216.765518,161.859375,63.346008,77.058670
216.190155,164.066513,63.530708,77.189133
216.532806,163.481461,64.236206,77.374748
216.300308,162.805817,64.335609,77.052979
215.416290,163.255661,66.378021,75.668465
215.034943,162.180023,66.638840,74.755241
214.930496,161.048386,67.716362,72.979942
214.835266,160.227875,67.892403,72.182793
212.920914,160.573029,68.070328,71.890991
211.898956,160.368301,68.491562,71.547516
211.696381,159.881989,68.415588,71.462608
211.911911,158.511475,68.638031,70.905731
211.932144,158.207138,69.224434,70.422943
212.018814,158.326935,69.348381,70.495888
213.855087,158.630325,69.026184,70.299599
215.941605,159.748276,67.445305,70.106453
216.344604,160.022705,67.120377,70.483261
219.212723,167.490524,65.021744,71.084671
218.943390,167.980347,64.943253,71.329140
223.578995,176.291412,62.981750,72.188705
226.133072,187.745926,61.113892,72.318863
227.413254,190.758926,58.829361,75.216179
227.818909,188.853134,56.374561,80.730156
226.658844,186.708511,53.816730,85.824921
227.662521,178.859726,53.477058,88.981789
231.117294,164.144104,52.196068,90.499687
231.610733,161.608429,52.358051,91.153511
229.801987,159.201096,53.052330,90.077553
236.504669,154.225540,53.565353,90.832825
236.157257,151.063614,54.157833,90.050087
236.535278,151.171768,54.395550,90.452950
240.944458,151.553589,54.404427,90.190857
240.874924,151.441269,54.470711,90.368958
242.143967,150.453995,54.933254,88.326996
241.367538,150.282684,55.507572,87.779411
240.458664,150.690475,56.205013,88.246246
237.045532,149.830841,58.243500,87.377129
236.573715,150.515594,58.233490,87.533905
235.869583,151.085129,58.156895,88.294899
234.727402,152.168808,58.386307,87.370178
235.248596,154.357483,57.270061,86.482895
235.855606,156.670212,57.028404,86.020157
235.914429,157.863937,57.174267,86.617966
237.560791,155.105194,56.690624,86.955124
237.235519,157.646423,58.118221,86.815575
240.661560,163.067459,57.954487,87.383469
247.986649,162.847900,58.177116,87.204819
249.459686,162.987366,58.027843,87.493004
249.983948,162.331039,56.769821,88.964127
254.406601,161.760941,55.985222,89.908226
256.591827,162.173706,54.962921,91.676338
2
0
0
0
0
1
183.427948,155.543625,72.419296,117.402748
185.244400,155.011032,72.172638,116.437614
184.152374,158.590607,72.717918,116.860268
183.977036,159.280960,73.009613,117.007378
182.342209,159.354141,72.655876,115.587524
181.215942,167.885376,70.686989,112.890770
179.225769,168.798035,70.378082,113.108047
178.348648,168.012421,69.654411,113.135605
177.467239,166.456680,68.353600,114.295334
173.016113,164.544327,67.062302,112.891205
169.273056,166.085190,67.118813,111.324783
164.830795,171.072327,65.142670,108.566902
164.790070,171.217026,65.185066,108.748146
163.435226,173.085754,65.050224,114.302086
163.075729,173.479675,65.319191,114.360733
161.080292,174.085007,65.029846,114.517616
161.457626,174.372452,65.650932,114.568069
160.979645,175.060654,67.324913,112.712845
161.054932,175.000885,67.408821,112.800560
162.096039,173.718460,67.044472,114.262833
163.080765,172.224655,67.313187,114.981155
165.069687,170.304230,66.911209,114.134773
165.185257,170.222672,66.879181,114.302177
165.223434,170.277161,66.931709,114.474388
165.360748,170.185059,66.842903,114.511124
165.509384,170.895233,66.320946,114.926315
169.842331,163.309586,63.332325,121.756287
169.989059,162.774689,63.417477,121.555069
169.967911,163.613739,63.450123,121.480087
169.785172,163.221222,63.383240,120.909485
169.934143,163.821869,62.982986,120.963203
170.456909,161.504501,61.641098,122.248215
170.217484,163.097214,61.720379,121.669899
169.799576,163.588150,61.699032,120.153275
169.580826,164.388702,61.756321,120.161209
169.426376,164.443054,61.832527,120.503456
169.544449,163.823547,61.737816,121.380959
169.888443,163.266953,61.349899,120.977150
169.779999,162.888916,61.626823,120.598358
169.914108,161.428665,62.357502,117.808632
170.415604,159.338806,62.291393,117.006096
171.342896,157.706024,61.718632,116.089645
173.004959,156.830704,61.192223,116.524742
175.327133,156.707672,60.330803,127.044052
175.466141,155.019058,59.951698,120.023422
175.491272,155.251678,59.987885,120.454491
175.628632,154.669876,60.033966,120.381599
176.114014,152.717896,60.523357,120.715858
176.978012,150.548462,60.778866,123.437759
176.780258,149.778564,61.612038,124.127235
175.876633,147.230225,62.285606,122.880165
176.493240,144.707169,62.360241,129.149155
176.282883,142.922562,63.830383,127.905014
175.855621,140.175613,63.980072,136.376526
175.860641,138.501953,63.657799,137.811081
180.290863,140.367050,62.888329,136.766800
178.046997,136.328735,62.544945,131.129120
176.047989,135.179749,62.780037,131.650940
176.262146,134.810974,62.906223,132.215286
178.882996,133.615891,61.268433,133.130142
178.947098,134.605682,61.230545,132.581451
179.332199,140.924561,61.057835,127.965309
179.737549,141.264816,61.414955,127.795082
178.721893,140.624878,61.312275,126.841354
176.985443,145.160049,61.981613,114.163239
173.324707,144.930237,64.422707,109.246376
173.262146,144.856888,66.559303,106.347961
173.186859,143.703033,67.474548,106.290649
173.311615,136.771378,66.682762,105.875786
177.581009,133.225983,65.507835,105.107079
188.206909,134.031403,64.872932,106.599152
187.324966,135.871765,64.957184,105.405067
189.587860,139.355042,64.582748,105.621231
190.671967,143.994827,66.689819,98.853745
193.522171,145.572479,66.685501,98.472176
199.806732,145.254623,65.643257,97.618568
205.039139,145.432373,66.296402,97.348808
206.996643,148.028076,66.137482,96.149292
207.420502,147.987411,65.537888,100.499275
211.058823,154.177811,62.483604,108.672348
217.548569,159.593689,59.142654,117.533279
223.603043,162.594849,56.132179,122.490768
226.515228,170.826630,55.763405,117.101021
228.925659,179.871429,57.906300,110.970276
232.294342,186.149338,58.960888,106.299255
233.782104,186.969467,59.012535,106.079338
237.935852,187.875183,58.802082,108.368759
237.963974,189.828949,59.016743,108.289032
236.622330,188.793839,58.028492,107.600822
236.325256,174.533020,55.968006,114.995079
235.841782,171.238098,55.694305,114.574036
235.466476,169.483704,54.876587,114.200600
235.139740,166.992126,54.709446,115.925766
235.328903,167.070068,54.919857,116.050354
235.706329,166.852066,54.662582,117.588440
238.794708,164.565018,54.653252,118.158371
239.968704,164.610687,54.338711,119.629433
239.930695,161.068024,54.192272,121.516144
239.958557,158.330338,54.534626,120.617828
239.261307,158.912613,56.992008,122.221664
241.789795,158.130157,56.948807,123.901642
241.741318,158.433380,56.816051,123.699699
240.591476,153.102051,53.535698,128.274338
240.612579,153.266953,52.986164,126.505386
240.823608,151.606888,51.642094,127.336800
241.039505,152.417648,51.938530,127.218163
233.334274,151.810440,53.152546,124.043976
232.104370,153.806107,53.974926,122.563461
225.688828,162.465958,55.580273,115.354027
222.232147,179.307617,63.117496,106.372749
213.586288,184.136276,68.337685,100.279236
211.963882,185.850845,69.039986,98.534462
218.535919,185.634064,68.553474,100.731598
220.453125,189.090271,69.185974,98.178581
228.711884,188.580566,67.877678,101.051498
228.731506,186.973328,67.261894,100.746429
228.580704,189.084549,66.354759,100.175781
228.543442,187.781921,65.650810,99.332466
229.518173,188.473282,65.720909,98.968918
226.778442,184.777740,64.075829,101.309891
222.285492,182.801697,63.738937,101.717590
222.089371,182.589783,63.658623,102.598557
218.932129,181.399033,63.256203,104.975220
213.245697,176.444611,62.538818,105.184563
215.743149,179.263611,60.364624,107.844238
216.196854,175.484863,59.542793,112.079803
215.451645,173.213120,59.040596,112.284653
218.031891,163.676208,54.884949,117.415070
218.460175,162.036133,53.468887,115.302956
216.708313,155.135544,52.504719,115.905418
220.284653,153.275040,51.560909,113.050652
218.430969,152.159332,51.450478,111.110039
217.506210,153.128815,51.293228,107.957367
217.781403,154.294647,50.731182,105.726242
217.917984,160.212677,54.745499,98.106628
215.492966,161.413223,54.689613,93.761795
214.052109,161.769165,55.151039,90.622520
214.180023,161.148315,55.894245,89.574356
218.246292,159.607742,57.117878,86.221916
226.573639,157.542068,58.485558,84.371658
233.659653,154.004211,57.596306,84.543747
245.159424,153.852356,57.659294,84.189217
245.439407,150.696075,56.863155,85.635529
244.451355,149.742157,54.986423,89.086807
245.602142,147.783630,52.037556,90.725235
252.929214,149.459381,51.009483,88.270752
250.189865,142.985001,50.508160,89.087563
260.685089,141.518433,50.431847,90.350151
259.804840,137.249832,48.989105,91.787170
261.973877,131.837189,47.475307,94.281670
260.788849,135.490067,45.882015,95.718239
263.775909,138.437607,43.510426,96.690926
266.943848,142.111008,43.793907,94.423325
268.252472,137.559509,42.797405,94.347084
267.951172,124.321701,42.515015,113.212250
277.479095,142.447556,43.609009,108.661568
276.559143,142.242706,42.971077,108.037010
277.465363,145.021255,40.235859,109.153931
284.396942,154.845291,38.611286,106.555092
285.197388,164.168167,37.645599,106.164177
284.160431,169.680084,36.610756,106.752113
284.121429,168.038849,35.989491,107.823112
284.685364,167.530792,35.282387,108.580872
284.992554,160.224838,33.904881,113.520294
287.758667,160.665909,34.800652,112.448212
289.027496,162.332611,34.216068,115.569603
289.514893,155.296326,33.521957,119.004227
293.879120,157.155319,34.187355,113.690834
291.216888,150.065292,34.383801,112.023392
293.827179,153.451782,34.299671,111.649460
296.925812,157.956467,34.420013,112.225189
298.956451,161.108841,34.355396,111.795471
299.605164,170.743896,34.169735,113.850357
303.303223,171.299026,34.138466,114.459808
305.369141,172.646515,34.490429,118.378082
307.434570,177.948074,34.754189,117.408409
309.036224,184.329605,34.452244,117.110992
314.390442,181.763794,33.448002,125.565712
315.610260,183.639816,34.371338,124.946968
318.844635,187.582123,34.781609,128.679886
319.484833,204.312119,36.439373,125.349152
327.006348,202.850815,37.488365,125.024406
332.255707,207.285812,38.106312,122.987366
330.338593,216.166885,38.415298,118.982986
330.247009,215.990051,38.236084,117.687996
329.667480,218.334122,38.585808,114.912521
333.610474,208.659668,38.415997,117.496155
332.277954,220.671127,37.831367,113.182945
336.528931,220.180344,37.497005,114.234604
335.966064,225.223938,37.819767,112.803009
336.066345,234.266235,38.065514,109.182640
336.657318,237.453888,38.456501,107.809715
338.070801,241.559433,38.395290,106.446564
338.052094,249.472794,38.719269,103.822281
337.537323,253.905579,38.868767,102.459595
337.773834,256.290100,38.655003,101.531601
337.494232,259.532349,38.302570,100.467651
337.528992,259.639191,38.361084,100.114578
337.210876,257.372559,37.915569,100.069054
338.434174,257.104980,37.872581,98.510384
335.322052,259.889069,37.635784,95.884315
336.543152,259.156097,37.894882,95.025871
