1
159.420288,173.158585,42.192913,94.594788
159.449310,173.687454,42.703972,94.888206
159.428085,173.574219,43.017597,95.152946
160.725189,170.281555,44.183762,95.730064
160.622604,171.675568,45.272633,93.714767
159.957199,172.447250,46.613533,92.243736
159.805389,173.210571,47.215717,91.613068
157.135788,173.858246,47.904442,90.410477
153.924454,178.228470,47.728783,86.251648
153.789917,178.365479,47.889816,85.823898
153.050247,178.350555,47.672741,85.738419
152.962357,181.393524,47.684822,82.617493
153.022537,181.471664,47.879490,82.696426
153.089386,182.186493,47.920628,82.060135
152.696152,185.451233,48.226128,77.539116
152.510147,185.534683,48.428478,78.137070
152.406723,186.242844,48.524174,78.317932
152.811691,188.280121,49.056877,75.310745
153.051971,188.368637,49.461143,75.459618
153.129700,188.714294,49.455688,74.807884
153.138718,188.836655,49.461006,74.946983
153.137772,188.904800,49.468269,74.939133
153.095581,190.517899,49.325516,74.357872
153.494186,192.101089,49.128632,71.898834
153.694016,192.205933,49.471172,71.981407
155.173080,196.178772,49.268398,67.658859
155.304504,196.382858,49.488354,67.411247
156.405197,197.149353,49.588505,70.849571
157.257889,197.434387,49.810051,71.500580
157.310822,197.799927,50.016514,71.935181
157.256775,195.154099,49.751892,78.642899
157.961884,193.991516,48.292213,81.892967
158.615845,194.013123,47.178745,80.463898
158.340576,193.797928,47.628181,85.209564
157.247940,191.077866,48.029381,84.516090
156.788986,194.206528,48.877872,80.352997
155.576187,193.909256,49.840832,79.911835
153.355957,195.271957,50.293205,77.232895
151.094574,196.441193,51.432850,74.074615
148.949234,198.460327,51.557549,70.599869
146.762131,197.688370,51.544899,69.022835
146.539505,199.035446,51.264938,68.630455
147.783630,200.816330,49.123093,68.039917
147.542801,200.742676,50.286610,67.949104
148.008377,200.935837,49.768436,67.603348
146.005554,200.580536,49.689205,71.686668
145.170761,201.006943,49.204872,73.663475
144.700455,199.997009,49.114670,74.468185
142.907623,201.085938,49.764019,74.109978
140.696564,197.297531,49.871696,79.192459
140.773926,197.422058,50.037220,79.458725
139.423233,196.376007,51.324898,77.107925
139.121628,196.593933,51.124958,79.277420
139.357986,195.377487,51.025692,81.092758
139.858383,196.761642,50.505325,81.550362
140.332291,196.638657,50.815956,82.164391
140.438354,197.479462,50.753342,80.610893
140.067902,192.864212,49.214931,85.194115
138.147842,187.404282,48.948612,87.333939
138.025848,184.588440,48.683338,87.505440
135.524475,182.640610,48.922173,88.678841
135.375580,182.767471,48.875824,89.029518
135.215240,183.116714,48.814713,89.365654
133.322708,182.707916,49.253696,86.963409
133.343246,182.665283,49.431591,87.141380
133.285965,182.807251,49.444115,87.730003
133.228271,183.257706,49.433369,87.494537
133.121124,183.162888,49.450264,87.886047
133.010956,182.974045,49.433041,87.771988
132.388199,181.461304,49.290329,87.331520
132.686981,181.892044,49.348843,86.574425
133.616699,180.073227,49.242641,88.310410
135.673599,181.847107,50.033321,93.889771
136.014084,183.801697,50.233955,91.661728
138.709686,181.816330,51.410183,91.968521
141.916534,185.695694,50.413113,93.230927
143.641174,182.364319,50.744160,95.542831
147.120697,177.106628,51.641502,93.685555
148.882736,177.467010,51.817806,94.003662
152.659561,176.882767,53.195862,93.381439
154.496292,176.164322,53.712185,89.976067
158.501648,180.679504,52.611813,89.562393
160.624741,180.768066,52.441418,90.306229
163.771606,182.199432,52.626911,89.459427
170.131989,184.974152,50.479752,92.273445
174.532288,183.840225,49.919342,95.117203
177.691513,184.294724,49.534386,95.210632
180.741287,183.675262,49.634888,95.261070
181.781937,181.219360,50.140739,94.548309
185.720612,179.794907,50.567566,92.810509
188.132828,178.270569,49.607910,92.199394
188.861130,176.905228,49.662182,92.282066
190.438019,178.535568,48.318726,89.409615
189.465851,181.277603,49.713188,84.606285
189.458588,184.168091,51.305344,81.939812
189.838791,184.964081,51.619156,81.813240
190.120987,185.038071,51.946098,81.974846
190.107193,185.007996,52.136024,82.001610
190.182617,186.073730,53.500809,81.963486
190.452682,185.534546,53.706688,83.309532
190.630600,185.331100,54.384418,83.936432
189.846725,184.778290,58.752342,83.921600
188.407410,182.776169,58.558990,83.618462
189.043716,182.144424,58.177177,84.365219
189.164261,183.975235,56.257004,86.227516
189.434982,184.516190,56.245598,86.694092
189.595764,183.098984,56.402153,86.928154
190.435532,179.355423,54.652458,90.346046
194.374268,176.430801,54.340435,91.577621
195.451431,172.507095,53.860138,92.403725
195.739624,169.896240,53.748890,92.443970
195.773621,168.955078,53.773098,92.115189
196.100555,167.944260,53.906948,92.358955
196.441071,165.791122,53.238518,92.450218
198.922134,163.939804,54.638157,90.872032
198.895172,160.774841,54.216747,90.981461
193.670624,157.665710,55.263435,90.169044
198.279099,160.122787,54.256275,90.813591
203.656250,158.515961,54.598957,90.825905
203.244751,158.478348,55.196560,90.948578
203.913727,158.893845,55.392345,90.609367
204.099869,158.507492,55.662567,90.987450
205.970764,157.825607,56.395786,90.966599
205.930191,157.867432,56.664242,90.651894
206.122955,158.239426,57.067116,90.916855
205.289215,158.607819,57.523743,90.579872
206.400650,156.879135,57.988804,90.645462
205.859695,154.877319,58.628651,90.700562
205.677826,154.063034,58.874809,91.028336
205.338028,153.270264,58.994102,91.373512
205.472794,152.112167,59.730274,89.140480
206.286163,150.833908,60.045574,88.763458
206.668350,150.994186,60.975628,87.552399
206.394211,150.896072,61.110771,87.318565
207.405014,151.129440,61.922909,86.952797
208.123795,151.143616,62.357700,85.945465
208.393661,150.450424,62.444508,85.695259
210.452103,154.025665,63.225578,84.041435
210.737076,154.460815,63.434689,84.170448
210.727646,154.946030,63.403099,84.298843
211.196198,155.371155,63.282555,83.878502
211.542664,156.296005,63.469387,83.811066
212.194550,156.261444,63.534115,83.753998
212.336899,156.343414,63.856422,83.372604
212.991898,159.166367,64.959122,83.295006
212.925537,159.371445,66.034203,82.990204
212.496674,159.638245,66.760796,82.682549
212.380142,158.851837,66.876083,82.945564
211.913315,158.249939,66.941551,82.725304
210.914612,157.030518,66.977806,82.782516
210.932770,157.139801,66.974976,82.990097
211.103333,157.289215,66.950104,83.126350
211.089371,157.113525,67.265663,83.343040
211.843124,156.779358,67.382561,83.165489
212.307632,157.232712,67.080559,83.405708
213.762634,158.141678,66.586121,83.323212
215.725616,164.709763,66.317894,84.409142
218.227463,171.521271,65.247795,84.333427
219.507935,172.894073,65.667755,84.736809
222.017487,174.553436,65.242455,85.753052
226.304474,169.739624,64.268822,87.141106
226.675049,166.876465,63.403416,90.327599
227.174759,163.017258,62.272003,95.712685
225.387344,160.672760,61.004780,101.037842
225.580048,160.232086,61.429157,101.615250
227.424347,154.801956,60.483715,102.491150
225.549164,152.045670,60.840809,101.770493
224.630661,147.915070,61.388767,100.436188
227.576172,146.043365,62.728870,97.179817
228.591965,144.427750,63.080425,96.942162
229.757675,144.648636,63.324219,97.086792
231.252289,144.682251,63.678070,97.044250
231.573654,144.935471,64.151253,97.452385
232.256409,144.965515,64.956993,96.553909
233.410645,145.079102,64.992699,96.982643
233.146667,146.409012,65.575455,98.215637
232.967590,146.868240,66.271820,98.231277
233.138626,147.241257,66.599319,98.610023
232.725388,148.942642,69.841507,96.491386
230.500885,149.935867,70.936760,94.997414
230.467392,151.232773,70.481476,94.705193
230.600296,156.068192,69.896507,93.770615
228.884979,156.241013,69.738174,93.819092
230.718796,157.435303,67.841133,97.336395
230.559250,156.689346,68.669113,98.578468
234.392365,165.666229,69.783607,99.820107
231.579651,164.051620,69.076782,102.189819
230.917496,163.315018,69.163208,102.446465
228.303741,159.024429,68.056953,105.561378
223.413589,160.496552,67.271172,107.637886
218.519226,157.397614,66.870316,111.333122
215.889923,157.898834,66.772217,111.044144
213.400879,162.254013,67.089508,107.407158
212.409286,162.260468,67.689697,107.059746
210.208862,164.369202,68.189301,103.900063
208.157425,162.993195,68.772202,102.867340
203.989624,161.288391,68.896751,102.350769
202.867844,160.989166,68.646935,100.619270
201.951233,156.954590,68.691223,102.013893
201.297470,158.083374,69.507645,102.843246
201.310837,158.089447,69.964401,102.815376
198.780869,158.996704,69.723984,101.283524
195.406952,164.689133,68.065948,101.659134
193.253311,164.941101,68.373703,98.178825
190.883224,164.246277,68.185707,95.310036
190.967255,164.586380,68.396553,95.755386
189.747589,164.211838,68.087341,96.028961
187.744583,164.903732,68.586975,96.053337
186.030670,167.375458,68.779762,95.900841
182.947159,167.337112,68.050377,95.638626
178.827805,171.621002,68.129097,98.918419
171.578964,173.818268,67.055595,100.130211
165.915527,176.792053,66.165207,102.929970
162.720398,177.950592,66.236092,104.439621
163.508789,170.916626,70.256607,103.445183
162.216843,171.460693,70.202484,102.972359
162.566696,171.007401,70.345116,104.733017
162.496216,171.228592,70.356712,105.404152
164.655563,167.686752,69.789780,106.498070
164.871063,168.008057,69.608566,106.667389
165.196411,167.976608,69.740898,106.651131
164.873199,168.407562,69.627869,106.445091
167.431305,164.047760,66.575859,108.773552
168.110062,161.486206,66.356239,108.902756
167.853867,163.240295,66.069969,110.211067
166.243179,169.724854,66.123459,110.541275
166.900406,167.143387,65.930405,111.220375
167.607346,167.671951,64.970406,111.839325
168.097153,167.950516,63.514427,112.970924
168.323059,168.523422,63.875404,112.585571
168.199890,166.444458,61.889107,109.979309
168.143372,167.025345,61.954960,109.819977
168.068237,167.064865,61.935501,110.223206
168.065628,167.022415,61.931091,110.680649
168.317505,167.024765,61.635857,111.247292
168.653366,166.505844,61.875477,109.483047
168.945709,165.577942,61.924538,108.986794
170.162109,161.822250,61.528725,109.054680
171.129562,160.326019,61.685287,107.966331
173.097626,157.506927,61.031372,107.717812
174.733871,157.756790,61.025703,116.165359
175.617126,156.668396,60.806797,113.389572
174.835129,156.990738,62.393539,112.439896
174.854858,156.521637,62.460224,112.949562
175.202728,152.972763,62.318230,115.409271
174.978210,149.518448,63.319527,124.410446
174.797211,149.470032,63.857552,124.478233
173.978912,146.802017,63.943733,121.953247
174.095596,145.622299,63.833138,124.687904
174.242584,145.402084,64.367683,124.679626
173.856613,140.806915,64.302185,129.914871
174.329926,136.161789,63.303856,135.279312
178.658066,137.185394,62.012756,130.258926
176.025650,131.564072,62.289272,124.974442
174.936279,132.623962,62.442642,125.154579
175.069885,134.197449,62.587040,125.338539
178.797806,136.531418,61.342876,125.998436
178.464645,138.328262,61.243629,124.315376
179.187866,139.785355,61.274261,123.258514
179.298004,139.934067,61.468044,123.451996
178.191544,138.420868,61.114349,123.079231
176.155029,149.882996,62.154274,112.208984
172.546021,145.181061,66.920456,104.887566
171.726318,143.727417,68.462006,102.810722
170.118286,143.045502,69.821312,103.883041
171.302368,133.760193,68.665016,104.762680
174.680298,129.897720,68.003838,102.544571
183.449280,127.878357,67.238167,103.107651
184.695160,131.890823,67.927559,104.460800
185.714798,134.810257,67.910400,103.941681
187.261642,141.621674,69.437546,98.926857
188.515015,141.760605,69.580177,98.029472
196.297867,144.121216,68.878036,98.283218
200.649719,144.611755,69.520973,97.551506
203.942322,146.495911,68.676926,98.183113
205.165237,146.410538,67.554855,101.634377
210.135025,155.341965,64.117973,105.843796
215.760361,158.103714,60.549576,114.698753
222.185333,159.789841,57.240299,118.883148
224.997101,164.458344,56.892410,116.659698
224.306381,174.477585,62.132084,110.106926
227.293594,180.481659,62.411560,108.002190
229.485413,183.049576,62.604504,106.445564
233.923798,185.116333,61.994144,108.860100
234.745728,190.903290,61.296513,110.166283
232.566559,187.735611,59.939243,111.296158
234.208893,175.800735,57.600662,117.522911
235.071335,177.210205,58.073231,116.041069
233.970428,166.063950,56.856594,116.913414
234.053665,166.030197,56.951176,117.005043
234.345093,166.035782,56.788387,117.987000
234.877350,166.115753,56.661259,118.580940
237.619431,163.597687,55.603886,119.083466
238.356705,163.552094,55.655609,119.831673
238.355469,158.288498,55.715405,121.755791
239.212006,156.459717,55.780876,121.248192
239.776367,157.252670,56.227093,120.809120
239.753204,157.957687,56.549793,119.656204
240.621094,157.411423,56.257378,119.493187
241.855927,153.034866,53.204590,124.705482
241.143295,152.741394,53.306053,123.365974
240.626404,151.895020,53.210594,123.185135
240.750046,154.064468,53.542236,121.819618
233.988007,154.528229,55.310192,117.524521
229.914307,158.311432,56.914558,111.182533
223.642181,172.054138,59.768105,103.232895
218.076065,183.226532,62.784103,98.757866
207.580475,189.308929,67.018288,92.468239
206.546677,188.210037,68.024658,91.189148
214.038879,191.312286,67.604538,92.800430
217.358246,190.406540,68.325508,92.141167
225.990921,187.713287,67.353745,92.965897
228.739014,190.268967,66.668076,91.896439
229.619812,193.674286,66.073746,90.569214
232.861923,190.862915,64.848320,90.034157
233.396210,190.775574,64.748314,89.931854
229.274094,187.737305,63.380119,92.857941
223.994156,188.862640,62.601852,93.187233
223.544266,191.285797,62.505993,93.474281
222.971832,193.055862,62.841988,94.335754
215.308563,189.866486,61.843212,94.704109
216.183487,192.786346,59.678009,97.308998
217.387527,184.775482,56.964161,103.666603
217.056030,183.050613,54.921104,105.902512
220.225891,173.635559,50.501308,111.725685
219.203278,173.920532,51.018063,109.594658
219.519455,166.101044,50.483673,111.404114
218.697388,157.216705,49.166279,112.818474
218.168823,157.641083,49.261436,108.384895
218.037155,157.726440,49.310341,105.147179
217.754395,158.379105,49.160206,103.873299
216.393158,165.802658,53.244507,98.048882
218.304871,167.261078,52.501335,97.044807
218.136261,171.347000,53.094395,92.426079
222.289597,176.014954,53.171772,90.318291
229.717499,179.071960,52.416332,89.658401
238.794235,181.375641,50.698975,90.322525
243.535858,188.803207,49.058014,92.256279
245.588089,191.499298,48.464149,92.822960
246.415802,193.560028,48.013847,92.331009
251.070038,195.914841,48.421600,91.765938
257.357635,197.032730,47.937973,91.698448
257.483002,196.872986,47.891617,91.845879
258.009430,195.506577,47.493809,92.326340
261.832275,198.789352,47.151531,92.327103
263.445923,197.374039,46.945587,92.603622
266.682831,203.651489,45.235336,92.328735
271.923126,203.021118,44.944370,94.749695
276.295135,202.872711,44.068008,94.812508
276.865997,201.433807,44.137157,92.688118
279.408325,196.973099,43.367115,94.021042
274.995453,201.276550,43.292511,91.499947
283.170837,213.200500,41.690754,88.791656
280.603455,218.405060,40.430489,88.899399
283.762756,217.722641,38.460190,92.738647
291.740509,222.617630,37.137959,93.233566
298.486450,219.631973,36.969078,96.842094
292.809937,219.050888,37.880997,92.535721
294.324738,227.386002,37.370213,99.229073
294.383759,234.750259,37.200562,99.105301
295.260620,244.354050,37.369759,101.290543
291.514679,243.124329,37.858871,99.394821
291.205139,244.466064,37.735683,97.870232
293.924988,249.313278,37.601669,95.781250
293.593018,245.946213,38.138641,95.493362
290.735413,238.969284,38.823582,95.213676
292.562500,233.487534,37.913300,95.165207
294.129547,229.989914,36.434143,96.339432
294.801331,228.741989,36.466404,95.201096
296.013062,230.012711,36.107647,93.732361
299.260803,230.833115,35.819920,93.388054
304.365662,228.604095,35.226444,92.581543
310.334961,228.047989,35.176449,89.596596
313.582031,232.378326,35.138409,86.355644
316.853119,241.867325,34.370010,84.388275
320.776764,245.053864,35.254238,77.707695
324.873383,250.027817,34.768044,79.703201
325.365662,254.522614,35.062935,78.892311
326.498077,253.342438,35.747616,78.600090
325.755768,251.299240,35.843220,78.609352
328.533539,248.508698,36.109650,76.354652
330.144196,248.048340,35.656864,76.520973
330.104279,247.723648,35.954788,76.611580
330.626129,246.572311,35.791191,76.866478
331.531250,245.452698,35.803089,76.346695
334.748932,245.757614,34.936031,83.251823
335.678345,243.495453,34.797916,83.890450
336.567017,240.996445,34.940662,84.130234
337.110352,242.513687,35.018970,84.174515
337.969299,243.643723,35.227337,84.903778
337.637451,244.429504,35.477325,84.697220
335.375000,247.906006,35.182602,84.625435
335.347046,247.114609,35.263046,85.463997
335.293610,248.538025,35.004826,85.751137
335.686035,249.621841,35.255600,84.983017
335.929871,249.571426,35.447826,84.363655
336.052124,251.167450,35.517471,83.478935
337.078064,251.812866,35.309525,82.904411
337.166290,251.859238,35.446053,82.872375
