1
159.898575,167.079193,44.639408,91.834885
159.851089,167.516418,45.085842,91.655403
158.864578,166.844162,45.369015,93.398201
158.373611,164.903610,45.948242,94.106171
157.158478,166.415222,46.567719,91.817719
156.018372,168.598343,49.986645,87.708061
155.154205,170.461182,50.304867,86.929253
152.789795,171.788254,50.522606,85.386192
150.733246,175.472900,50.569569,84.109283
150.380386,175.992813,50.848160,84.107262
148.641266,176.923355,50.720383,83.855125
148.765518,178.708542,50.750576,82.299065
148.201218,180.115067,50.827492,80.843735
148.335861,182.182861,50.764801,78.328377
148.421387,182.367798,50.975571,78.351959
148.432098,182.328018,50.957413,78.624870
148.121719,182.393845,50.930637,78.690063
148.299271,183.227264,50.952339,78.140244
148.342682,183.413132,50.970276,78.470123
148.457642,183.466812,50.936390,78.386810
149.132782,186.090042,50.061348,77.784698
149.424713,186.565170,50.362595,77.883827
149.676132,189.458649,50.330158,76.164223
150.696121,192.032928,49.996216,73.480286
150.733246,192.011948,49.955021,73.398506
152.311676,195.387787,49.648327,71.088402
152.618195,195.639984,49.904324,71.151535
155.734375,197.793259,48.826759,74.369713
156.043091,197.751144,48.954037,74.818405
156.102570,197.814560,48.959660,75.054504
156.152344,196.208435,48.341942,81.078629
157.851593,195.249863,45.668388,83.731514
158.111313,195.110474,45.658634,83.419670
158.313980,195.402908,46.358444,85.125122
157.099014,193.488007,46.306675,82.692711
156.768219,194.813263,46.707344,80.171379
156.116760,194.796661,47.718845,80.853477
154.975967,194.328766,47.663517,80.308395
152.687912,195.858109,49.662079,74.600212
150.991364,195.629913,49.752327,73.761711
149.628510,194.429901,49.326454,73.463905
149.887360,194.932632,48.133980,72.844757
150.047318,195.170746,48.431026,72.869980
149.945557,194.862732,48.917206,72.938934
150.055450,194.935928,48.812775,72.923927
147.992706,194.762283,48.890339,76.219040
146.801407,196.231552,48.591045,77.344505
145.979996,197.114548,48.730877,77.823334
144.584991,197.759583,49.626965,76.415733
142.547623,196.807663,49.789124,76.331856
142.493500,195.779114,50.251778,77.557907
142.038071,194.463074,50.398888,77.769562
142.053345,194.661804,50.404278,77.984512
142.877213,192.925781,49.798565,78.491882
143.594727,192.709671,49.047207,78.690353
143.692520,192.829315,49.304558,79.252991
143.069122,194.711243,49.367584,74.654907
142.098969,189.563049,48.044029,78.501472
140.010483,186.661240,47.569893,79.693352
137.970779,183.966660,47.741283,79.686119
136.222565,183.289246,47.865547,80.309525
136.240555,183.339981,47.922935,80.638916
136.318512,183.935623,47.671383,81.212883
133.655121,183.525925,48.560608,81.344177
133.672668,183.626617,48.961105,81.826126
133.544769,183.756805,48.952873,81.945091
133.496216,183.801315,48.947742,81.954071
133.440506,183.826340,49.027493,82.137474
133.604675,184.004944,49.455879,82.424622
133.345703,181.866791,48.823158,84.433235
133.378311,181.921982,49.010906,84.333542
133.947433,181.168411,49.491333,84.440384
136.425903,184.002579,49.901981,91.082458
136.547180,185.066727,49.880959,89.727242
139.918655,181.584564,51.176525,90.808060
142.790909,185.616928,50.821930,91.826218
145.828995,182.885101,50.137569,94.716904
147.993073,177.406677,51.035931,91.796471
150.716095,177.763199,51.356743,92.693298
151.961304,176.772858,51.913349,93.586960
154.991013,178.163101,51.999283,92.348396
158.486572,183.198807,51.682289,88.757980
161.501984,183.242188,51.798847,88.482124
163.774429,185.578735,52.600628,87.647293
168.929504,185.897888,51.017151,89.393349
174.286438,180.998962,50.451557,94.070999
176.988281,182.569626,50.095829,93.717308
180.430649,183.434769,50.113960,93.203064
181.173080,178.849442,50.273800,93.589767
183.971695,176.987091,50.210148,93.524124
187.370651,176.431778,48.894264,93.713860
188.008118,175.518402,48.867935,94.125320
189.289871,178.580948,47.750065,91.670685
189.454636,179.294464,47.880714,90.675804
189.613144,180.628586,47.968067,87.908211
189.631790,181.119247,48.054951,87.740402
190.135864,181.260422,48.503323,87.804695
189.919846,182.446045,49.996239,87.236656
189.953842,182.759735,50.026512,87.283714
190.223221,182.104309,50.469406,88.911774
190.336044,182.533020,50.502518,89.086815
189.560287,182.878845,54.176533,87.893166
186.820908,182.440811,53.877335,87.521988
187.046555,181.907257,54.101196,87.588654
187.391602,182.511719,54.067390,88.899139
188.556625,182.441788,54.281376,89.054230
188.983658,182.523148,54.479649,89.468513
187.878235,180.355103,53.465317,90.543259
190.066574,178.332748,53.952721,91.288574
194.643250,174.894012,54.035603,92.022423
194.752182,171.860428,54.052597,92.948906
194.339066,172.107315,54.712284,91.627640
198.231781,170.350403,55.593510,91.878777
198.495209,167.412231,55.830784,92.309814
199.138000,165.664093,55.874245,92.431816
201.173248,162.625778,54.828911,92.341537
199.669373,161.793030,54.660610,92.772758
196.246780,161.428757,55.176109,92.622299
204.995728,161.746979,54.850384,94.140419
206.159470,162.220108,54.813114,95.794243
207.587967,162.640671,54.923576,96.338501
206.346558,162.618317,54.505093,96.865608
207.325470,162.301910,54.896996,97.173035
207.438171,162.679504,54.682983,97.024437
206.896408,163.158371,54.870716,97.232872
206.854523,163.613831,54.763313,97.517563
206.862778,163.789993,54.819489,98.051338
207.030411,163.893204,55.042511,98.252647
207.231262,163.189056,55.483627,98.500053
207.047607,165.118881,55.346161,98.747757
207.049759,164.841370,55.593254,98.387268
207.130508,165.087646,56.074745,98.349449
207.061951,165.463028,56.851894,98.219269
206.799423,165.899445,57.141525,98.183731
206.582397,166.124069,57.697819,98.259201
206.560608,166.123627,58.678150,98.277451
206.770309,167.230515,59.396626,98.354424
207.318253,169.156128,59.615196,98.376793
207.713928,168.955566,60.031631,98.881790
208.086426,169.186661,60.121498,99.096321
208.685104,169.654388,60.242374,99.486320
208.963196,169.583176,60.270660,99.605003
209.362045,169.188171,60.493118,100.384491
209.780411,169.367981,60.664227,101.309891
211.109695,167.740860,62.212635,102.794807
211.280289,167.802261,62.551186,103.007248
211.556549,167.957840,63.034832,103.523018
211.401093,167.660919,64.015511,104.365280
211.295380,167.270081,64.304596,104.792992
211.375610,167.294418,64.456886,105.084991
211.419815,167.413986,64.110130,106.706665
211.650513,167.649994,64.445145,106.974304
212.305466,167.239334,64.468727,106.983910
212.740524,168.300446,64.004906,107.125336
213.822174,169.119919,63.840645,108.385933
214.138794,169.109344,63.323860,108.392906
214.892715,169.767838,63.352360,108.412857
219.424377,173.292999,61.083370,108.977448
219.835266,173.895142,61.277893,109.052147
223.915802,174.941101,60.786163,110.266212
224.512344,172.258835,60.832802,110.798988
225.926834,172.861633,60.477345,109.993782
226.489624,171.239578,60.379665,110.467529
226.624847,168.867645,59.977543,112.171165
227.409195,167.309189,60.388874,112.077118
228.198685,166.196915,61.011398,111.477417
227.485397,165.174759,62.168964,112.015015
227.569946,162.560669,62.349861,111.925240
227.833511,159.943222,62.703457,110.835869
229.090057,157.992981,62.860020,110.847595
230.351883,155.003464,62.757412,110.606598
231.478394,153.767975,62.898460,110.653831
231.611313,153.756271,62.967098,110.967674
234.229263,151.471909,62.601742,111.318016
234.793121,150.947784,62.998779,111.556137
233.419083,149.926743,63.179558,113.329697
231.694717,149.196945,63.262527,114.921288
230.752304,150.349701,63.366165,116.001129
228.961548,151.947388,63.324398,116.067917
228.506134,154.159042,63.557064,113.924660
228.926865,155.606934,63.564018,113.673798
230.715195,160.452240,62.343971,115.651634
229.233856,158.141769,66.094261,118.999413
229.548752,159.284698,64.382339,122.122070
228.855011,149.456070,66.107162,127.570312
228.555176,150.685242,66.745079,128.654922
228.565857,151.662933,65.677681,128.492264
227.151306,150.243317,65.949738,128.876114
223.294769,150.680496,65.443787,129.831482
219.782562,150.866867,65.513847,126.992104
217.753143,150.837830,66.773964,125.741859
216.352005,151.399536,66.713295,125.309410
213.802643,152.425690,67.732857,118.510162
209.957214,155.374969,67.772743,116.737465
209.289124,157.822937,67.848053,113.813194
207.685150,158.076080,68.137436,112.835968
205.272537,157.332092,68.119865,111.312248
203.958160,157.061829,68.226570,110.269211
201.578400,154.686996,67.698135,110.655708
199.882507,156.009567,68.368172,110.003075
199.177292,156.996414,68.514328,110.227814
197.430298,158.151871,68.092468,109.174370
192.763596,161.819824,66.983040,107.439232
190.636581,164.371185,66.518326,106.008675
189.812637,165.242981,66.719078,105.442772
189.681183,165.409790,66.657730,106.155716
185.311066,164.684921,66.330444,106.342514
183.485519,165.771713,66.422714,105.831604
178.193390,168.412170,65.141281,104.246796
175.318771,165.538666,64.139816,103.693710
172.294601,172.359909,63.685875,108.314262
167.488770,176.073883,63.480350,107.774979
167.084686,176.170273,63.441799,107.990372
165.240982,176.560883,63.947948,107.581734
163.329514,175.209412,66.530060,103.617561
161.664291,175.570480,66.810600,105.270485
161.824585,175.518234,66.730186,106.817688
162.025284,175.588135,66.929459,106.974167
163.296875,174.147858,67.114342,106.935349
163.837784,173.663239,67.111931,107.193665
164.235565,173.025833,67.072891,108.421959
164.558350,172.925827,67.392677,108.429718
164.606445,172.843994,67.235718,108.746613
168.197556,167.475540,64.519508,115.439720
169.395981,166.746063,63.540295,117.667610
169.781250,168.725342,63.311848,118.171967
169.117920,169.209839,64.005798,113.759476
169.892761,170.982681,63.019279,114.143005
170.482346,170.982315,62.253242,114.605690
170.506134,171.731476,61.806499,113.749512
169.795364,169.108887,61.467422,113.483490
169.532135,168.836472,61.011959,113.364540
169.386398,168.235931,61.435413,113.339729
169.395203,167.294937,61.132881,114.143295
169.950287,166.457382,60.780521,114.470940
169.957687,166.191925,61.099564,112.701286
170.137436,164.742142,61.485668,111.954239
170.410416,162.585434,61.360371,111.168747
171.555939,160.794540,60.470619,110.344757
173.582031,159.692245,60.164829,110.296814
175.045258,159.672333,59.277832,114.133636
175.582809,160.243576,58.836651,112.179878
175.644760,160.289337,59.440331,112.253937
175.708405,159.885818,59.427319,112.517319
177.150253,153.931931,59.047207,116.836014
177.588409,152.038895,59.406490,117.861801
178.064774,150.311951,60.506020,121.062263
176.692642,149.734772,61.611965,121.660316
177.008759,149.785141,62.163029,121.311050
177.772369,147.302887,63.278706,120.817413
178.793808,144.199402,62.449165,132.666824
177.933197,141.379944,61.695400,134.540970
179.796616,142.027893,61.601105,134.721756
177.045486,142.437927,61.779671,127.464882
176.567520,140.235977,61.933838,128.240250
177.891724,138.976318,61.181469,132.737839
178.994064,139.952835,60.732121,133.158752
179.849747,141.957291,60.171459,132.551544
180.328201,145.221664,60.421097,131.897110
180.404190,145.542130,60.472412,131.856842
178.548630,143.508057,60.267651,130.525162
176.788849,149.207428,61.279964,119.627884
174.762497,147.004700,62.039574,117.247177
174.187744,141.697678,62.033840,117.585228
174.652878,148.819916,64.310616,117.135262
177.623291,141.297684,62.465153,118.418968
179.474792,140.884811,62.123825,117.345718
189.185883,139.682877,61.206192,126.442535
190.927383,146.557983,60.436710,127.386620
192.243423,147.444794,61.905251,124.798317
195.658859,152.096268,63.947163,120.147850
194.914459,149.952759,63.731346,120.212082
202.407959,152.935257,62.399010,119.660530
210.295624,153.612778,62.210804,118.524887
209.989761,152.534576,63.264977,114.472710
211.752869,150.759888,61.537769,121.542908
213.949020,158.905716,59.906181,123.585884
217.337784,158.111923,58.271500,129.188965
220.868713,156.921219,55.180946,132.019165
222.869659,157.864670,55.458530,131.553604
224.315567,168.284317,60.694630,124.575684
230.925217,175.376648,62.498638,119.736557
232.431458,179.617508,62.319870,116.886559
237.119171,183.792542,62.325016,116.966461
236.978317,185.249115,62.439190,117.114021
231.833267,177.380844,60.861458,117.617966
231.608109,165.026047,59.365364,123.832199
232.338608,162.047501,59.161648,123.339333
233.230240,156.212097,58.091488,123.594841
233.277695,153.037766,58.129997,125.532524
234.002411,156.564362,58.642059,125.773643
234.182892,156.667679,58.969116,125.967751
236.809601,154.752243,57.458584,126.206787
238.047363,154.884521,56.732800,127.280289
238.462814,150.232635,56.263008,131.390198
238.896698,149.761002,56.494827,131.249832
239.223816,153.213943,57.286369,132.218582
239.407181,154.545868,57.756882,131.273438
239.575195,154.894379,57.938232,131.402939
239.983398,149.381805,54.740673,136.146591
239.625275,151.116486,54.577522,134.656448
240.143417,151.361511,53.937611,134.363129
240.325073,154.502670,54.664783,130.213013
233.029236,155.327744,57.231552,124.759766
228.424957,161.239334,61.117645,114.459816
222.679840,167.933701,64.525551,106.467010
217.891632,182.623123,67.947998,98.904808
211.376816,185.651505,69.558708,94.446144
210.321091,187.420212,70.614563,91.124733
216.918579,190.649231,69.679482,92.507629
218.422638,191.372665,69.937912,92.685143
230.617676,192.771698,68.500893,93.971626
232.578659,193.542557,68.679482,92.879272
233.626953,194.358704,68.555717,93.089333
233.814316,190.290237,67.839966,92.961540
234.251099,190.027267,68.003906,92.535698
226.677841,187.351395,67.086563,94.484131
221.483246,184.858658,65.724892,97.193642
221.150650,185.662445,65.437004,97.725655
219.398804,188.507034,64.512886,100.303810
213.043304,184.419037,63.463020,100.395676
214.688873,188.665955,60.405045,103.637306
216.728821,184.726486,58.816982,107.810669
215.476349,180.092178,56.681694,110.353104
218.232803,170.143494,52.353340,116.971672
218.055832,170.624832,52.932011,112.547417
218.883331,159.498734,52.056049,114.900299
218.545166,151.885529,50.935619,115.488075
217.083145,150.881317,50.390903,111.387383
217.540176,151.896011,50.066441,108.299103
218.112152,153.160904,50.050835,107.410980
214.307632,158.543060,55.436626,99.813316
215.135422,159.688812,54.736092,97.791832
214.201370,159.980545,54.879883,95.279266
215.748627,161.379593,56.316853,92.946693
219.235992,160.582214,57.690422,89.047905
230.641174,160.715302,59.301464,86.165993
234.158646,157.072357,58.528534,86.895218
240.863998,156.775330,58.097813,87.356644
242.978378,154.195847,57.495281,87.810524
244.108200,153.617035,56.198410,88.523842
247.239792,154.900406,54.198380,90.547295
252.005997,158.125610,52.616905,89.368813
249.436630,149.853500,51.415997,90.824638
256.733826,145.358627,50.540134,91.967117
256.263733,138.157349,49.489769,92.723099
263.425201,130.019394,48.571224,94.968079
258.445435,129.818619,47.785126,97.796219
261.731934,132.634003,45.637455,98.622795
263.823425,135.022858,45.262085,96.932167
266.301483,128.374634,44.274303,97.394958
265.192230,115.725273,44.614388,113.643257
282.026703,136.115677,45.647549,113.520401
276.782135,139.745911,44.250130,110.881790
277.524139,144.298080,42.538811,109.049629
281.599579,150.861694,40.599354,107.702156
282.253937,152.100296,39.100868,108.450882
283.240295,161.890198,38.444752,110.018272
283.787140,159.527359,37.357662,112.190941
284.511169,161.883331,36.902176,111.599617
284.631561,157.479309,35.759266,114.742630
288.339691,160.649765,36.079441,113.059479
288.113098,159.697861,35.958088,114.295570
288.062439,155.693771,35.318455,116.911530
293.009552,157.059128,35.086899,110.844139
289.421844,146.267807,35.537159,109.719566
295.431000,148.971024,35.528206,111.438774
296.349976,153.688126,35.422844,112.596626
298.269531,156.561630,35.063465,111.779602
298.928864,167.960144,35.398499,114.252762
303.085968,171.954163,35.031754,115.332253
303.961823,174.614990,35.579479,119.327660
306.750305,181.777649,36.349220,118.087379
311.275665,188.586136,35.670918,118.550507
315.147491,180.937332,35.302315,131.057953
315.876740,181.506973,35.826481,130.863708
318.574310,173.959808,35.821209,135.355942
322.044800,175.217529,37.376141,137.642532
323.685028,167.950607,38.054321,138.596771
323.280609,170.399307,39.026134,138.333206
322.667572,172.043793,39.304916,136.673264
323.289032,170.344376,39.342934,138.075760
323.990051,166.865723,39.342045,139.678131
326.643799,154.821335,39.003719,144.445038
327.236206,150.865814,39.229630,148.731689
330.401611,150.434937,38.321899,149.511230
330.788879,150.429459,38.232113,150.108109
332.180298,149.918182,38.702087,149.056046
332.521606,149.786804,38.910446,148.304459
332.786926,150.671341,38.530266,147.502808
333.041870,151.426407,39.051121,146.514526
333.559540,153.100082,39.322704,144.253647
333.897644,153.721603,39.406208,143.268326
334.028473,151.287537,39.350086,144.006943
333.086731,154.328674,40.839691,141.635239
333.222717,154.764374,41.082779,142.960129
337.472595,165.955750,41.742977,138.417114
336.540863,172.054398,41.554893,137.087509
336.676361,174.203384,41.870644,137.172913
