1
161.963654,170.836975,39.021267,83.485603
161.738037,170.697647,39.553177,83.599548
159.933182,168.032318,39.794136,85.875549
161.972122,165.756531,40.622402,86.646477
161.647659,166.539673,41.323460,86.090866
159.934235,168.003967,42.425724,82.794121
158.764038,170.844666,42.867775,81.729355
157.120880,172.887253,43.131485,81.582787
154.601593,177.401581,42.943058,80.150986
153.197617,179.636597,43.079212,77.206169
152.422821,179.683350,43.265774,77.502655
152.516663,181.127640,43.376392,77.005280
152.450211,181.421295,43.466827,77.363167
152.469360,181.482788,43.477749,77.449318
152.476746,181.507416,43.483215,77.145721
152.204422,181.423248,43.547779,77.699448
152.332260,181.409836,43.974018,78.150711
152.882660,183.998367,45.037724,75.807487
153.346115,183.957199,45.336708,76.061142
153.447784,184.163666,45.472561,76.438972
153.546844,184.580200,45.399284,76.358856
153.688828,184.888000,45.439816,76.281197
154.103165,190.469147,45.180790,74.553940
154.940826,192.961685,45.258263,71.664848
155.065170,193.125565,45.477276,71.967957
156.108093,195.626938,44.910599,70.029541
156.187653,195.852341,44.961491,70.373657
158.119888,194.378845,44.358803,76.918892
158.879257,194.325867,44.186008,77.998703
159.043625,194.393524,44.499088,78.103249
158.539948,192.943512,44.286125,82.764061
159.150604,193.888474,43.474442,85.416710
159.202988,193.060196,43.310677,85.123283
159.438431,193.316956,43.689133,86.457329
158.695496,191.919235,44.245617,83.282768
157.825333,193.194916,45.048565,79.782494
157.326660,194.149216,46.582088,79.475639
154.426285,194.887222,46.888691,77.283821
152.788254,195.470428,47.412922,74.816887
150.563126,195.340607,47.435707,73.380768
148.209946,197.457977,47.829834,71.385826
148.055313,198.601303,46.775352,70.864403
148.470352,198.782913,46.244446,70.861763
148.150879,199.472275,46.843662,69.926399
148.484940,200.155273,46.503185,68.892708
146.772919,200.589371,46.934837,70.757530
146.443680,201.188721,46.201633,73.259369
146.127655,200.403351,46.220695,74.992828
145.095551,200.918335,47.051025,74.155312
143.022110,196.381683,46.886871,78.665527
142.689011,196.888397,47.443439,79.052643
140.807281,194.008087,48.304070,79.052505
140.908081,194.246262,48.409142,79.370728
141.675842,190.403961,47.961903,81.642220
142.744736,190.511887,46.824791,82.599503
142.831451,190.714539,46.976368,82.962570
142.711426,193.427444,46.807343,78.897682
142.683929,189.010834,45.944260,80.721985
141.565674,187.876404,45.608288,81.626442
141.115891,185.925964,45.800735,83.205627
138.266266,184.020889,45.633636,84.137138
138.212540,184.190109,45.808777,84.568077
137.830551,184.691788,45.865360,84.854668
137.253708,184.432297,45.985806,84.877716
136.706696,185.128586,45.399845,84.812668
134.203857,183.292282,45.317345,87.562431
134.209579,184.287140,45.560295,86.349632
133.942947,183.486115,46.047901,86.435081
133.995148,183.351883,46.545219,86.005226
134.052902,181.472061,46.920586,84.953934
134.053741,181.685272,46.988041,84.532585
134.924789,180.199814,46.709938,87.280334
136.942276,182.514313,47.323280,91.328270
137.211029,184.047806,47.424694,89.819885
140.540283,181.693146,48.892960,91.814293
142.862076,184.336487,48.345505,93.422829
145.278656,181.578506,48.557072,94.902481
148.243607,179.150635,50.111118,90.337181
151.815857,180.077316,50.103519,92.350571
152.807892,179.660004,50.908638,91.672676
156.022308,181.686920,50.707561,87.871956
158.573212,187.221298,50.825008,85.714539
161.555603,186.680450,50.986168,85.714943
163.159302,187.887253,51.867043,84.526222
167.486801,187.685974,50.158043,85.818260
173.023148,183.099548,49.852520,93.014526
177.543259,185.556656,49.610535,93.049561
180.562256,187.268265,49.795300,93.061256
181.333801,182.584778,50.169968,92.970383
185.081284,180.413330,50.406803,92.483360
187.939148,177.051193,49.585178,91.689659
188.550674,177.018265,49.853611,91.893173
190.309738,178.552429,48.318600,89.227318
189.337616,181.385605,49.713188,84.606285
189.676697,181.989182,50.853271,83.257805
189.757736,182.374634,50.997704,83.361328
189.768158,182.442413,50.955383,83.403412
189.450302,182.763992,51.523510,83.303429
189.678055,183.590866,54.067318,82.347961
189.882370,183.426910,54.351513,82.908340
189.951645,183.665863,54.543690,82.931313
191.797211,184.523636,58.658985,82.569954
188.152359,182.271896,58.007771,82.581917
188.729935,181.788651,58.095951,83.144913
188.047867,183.354141,56.577572,84.534744
188.441269,183.620499,56.823425,85.012360
188.674896,183.739182,56.927814,85.569550
189.843231,179.155365,55.429924,88.958603
190.390900,177.347351,54.280926,89.732338
194.945831,172.789780,54.591278,89.453171
195.503265,169.923370,54.863525,89.223389
196.007126,167.444122,54.817413,88.035591
197.160934,164.502319,55.983295,86.169701
197.572144,161.461121,56.143543,85.649773
197.569504,159.002472,56.913151,84.776321
199.562698,155.836807,56.042198,83.851952
200.091446,154.455566,56.503174,83.551552
202.082153,154.279190,56.799503,83.445946
203.596588,154.185059,56.976418,83.990082
204.802139,154.777740,57.386887,83.540657
206.256119,155.148148,57.831562,83.550041
207.202377,155.055115,59.352669,83.062721
210.612656,157.399567,59.945419,83.084641
210.454086,160.982758,60.353687,84.207352
209.773392,160.975433,61.297153,84.001884
210.445587,160.273376,61.807411,84.021706
211.042725,158.313965,62.421391,84.560684
211.273117,155.678497,63.304058,84.829720
212.010651,153.220184,63.189465,84.488373
213.293930,153.354919,63.282452,83.515244
215.582489,154.122314,62.648212,82.675804
216.123611,154.998535,63.192478,81.945702
217.605164,155.132172,63.362785,80.763985
217.589554,156.464462,63.386475,79.774895
217.810013,157.578339,63.373314,79.081360
218.448120,161.178024,63.735641,78.899818
218.667480,164.451096,63.955265,79.180824
217.894180,168.889420,64.181396,78.758102
217.408966,167.986359,64.775940,79.260399
216.643204,166.105637,64.887619,79.346642
216.521011,165.950928,64.890518,79.344772
216.605331,165.717621,65.119438,79.182716
217.027344,162.337143,66.096352,79.819603
216.613495,161.284378,66.355034,79.728439
215.751816,162.931549,66.460129,79.588615
215.146439,162.407501,66.694649,79.126999
214.869644,161.780182,67.562500,78.150566
215.154144,160.335464,67.972092,77.580109
212.823761,159.263641,67.807083,77.550529
211.502716,157.862976,68.009682,77.337036
211.743866,157.716309,68.463715,77.275360
212.472122,156.919464,68.747490,77.126007
212.944778,156.227951,69.887825,76.838799
212.946640,156.176300,69.925117,76.871193
214.257889,156.371292,69.671356,76.694504
214.373581,157.182266,69.478600,76.753471
214.809372,158.242096,69.164474,77.315689
217.663345,162.980377,68.077919,77.373741
217.789841,162.410110,68.215515,77.289772
222.476379,166.720795,66.746223,77.555809
228.773193,167.379990,64.705391,79.167938
228.131119,165.344864,63.073875,79.954079
226.836349,163.234970,62.772610,81.457451
225.821930,159.839691,61.483833,83.508530
225.729141,156.047028,60.805336,84.240585
230.405289,151.072510,59.115051,84.919235
230.605087,148.876724,59.532448,84.399864
228.666840,146.520706,60.227539,83.395424
232.083069,143.523605,60.700737,81.646561
233.096497,143.226212,60.945808,81.413635
233.037567,143.178040,60.948372,81.513771
233.204208,143.167801,60.986618,81.673332
233.181305,143.326721,60.965279,81.966301
233.524597,143.046783,60.886776,81.571663
233.581818,143.144638,61.064903,81.933945
232.491226,141.790344,61.571175,86.086510
232.215332,142.047485,62.857967,85.330215
233.032486,142.532135,62.947338,85.463913
233.022430,142.735382,62.833771,85.469849
229.900238,143.107300,62.530338,84.951790
230.041046,143.186829,62.814213,84.966858
230.390182,143.666626,62.812344,84.793404
230.396225,143.630173,62.921883,84.500290
231.877502,145.027908,63.153564,82.917908
232.032944,145.824158,64.326347,80.356102
237.300598,149.666901,64.809441,80.241234
240.451721,153.762894,64.345337,78.640282
249.741119,156.680054,63.469051,78.568893
254.743835,155.047134,62.377499,79.269379
2
0
0
0
0
1
196.007812,153.177231,53.237167,127.255600
195.822388,154.267868,53.412281,123.332985
195.864182,154.288940,53.460236,122.860306
196.471512,154.436722,53.793083,119.325821
194.960587,158.050491,54.554913,116.051552
193.498337,159.264832,57.279251,117.070961
191.236664,159.270065,58.264263,111.953857
189.178818,160.711639,58.206055,111.301239
185.643311,166.236282,58.336517,103.681259
185.557617,166.155304,58.380878,103.830750
185.114578,165.517792,58.266716,104.657410
183.965546,165.083694,58.166767,105.114609
179.155991,166.372894,58.548107,104.634537
178.313095,168.675903,57.621620,105.862602
177.326141,166.588730,57.464611,104.899406
172.624832,173.053146,56.858665,107.827904
169.451828,175.563614,56.427082,107.096207
168.874847,174.787354,56.598476,106.445778
168.504944,173.190475,57.512253,105.685150
168.828873,171.341370,59.277508,104.237518
165.833786,173.167587,59.747814,103.944275
165.950760,172.700974,60.574600,107.322227
166.844803,172.342896,61.121593,107.355515
167.352524,171.969696,61.368217,107.227516
167.674515,172.780762,61.352406,107.815544
168.365356,171.524689,61.326405,108.084579
168.421280,171.819244,61.309116,108.499672
168.881790,170.036880,61.432392,109.228264
168.924423,167.776489,60.922531,111.200806
169.341568,169.816681,60.698414,111.812027
170.400040,170.109711,61.045853,111.420898
170.766037,166.962112,61.313869,110.393196
171.172501,165.586914,60.899212,110.172218
171.299683,165.689240,60.088345,110.689789
171.107162,166.069000,60.219921,110.775902
170.642044,166.508682,60.220772,110.674278
170.158890,166.723587,60.176842,111.829063
169.713608,166.867310,60.711567,112.026329
169.856842,166.945969,60.927620,112.560707
170.190063,166.800949,60.262272,113.330078
169.010971,165.044205,61.683693,108.617889
168.902267,165.132034,62.163750,108.908203
169.809570,162.414581,62.151031,108.239220
170.270859,161.266617,62.449471,107.891922
171.636353,161.168427,62.331425,107.914001
173.357697,160.660904,61.335339,110.996490
173.582260,160.173615,61.339245,110.131371
174.039108,159.767181,61.130459,112.245346
174.190750,159.639160,61.571659,112.457191
175.084091,152.737701,61.453545,116.955376
174.780365,152.023987,62.558830,118.553162
173.971191,151.037201,64.640686,120.069801
172.124161,148.264404,65.479401,118.999763
172.968704,146.540115,65.108986,120.995377
173.385300,145.534134,65.594414,120.020416
173.078140,137.973434,65.430687,130.678040
173.506958,131.484406,64.635406,142.021103
177.677612,132.060989,62.885181,140.498428
176.258682,126.665092,62.495209,134.126450
174.451462,129.451614,62.176685,135.348160
175.686707,129.021881,62.254368,136.565262
180.409607,131.909271,60.807968,135.395538
180.443512,132.682678,60.735649,134.847275
180.167450,137.125610,61.043266,131.316284
180.646011,138.247452,61.421253,131.089767
179.651657,138.352264,61.049858,130.037277
177.781357,141.258636,61.975021,117.711716
173.910645,143.425812,64.364731,110.511337
173.479996,143.671936,66.756096,104.378273
173.154816,141.406509,67.416290,106.070030
174.912415,133.767532,66.425095,106.780624
179.679016,131.207382,65.349945,105.864075
190.087173,135.970978,63.575531,108.725273
188.611725,137.095490,64.102951,107.761520
189.301025,138.954559,64.807610,106.579521
190.020767,141.560257,65.627411,101.280128
192.625015,142.510666,65.654144,100.729126
200.242889,148.124969,64.578644,101.534744
203.408905,146.592484,66.086891,100.908791
208.493546,150.895126,66.213493,95.592323
211.557739,149.168930,63.835911,102.718048
215.286194,157.301620,60.381916,108.885429
219.040863,162.335022,58.392784,113.048744
221.386719,165.057907,57.532948,113.493141
224.303284,169.144333,57.595440,112.065033
224.052444,177.536880,61.361172,106.453323
226.223618,182.363663,61.031643,105.282379
231.017990,185.854324,62.086052,103.979553
236.773346,187.346298,61.083977,108.086723
236.937347,187.846420,61.426056,108.575699
234.914062,187.956879,59.246944,108.880272
234.717834,180.948822,57.943516,110.049294
236.590607,178.318420,57.396236,110.425789
235.382462,170.985565,56.067612,111.622353
235.261734,169.842010,56.221554,112.669792
235.689072,170.211990,56.199226,113.370079
236.514954,168.611465,55.838360,117.460365
239.226501,164.716446,55.031731,119.185341
239.989197,164.571442,55.143215,120.034981
239.617279,160.003998,55.410038,122.161461
241.509323,160.192581,55.349030,122.534882
241.543304,160.349121,55.462154,122.953255
241.354797,161.073410,55.913368,121.967751
241.518143,160.805756,55.800449,121.934151
240.994003,151.773132,52.651211,130.335709
240.433899,152.794754,52.591564,128.083527
240.561508,152.389313,52.343616,128.473557
240.762192,153.214157,52.627914,127.992653
232.962112,151.278534,55.026310,124.904541
230.986298,155.788147,56.988815,118.498138
226.182922,162.363770,58.677673,111.192375
219.143005,174.648895,65.455261,103.325096
212.777252,180.424469,69.707481,96.008698
212.752365,182.501984,70.296753,94.573051
218.747375,188.153641,68.879433,96.750961
220.094437,188.597824,68.655983,96.684578
227.224731,185.803482,68.098465,97.993645
229.542831,190.129379,67.185036,97.428215
230.233887,192.600845,66.833313,96.595024
231.521240,191.513260,66.360725,96.589539
228.602890,191.910706,65.766609,96.199951
226.369614,189.615463,64.606369,97.721588
219.911911,185.198685,63.724804,99.557381
220.283859,187.532410,63.487690,99.650253
220.897232,187.663589,63.094032,100.277229
212.074493,184.026184,62.585106,100.280861
214.597412,186.683014,60.124832,101.937767
216.525070,179.929520,58.398087,108.680710
215.676468,174.550858,56.475277,112.531967
218.115097,162.051315,51.793278,122.348114
218.675446,161.278214,51.741558,119.793121
219.450592,158.151947,51.466042,118.464279
218.565323,150.424225,49.923431,118.421562
218.106979,150.881302,49.720695,113.268791
217.864716,151.131790,49.737114,111.273178
217.774506,152.154999,49.723015,109.651077
214.461700,159.236053,55.318607,103.190048
215.965027,160.649765,54.983997,100.445595
212.957428,162.103134,56.283058,94.647232
213.646393,164.308777,57.165627,91.789116
217.939484,162.935410,59.204887,88.374908
226.948151,165.240341,60.324276,85.358231
234.160080,163.292389,58.999680,85.913658
240.227936,161.010345,57.285824,87.601952
241.917206,160.682068,56.024426,88.924324
246.172333,159.879089,55.197060,89.947098
250.593918,162.618210,52.691452,92.571297
253.565033,167.130814,50.877411,93.795372
253.336914,161.624741,50.417416,96.699074
258.633667,171.148880,48.940155,99.877930
259.067261,170.862595,48.681328,100.367348
263.993835,186.045639,47.011032,102.542007
268.819366,187.283600,46.780468,106.810135
272.726898,188.697281,46.032169,107.843460
272.312622,186.039749,46.112648,107.664948
273.806122,177.535141,45.068798,110.719193
271.206696,173.329178,45.153099,111.177147
272.538147,195.370438,43.675377,109.239212
276.602814,194.466446,43.011131,110.075737
280.071472,193.897308,41.848251,112.442009
286.803223,195.815933,40.890854,113.056297
291.029205,202.005615,40.274815,114.118401
287.132538,205.613251,40.855625,111.610580
285.222168,194.012573,40.725517,119.723938
286.238770,197.971008,40.814407,119.052780
285.434113,190.280518,40.255806,128.797562
285.362518,178.159256,40.190884,129.522263
285.931732,180.534744,40.175682,129.951279
287.481567,178.878647,39.949287,132.158585
289.358337,180.607483,39.944252,131.049271
289.299713,174.920273,40.034164,129.225220
293.616638,184.257416,39.806652,130.242966
293.848511,184.469162,39.546936,131.014114
294.236206,194.292114,40.003899,126.516571
294.901489,201.989471,40.100441,125.641762
295.862061,201.529861,40.398552,125.381569
301.325348,200.679855,39.794540,124.945511
307.310974,202.225754,39.572598,122.269897
311.738342,207.009979,39.527687,120.073265
313.698029,205.448181,38.940800,122.842194
315.575134,204.601700,39.469830,121.360695
318.594940,213.029877,39.630455,120.021217
320.940460,236.167465,41.187187,113.558952
325.674530,232.334641,40.649685,114.846764
326.530304,233.089157,41.070690,111.116661
325.668121,243.555008,42.266041,102.913490
326.415588,243.134583,41.824062,102.423744
328.485046,244.172760,41.735111,98.841591
333.424591,241.517960,41.164925,98.795410
333.003662,244.037857,41.321564,96.886673
335.030579,243.984299,41.103062,97.346970
335.213196,241.627533,41.274406,98.490990
337.293915,239.327209,41.009918,98.871956
337.541260,242.595627,41.204189,97.187096
340.153351,238.311569,40.082977,101.513954
339.768097,246.966568,40.213097,100.454231
339.739929,251.569489,40.324886,100.198265
337.666321,256.595398,40.122700,98.762115
337.894562,257.303101,40.233574,98.689011
337.866913,257.156311,40.215782,98.706512
338.106293,256.300018,39.811825,98.351929
338.497589,256.959320,39.313683,95.339211
334.880981,258.845306,38.881283,93.775589
334.987244,259.524506,38.982204,93.621689
