1
159.165649,175.271851,40.995293,84.412186
159.166153,175.283798,41.170296,84.325569
159.733597,173.327652,41.855076,85.615562
161.416214,171.151215,42.493954,86.888878
160.677094,172.558975,43.194336,85.499557
160.298065,173.344131,44.141171,82.634499
160.419098,173.612427,44.568264,82.748070
159.056061,173.673630,44.928017,82.694740
155.892227,178.268829,44.429382,81.118668
155.227509,178.322601,44.606140,79.625809
153.954865,178.506470,44.836899,79.818123
153.640488,181.716431,44.627766,77.914627
153.049484,181.445892,44.954357,77.838142
153.041534,182.505661,44.876991,76.250061
152.805435,182.818405,45.074100,76.065132
152.798096,182.938538,45.606838,76.457047
152.850418,181.931900,45.832378,77.204422
153.018478,184.206528,46.869041,74.743141
153.257950,184.000824,46.925674,74.848824
153.324036,184.280762,46.942177,74.731133
153.456863,184.667038,46.869884,75.001869
153.343689,186.787292,47.013309,74.878670
153.638199,189.807053,47.302570,74.093338
154.882874,192.082611,47.101288,71.343323
155.204437,192.917725,47.425274,70.959122
157.052704,195.597321,47.007504,69.172958
157.292557,195.735046,47.493519,69.391624
157.376251,196.101181,47.566906,69.969833
160.366302,195.892288,46.508034,73.693817
160.565216,196.105896,47.004322,74.330437
159.903229,196.440643,47.574703,77.692719
159.815872,195.765961,47.410797,81.043541
159.603363,195.770813,47.040039,81.294128
159.459778,194.182373,47.071827,85.243851
158.658707,192.361267,47.597916,84.329941
158.044235,193.370361,48.131599,79.958557
157.732559,193.285934,48.880161,79.631844
154.161285,196.256546,48.902489,77.200546
152.389603,194.992752,50.368301,74.321663
149.188217,195.473648,51.236061,73.617958
147.442795,195.779526,51.673222,71.812073
147.470337,197.116348,51.197502,70.270462
148.274246,197.357605,50.030678,70.282394
148.508575,197.463028,50.473354,70.470589
148.576202,197.571838,50.351707,70.284096
147.417694,197.362778,50.378803,71.907768
146.641907,197.419662,49.630566,72.932030
146.413788,198.125641,49.821293,73.268036
144.814560,198.967499,50.889729,72.176941
141.239929,196.340942,50.374592,73.313454
138.558975,193.679932,51.917618,76.138374
137.465698,193.383392,52.636333,75.286865
137.457489,192.951431,52.437439,77.887459
136.990723,188.589432,52.283905,80.697495
139.711075,189.653030,51.774139,81.391075
139.988510,189.683716,51.929287,81.341957
140.172638,190.065933,51.744526,79.939690
139.966293,188.357559,51.538921,80.754478
137.107651,186.390762,51.340855,81.117302
137.024521,185.074921,51.283077,81.848274
133.521561,182.549408,51.327538,82.052322
133.397690,182.354599,51.119949,83.405296
133.917328,182.999390,50.859077,83.356430
132.935699,183.610565,50.853493,82.614166
132.847366,183.735336,50.782757,83.569626
132.557037,183.903702,50.920532,83.802620
132.488892,184.086121,50.984516,83.903023
132.280579,183.595078,50.993176,85.080826
132.193954,183.605362,50.969429,85.495033
132.275589,183.193604,50.982521,85.487465
132.389282,182.582687,50.878460,85.718002
132.500031,181.191376,50.860760,86.016258
134.169189,184.002640,50.986900,89.620483
134.214539,185.742661,50.987286,87.986717
138.265594,180.532608,51.989285,91.804085
140.825928,183.015640,51.501259,91.610817
142.904144,180.373215,51.339310,94.709946
146.718216,175.359848,51.221756,94.325485
149.731354,176.515808,51.738659,95.576843
151.699173,177.090439,54.689362,92.856049
153.899261,176.180344,55.002235,92.359138
156.310562,179.637955,54.184559,93.405136
160.532028,180.732697,54.036953,92.464912
162.966629,182.544998,55.111229,91.329544
168.504303,183.725769,52.918083,92.472694
172.865250,181.562134,52.258038,95.879410
177.220993,184.599960,51.885151,95.542648
178.780487,185.398010,51.554108,95.060043
179.360046,183.337524,52.415222,95.050804
182.299530,182.391815,52.530010,91.408417
185.050613,177.965149,51.739002,92.801254
185.516479,176.945892,51.771671,93.010071
187.340363,179.288940,50.037254,92.006165
187.607864,179.834183,50.463970,91.838913
187.625519,182.159714,51.125549,88.351616
188.165298,183.804398,52.634174,87.954292
188.566788,183.709793,52.954033,87.812859
188.013687,183.937149,54.155457,87.939148
188.231873,184.088272,54.722260,87.904114
188.380417,184.141052,54.972736,87.986717
188.446732,184.837814,55.870457,87.940262
186.870316,184.644958,58.258698,86.893005
185.025223,182.888962,57.432083,87.102356
185.803711,181.716034,57.279854,87.413467
187.025284,182.260437,56.712383,87.881020
188.305115,182.234818,56.297203,88.343903
188.703156,181.119202,56.645283,87.887100
189.361877,177.747894,55.587265,88.967964
189.459152,177.785416,55.304672,89.289284
195.732437,174.169479,55.018799,89.454811
196.389221,172.948517,54.911713,89.801208
196.971375,170.235596,54.986927,89.506653
199.489838,166.001450,55.036396,90.264946
199.415955,162.043549,55.072044,90.691116
199.638077,159.519562,55.639278,90.424828
202.027710,157.828293,55.530563,90.662674
202.232529,154.359039,56.352043,88.725311
201.417694,152.949097,56.549229,88.220032
204.555740,153.166153,57.203770,88.300011
205.931183,154.522934,57.936974,88.435715
207.049698,153.373642,58.450340,87.688431
207.713531,153.765427,59.115540,87.321609
208.232697,155.671814,60.754238,86.969696
209.178375,156.126541,61.986454,86.193115
208.179077,158.387314,62.435417,86.586990
209.211136,158.032181,62.730114,86.746872
209.595810,157.172028,63.525040,87.219315
211.151932,154.379395,64.512512,86.700768
211.726120,153.497452,64.710342,86.629929
214.368408,153.665253,65.327156,85.901085
215.998825,153.408463,64.895798,85.162643
216.646774,153.471786,64.952293,84.158745
217.582291,154.918076,64.754753,83.993408
217.825485,155.982742,64.565063,82.917099
218.357727,156.627365,64.710724,82.736969
216.699554,158.558960,64.900970,82.214485
217.781723,159.089554,64.600426,81.397598
217.100510,162.679947,64.725838,80.841248
216.987427,161.298721,64.771614,80.571907
216.838287,160.871445,64.787788,80.819870
216.826202,160.846161,64.821198,80.860138
216.529648,161.150970,64.827820,80.633316
216.393890,160.662964,64.936455,80.783798
216.170532,159.153259,64.796051,80.638451
215.779404,159.562943,65.482033,80.275085
214.897491,160.180176,65.664505,79.393105
213.696411,160.718048,66.170074,78.424400
213.474640,158.553436,66.575119,77.401825
212.484055,157.632690,67.052536,76.843819
211.487350,157.447144,67.401901,76.490692
211.502640,157.548874,67.444435,76.493927
212.152512,156.361816,67.705925,75.793015
212.337234,156.427231,68.072220,75.798203
213.028809,156.371628,68.194672,76.208359
213.199005,156.542755,68.331734,76.323563
213.835495,157.100082,67.937996,76.152908
213.459763,157.427124,67.729866,76.432144
216.547882,160.782501,67.065094,76.570465
216.846329,163.731674,66.714584,77.108383
223.847534,168.340302,65.314140,78.590714
229.810852,169.990326,63.276047,80.281441
227.914627,169.291748,62.274559,81.694984
227.034592,168.134918,61.773472,83.067894
224.544998,170.396942,59.214989,88.438736
224.982986,166.557770,57.962158,89.506042
230.253448,162.685059,57.290382,89.647446
230.469559,162.811371,57.411003,89.859596
227.789276,157.961563,57.709110,89.063148
235.528580,150.186508,58.807526,87.466057
236.661606,148.076004,58.679554,86.974106
236.807144,148.043961,58.949753,86.968803
236.835236,147.906754,58.961571,86.825966
236.874298,147.888611,59.070686,86.803406
237.192200,147.715698,59.693310,86.573593
237.535858,148.083038,60.081074,86.838120
234.586548,147.848022,62.421856,87.469368
233.947067,148.522049,62.685413,87.018707
234.206650,148.670807,63.218117,87.291740
234.073090,149.064880,63.243404,87.445549
232.706528,151.126343,63.219894,86.993553
233.243118,155.222488,62.972996,86.030251
234.860519,159.041885,61.376743,85.868958
234.813934,159.113159,60.701340,86.559692
235.593262,158.506180,60.642891,87.289940
236.991852,156.145554,60.335983,90.770439
239.645538,159.804123,60.385303,90.477547
245.351227,161.093872,61.411625,88.546730
247.426453,162.123917,60.709568,89.203407
248.058365,161.845963,58.753151,91.697670
250.705475,161.892975,57.802036,93.867104
252.759171,161.590042,56.063324,96.575104
252.610886,161.276886,55.801121,97.732918
252.777283,163.531647,55.451843,99.174385
252.559464,164.214462,55.538010,100.171463
2
0
0
0
0
1
192.113174,164.122772,52.219467,115.214966
188.656433,165.569244,53.579483,112.320450
187.501663,166.352615,53.006805,111.994965
183.703598,170.044876,54.606228,109.684296
183.020264,169.917816,54.605076,109.143745
183.161591,169.450333,55.197441,109.366890
178.111877,169.794418,54.937428,108.861252
175.345734,170.155746,55.198792,109.069954
174.211975,170.927399,54.714436,109.047493
174.124527,169.095367,55.249287,108.875404
170.782562,176.652603,55.186394,110.483154
169.637131,176.436172,55.141281,109.438210
168.128540,177.342743,55.626984,108.289841
168.571396,174.700378,57.323212,104.386139
169.350555,175.195999,59.266903,100.324089
167.375305,175.911118,59.352718,101.851929
167.347885,176.119446,59.529526,104.184494
168.178207,175.758087,59.829834,104.528305
170.860504,172.384552,59.830212,105.473274
171.177505,171.846664,59.742455,105.216431
171.754898,171.132339,59.362091,105.533928
170.686066,171.339798,59.269566,105.448105
170.467941,170.453644,59.541737,105.808823
172.511047,163.234482,58.811817,111.669312
172.221161,162.814301,59.074017,111.757874
171.589737,166.275360,59.648499,110.566582
171.608856,164.630783,59.940964,110.939217
172.037292,162.388855,59.663467,111.068848
171.747971,163.596802,59.688026,111.998260
171.702225,164.270370,59.947487,111.378616
171.284439,163.014999,59.625237,113.796989
169.734940,165.148788,60.030857,115.332108
169.850433,165.134659,60.516113,115.425926
170.088058,165.156982,60.973431,115.447311
170.578354,164.995697,60.088444,116.156609
170.680420,164.415512,60.354042,114.711838
170.608322,164.505264,60.773308,113.212662
170.771667,163.034164,61.000195,111.933540
171.846115,161.367599,60.766357,110.496933
173.607513,160.104019,60.309555,110.559029
174.972198,159.421768,59.642853,116.693832
175.705994,158.628525,58.971214,114.592491
175.702698,158.683853,58.990860,115.026054
175.738144,158.367462,58.951134,115.441177
176.945984,151.936005,58.582249,118.528442
176.901001,149.966095,59.829762,119.588074
177.410507,149.740570,60.922962,120.988815
175.925552,146.433167,62.100883,121.051010
176.003098,146.616791,62.583221,121.412430
176.283447,146.262360,63.000008,121.188263
176.252487,142.114685,63.197765,130.040482
176.337540,142.274734,63.453999,130.450714
179.874100,140.998108,62.524101,129.478088
176.422256,138.425110,63.010681,121.762878
175.574402,135.878586,63.170189,124.764915
176.674500,133.238358,62.693325,130.513702
178.547897,133.897949,61.946484,130.784012
178.659805,136.743500,61.661560,128.626816
179.370605,141.861847,61.772972,124.087547
179.584198,142.433228,61.882225,124.640152
178.653824,142.104660,62.048393,124.292633
177.242981,145.846802,62.275635,117.056923
173.928162,144.928101,63.588131,112.751572
173.657242,143.060501,64.552650,109.040726
174.095612,141.594009,65.555481,107.383682
176.359650,133.428802,64.375801,108.105835
179.860886,132.147125,63.436523,107.860909
191.008667,137.921570,62.547661,109.006813
191.187607,138.250443,62.932190,109.471451
191.842957,141.455490,63.416824,106.526878
193.854065,147.443558,64.768570,101.421196
198.940689,152.091156,65.309097,97.859436
203.851181,154.851349,63.992611,96.318993
209.801147,155.991989,63.608959,96.183693
211.570541,157.052811,63.555069,96.066254
213.334869,160.065445,63.260693,98.127762
212.775085,165.255936,61.347080,103.929924
220.746078,169.970795,58.516033,112.692116
223.497665,171.437164,55.774998,115.257866
227.812607,176.518036,54.172760,113.987114
229.022934,181.502991,54.487759,109.343895
233.582535,185.177704,56.157661,106.176865
234.603516,185.168564,56.558548,106.299652
238.741211,186.488525,56.148663,109.768448
238.864029,187.387222,56.474186,109.851486
238.082138,188.095718,55.463146,108.954292
237.715958,178.810013,53.633392,112.435883
237.393753,174.145798,53.742527,111.844635
235.555954,166.864334,53.222298,111.952614
235.540604,166.843399,53.660515,111.733047
236.032608,168.247742,53.641376,112.529434
236.901871,165.719650,53.261917,116.881523
238.746109,163.466949,52.742035,117.297699
240.779373,162.651260,52.305496,118.138191
240.699997,159.446014,52.679016,118.631493
241.197647,158.793564,52.939720,118.147141
240.542389,156.629501,53.149700,119.525108
239.979782,158.772232,55.064957,118.675499
241.830582,159.673981,54.574329,118.245781
242.411926,151.239090,51.215305,127.131821
242.323868,155.203232,51.197765,123.487816
242.304810,154.187073,50.642452,123.300186
242.418579,156.888916,51.310921,122.570206
234.880081,153.701309,52.525688,119.709747
231.974777,157.952423,55.424423,114.141716
226.106644,168.540115,57.571480,106.033546
219.994141,181.227234,63.154240,98.750748
213.715210,189.200928,66.792923,92.241692
212.550140,191.049591,67.954590,89.702293
219.812256,195.131210,67.118851,91.705345
220.099899,197.484009,67.284004,91.002235
232.048584,197.735779,66.572960,92.026810
233.008804,197.844070,66.177536,91.683655
232.978745,201.282822,65.300575,92.053192
233.791534,201.069504,65.046463,92.072182
234.361786,201.331345,64.923424,92.112709
230.173141,194.579620,63.648258,94.526863
225.794815,190.473495,62.424099,96.673897
221.965439,189.469711,61.834293,97.998901
221.959335,189.834946,61.615997,98.653252
214.619003,187.188141,61.849571,98.253204
216.230331,189.794022,59.619167,100.578560
216.727493,187.270157,58.999306,102.934563
214.932205,180.055817,56.446487,106.713127
219.163269,170.598572,51.835968,113.324036
218.729401,168.539474,51.887054,112.089409
219.122833,158.591812,50.891197,114.775116
219.231552,151.836456,49.026630,116.665527
218.237518,151.833542,49.155369,112.642227
218.260071,152.058609,49.400101,111.120880
216.936371,153.647018,49.241962,107.227959
215.548492,162.601639,54.767544,100.150505
216.596710,162.964172,54.839382,98.368790
216.392624,164.262329,54.728840,92.593254
219.753937,166.158356,54.523785,90.644943
228.007980,169.198456,55.079773,87.946724
234.910461,167.133255,54.069237,87.363068
238.362656,164.109879,53.161034,88.230759
244.555878,162.815842,52.189083,89.204643
245.218857,161.849411,51.922153,89.615189
251.298401,167.093536,50.838234,91.325699
255.488434,173.519943,48.670097,94.733788
256.288086,175.244293,48.597942,95.353050
256.387146,173.274002,48.547592,97.303772
259.468140,181.903442,48.160206,97.647606
261.057648,182.638382,47.612743,98.806091
264.013153,193.128311,46.452999,99.328201
268.942749,195.058105,45.553486,102.591331
274.774048,195.263336,45.311779,103.155792
275.413177,192.507858,45.032997,102.000374
275.260437,190.171295,44.739395,103.669830
275.228882,195.095505,44.897007,102.206573
281.553558,208.962799,43.244465,101.309700
279.128784,202.476318,42.003784,102.055550
280.379211,191.853592,40.040752,110.758827
287.353546,195.132614,39.300926,110.742325
292.792633,204.469803,38.618759,110.817352
287.502563,205.472855,39.302231,108.002815
285.884003,198.413864,39.820625,112.336197
287.788116,206.742752,39.630440,110.037682
289.039673,223.080353,39.109695,113.562927
287.812744,220.518875,39.655128,112.558510
287.767578,218.791412,39.691193,112.591866
292.444092,221.678040,39.768112,114.217903
292.516174,219.150635,39.495579,113.826332
290.693573,211.846466,39.187595,112.637787
291.935211,211.027939,39.022171,111.753258
293.379486,212.971619,38.787750,112.355766
293.957184,213.693863,38.730644,112.365402
294.296722,213.778992,38.781570,112.439346
296.709106,213.401443,38.470661,111.981323
299.079681,214.330170,37.941715,110.650810
305.440613,213.403580,37.907589,107.573692
312.234985,215.346298,37.223228,103.720131
314.630066,225.852768,36.532852,102.590439
319.600677,227.029617,37.013851,97.944290
322.632507,234.541367,36.915382,96.818878
323.891205,246.530090,37.237339,92.465958
327.795319,246.165344,37.598396,90.929153
328.444885,246.624954,38.021221,88.974228
328.423950,253.511093,38.384499,84.675850
328.440887,254.221375,38.382130,84.845039
328.207184,254.757751,38.882381,82.799187
328.862640,250.853241,39.021614,82.153328
329.567535,248.385803,39.192104,81.972549
333.299530,247.225311,38.569729,84.363449
335.807434,243.524414,38.244385,86.370964
336.419495,240.711700,38.040134,87.257767
336.811615,241.377075,38.399395,87.308037
337.264404,241.905396,38.339668,87.485939
335.482147,241.937073,38.228550,87.481628
333.877014,244.900330,38.220207,87.104149
334.090210,245.270294,38.006775,88.122948
334.538330,250.577866,38.004734,87.849846
334.985748,251.691498,38.179516,87.487778
335.852509,251.124252,38.257320,87.145355
336.986145,252.410385,38.875500,85.468903
335.767303,254.646042,38.416679,84.282066
335.888000,255.157654,38.374283,84.260704
