1
164.367432,179.234619,32.501640,85.709930
164.378601,178.310944,33.654488,88.638962
163.178925,177.625443,34.485703,92.114044
166.080948,173.529984,36.007904,96.182663
166.033951,174.156021,36.644833,96.681465
167.693146,175.238953,37.799320,95.347321
167.344467,176.108383,38.242836,94.546448
166.648163,176.057999,38.875870,95.083267
163.508698,178.677933,39.291344,94.116058
162.865692,180.279968,39.455139,91.547104
160.161133,180.083481,39.515018,91.549286
159.083130,182.417038,39.724480,87.496094
157.943130,182.817642,39.855667,85.564278
157.640060,183.250610,39.769371,85.331772
157.371017,184.589249,40.158646,83.339134
157.195053,184.745331,40.568073,83.302109
157.089447,184.812546,40.997017,83.478043
157.078415,187.102722,40.982361,79.693108
156.972885,187.438980,40.969162,79.987122
157.069351,189.449417,40.829491,76.781815
157.191666,189.425491,40.833824,76.838203
157.283600,190.107498,40.978634,76.424782
157.246521,190.318420,40.998459,76.306007
157.508499,191.383423,40.862877,75.099892
157.536682,191.623840,41.035305,75.354004
158.456635,195.926422,42.160892,72.180069
158.675217,196.088730,42.470539,72.296265
159.289154,195.991867,42.251045,74.582397
159.452301,196.190796,42.466213,75.083786
159.404449,196.865204,42.802853,75.993706
158.675232,195.421051,43.034084,79.368141
158.987701,196.055191,42.979263,81.792809
159.080704,195.346771,42.757145,80.311989
159.281158,196.743271,43.188358,81.861305
158.398209,196.132645,43.717812,77.868980
157.428284,197.226212,45.547825,74.665184
157.320297,196.870911,46.257690,75.288948
155.069382,198.990036,46.575817,73.082527
153.781738,199.545654,47.403748,69.264214
151.371506,199.586700,47.005135,66.528442
151.152283,199.190094,46.071358,66.884491
150.896805,199.825974,45.486099,65.443321
150.755051,199.898605,45.274670,65.243690
150.866653,200.026932,45.477531,65.471779
150.918289,200.122406,45.391457,65.345978
147.979309,200.814194,45.404736,69.048851
146.385727,202.153610,44.778687,71.708107
145.886108,202.720581,44.256729,75.258179
145.136978,202.320404,44.278427,74.190712
144.012283,200.897980,44.406120,74.994804
143.850342,197.983673,44.414074,77.574448
140.203400,196.147812,47.702183,76.059875
140.344666,196.553406,47.881363,76.440720
141.319092,191.662201,47.202538,80.535568
143.714172,190.396774,45.723705,82.944580
143.874451,190.396439,45.968254,82.930710
143.837936,192.654694,45.874908,79.508270
143.370544,189.724472,45.052624,81.544907
141.699677,187.455276,44.759354,82.849060
140.927856,184.592651,44.452610,84.944351
138.144836,182.302444,44.695988,84.978477
138.222305,182.318085,44.936176,85.098030
138.214951,182.688828,44.967773,85.340225
135.988007,181.383606,45.355259,84.540916
135.458237,182.265732,45.626377,84.973404
135.210510,182.171478,45.960953,84.942474
135.191620,182.306427,45.983044,84.979019
135.199020,182.317154,45.977283,84.963379
135.088089,182.483810,45.943275,83.986412
135.004074,181.767059,45.608639,84.051834
134.807541,182.405060,46.488060,84.071495
135.963928,180.667068,45.911938,86.082947
138.247452,184.571075,45.727322,90.019768
138.383652,185.360657,46.140739,89.410164
140.887665,182.142868,47.418922,90.180161
143.813461,183.848846,46.717636,90.472626
145.052704,181.217834,47.234962,90.905853
148.575439,178.083420,48.450779,89.655273
153.648041,180.045670,48.338249,91.072838
154.498932,178.683228,48.837799,91.362938
156.435242,179.843765,49.186012,88.608078
160.134186,186.174576,49.640659,86.292442
161.769714,186.724396,50.252796,85.754715
164.308136,187.462799,51.072544,85.160751
167.987183,187.367294,49.886017,86.414818
173.142822,181.906693,48.957336,92.811043
177.391129,184.040207,48.970329,91.994133
180.559433,185.282486,48.202835,91.192139
180.918991,184.062653,48.531990,91.150375
184.415375,183.791214,49.082844,91.775581
188.219879,180.964645,48.317688,91.684456
189.076248,179.756500,48.680695,91.782341
190.157257,180.440445,47.661190,90.516945
190.181870,181.103271,48.093391,89.727028
191.594635,182.894226,49.745251,87.524445
191.726257,183.163101,49.972244,87.948349
191.751923,183.163559,49.961319,87.910240
191.485062,183.593491,50.501015,87.611931
191.667664,184.929428,51.405102,87.620766
191.746445,185.203552,51.385788,88.082703
191.672913,187.382553,53.147388,88.193031
192.309464,187.573730,56.160385,87.454651
190.437347,185.955276,55.396591,88.064034
190.343857,186.060532,55.282177,88.370544
189.804108,187.241074,54.589870,89.032104
189.804001,186.766159,54.384975,90.344452
189.971802,186.561203,54.789978,90.670052
189.841171,186.513275,54.814869,91.781006
194.371384,185.239883,55.223656,92.871483
195.053207,182.329239,54.994984,94.563171
197.259415,178.412384,54.143364,97.836189
196.895187,177.604004,54.181019,98.326950
204.554077,172.732788,55.320187,100.687195
205.731979,172.780670,56.437283,101.816864
207.645416,171.654892,58.285618,101.292610
208.938065,167.987640,59.490768,102.851227
210.813492,165.921463,59.882771,103.411728
211.929413,163.481384,60.223434,103.594711
213.814255,160.379883,60.158848,108.407242
214.331146,160.024155,60.422634,108.065918
214.750168,160.410309,60.465637,108.438583
215.835388,159.804291,60.598480,109.344337
216.662674,160.738174,61.733467,109.562912
217.657227,162.098495,62.988201,109.485146
217.701813,162.067947,62.955116,109.561142
217.752777,162.505554,63.048801,109.953453
217.938995,162.013565,64.111992,110.836647
218.068741,162.641846,65.228920,110.825752
217.834671,163.708527,65.381531,111.006165
217.672729,164.544174,66.303047,111.999542
217.278610,164.537903,66.340630,112.950050
216.471970,165.128387,66.429688,113.534370
215.986832,166.302750,66.651527,115.244759
215.480377,169.197540,67.203308,115.926765
215.570572,167.282196,68.482773,121.225594
215.240082,167.161362,68.550758,122.406639
215.440247,167.268921,69.023323,122.533432
215.267715,168.967728,69.302933,123.056572
215.237274,169.231049,69.439430,123.504250
215.012329,169.604691,69.470909,123.914360
215.006287,169.673584,69.478233,123.919052
214.978561,169.756393,69.488571,123.898560
214.966797,169.734009,69.472511,123.961327
214.927155,169.653793,69.559311,123.890907
215.079315,169.471619,70.147980,124.095222
215.112976,169.558228,70.482834,124.414909
215.106628,169.591476,70.477432,124.437294
215.101852,169.202545,70.580086,124.340065
215.160233,168.968979,70.947952,124.522697
215.267685,168.546143,70.483284,125.919266
215.316666,168.621094,70.451790,125.946663
215.665497,168.540115,70.355888,126.236320
216.002457,168.304626,70.603989,126.505203
216.471512,168.195847,70.662498,126.369148
217.402420,167.899857,71.165512,127.094978
219.830307,166.549011,68.435173,131.416153
219.615799,166.926834,68.612694,131.149719
219.871368,167.126282,68.926163,131.536575
219.821594,167.247742,68.922256,132.182266
220.200943,164.027054,68.395615,137.796402
220.385635,163.220871,68.317665,138.795319
220.565735,163.066483,68.055145,139.156601
220.415344,162.860840,68.413216,139.429977
220.278992,162.613800,68.393318,139.547043
220.284760,160.618332,69.017204,138.104752
223.217682,158.355057,69.251694,136.745163
223.818497,154.714966,68.865028,143.568527
223.715393,155.394348,69.729950,141.016235
223.892624,153.661560,70.087723,139.724686
225.533340,152.039169,70.550873,139.071808
226.352997,151.198853,70.865150,138.316010
227.570023,149.543137,71.436539,135.296722
227.809723,149.535126,71.422188,135.473083
228.855408,148.608994,71.050186,134.463943
229.118347,148.582321,71.443207,134.435776
228.599991,146.470291,71.436172,137.276566
227.891373,148.294617,71.538872,136.526672
227.032364,147.234894,71.574295,138.474869
224.807693,147.027084,71.953445,137.902802
224.667755,146.757797,71.949028,137.955322
224.704483,148.890640,74.018356,137.166473
224.505188,152.917313,74.165932,136.254395
224.093384,151.913391,75.001854,137.662445
225.290497,149.922226,73.764938,142.609634
223.915802,144.948059,75.235382,142.616028
224.841965,146.144028,76.044609,143.747177
224.821335,145.934387,76.454178,141.829880
223.425232,143.784317,76.011711,142.000702
220.562134,144.303635,76.285965,141.096985
218.111053,149.682312,75.928749,141.445923
215.614716,150.919052,76.451035,139.977676
214.803696,151.018936,76.211746,139.983200
214.869339,151.023987,76.464828,139.948395
213.284088,151.667175,77.032181,136.930557
211.909576,153.820694,79.082489,132.367050
211.785233,153.849411,79.439125,132.376831
204.529617,153.433334,79.758026,128.293976
203.782547,152.931396,80.092178,126.752632
202.536423,152.550491,80.346252,125.375931
201.375656,152.311737,80.156723,125.277306
199.470505,154.451248,80.380951,125.195129
196.041321,155.744415,79.299515,122.010574
192.199020,159.209808,77.667038,121.152374
189.589279,161.548004,77.686096,117.659180
188.801971,162.493210,77.140274,117.745934
186.781860,164.450104,75.380440,118.478210
185.568588,164.009644,74.973244,118.252838
179.248764,164.759949,74.191948,117.916878
172.936920,171.574387,72.742676,116.222321
169.569504,170.227829,71.724037,116.231720
167.249359,175.705612,71.335030,115.889435
166.069870,176.336212,70.279274,116.055489
162.691391,177.674332,69.589661,115.349564
160.102249,176.855225,69.986465,114.159630
158.978073,174.061432,70.425247,110.565102
158.981674,174.264938,70.448990,110.969727
159.041153,174.391754,70.349609,111.949051
160.327911,172.520966,70.238434,112.512184
160.987396,172.020111,70.326317,113.719185
161.346786,172.185028,69.940147,114.223465
161.631943,171.301865,69.645157,115.028656
162.096497,170.800537,69.700859,115.844788
162.958862,169.714340,69.668999,116.301987
165.004990,169.428101,67.389275,121.035004
165.344589,169.301117,67.081345,122.344208
165.665283,174.433044,66.765556,120.306381
166.128052,174.156204,66.559151,120.229454
167.337234,172.349365,65.779129,120.752937
167.500183,172.393860,65.868607,120.981071
167.562836,173.017838,65.827484,119.808418
167.727509,170.739731,64.841827,118.838867
167.481964,168.730042,64.013557,118.960304
167.714569,168.633942,64.411598,119.031548
168.224564,167.816223,63.129059,119.631111
169.044617,166.500946,62.681873,120.024872
169.175446,166.419434,62.990620,120.172539
169.058365,164.867523,63.228443,118.192413
169.580276,164.320007,63.227329,117.669258
171.042664,161.003571,62.453911,113.451164
172.318359,158.752136,62.516815,113.228058
173.795914,158.644653,62.036118,119.733978
174.082703,159.025925,62.218102,113.546692
174.353760,158.948364,62.454391,114.195030
173.841629,158.655121,62.945019,113.466461
174.150238,152.146881,62.514465,116.730606
174.185638,151.756790,63.593834,119.084923
173.976608,152.019913,64.418350,119.457993
171.698227,148.272507,64.582642,119.407196
171.842285,147.313721,65.091965,119.209808
172.193542,145.998245,65.506058,118.024933
172.045441,139.599396,65.940697,131.883469
172.117966,132.581787,64.864624,140.695312
177.679947,130.812531,63.127930,140.545181
174.612335,129.146194,63.407452,130.886795
172.283646,127.385094,62.950077,131.794601
172.180481,127.161385,62.908672,132.452362
177.346741,128.863434,62.696007,130.686676
178.468643,131.640610,62.096226,129.318314
178.776138,133.311661,62.443714,127.790764
179.001678,134.544052,62.193493,127.186165
178.488998,137.272659,62.736900,122.807213
177.117249,143.163300,62.636597,113.884109
173.950302,143.692047,64.670197,109.873055
172.795013,143.265793,65.872559,108.537804
172.384308,141.877228,66.374435,107.668465
172.748505,134.637833,65.214233,108.624252
175.929108,133.701538,64.463051,106.872971
186.179642,134.924210,64.387794,107.206413
186.366028,135.604599,64.534325,107.028969
187.213593,137.923523,65.177460,106.116158
187.531738,139.276489,66.084404,104.818039
190.099792,144.770004,66.202744,102.111771
201.204163,151.563629,64.764069,102.820045
209.564819,151.879730,65.193802,102.399605
212.015198,153.267929,65.174683,101.461601
213.339859,156.290710,64.710083,102.034637
214.614655,163.043549,62.259350,106.682114
219.671646,167.173874,59.264610,117.057243
220.826645,167.847946,57.570206,117.522392
223.459091,171.014481,57.202732,117.065292
226.698715,176.429321,59.060677,114.535118
230.608780,181.742996,60.221134,110.587097
231.998505,184.423843,60.679588,109.198746
236.292923,187.609070,60.003262,111.127731
236.551239,188.946014,60.418148,111.533936
233.453842,181.119019,58.405758,114.461823
233.626328,174.891922,57.402813,118.213539
234.732269,172.455353,57.031651,117.700821
233.996140,166.432404,56.733089,117.825989
234.141602,166.090134,56.888813,118.175644
234.731903,166.146469,56.488022,120.811714
235.566696,164.664032,55.700321,125.023956
237.654984,162.497559,55.334099,125.287521
238.610123,162.215591,54.976032,126.671158
238.751953,158.639160,54.838348,128.920044
239.254761,158.153000,55.012115,129.003296
239.493210,158.280914,55.500584,129.470810
240.339035,157.958054,56.050064,129.320190
240.565140,157.615295,56.334438,129.914413
241.803421,153.679657,52.960369,133.870605
241.777054,154.360519,52.833843,133.333633
241.250565,150.249283,52.123131,132.333435
240.148697,156.163422,55.245102,125.139671
232.132980,158.363617,57.117092,117.947243
228.968674,163.390060,60.783367,108.477097
222.984955,165.763351,62.837818,103.646339
217.486465,181.462540,70.093956,95.225929
210.736191,183.302399,72.034286,89.928070
211.593307,185.377899,72.994095,87.987228
216.302719,191.235016,70.533043,90.408348
218.181030,192.818436,71.125252,89.798019
231.851868,195.460510,70.091080,90.348869
232.164856,195.689606,70.237549,89.537109
233.108948,198.098999,69.354927,89.823380
233.878769,194.857880,67.948433,89.677574
232.444138,194.911057,67.440834,89.473915
226.123016,188.874954,65.430183,92.176125
222.421555,187.265503,63.935921,94.865685
221.788605,187.796310,63.326374,95.714729
221.629349,190.338379,62.596706,97.450104
212.572556,186.714325,62.736969,96.760986
214.937683,191.249832,60.295082,99.111084
219.209915,184.609421,57.656956,104.931740
216.254288,180.918137,56.044544,108.513428
217.912003,169.936172,51.937099,116.753082
218.966354,168.940781,51.853008,114.654434
217.060532,161.977783,51.333439,114.103775
218.466949,149.135590,49.372673,117.486046
218.381271,150.047195,49.242764,112.871399
218.608414,151.294540,49.234699,109.662399
218.840759,151.852921,49.312466,109.643097
213.607895,157.919754,54.805721,102.407471
213.908615,158.427414,54.608238,100.683220
212.103867,162.239868,55.522469,98.615952
215.126373,167.140167,55.684708,97.935852
218.633865,172.233521,56.645931,93.456596
231.169220,173.702728,56.643654,91.120102
244.402176,177.587936,55.176846,93.293854
246.615601,175.881195,54.477928,94.152039
246.453735,176.407227,54.208660,94.535522
248.193359,184.295822,53.907139,95.342163
254.320969,193.480713,52.254887,95.567749
254.486603,193.630829,52.449974,95.943878
255.582123,191.863281,52.176373,96.510963
258.622437,197.783813,51.610195,97.679207
262.332489,196.208588,51.559837,98.475616
266.749115,202.336349,49.674561,98.364349
272.961182,201.674973,49.126450,100.365501
275.131073,201.289017,48.482651,100.007156
276.009186,200.706131,47.976585,97.581909
279.470367,196.839676,46.894417,98.424797
274.439453,198.660736,46.833691,95.404694
281.538879,210.114578,44.372231,95.491737
275.982605,203.896927,43.064293,97.597740
279.801331,204.490479,41.771858,102.146164
288.107086,206.542038,40.526024,101.293175
294.937103,218.833633,39.730690,102.504311
290.454010,213.446045,40.163040,102.442635
288.319336,213.222855,39.270874,106.982788
289.749237,218.812103,38.840626,107.169029
291.926025,237.535187,38.518490,108.037781
289.714752,239.055099,39.406036,105.065643
288.958252,242.231003,39.716022,101.825775
290.970612,246.005707,39.268589,99.740570
291.936096,242.066605,39.348282,99.246475
290.096313,234.590179,39.706905,99.368111
292.313507,232.234543,39.277847,98.875870
293.639618,231.391693,38.320827,99.401566
294.063782,232.657440,38.419075,97.880623
295.212097,231.877014,38.018013,97.521439
298.040588,226.917725,37.853813,97.539520
301.845093,222.410843,37.049503,97.131592
308.815155,221.567856,36.866863,93.992485
313.362518,226.569901,36.456444,90.181000
315.203461,237.669388,35.586948,88.213631
318.912048,240.731323,37.291733,80.701241
324.372559,245.077789,36.560570,81.951332
325.337921,252.476532,36.860031,80.439941
327.170990,247.823563,37.090775,80.521675
327.748932,245.438354,37.348507,79.762558
328.532562,245.850388,37.342430,78.695686
329.311768,244.829300,36.873695,79.601547
329.501617,244.113373,36.924797,79.291649
330.905212,244.158493,36.570160,78.953110
331.571808,243.735992,36.607456,78.281944
333.632324,245.981598,36.193058,83.467194
335.314362,242.487305,36.060665,84.253044
336.839966,240.468140,36.446220,84.502533
337.270599,241.784851,36.513268,84.958611
337.796875,241.802551,36.824947,85.197350
336.762756,243.263977,36.992012,86.255318
335.316376,245.260803,36.637440,86.125984
335.162323,246.070389,36.439018,88.008057
335.387177,247.643311,36.208420,88.386452
336.109619,251.104431,36.038727,86.689171
336.463562,251.056015,36.424461,86.786972
337.552155,250.978073,36.385105,86.213768
336.975769,252.449203,36.133106,85.067657
337.333649,253.775375,36.401855,85.358315
