1
161.080902,180.146393,41.488663,87.470963
161.032944,179.995270,41.504070,87.689293
160.747711,179.989075,42.130264,88.569023
162.263168,176.544312,42.998589,90.833008
161.905014,176.521896,43.325634,90.593788
161.494171,176.219360,43.801266,89.944267
161.409668,176.475296,44.296776,89.555374
159.066177,176.429672,44.359550,91.104034
155.370483,181.642502,44.225941,88.636269
154.743851,180.596909,44.208935,88.941406
154.315979,180.969345,44.295357,88.673286
154.329834,182.817856,43.625278,86.946342
154.179886,183.010864,44.021450,86.419350
154.195740,183.881042,44.389511,84.672638
153.468109,184.899857,44.481812,82.903000
152.401413,184.642548,44.481197,83.037544
152.344788,184.870285,44.482658,83.472282
152.572983,187.719727,44.853977,79.761688
152.664398,187.818375,44.964550,79.938316
152.709930,188.300964,44.933937,79.138588
152.759827,188.470413,44.948021,79.397934
152.884247,189.256729,44.961761,79.179375
152.921585,190.597137,44.841148,78.617401
153.551651,192.727356,44.682232,76.783234
153.767853,192.834564,44.975178,76.956604
154.437988,194.342041,44.993561,76.448883
154.445435,194.407303,44.979408,76.447838
157.189636,193.753891,44.016090,78.211418
157.694519,193.794434,44.350643,78.750397
157.794678,193.987274,44.520481,79.070671
157.375076,193.401291,44.849998,82.090897
157.954605,192.995163,44.320541,83.693420
158.304413,191.476501,44.094322,83.948837
158.641693,190.036514,44.515850,88.416573
157.504288,191.646652,45.379356,83.279968
156.818359,192.255249,46.088295,81.369637
156.069321,195.090790,48.237160,80.375832
153.973633,195.589645,49.011181,79.767113
151.500793,196.239777,51.435337,75.113060
149.548737,197.816772,51.572289,71.777664
148.093353,196.551758,51.670776,70.083809
148.283936,197.835175,50.742035,69.255356
148.827133,198.090149,50.093925,69.297890
149.040131,198.164093,50.463490,69.476189
149.089645,198.325409,50.414242,69.207565
147.254166,197.948029,50.404316,72.029594
146.044220,198.266006,49.826012,73.035385
145.867493,198.394043,49.775600,73.429039
145.245407,199.277191,50.026386,72.964645
141.899567,198.401047,50.065269,74.495560
141.988739,198.041992,50.613400,74.648140
141.043045,195.768845,50.709057,75.052795
141.141525,195.943024,50.828289,75.564873
141.046753,195.804977,50.455547,77.259727
141.672028,195.666977,49.465298,78.090302
141.696640,195.768692,49.439411,78.533501
141.777084,195.914001,49.366413,78.560539
141.038956,191.534058,47.994347,82.417313
140.576279,189.051605,47.411480,83.595734
140.338058,187.650055,47.239891,83.694580
137.109482,185.171936,47.086338,85.301353
136.981735,185.028717,47.305832,85.688622
136.840286,185.160828,47.178707,85.901802
133.954544,184.332809,48.175968,84.888786
134.102921,184.446259,48.324806,85.072746
134.108810,184.604996,48.452457,85.552040
134.101028,185.042099,48.473831,85.527328
133.746811,184.226898,48.365982,86.147324
133.693741,184.149445,48.464779,86.462585
133.203110,183.312164,49.088165,83.322159
133.420303,183.213470,49.455929,83.085670
134.107056,181.862076,49.490585,84.501404
135.988235,185.994110,49.958378,88.964386
135.999680,186.258011,49.997627,88.651726
139.185837,181.644653,50.635254,89.932983
142.246933,185.549301,50.200119,90.430504
144.593933,183.168243,49.720467,91.196648
147.965546,177.550110,50.300526,90.506447
152.030151,179.488144,50.063969,93.591377
151.952164,178.584518,52.048794,91.759384
155.300797,178.483566,52.114571,90.421875
157.446411,182.349350,52.354218,89.811096
161.105316,183.053131,52.332069,90.092323
163.824997,185.772354,53.122940,89.389664
168.292984,186.461929,51.212593,90.409363
173.297806,182.692123,50.350067,95.401604
177.523636,185.785477,50.340389,95.321465
178.899872,185.010437,50.239388,94.529739
179.594177,182.395264,50.988503,94.895042
183.153870,181.341843,51.029312,93.764488
187.000290,180.336746,50.664806,93.372581
188.035767,179.295807,50.943016,93.094818
188.764496,180.784424,50.377445,90.937408
188.969284,180.708771,50.414951,89.497231
189.163071,181.372223,50.905785,86.989319
189.206070,181.550278,51.098309,86.889687
189.543137,181.746536,51.384899,86.453896
189.065506,183.296341,53.081524,85.509598
189.377289,185.262680,55.152832,84.129204
189.551300,185.460510,55.465126,84.467216
189.563034,185.462540,55.598087,84.490730
189.779449,185.315109,57.145924,84.793198
188.087280,183.417313,56.499722,85.419411
188.422791,182.407455,56.109756,85.886337
188.746078,184.261414,55.756706,86.607506
188.977524,184.430878,55.690044,86.934319
189.462341,183.102463,56.087769,86.712219
190.459290,179.466858,54.652458,90.346046
194.398026,176.542252,54.340435,91.577621
195.475189,172.618546,53.860138,92.403725
195.763397,170.007675,53.748890,92.443970
195.797394,169.066513,53.773098,92.115189
197.071350,168.107483,54.697845,92.562737
197.810303,167.140488,55.588734,91.822365
198.121948,164.922440,55.582699,92.110100
198.734985,163.653320,55.019356,92.602364
199.968323,161.586288,55.457218,93.631950
195.886139,160.855133,54.911350,94.273201
204.747620,158.860596,54.128639,94.772865
204.820831,158.432571,54.797081,95.025764
205.285828,157.564545,54.816273,96.179016
204.851654,157.557419,55.021282,96.521599
206.740753,157.331192,55.851440,96.783043
206.822357,157.309113,56.071693,96.808838
206.674667,157.329895,56.406868,96.399590
205.908371,157.621292,56.304512,95.756126
206.380539,156.819000,56.552460,95.621765
206.299377,156.621140,57.376553,95.892998
205.927124,155.821014,57.335842,95.977310
205.768219,154.929840,57.370827,96.498177
205.773361,155.187744,57.603931,95.937622
205.859833,155.722427,58.147247,95.384918
205.945755,156.061874,58.819378,95.024162
205.275986,156.636337,59.061611,95.049507
204.909912,157.040115,59.781414,95.294899
204.339203,157.248047,60.071644,95.028793
204.211929,158.140961,60.457150,95.124191
203.960724,158.940063,60.512035,94.579475
204.015579,158.477905,60.872173,95.079781
203.866028,158.364395,60.797009,95.566902
204.041702,158.612686,60.960426,96.004707
203.897995,158.149338,60.780876,96.827019
203.992371,157.925674,61.249428,97.237595
204.424301,157.834702,61.287712,97.975975
204.336304,157.466568,61.589939,98.186806
204.416367,157.202301,62.056759,98.443268
204.424011,157.123260,62.419842,98.430183
204.367676,157.067520,62.464367,98.421341
204.085022,157.096970,62.637074,98.200859
204.224579,157.229507,62.956696,98.529831
203.967102,157.045959,62.864857,100.399399
204.028397,157.088516,62.963234,100.439789
204.045303,157.118896,62.968891,100.456696
204.223953,157.121658,62.889854,100.537468
204.597610,157.249252,62.880871,101.139755
206.472183,157.792938,62.292351,101.900909
206.611282,157.863174,62.455952,102.062126
209.241776,161.119843,61.539345,103.303726
211.463364,161.534439,60.696815,102.890320
220.158264,160.896622,59.469780,105.236771
224.776855,159.936203,58.949902,105.532394
227.948013,159.362595,58.162968,106.825653
228.744629,157.020706,57.834438,109.154221
229.399445,152.479843,57.103386,112.148132
229.556442,151.077408,57.556484,111.479988
233.280731,144.735703,58.183540,111.309875
231.014664,144.349792,59.544624,110.745476
227.947540,143.773117,61.320831,105.978088
233.042145,139.729202,62.487568,102.783157
231.337112,138.830902,63.092541,101.531677
231.547226,139.131012,63.440437,101.935059
232.100449,139.083176,63.666779,101.044243
233.949402,139.305527,64.262039,102.145584
234.459442,139.690567,64.544983,102.342827
233.663651,139.130051,66.937996,102.022705
233.209473,139.456558,67.288361,102.339561
233.078674,140.350876,67.654388,102.235703
230.566772,143.889008,69.223473,102.452705
230.252319,145.792084,71.286636,101.614220
229.021606,149.244080,72.676308,99.760887
229.505051,152.777420,72.526436,99.427811
229.815094,160.544373,71.868828,100.194351
229.424774,161.829178,72.525505,100.204254
230.259140,161.179230,71.338837,102.180244
229.136978,156.127029,71.693909,106.190834
232.616409,160.105637,71.714157,107.756119
231.587646,161.769348,70.052017,108.339569
230.129028,159.776184,70.132835,108.390755
228.904007,158.710312,69.701088,110.094696
226.175537,158.715973,69.169182,111.174370
223.402451,159.153809,67.709885,112.236679
218.686066,160.585495,67.230476,111.052559
216.792282,162.096725,67.213333,107.702438
214.429352,163.788467,67.748558,105.214928
211.326324,162.831253,67.969521,102.820885
210.598404,162.438049,68.365189,101.198792
205.134796,161.899445,67.976707,99.767876
204.697250,161.439438,67.830742,99.642952
204.074051,157.738312,67.639641,100.758080
202.950409,160.267593,68.188866,101.205444
203.152527,159.797638,68.577911,101.150101
200.755035,159.510910,68.651718,100.788506
197.885712,164.847717,67.324013,101.316132
195.012497,165.457825,67.590744,94.972267
194.240540,165.272736,67.608131,93.778938
194.103714,164.451721,67.999741,93.723648
191.611893,164.249741,67.958145,93.694038
189.552383,165.754242,68.512375,92.978867
187.696564,170.210922,69.227058,92.350838
184.272476,169.161530,69.090996,92.154266
180.626419,171.884277,68.854271,94.539688
174.792252,173.718872,68.088821,97.824738
169.555664,176.198029,67.883087,97.611549
163.598129,177.126587,68.487869,100.916702
162.825150,177.141235,68.910797,99.173485
162.363022,177.296646,68.871254,99.451614
163.615631,174.507507,68.601593,102.768723
163.796143,173.946289,68.719070,104.669167
165.581635,171.849823,67.901917,106.347389
165.547012,171.970108,67.530792,107.583321
165.758636,171.934601,67.813965,108.049423
165.771729,172.552048,67.589981,108.763474
166.146515,172.542725,67.188629,109.466080
168.154236,165.540497,65.244331,113.063362
169.431946,165.927414,65.099319,113.914284
169.490097,167.762451,65.249275,113.741661
169.613770,167.614502,65.422050,113.414291
169.962219,167.521118,64.899963,113.541389
170.182388,168.108521,63.489529,115.216545
169.777405,169.151764,63.296711,115.026367
169.067764,167.531464,62.956959,115.126442
169.085938,167.371033,62.716316,115.800133
169.189743,167.260040,62.967960,116.112831
169.049301,166.568222,62.715942,116.233200
170.155746,165.926315,61.097858,117.204285
170.076874,164.884293,61.462952,116.744102
170.035278,164.300186,61.555244,115.506119
170.858063,161.888794,61.570332,113.362396
171.359100,160.636826,61.831837,112.646873
173.509949,158.482376,61.247414,112.870590
175.468201,157.843292,60.386829,120.708046
176.156113,156.259109,59.581028,115.913086
176.240448,157.186310,60.210197,114.803780
175.195816,155.252960,61.293354,113.587677
175.063446,152.943436,61.842350,115.172653
174.453522,150.497131,63.602566,123.142006
174.159836,150.152374,64.903374,123.900444
171.823380,147.897568,65.862343,119.570213
171.918732,146.616119,66.181969,119.636963
172.277222,145.758453,66.407211,119.407784
171.621826,140.585220,66.216400,129.235886
173.480591,132.783615,65.240959,141.606354
177.908142,133.987900,63.963444,139.730698
175.119568,125.480171,62.994698,135.257492
173.828751,126.700172,62.737797,135.364868
174.081650,126.913895,62.915943,135.388306
177.784515,126.756577,61.706772,135.792984
178.264557,128.026001,61.478668,134.910919
178.825897,132.833801,61.413342,129.761276
178.876114,133.247894,61.439213,129.861984
178.574005,134.421066,61.530785,127.796196
176.639648,139.298538,61.782692,118.931137
173.939468,138.809891,62.737514,113.928680
174.115265,140.585968,65.515953,107.947845
172.446487,148.144882,68.596436,108.501083
173.160385,142.067444,68.503220,108.611916
178.044006,136.643829,66.835434,108.087639
187.618332,138.117538,66.005974,112.682556
187.396469,137.978653,66.201813,112.775909
187.631836,139.455917,66.566330,110.853157
189.945496,145.453949,69.599915,104.447685
195.329926,151.775513,70.081818,101.965546
200.485870,155.504700,68.352562,101.111954
205.324539,152.639313,69.265648,102.363899
211.066055,153.437485,67.219666,103.050339
211.976562,155.840515,67.009987,104.242073
212.995575,163.426514,64.813927,109.601974
219.325470,170.600128,62.884201,113.442986
221.000000,171.074051,60.666531,113.883987
224.205139,173.417725,59.685272,114.169449
226.939682,182.630005,62.739037,108.105385
227.870667,183.533203,62.730671,108.004349
229.957886,184.705124,62.925262,107.074425
234.878967,186.848572,62.133785,109.957306
235.536484,187.813766,62.136208,111.315575
234.137650,185.962006,61.120697,111.346413
233.535934,175.253815,59.689556,114.670143
233.722260,174.090652,59.717117,114.896820
234.016541,169.777130,58.665314,113.350571
234.010757,169.265533,58.799332,113.675392
234.541336,168.670105,58.538479,116.045067
235.634644,166.078552,58.027145,122.152351
238.561203,162.842590,56.083309,123.361862
239.058380,162.859619,56.278393,123.717430
239.162598,155.252426,55.885426,127.255409
239.053482,154.201660,56.040241,127.196976
239.452728,155.398392,56.979179,128.392410
240.661346,157.152145,57.841183,125.163940
240.692932,158.739990,57.782673,123.624290
240.429535,148.317764,54.005203,133.374619
240.447174,150.928360,54.097954,130.887604
240.501801,149.870209,53.751305,130.696655
240.620636,150.454681,54.051853,130.452499
230.903061,146.658401,55.560165,127.390564
228.503021,149.431824,57.158115,124.913208
226.078415,158.100067,59.295963,117.353531
221.793198,169.270935,63.731884,111.221863
217.002655,181.425934,70.208008,103.035225
214.875732,183.155914,70.655930,101.431770
220.611389,182.427582,69.712753,103.121773
224.377609,191.975876,69.435287,99.450958
227.694107,192.293076,68.835052,99.672211
228.943741,191.874115,68.622002,99.552589
229.865967,193.746490,67.935181,99.775841
231.843140,191.949951,67.264809,99.514496
229.961151,191.266006,67.048561,99.734772
226.589325,188.947601,66.651199,99.960938
224.024490,186.451767,65.894341,101.107872
221.566788,184.108383,65.131798,102.559074
218.530167,184.568176,64.706192,104.076088
212.794662,183.338928,63.740356,103.925919
214.325760,186.272659,61.311935,105.509026
216.088150,182.953232,59.907459,107.823502
214.355972,177.149796,57.391033,110.354874
218.035965,169.350433,53.239918,116.258690
217.628830,168.932175,53.676395,113.655876
217.671097,157.086929,52.539864,115.579628
218.159363,151.927170,51.246334,115.287270
217.978470,151.313980,50.880302,112.016724
217.825851,151.714096,50.799469,110.501038
217.359360,152.761414,50.466629,108.414696
215.531677,159.157776,55.678150,100.593483
215.259918,158.918915,55.552662,98.206512
215.630112,159.523148,55.842163,95.735268
218.739075,159.837631,55.847630,95.012177
225.505890,159.788193,56.098122,92.569710
233.056030,160.697495,56.652241,90.427765
239.203217,157.491882,56.056046,91.459145
245.034729,162.536316,55.920696,91.152245
245.699814,162.804321,55.354195,91.698433
250.698776,165.899323,54.240623,94.960800
254.266541,173.682663,51.506958,97.054504
254.946686,174.180481,51.700169,97.799393
254.399368,175.501282,51.345974,99.269257
256.026581,184.674927,50.236835,99.052826
256.922943,184.590469,49.683926,100.288605
259.797363,191.865128,48.118176,100.753448
265.368652,191.934601,47.429192,102.875816
271.932465,194.458969,46.399120,103.633362
272.847473,189.828186,45.740013,103.023155
273.934143,187.129913,44.762173,105.399551
272.869965,185.927597,44.864784,105.540169
278.173767,201.544968,43.959827,104.099098
277.401611,197.244125,41.764988,107.954666
281.493073,196.699799,40.274498,110.055367
286.477081,193.539337,39.653839,110.948326
291.038574,198.354721,39.014774,112.291145
286.001740,203.162720,39.129837,112.053291
288.551025,207.845047,39.847630,112.849548
288.695557,220.081635,39.235016,111.164459
289.569000,230.056747,38.717243,115.868332
287.594482,230.746765,39.292625,112.405632
287.552032,231.816116,39.500332,110.904877
290.287231,230.227158,39.927528,111.857109
291.035400,227.810547,39.596809,111.136932
291.510132,223.689835,39.250088,110.402733
292.975189,219.913589,38.514542,110.171356
293.736145,218.327713,38.326511,111.206894
294.243317,218.656357,38.248287,111.215919
294.679169,220.204056,38.301636,110.049515
296.713501,219.260284,37.976376,109.654808
300.450073,219.956589,37.359970,107.999695
307.856171,218.109360,37.212452,104.600029
312.427460,219.400909,36.953941,102.940910
314.712585,223.372086,36.184563,101.185226
318.676971,222.147049,36.649052,96.308182
321.464996,233.879471,36.401569,96.109650
322.956604,246.136322,36.801559,92.314644
327.271790,246.019592,37.211147,89.865166
327.996704,245.696915,37.586739,88.076454
327.660461,247.056320,38.116131,86.630898
328.387543,250.200241,38.133774,85.523796
329.120270,251.339355,38.853760,83.663269
330.683258,251.564301,38.942131,83.347099
331.418304,247.938019,38.611973,82.945908
333.424988,245.080353,38.088272,86.358025
334.595581,243.594177,38.187016,87.166435
335.784454,238.609421,37.833202,89.451424
336.193665,240.920059,37.623589,89.423981
336.897156,241.362045,37.750641,89.907051
335.023651,241.981049,37.387794,93.168037
333.978302,249.309036,38.177059,90.764641
334.153961,248.326614,38.122623,91.415161
334.809906,252.614014,37.962605,90.450218
335.986542,254.916519,37.495174,88.463844
336.016296,254.820908,37.382324,88.476349
336.805573,256.191650,37.722336,86.797768
336.019989,256.482361,37.955788,85.240921
336.171967,257.832611,37.867577,85.195061
