1
37.872467,62.376904,22.414122,47.658352
38.938854,62.060467,22.350555,48.526001
39.237076,61.841694,22.607183,49.297249
39.941025,59.855595,23.144173,48.028923
40.190361,58.516644,23.659359,47.200508
40.777843,55.503231,23.907898,46.906635
40.951309,53.933830,24.101885,46.201328
41.559357,53.228115,24.281017,46.756672
41.655666,53.350060,24.481325,46.953632
41.539886,53.573380,24.490145,46.919132
41.269501,54.317760,24.429649,47.196659
41.049030,57.223946,24.338182,47.094017
41.840530,62.574902,24.487696,46.239105
41.816463,63.587921,24.512938,46.159691
42.789398,67.975739,24.408672,46.230240
43.308331,69.928780,24.005457,46.268593
44.028381,73.130554,24.323225,45.537426
45.488358,73.851013,24.097713,45.720505
45.775162,76.212860,24.584791,45.063549
46.649570,77.623619,24.701218,45.152088
47.248287,78.913040,24.891684,44.839607
50.186859,81.133759,24.318539,44.972305
51.873314,81.832977,24.388916,44.386742
54.281258,82.243797,24.148472,45.094936
54.833420,82.550972,24.372616,45.459534
55.172596,83.231522,24.650196,45.460968
56.321213,84.374367,24.944613,45.157391
58.079876,84.381996,24.586355,45.721237
59.374336,84.505768,24.579967,46.369267
59.840824,84.479973,25.075020,46.575333
61.678883,83.576492,25.065155,46.481701
62.570381,82.804161,25.158197,45.787529
63.242271,82.542305,25.378233,45.503174
64.798546,81.625175,25.535473,45.370064
65.290306,80.118355,25.800713,45.824200
65.670319,79.638206,26.047400,45.566929
66.237343,78.215126,26.235237,45.844933
67.433952,76.231102,26.260481,43.711830
67.201622,74.951660,26.083914,43.263947
67.398842,74.912971,26.460182,42.936794
67.304367,74.786736,26.476437,42.606743
67.302780,75.118149,26.409876,42.298512
67.481827,75.678246,26.254129,41.924717
67.548286,75.728241,26.432941,41.989044
67.390007,75.990883,26.434811,41.738716
67.258797,76.522919,26.422525,41.523632
66.721260,77.777359,26.317913,41.516304
66.808708,78.026993,26.472374,42.011532
66.729897,79.733223,26.517303,41.782417
66.781387,81.202454,26.737095,41.814564
66.558922,82.146965,27.001595,41.291939
65.517311,83.646690,27.429184,41.169533
65.240677,84.957245,27.444225,41.057087
65.497673,86.794807,26.777838,41.656174
65.540901,86.934761,26.900604,42.189682
65.527245,87.191162,26.944078,42.539124
65.247414,87.496933,27.065985,42.880421
64.513863,86.710419,27.094938,42.888611
64.226273,84.838150,26.935509,44.101089
63.149467,84.823174,26.992025,44.587505
62.734329,84.003990,26.603720,45.272438
62.841976,84.074112,26.956968,45.483788
62.018311,83.505745,26.438871,45.565533
61.620995,81.453941,26.144093,48.612423
60.747643,80.973022,26.345566,47.464901
60.336128,80.321426,26.223385,47.691967
60.050480,80.219688,26.384691,48.178013
60.066772,79.946014,26.369736,48.527016
59.594994,79.610909,26.436558,48.562145
58.486080,78.980354,26.391417,48.558575
57.242020,77.778419,26.355261,49.761314
56.574051,77.279388,26.390150,49.849079
55.408436,74.866966,26.158724,50.863598
55.537571,74.858971,26.464010,50.875530
55.189819,73.923317,26.385794,50.952473
55.469166,73.339569,26.368212,49.913837
55.263031,73.506912,26.477074,48.391773
55.178772,72.307640,26.242693,47.404556
55.252480,71.297600,26.330400,47.130192
55.361980,69.678238,26.159672,46.743198
55.351978,68.827362,26.406780,45.095791
55.370289,68.220352,26.359148,45.342422
55.348419,67.724487,26.576077,45.085232
55.540855,65.216507,26.837669,45.699402
56.169510,64.674202,26.792122,43.931076
57.049374,63.874138,26.200256,44.122734
57.371189,64.124130,26.459951,44.301807
57.615898,62.935089,26.368057,44.325161
60.342587,60.980766,24.976471,44.511494
61.036942,61.006207,24.939459,44.996674
63.521832,59.418354,24.577944,46.881130
64.160316,58.256653,24.780716,47.572552
65.846878,59.349693,25.044611,47.500004
66.249817,59.654655,25.427643,48.116264
66.873848,59.968300,25.289362,48.564610
67.441528,60.525841,25.425276,49.620300
69.885719,62.456524,25.078072,50.456005
70.141823,62.490150,25.487637,50.469990
72.199135,63.603905,25.152287,49.914070
73.852829,64.819740,25.166967,49.710392
74.556633,65.033737,25.315355,50.460075
76.104668,64.976143,24.855698,50.790630
77.012619,65.746872,24.957310,51.501240
79.018539,67.185318,25.038792,51.729164
79.749763,68.469238,25.542997,52.609924
80.227974,68.498367,25.924194,53.190861
80.616318,68.978043,25.966705,53.553173
82.385506,69.593056,25.837421,53.303413
83.553833,71.620392,26.076138,52.886890
85.183311,72.037560,26.394510,53.166245
87.078484,72.716576,26.363850,52.812397
88.247520,72.946510,26.347000,52.977951
88.566032,72.733673,26.739452,53.138840
89.136993,72.547363,26.869905,53.525627
91.168587,72.928711,26.612957,53.693981
92.537514,72.951897,26.867800,53.977280
93.522034,73.356178,27.122751,53.452171
94.981018,73.225578,27.136183,53.670204
96.431084,73.685219,27.261494,53.866680
97.851578,73.205887,27.099497,55.567116
98.575584,73.557594,27.244961,55.920612
100.328972,73.843933,26.752119,56.026443
101.368614,75.123901,26.879829,56.205235
102.345802,75.106483,27.038904,56.860119
103.057869,75.464958,27.392340,57.560543
103.733833,75.923119,27.350815,58.469135
104.109215,76.085709,27.466196,58.416565
105.623749,75.945984,27.229174,59.254322
107.756096,76.024956,27.168144,58.834061
108.962723,76.707748,27.387112,58.470699
109.501236,76.638519,27.667345,57.834988
111.672554,76.221184,27.941195,57.933361
115.006485,75.473236,26.748898,56.747997
115.256691,75.152908,26.998266,57.412182
116.658806,74.846443,26.536627,56.508884
117.654831,74.453323,26.829836,56.903351
118.540413,73.832436,26.882610,58.208809
119.196953,73.700737,26.809450,58.720497
121.303886,73.213821,26.517704,58.564121
121.625900,72.808319,26.747293,59.869507
121.790215,73.016319,26.983879,59.831734
121.932442,72.732506,26.957123,59.780693
122.715752,71.744186,26.578447,58.969528
122.926300,71.759399,26.986887,58.975182
123.078186,71.591331,26.941338,58.702702
123.347015,71.439667,26.974569,59.189007
124.813324,72.506859,26.843672,59.294697
124.876488,72.634720,26.992840,59.477810
124.847809,72.514626,26.964148,59.715630
124.849213,72.763420,26.989962,59.904743
124.853477,72.809448,26.986910,59.971889
124.840637,72.920341,26.962757,60.129269
124.820831,73.289978,26.973709,60.500122
124.718971,73.901520,27.044861,60.617783
124.894165,74.389671,27.482290,60.481453
124.792870,74.655182,27.544910,60.397022
124.902954,74.858299,28.041302,60.428383
125.128311,74.935326,28.488516,60.452465
125.133392,74.959267,28.485926,60.473934
125.171700,74.934799,28.448389,60.549839
125.532639,75.787109,28.356979,60.564632
125.833885,76.384140,28.456633,60.593449
126.103027,76.685760,28.516527,60.843864
127.958855,77.692978,28.575287,60.723118
130.316544,78.526985,28.756487,60.215851
131.095596,78.872704,29.001394,60.214958
131.908569,79.208298,29.303679,60.194069
133.399567,79.518440,29.094063,60.200260
135.984589,79.879288,29.240639,59.477684
137.896652,79.072083,28.765797,59.747185
141.123642,79.406326,28.976521,58.980000
143.817123,78.483124,28.561857,58.517582
146.352249,79.189720,29.790209,56.947323
147.308762,79.350670,30.069809,55.374432
151.184128,77.637413,28.989994,54.452030
153.254318,78.178970,27.937840,53.127735
154.704590,77.889450,28.103451,52.332493
156.139267,77.563385,28.598814,52.281681
159.127182,74.200630,28.107517,51.408142
161.146759,74.428429,27.986721,50.128048
163.260468,74.504448,27.970640,49.505077
165.119766,72.900490,27.029268,49.996254
166.753754,72.355339,27.390255,50.204300
167.531067,71.651726,27.188902,50.605217
169.839615,69.532845,26.861372,50.603069
170.476028,67.155739,26.695326,51.353661
170.449219,67.161400,27.298887,50.964130
171.091553,66.596436,27.473354,50.599709
171.294266,66.889824,27.068733,51.060165
172.184601,66.604156,26.981998,50.525623
172.486374,66.304611,26.615210,51.141026
172.681091,66.472626,26.980864,51.474037
172.634262,66.338425,26.896206,51.437649
172.657791,65.901085,26.598673,51.595276
172.627151,66.059654,27.005241,51.835495
172.527206,64.753456,26.853167,52.367126
172.489899,62.737026,26.174807,52.141846
171.495377,61.803150,25.948181,52.492729
171.416611,61.846062,25.996820,52.381931
170.577942,61.484352,25.784975,52.605473
169.901154,59.718914,25.415888,52.531837
168.036346,59.406979,25.488245,53.598396
167.366165,59.136211,25.549267,53.690826
165.801849,60.250248,26.340660,52.653229
165.189087,60.249199,26.362799,52.765057
162.932419,59.514153,26.671293,52.702320
162.411087,59.886082,27.014984,52.377716
160.882324,59.943012,27.367933,51.042259
159.621948,60.892906,28.018126,50.101479
158.775970,60.830383,28.277819,50.359032
157.189468,60.123924,28.145966,50.960800
156.679657,59.939301,28.385088,50.895267
155.318985,59.666576,28.701454,50.586365
155.460876,59.754345,28.923037,51.229248
155.491074,59.855747,28.961702,51.517429
155.202728,59.944550,29.032997,52.016094
155.429184,60.004337,29.405483,52.598587
155.312668,59.710579,29.472418,53.626438
155.272385,59.143108,29.488848,54.957935
155.265900,59.023098,29.509706,55.113594
155.604309,59.008327,29.919750,55.531609
155.693329,58.966244,29.978683,55.957203
155.745529,58.331264,30.010647,55.192055
155.997223,58.248039,30.509867,55.180046
156.203247,58.302917,30.975359,55.380486
156.251404,58.194111,30.930691,55.239506
156.519501,57.372021,30.754396,54.998821
156.600571,57.172810,30.996164,54.865749
155.875443,53.716000,30.868402,56.015568
155.919693,53.872868,31.010176,56.473328
155.994232,53.663685,31.468054,56.469784
155.017914,50.671482,30.950369,56.748363
154.782776,49.879917,30.873529,56.397606
154.554916,49.885674,30.848215,56.358509
154.718338,51.502827,30.612473,54.161942
153.749847,52.139591,31.278801,53.081059
152.418106,54.224327,31.154219,51.005913
152.022202,54.610737,31.309454,51.484982
151.478134,54.468784,31.474943,51.566914
151.189575,55.197006,31.525011,51.258335
151.599380,55.849819,31.611115,50.924820
150.430679,56.230377,31.732290,49.560215
150.413864,57.193970,31.843166,49.120735
149.984558,59.741310,31.885071,48.524937
149.994247,60.003040,31.986151,48.961849
149.040527,60.671303,31.875690,48.728008
147.703781,63.121544,32.388096,47.900448
146.856232,65.709229,32.506012,45.904068
146.554611,66.817154,33.066254,45.234398
145.348495,68.430946,33.673561,44.406193
144.562286,72.294998,34.109428,42.060394
143.426727,74.624084,34.542522,41.417782
142.668488,78.622917,35.523521,39.910049
141.516891,80.573105,36.115330,39.246902
141.565292,83.875336,36.243435,38.708031
141.159760,85.387337,36.230148,38.960350
139.359116,88.737457,36.613754,38.773567
137.498367,90.551575,36.844776,38.890484
137.148483,91.929718,37.134434,38.656746
137.335770,92.925369,37.048157,39.149067
137.389282,94.948502,37.322056,39.599583
137.373917,95.858223,37.558998,39.518063
136.386002,100.838936,37.578270,39.814915
136.615509,101.008835,37.979858,39.969406
136.618576,100.996597,37.978104,39.954559
136.626923,101.016373,37.981136,39.983231
136.547546,101.260086,37.443867,41.347443
136.581345,102.107849,37.238232,41.796612
136.751480,102.208199,37.477406,41.950359
136.306686,104.412888,37.098522,41.402252
136.651382,105.245453,37.313534,41.313362
137.239822,107.245590,37.066788,41.337040
137.931580,108.803764,37.420547,40.887562
137.980606,108.974922,37.456886,40.959446
138.711517,109.676651,36.482998,40.941460
138.747849,110.303734,36.412918,40.920368
138.961777,110.581268,36.267632,41.073151
141.586655,113.625648,34.897522,41.717838
142.457016,114.161331,34.344849,43.410759
142.544739,114.269936,34.471611,43.482777
142.777618,114.423271,34.401440,43.440323
