1
203.137726,331.840118,53.700367,87.498528
203.283585,331.843079,53.953171,87.464424
202.415710,330.383545,53.760014,86.142570
202.357590,330.301483,53.741211,86.234085
199.144180,328.680023,54.926971,85.554657
194.773376,325.780518,55.874317,84.972115
192.965729,323.841034,55.855431,82.612053
185.909348,323.174133,56.435772,79.186035
186.330460,321.000702,56.751930,77.254807
185.608337,320.022949,57.119564,74.934563
181.073441,318.191437,58.307228,72.992416
176.968185,319.092865,58.222004,70.843781
175.953003,321.719604,58.121277,69.983253
175.862137,322.933807,57.882710,69.184395
172.891983,323.364868,57.784893,66.989731
171.537354,321.557495,56.385250,65.047264
168.710373,321.263580,56.028339,63.484821
167.425903,323.317627,56.856289,60.723553
163.388474,331.294525,55.139835,60.835846
163.201263,331.957336,55.297043,60.697380
160.335495,337.248749,55.347759,60.825432
160.303802,337.606812,55.137497,60.388706
161.467194,340.028381,54.883533,61.537186
167.261993,339.436279,53.450378,61.464581
165.061264,338.178772,52.395851,59.931168
164.075989,334.041626,50.486675,59.325424
163.638748,330.338379,48.254124,59.096729
164.280869,330.039886,46.231079,58.523598
168.089981,329.471405,45.239628,58.098740
172.864258,329.811218,45.585999,58.788887
175.682739,325.578094,45.787933,57.698402
177.575729,325.457214,44.002846,56.186737
178.593430,324.897614,43.299793,55.769188
181.142258,323.931885,44.017689,55.523510
187.699982,323.322784,44.436008,54.756210
190.933182,323.446350,43.194599,53.046387
193.381805,323.149658,42.058258,52.838875
199.093231,318.928345,41.696091,52.430725
200.188828,317.942719,41.775154,51.664982
201.698807,316.844238,41.060501,50.567047
203.379761,316.738098,41.202549,48.332165
206.414276,319.174194,40.808086,49.234123
210.266220,324.248291,38.984318,50.712543
213.073196,323.974823,38.117455,51.153927
214.702713,324.800995,38.419056,50.905365
215.615250,323.056671,37.981388,49.549442
215.326065,325.121948,36.632874,49.050014
215.447830,325.050507,36.730289,49.404816
217.112076,324.562317,36.751865,47.487553
219.123489,323.149719,36.781967,46.548393
219.210724,322.746307,35.987770,46.824364
219.737366,322.327393,35.776947,45.446339
222.044067,320.354980,35.976562,43.243767
222.386566,318.894318,35.880329,43.236244
222.515411,318.916809,35.839104,43.420864
221.632767,317.784698,36.067036,43.429619
223.049316,318.864899,36.222992,43.579693
225.855423,318.600159,37.421715,42.846127
225.906433,318.894165,37.466721,42.928204
224.714737,317.564819,36.928059,42.466286
224.003754,318.466248,36.567310,42.435421
224.746246,321.009949,35.844883,42.634167
223.996384,321.030975,35.658520,42.802811
224.353424,322.185364,35.170521,43.151104
224.178528,321.945831,34.915920,43.429485
224.387878,321.519501,34.916950,43.454765
224.460083,321.253937,34.897491,43.392319
220.410492,321.242462,34.805164,43.204437
219.015015,320.285431,34.702652,42.967426
219.044525,320.302765,35.054390,42.719254
219.241837,321.010834,35.312637,43.080379
219.359299,321.240967,35.461750,43.467396
219.289154,321.428131,35.603752,43.207226
219.417175,322.707031,35.640057,43.553226
218.185623,324.878326,36.011139,43.884296
218.008148,327.306702,36.147972,43.783508
218.429871,327.465759,36.104919,43.142197
218.163773,326.443115,37.805325,41.873802
217.507217,322.946014,37.998672,40.642921
217.680481,322.834961,37.727390,40.946636
217.377029,322.451294,38.147045,39.481709
218.215561,323.666321,38.137733,39.388237
217.907974,326.255859,37.739128,39.916500
217.296692,331.110046,37.417778,39.150116
216.873810,335.951447,37.256363,38.260036
218.526489,340.718781,36.712212,38.087929
219.350357,342.675262,35.309452,39.403706
217.115616,340.288330,34.609241,40.247345
216.647079,340.300232,34.575287,40.641602
216.054535,340.428741,34.711731,41.030910
216.319702,339.958649,34.924110,41.589031
216.894226,337.532288,34.544174,42.255852
2
0
0
0
0
1
258.955170,328.456421,27.602646,42.466900
258.332062,328.462830,27.874516,42.275257
258.298523,329.271088,27.919369,42.402363
258.792664,329.213806,27.722456,42.490162
260.160492,329.658661,27.998360,42.718948
260.209564,329.780640,27.958399,42.954498
261.450623,328.453552,28.018574,42.357765
262.002045,327.540436,28.822151,42.126484
262.362976,325.543579,28.833979,42.132832
262.353729,323.667419,29.162806,42.090836
262.639008,322.033875,28.488766,42.415020
263.065643,321.863342,28.387686,42.369049
265.590668,322.695221,28.020250,42.423546
268.024200,322.278290,27.302561,42.510998
269.878082,320.599304,26.667011,43.031162
270.844940,316.949524,26.262106,42.694645
270.761658,316.564056,26.179428,42.858215
271.140320,315.891357,27.100557,40.796108
271.174805,317.009735,27.415026,40.861237
271.841553,318.726593,26.965170,41.404800
272.203217,319.127838,27.048195,41.371853
272.557495,319.099121,27.312891,41.466888
272.714813,318.285431,27.311409,41.371048
271.344482,319.461212,27.096725,41.377991
271.747375,320.880432,27.377935,41.361233
273.493591,320.595459,26.907875,41.297596
274.178925,319.427155,26.383036,41.391911
274.530426,316.626953,26.233482,41.920879
275.697662,312.365234,25.956373,41.378208
276.121216,309.481506,25.752283,41.576496
275.841888,308.000732,25.838541,42.132717
276.764709,306.238312,25.554831,42.300369
277.741028,305.424255,26.237715,39.902161
278.252350,304.570404,26.476986,39.525101
278.281433,304.806244,26.444168,39.953743
276.890533,306.090424,26.327457,40.246071
276.144409,310.604919,26.233644,38.694885
275.609314,315.599182,26.056854,39.511333
275.850922,316.326538,26.072821,40.130272
276.284302,316.270020,26.519148,40.383190
274.792358,314.596100,27.005684,40.377995
272.407898,312.570190,28.024557,40.831200
271.136322,310.966248,28.629601,40.660297
268.829193,311.065125,29.034245,40.489933
267.835632,311.597168,29.333508,40.483971
267.773102,310.380493,29.298233,40.265408
267.745728,308.525970,29.075958,40.142883
265.487610,308.685577,29.435167,40.176533
263.285828,309.081573,29.275471,40.494076
261.927673,309.365753,29.284452,40.505180
261.179077,308.218201,29.328545,40.689079
259.618652,307.232788,29.518694,40.716610
258.843475,305.343109,29.928835,40.288990
257.707123,301.820526,29.602680,40.506351
255.990021,301.463470,29.933266,40.901455
253.023712,303.259155,29.825184,41.219498
251.407608,306.987854,29.168461,41.542816
252.260101,312.087738,28.971663,41.707592
252.645111,317.107117,28.434109,41.615631
251.780640,319.044281,27.659342,42.077652
250.376526,321.506409,27.410852,42.206207
247.872086,323.881531,26.964231,42.602623
248.213867,325.372009,26.183369,42.709576
248.609985,324.335693,26.836128,43.511200
248.839828,320.939941,26.550024,44.560413
248.337387,313.967651,27.010946,45.611843
247.933533,311.247223,27.729372,45.873642
245.000580,315.209747,27.991611,46.581127
243.535431,318.866119,27.971703,46.039616
243.071289,323.715485,28.226601,44.717396
243.389648,328.319397,28.015810,46.092995
244.768845,327.474945,27.571926,46.858559
244.812668,323.124603,27.851601,48.348087
243.446472,319.897400,27.700035,49.695160
239.686127,316.176483,28.599440,49.275242
237.232758,316.313232,29.779167,48.552464
239.438171,315.317352,29.070238,49.041302
241.116714,310.863129,29.041803,49.314209
241.326141,310.889618,29.322472,49.534683
241.090332,311.793610,29.513559,49.950985
240.692810,315.542450,29.258251,50.454906
241.092300,316.988068,28.843126,50.921333
241.277313,317.694916,28.860281,51.268414
241.770752,318.066467,28.768932,51.312000
241.912918,318.082153,28.982410,51.447556
241.407608,316.123413,28.966858,52.025661
240.313202,315.957703,28.932278,52.910984
240.425812,318.331512,28.307629,53.941799
241.385284,318.675323,28.417072,53.569996
241.732224,317.631714,28.651567,53.978573
241.411469,316.583893,29.047949,54.148468
241.560623,316.893463,29.491945,54.309246
244.370697,318.803436,28.547894,54.500675
244.424728,319.058868,28.911289,54.963341
243.893936,318.840881,28.907230,54.974483
243.361313,318.891266,28.984819,54.784447
244.778107,319.145630,28.996723,54.911812
242.874161,318.965698,29.046284,54.558865
241.127106,319.889771,29.549646,54.805908
241.013733,319.854218,29.900902,55.090454
240.843750,318.137787,30.040306,55.543850
240.930679,314.377075,30.627300,56.595844
239.820328,307.255646,30.687653,57.478825
238.091888,304.391449,30.655354,57.379276
235.643585,306.007263,30.755817,57.697540
233.149918,306.909912,30.851107,57.748123
234.736908,306.395081,31.851084,56.335964
238.676300,305.723358,32.027355,56.081776
239.308502,305.040619,32.465569,55.499863
238.944183,305.440063,31.814938,55.322121
235.158981,309.305237,31.845367,55.472210
232.308090,311.808289,31.779308,54.959179
232.243942,314.701294,31.978487,52.706333
236.612915,316.157532,31.467010,52.037449
237.911270,315.867737,30.499001,51.586788
238.166718,315.379028,30.241829,52.058914
236.321930,315.961121,29.826099,53.119354
233.522888,316.056458,29.767176,53.123943
233.266098,315.931396,29.779139,53.641342
233.342026,316.144897,29.591478,54.056164
233.394379,316.396820,29.907360,54.440289
233.082123,317.200806,29.983997,54.569424
232.968948,317.862885,29.807234,55.268711
232.461472,316.770203,29.979662,57.228321
232.249481,315.445648,29.702961,57.749481
232.501099,313.065247,29.536491,58.159355
232.238861,309.090973,30.158470,57.360771
231.799789,306.075043,30.412594,56.880413
231.295792,306.621124,30.342901,57.946945
231.194427,307.566223,30.474356,57.935429
232.870041,307.787170,30.372107,58.164013
232.996262,307.874390,30.430662,58.629143
231.615234,309.390472,30.692345,59.507252
231.884720,309.652466,30.857872,59.987083
231.069321,311.267120,31.016470,59.437115
230.504578,315.011444,31.182592,59.848904
230.786850,320.429474,31.193779,58.924263
230.875763,324.536194,31.380165,61.774761
230.768784,325.434753,31.638563,61.835026
230.465637,327.464539,31.912811,61.784775
230.422897,328.984192,31.803812,62.477840
230.920410,329.602173,31.813747,63.478859
230.982193,329.377380,31.920574,64.307449
231.226120,325.301422,31.541059,65.182724
233.868286,317.093079,31.289566,66.723801
234.594177,311.454895,31.266994,68.176102
234.097000,310.499084,31.531723,68.751343
231.771805,317.391602,31.763628,71.984581
229.133347,325.114166,33.371483,66.840218
237.079636,329.248352,32.945328,66.174934
237.431839,329.069489,32.939480,66.202919
236.838409,328.194733,32.877026,66.755943
234.769485,328.674347,32.999668,67.469055
233.497208,328.102478,33.109936,67.888855
232.814957,327.419861,33.438370,67.975632
232.002167,325.351990,33.397156,67.930130
230.713821,322.304443,33.699467,67.252792
230.161255,321.260986,33.696800,69.289955
228.755630,321.820953,34.211891,70.015167
229.006195,323.546509,34.307838,70.856689
229.064438,323.690002,34.468365,70.913925
228.918930,323.570709,34.453732,71.150246
227.153564,325.740845,35.320477,70.879097
225.762466,327.428558,36.194893,71.084114
223.639709,331.153320,36.711243,72.679443
220.411835,335.329773,37.331913,74.083107
220.117203,338.963562,37.513092,73.347946
222.453751,337.817932,36.867928,72.843689
222.405426,336.982544,36.504944,74.770630
219.436630,332.700500,37.868641,76.471420
219.074814,329.228851,37.261982,76.508301
219.280045,329.649536,37.131702,77.108391
217.356323,327.342377,38.407028,76.576103
216.878128,326.875031,37.852226,76.053574
216.744904,323.305573,37.921566,75.988701
217.953171,322.509003,37.542763,75.092255
217.670364,323.549347,37.259743,75.412918
216.667343,325.166260,36.897633,76.191307
216.930771,326.578308,36.551006,76.503822
217.229355,326.750244,36.911850,76.738708
215.942917,324.953522,36.933617,75.687027
216.001328,325.209717,36.907188,75.969963
214.975952,323.436493,37.196449,73.698677
214.510712,323.894135,37.567604,73.954620
214.069336,326.807343,37.252460,75.261368
214.795303,326.663330,37.112743,75.550819
213.134232,324.525848,37.900372,76.167778
211.708527,323.282562,37.671211,76.794754
211.825989,323.319977,37.833061,76.708817
212.176651,326.091888,37.876381,76.662804
212.371628,326.492584,37.915962,76.755646
215.777039,326.565216,37.495232,75.619972
217.436783,325.028351,37.683746,75.370384
215.751373,320.616547,38.486080,74.531670
214.998260,319.752228,38.412952,74.694542
213.688171,321.639160,38.129650,75.582771
211.875595,324.681580,38.013561,76.373383
212.630630,328.515137,37.786118,77.061058
209.994308,329.234436,38.520550,77.237381
207.924652,328.438019,38.878792,79.326180
207.303345,331.431946,39.052925,82.536613
206.305984,331.837067,40.177299,83.245361
201.332352,329.261414,41.322311,84.569412
201.014618,329.599426,41.886246,84.960167
201.547775,324.643860,42.372334,86.056213
199.379532,317.595428,44.366276,86.982224
195.615280,315.113007,45.529373,86.621124
194.052460,317.769165,46.586914,91.924667
194.259293,321.760620,49.798046,93.819435
195.536377,322.448944,50.861691,93.632889
195.197128,322.513184,51.002991,93.920120
195.396240,321.940247,51.683132,93.425957
198.498260,322.681610,53.972721,89.326668
197.946396,323.438232,54.169338,90.558876
196.648743,325.451782,54.691406,91.767921
196.494217,326.186310,55.210064,92.256645
196.770248,325.833160,55.772755,91.125717
196.486816,325.358704,56.702374,90.402382
196.242142,325.000458,57.052849,90.259750
196.204163,325.626556,57.565159,89.973404
195.431412,330.266174,57.784790,91.638687
193.810806,331.965332,58.074837,91.567825
191.225357,331.354523,58.410507,91.739891
190.415359,329.261047,58.733795,90.204956
188.704224,325.599243,59.132771,89.675003
188.338440,322.015533,59.585678,89.954971
187.904953,318.646790,60.430634,90.070938
187.515518,316.989777,60.915421,90.383461
185.719101,317.030304,61.366783,90.446068
182.952194,313.401031,62.690056,91.214157
182.935532,313.298340,63.086967,91.356476
181.758148,313.275696,63.497982,91.682732
181.621063,313.597137,63.516972,92.051132
183.316559,316.317200,64.480438,93.958603
182.341644,317.291809,64.937439,94.106339
181.475037,317.217072,64.931381,94.912361
180.371002,316.566833,65.043724,94.852386
180.479797,316.016296,65.676079,94.342186
180.194397,315.994751,66.075340,94.485054
176.581161,319.756775,66.635834,93.244576
175.429092,325.542542,67.140625,93.674644
175.504257,325.790466,67.567101,94.038391
175.721466,326.781860,67.957420,94.179482
173.505753,327.739777,68.255890,94.999657
173.590118,327.865173,68.502403,94.939247
172.785797,332.279785,69.530655,94.411949
172.106888,337.256378,69.744537,95.146103
172.186340,337.627686,70.000214,95.480247
172.599289,337.806274,70.512749,95.439690
172.600418,337.323242,70.920326,95.240273
172.568359,337.314911,71.007622,95.375511
172.820938,337.465851,71.482742,95.391518
172.820404,337.601593,71.449501,95.404816
172.685242,337.999359,71.456947,95.408844
172.739212,338.208679,71.439186,95.427994
172.769485,338.239288,71.466949,95.455872
172.775620,338.255280,71.458748,95.465294
172.733612,338.309967,71.429436,95.505058
172.627747,338.449463,71.411484,96.044388
172.675339,338.683411,71.437416,96.535355
172.672821,338.888367,71.445770,96.975159
172.657761,338.806091,71.433472,97.021271
172.691422,337.064178,70.991158,98.030457
171.978516,336.945374,70.743408,98.681885
171.261337,338.832214,70.626289,99.579689
171.388733,339.390472,70.965668,99.963730
171.119507,337.504913,70.814362,100.197723
168.689392,336.974976,70.414978,100.148796
168.725449,337.196472,70.389458,100.422737
169.162689,337.223206,70.109787,100.357674
169.331833,337.299500,70.439049,100.428825
169.032501,337.190582,70.318199,100.371605
169.171844,337.258484,70.360367,100.370331
169.511780,337.027618,70.162209,100.435883
169.666153,336.796326,70.354172,100.308807
169.925949,336.746490,70.085670,99.985641
170.125122,336.693512,70.354607,99.910599
170.105682,336.940643,70.360916,100.057739
170.780060,343.215546,68.863281,99.865868
171.001160,344.536194,68.677971,99.688499
172.738586,344.861389,67.957909,101.009598
173.902267,343.606873,67.430740,101.797211
174.292755,341.748901,66.949081,102.390434
174.745880,339.978333,66.782562,102.112801
175.074738,339.531128,66.849342,102.365166
175.616348,339.382782,66.870918,102.578522
178.977737,333.744507,66.232475,102.771149
181.475372,328.250427,66.394394,103.712509
182.358276,325.995850,65.998192,104.607536
182.501419,325.343811,65.711372,105.482178
182.613892,325.306030,65.834335,105.445381
183.851456,329.468231,64.455704,106.382034
184.498459,331.543121,63.694057,106.481735
184.678040,333.092896,63.340290,106.051567
185.421555,334.277252,62.824570,106.385902
185.383514,334.102112,62.886299,106.703491
184.935516,334.303070,62.647655,107.397423
184.780823,339.887115,62.314526,108.413834
184.911819,341.646454,61.987118,109.043793
184.437561,340.975433,61.574444,109.915161
184.680862,340.553772,61.913757,110.074699
184.260529,339.044281,61.578682,111.094215
184.002518,337.515961,61.401745,111.234306
183.404892,337.590149,61.435860,111.803711
183.125366,338.043762,61.317688,111.960876
181.399048,346.190094,60.901917,110.424301
181.395340,346.899567,60.862762,110.740089
181.463379,347.019165,60.966362,110.959740
181.334320,347.090637,60.870270,111.182037
180.895767,349.544891,60.451385,111.412247
181.488495,353.679993,60.139160,110.739746
181.696899,354.283783,60.412933,111.007683
179.696625,359.230530,59.319901,110.364830
177.334076,361.397003,58.868298,110.275635
177.526993,362.131500,58.952003,110.238037
178.590118,362.506195,58.869511,110.371017
178.166626,361.260315,58.761734,110.730148
176.744736,360.067871,58.494522,111.609818
173.406784,356.819305,57.839485,112.318474
172.326248,358.087494,57.312202,112.207047
169.022552,360.823822,56.279617,111.726501
166.774567,360.524719,55.825695,112.515793
164.973511,352.900055,55.769180,114.475220
160.542725,343.744476,55.252872,117.028801
155.841354,338.289001,54.906746,119.261803
152.805328,336.038025,54.174576,120.542801
151.758667,334.554993,54.365643,120.671547
147.197891,330.127533,53.929722,123.632774
141.484650,328.054016,54.312069,124.252533
140.932098,327.353821,54.033566,124.283028
144.639511,326.162201,53.106548,124.158165
142.382446,327.463654,52.891609,123.875351
136.268829,334.125061,52.442192,117.558311
135.841263,334.287628,49.217270,119.057358
135.412048,334.918732,49.269279,118.912193
135.988724,335.606018,49.516304,119.027313
135.970917,336.359863,49.772259,119.494171
136.057816,336.693146,49.983543,119.230118
135.714447,336.899750,50.069191,118.851730
135.882507,336.793823,50.445099,119.038979
136.058914,336.997040,50.404125,119.419449
136.284424,337.025177,50.422894,119.412033
139.037613,336.449280,49.816383,118.519302
140.377365,336.001862,49.903408,118.666771
142.843277,336.052795,48.919300,118.371040
143.688812,335.521484,48.503235,118.592262
143.790146,334.750366,48.843063,119.152466
144.001221,334.692169,48.989529,119.544678
146.575424,333.938385,48.780849,119.648987
146.606308,333.765045,48.981346,119.703629
149.879700,333.179016,48.743053,118.786270
150.459641,332.380127,49.063789,118.500908
150.821686,332.691132,49.465878,118.962593
151.141632,332.678741,49.489342,118.777290
153.980545,334.029175,49.143192,116.945435
157.190964,334.595642,49.126736,115.666763
157.381149,334.759766,49.466999,115.909317
159.673233,334.064240,48.915649,115.465454
163.588593,332.784973,48.803272,112.222023
163.709442,332.773407,48.959808,112.337097
166.511795,328.300110,48.254009,111.739243
167.103439,327.717834,48.475945,111.485062
165.671371,327.541992,48.282604,111.253204
165.792252,327.638275,48.489906,111.422989
166.631195,327.744537,48.735954,111.007439
166.736572,327.978943,48.972477,111.465050
167.739761,327.542175,48.877010,111.195679
169.699432,326.934021,48.743694,111.175591
169.814850,327.037445,48.976631,111.467697
168.382309,326.835663,48.630871,111.679756
168.341003,327.168427,48.916168,111.989265
168.411667,327.273804,48.975380,111.887840
168.433853,327.320587,48.977982,111.938873
168.440994,327.339722,48.971260,111.936836
168.479309,327.292480,48.971401,111.875496
169.802109,327.275482,48.921692,111.583389
169.932007,327.647949,49.002872,111.830231
170.231125,328.107117,49.477242,111.876900
170.218079,328.348907,49.485126,111.893921
170.276001,328.246918,49.459251,111.952888
170.561111,327.959900,49.391964,111.560623
170.648773,327.376434,49.428020,112.363159
170.662842,327.227295,49.444374,112.492798
172.943115,325.018829,48.907406,113.053246
173.330566,321.876404,48.258091,114.952782
173.273972,321.377136,48.121902,115.103386
168.745590,321.971405,48.922878,114.548996
168.841675,322.219513,48.947750,114.928802
172.159439,320.780701,49.179241,113.681076
172.357864,320.568604,49.467136,114.017990
171.924194,320.561401,49.260548,114.829437
171.015167,318.073151,49.790291,113.838768
171.029709,316.454987,49.721703,114.498520
166.980896,315.447540,51.971954,116.117165
162.373215,317.343811,51.778378,116.199165
162.497299,317.493713,51.965065,116.465889
162.656403,317.508026,52.046097,116.349190
162.882126,317.583771,52.474075,116.449806
162.834473,317.558167,52.481098,116.449532
161.747665,317.121948,52.215897,115.978714
161.822311,317.114594,52.459332,115.928650
160.963318,316.637268,52.392906,115.373062
159.450104,316.151337,52.275112,114.883659
159.631439,316.085358,52.444698,114.731987
159.696960,315.870636,52.448208,114.827110
160.462463,315.043945,53.302319,112.663269
159.846893,314.365234,53.398777,111.318893
159.092239,313.610565,53.326668,111.058380
159.200531,313.745026,53.509869,111.287506
159.044342,313.243103,53.902092,111.408279
158.816711,313.477264,53.946480,111.272186
160.616653,313.923096,54.607510,111.168571
162.448318,317.502350,55.549282,110.679749
165.078476,317.605713,56.054913,110.480537
165.022369,317.619934,56.655766,110.486237
162.722168,319.225677,57.189034,109.081512
162.398987,320.046967,57.430138,109.120132
162.448578,320.658539,58.637978,110.085045
162.623337,320.853394,58.972042,110.453972
162.552612,320.986664,58.961304,110.331879
162.395081,321.019531,58.928226,110.418640
162.426834,321.057800,58.970673,110.458778
160.185730,327.080048,57.931332,105.426849
160.218719,327.116913,57.971359,105.454544
160.225540,327.078827,57.985462,105.472969
160.093246,327.096527,57.996014,105.464340
159.970596,327.386841,57.933746,105.162918
160.075714,327.513184,57.974392,105.473526
160.644608,326.962128,57.900494,105.070602
160.802429,326.761200,58.050339,104.758957
161.015259,326.912781,58.459618,104.851967
160.385880,328.237213,58.275143,103.556389
160.454178,328.504669,58.465122,103.812805
160.667191,328.643982,58.448097,103.886047
160.948502,328.730377,58.513699,103.837601
162.049347,328.879944,58.775616,103.608589
166.520370,327.888000,58.709110,102.987854
166.901352,327.788605,58.846947,102.594582
166.459351,327.656921,58.933514,103.013008
166.491211,327.900696,58.970863,103.455406
166.504410,327.923279,58.970863,103.455406
167.264099,327.582581,58.816780,102.994690
169.830490,321.756256,58.795807,103.169182
169.624176,315.961487,58.538143,102.407097
169.780182,315.868652,58.838619,102.435760
169.967255,313.763977,58.780193,102.168907
170.317261,311.022583,58.515358,102.408463
169.490997,307.312836,59.051220,102.422241
173.834839,306.580872,58.413643,101.906189
173.908371,306.625885,58.468586,101.945908
173.931717,306.588379,58.488636,101.940796
176.169922,304.323181,58.062862,101.705460
175.170242,303.787506,58.762184,99.554794
172.592545,303.850464,58.483349,100.602341
173.057922,303.548218,58.213345,100.863060
173.190186,303.594543,58.472664,100.951431
172.231354,303.074097,58.154274,100.783142
171.216751,301.932343,58.145859,101.202423
170.239822,299.254486,58.484745,101.394310
170.166016,299.182373,58.470062,101.463669
169.962418,301.799469,59.584171,100.008293
169.429794,302.063385,58.536442,104.259102
169.907104,307.995361,58.049633,104.154610
169.688522,311.346039,58.226433,105.064995
175.285049,314.032684,58.447666,105.843575
174.731308,311.138916,58.687046,105.324440
174.587830,308.303864,58.826382,105.552162
174.958435,305.895630,59.246555,104.748497
180.018372,300.415833,59.469479,104.719635
181.024658,297.527740,59.768288,104.748734
181.113983,296.782684,60.007332,104.954651
181.084244,295.918579,60.499176,105.052490
183.425644,293.970642,60.532455,105.569489
183.541443,294.209564,60.911613,105.975899
185.583618,296.084564,61.670918,106.906609
187.020035,296.138763,61.904613,106.913170
186.911240,297.058838,61.952438,107.224792
186.915817,297.479065,61.933556,107.500404
186.947556,297.725769,61.944038,107.992966
186.521027,298.136475,61.967342,107.805077
186.137024,299.675354,61.599995,107.775192
183.799606,307.041931,62.873520,102.903160
178.577652,313.552185,63.043961,97.774071
175.202438,316.539917,63.730583,98.938828
174.653427,323.363739,63.532494,100.055038
175.016052,323.715149,63.983524,100.711227
175.013687,323.866882,63.961510,100.956116
175.017822,323.916718,63.968845,100.946556
174.549210,323.690765,63.854492,101.014481
174.504028,323.764374,63.976730,101.451706
174.374374,323.383179,63.968288,101.613937
174.305496,322.498413,63.729424,102.203278
174.343155,320.785095,63.798996,101.933189
174.442444,318.218689,63.736885,101.408470
173.990417,314.750488,63.668144,101.260963
173.974716,314.628876,63.782406,101.339211
172.716202,312.927246,63.524254,101.532822
170.258118,312.115906,63.321785,101.870697
170.176956,311.839172,63.405151,101.943268
168.208450,307.302002,62.540665,101.371185
163.193863,310.684113,62.507935,102.112404
159.964127,311.868256,62.455280,102.722969
159.976440,312.004395,62.465500,102.957817
155.659607,317.096283,63.865261,104.373154
152.789627,321.782562,65.282677,106.614342
152.536713,322.028015,65.392227,106.977921
152.582550,322.050262,65.461349,106.965569
152.599564,322.065491,65.469604,106.955475
152.613220,322.088043,65.467659,106.953896
152.525116,322.169189,65.434868,106.952873
152.479248,322.430573,65.392853,107.171532
152.242813,324.027100,65.431190,107.129364
152.278244,324.221252,65.464378,107.456955
152.330963,324.244690,65.434464,107.454582
152.352722,324.228973,65.448387,107.516159
152.109177,324.157410,65.954948,108.177780
151.879959,323.621063,65.716911,108.897034
147.095444,322.623230,65.254883,110.185028
142.582031,328.700317,65.644638,113.303688
142.456024,331.040833,65.758354,113.238739
145.228760,331.538940,65.439720,114.127579
144.312271,332.135986,64.834061,114.355247
142.035538,335.538116,62.902153,113.759514
144.230194,335.735260,62.266167,114.940704
149.337250,335.362152,62.182415,116.633347
149.470093,335.539612,62.396931,116.930634
149.194427,335.340637,62.435131,117.090164
150.239288,333.842896,62.316769,117.387291
150.079742,328.015656,62.787720,118.296539
150.413651,328.119659,62.541229,118.351089
150.513306,327.957214,62.887379,118.572746
149.797424,329.134125,62.506535,120.303871
150.059250,331.050415,63.035431,121.029579
151.306152,331.372803,64.127747,121.696167
151.319824,331.009521,63.864609,122.139908
151.468842,330.887024,63.906075,122.555473
151.419006,330.539459,63.783604,123.084557
150.165588,324.401337,63.247566,123.447624
150.610367,323.482269,63.584248,123.314438
150.228973,323.062897,63.562138,123.591316
150.345901,322.423492,63.594185,123.659401
151.160278,317.079102,63.528008,125.275124
151.139252,317.066193,63.178535,124.635376
148.523376,312.166870,64.249718,128.212418
148.577225,311.991913,64.453079,128.524124
147.156830,311.586792,67.362000,129.746613
147.290512,311.727966,67.405411,130.170532
149.516403,308.203339,66.899475,133.438446
150.497803,306.327606,69.655823,135.324020
149.668671,309.085388,70.535164,133.639786
149.751831,309.036682,70.909294,134.425247
151.390106,309.035889,70.482285,134.686737
153.647125,307.965729,71.918053,136.196686
156.314285,309.408356,72.468552,135.282181
161.185593,309.244507,72.804893,135.658066
168.542816,309.759521,74.033836,137.278580
170.437042,308.944122,75.104889,137.370758
171.161362,308.591492,75.372574,138.059464
171.244446,308.821564,75.458061,138.441757
171.757477,309.172333,75.270103,138.095856
173.919479,306.814178,75.983658,140.307175
177.204895,305.859070,75.296158,139.880005
178.694336,304.827240,74.374847,139.990234
179.021484,304.008392,74.364578,140.244080
179.140121,304.521484,74.355751,140.176926
179.762589,306.003021,73.802315,140.310287
182.604279,310.905365,70.888695,139.184235
185.005615,311.902222,70.309471,138.993835
186.513657,312.765198,69.431923,138.720520
188.400452,310.769989,68.219566,140.525833
190.984268,308.034119,68.219925,143.509277
192.529755,306.871338,68.721634,144.464157
193.337555,306.928345,68.598473,143.759216
194.968506,303.591919,69.108971,146.313339
195.373978,303.518158,69.518242,146.183289
195.582077,303.532928,70.089821,146.570953
195.773804,303.721680,70.464897,146.935562
195.091583,303.210358,70.591240,146.993011
189.828751,304.980255,72.410873,144.556290
189.060806,305.576843,72.732430,144.568314
189.359482,306.970398,72.550316,144.713165
190.747055,312.298828,71.752586,140.867966
191.403854,317.388580,72.164291,137.726807
191.626038,317.655487,72.481804,137.926071
191.655121,317.806488,72.462273,137.885483
192.350464,318.295013,72.587784,138.234940
192.709427,319.088867,73.977951,137.608429
193.503204,316.919769,74.115814,139.426620
195.487625,312.992340,73.567154,140.721710
199.347595,309.845703,72.186211,140.056732
200.539597,305.021210,73.039078,142.342575
200.416107,304.921936,73.561256,142.193558
196.612564,305.265198,75.779778,143.324524
194.549713,308.336243,74.080391,142.829651
195.020050,309.652496,74.497742,142.698181
194.984192,309.774261,74.551003,143.016602
193.795029,308.856171,75.326500,143.967285
193.512482,306.585175,75.273926,144.315964
192.103394,296.160004,76.522873,153.052826
188.970657,291.553802,80.467674,155.841034
184.419067,292.593414,80.354904,155.189606
182.193817,295.731750,80.298660,153.551117
182.590714,299.535858,78.923477,151.895309
181.056335,297.601959,80.552780,155.162918
180.371170,293.862122,81.981667,158.089798
178.727448,294.683746,82.247505,158.356506
176.104172,296.052277,82.794853,157.979004
176.196487,296.149292,82.948532,157.980759
178.785583,293.970703,83.445930,158.936661
178.764771,293.893646,83.526680,158.894363
176.822342,292.168884,85.264923,158.286987
177.450867,291.795563,85.428383,157.512665
179.175919,284.558868,84.315063,159.310532
179.129745,284.553650,84.837090,159.257553
179.464050,288.379272,84.145966,157.156143
179.710037,288.585327,84.448822,157.383881
179.384491,286.314606,85.900208,159.946701
178.636810,286.083099,86.154167,159.643097
176.436996,283.251984,86.453926,159.473969
176.803299,280.464264,86.758408,159.943741
172.910339,282.622925,87.499603,160.117615
172.882401,282.856934,87.560677,160.529449
175.321701,284.515228,89.776138,160.801102
176.804657,279.206970,90.749939,167.135040
175.106750,279.572815,91.011238,167.305832
173.465988,279.756256,92.081406,167.208511
172.784470,280.799805,93.097832,167.308105
172.814301,280.923645,93.708839,167.743881
169.247269,283.419983,94.065430,166.422684
165.491943,284.008942,95.631157,166.133255
165.054626,276.412933,98.080490,173.272781
161.209915,275.967072,98.325722,171.978287
