1
184.139816,218.233612,54.469860,109.880615
182.918533,217.342056,54.453003,109.252762
182.853333,217.802948,54.321243,109.389427
181.111359,217.365143,54.080379,108.854950
177.675507,218.110947,53.890144,108.957520
173.141418,222.902512,53.835396,107.917343
171.455231,224.769501,53.864799,107.624786
168.750000,226.935059,53.912445,107.210663
168.438522,227.168335,54.008419,107.325836
168.592834,227.309158,54.473270,107.445724
169.027374,228.187103,54.773701,107.185318
169.065308,228.743393,55.404205,107.153976
169.839157,229.084351,55.369545,107.448174
171.188766,229.795547,55.534233,106.953842
173.125900,228.520325,55.757160,106.680725
173.338120,228.451080,55.881821,106.789635
176.387436,229.766830,56.540508,105.575607
186.383698,225.104050,56.677307,108.929741
186.719299,225.224976,56.875595,108.229248
194.511612,224.349350,56.843300,108.240829
201.357346,220.688782,58.036388,108.438026
202.283310,221.102493,58.723770,108.934799
205.665848,222.710403,59.431309,109.257500
208.077209,223.341614,59.342484,109.443474
209.462250,224.008392,59.255188,110.148865
217.677185,226.377441,58.415565,109.726173
223.803207,223.351166,58.839661,109.793945
225.757462,222.389481,58.983982,107.890999
233.990143,221.012024,59.173370,105.568146
237.469543,222.869263,60.306480,103.771790
239.720718,225.918304,60.688995,103.085510
243.192322,226.247787,60.776066,102.707954
244.100525,226.580933,60.985241,102.839966
249.669693,226.655991,60.554340,103.050217
251.908279,227.039749,61.246632,103.349976
255.260300,227.102570,61.859879,103.025337
257.302094,228.205948,62.939457,102.423302
260.682037,228.251205,62.955837,101.320282
263.283997,229.057358,63.355183,99.985962
266.607239,230.190582,63.653687,98.319839
270.654938,231.349197,64.888855,98.228271
274.145447,232.599823,65.269211,98.058075
275.736328,232.976318,65.438217,98.167953
275.808472,233.137024,65.463356,98.469742
275.868744,233.200989,65.521492,98.451614
276.265137,233.179489,65.990173,98.518738
276.386475,233.365570,65.961327,98.993011
276.383362,233.415421,65.961739,98.979340
276.423859,233.437485,66.001648,98.984352
276.532166,233.404739,66.484329,99.010307
276.425293,232.938858,66.533104,99.734207
276.630859,229.141571,67.706322,99.382896
276.559723,228.451416,68.137962,99.625046
276.549530,228.413895,68.926041,100.009827
276.549896,228.452316,69.152237,100.393387
276.825745,228.224915,69.688904,100.332840
279.844055,229.884140,71.327484,100.090187
279.550323,230.511078,71.974968,99.719925
277.281311,233.200027,75.387054,94.690643
271.425049,237.523575,78.809319,93.614937
265.330475,240.434875,81.693436,91.527946
264.537415,241.158478,82.640488,91.182564
264.309570,241.672089,83.176636,90.738106
259.997437,241.868088,85.731133,88.124535
259.037903,242.314682,87.482147,87.983528
255.121719,243.192932,89.726814,85.614471
254.846680,244.218719,92.630150,84.131294
253.638062,245.794525,94.622292,82.505699
253.810928,246.077179,95.004562,82.903122
254.390869,246.390488,95.188660,81.731285
251.548309,246.610825,96.390724,80.806450
251.044098,246.678787,96.358521,79.408211
250.751938,244.389633,96.623161,78.023155
2
0
0
0
0
1
132.974594,226.976685,80.532471,116.606453
129.733566,225.758850,80.515533,116.179054
129.935455,225.788147,80.971054,116.590096
127.201897,224.623413,80.932213,118.036461
120.645035,221.021408,80.337555,117.442261
112.831665,219.712418,79.931549,116.454239
107.656204,220.849152,80.192192,113.768219
104.895828,221.678696,79.913261,113.047897
102.999184,222.146698,78.799637,113.048080
102.922813,222.567902,78.945892,113.433708
100.194946,220.934128,78.624435,112.889587
97.421944,219.333038,78.612961,111.793518
97.526749,219.294983,78.876877,112.096161
96.550079,218.943039,78.771194,112.413651
94.049019,214.898911,78.921936,114.437561
90.988388,212.348175,78.690636,114.887733
90.369370,212.114655,78.829041,114.807518
90.469368,212.196487,78.786766,114.927193
90.645348,212.179184,78.667000,114.955986
91.297646,211.974289,78.655907,115.189301
91.409653,209.768188,78.145439,115.665375
90.987617,204.253159,78.002678,116.000000
91.471542,203.506577,78.347588,115.567886
92.631447,202.880646,78.299698,117.021370
93.073212,202.456238,78.271065,118.005211
92.784401,201.210785,77.892227,118.805771
96.256889,198.491318,79.041283,115.073906
99.135826,197.649399,79.485382,115.163948
104.808060,196.331085,78.993782,114.724564
109.649406,195.581009,77.690819,114.077682
114.350990,194.070923,75.209206,114.441513
118.825882,191.033478,71.378128,113.760376
123.202049,189.439087,70.239120,111.044632
131.246399,189.014175,69.338455,115.390526
135.304855,185.531189,69.327438,118.079422
136.650421,183.185699,69.375465,120.407326
137.942017,181.923737,68.973190,119.984367
139.313553,180.839722,68.792931,119.052269
141.232620,180.254639,68.738754,118.478813
148.166382,180.610077,67.770477,116.861549
152.616837,180.367798,66.140038,116.070152
158.959183,179.934082,64.872597,115.404106
162.848709,178.784607,63.522064,116.059219
165.479752,172.800766,62.858181,114.255325
170.490479,174.141174,61.888432,114.421890
173.154037,173.763687,60.936340,114.866669
174.039047,173.548248,60.724037,114.823120
179.489594,171.587234,60.548382,116.211876
183.203278,171.204117,60.395302,116.988846
186.631805,171.581619,59.185898,115.064957
189.235001,172.006714,58.311707,112.840363
191.810104,170.763031,57.367851,113.596611
194.976196,170.205490,54.843216,115.001862
198.303238,168.150604,53.555359,116.093445
201.901321,167.929596,54.217674,116.996933
203.807587,166.307068,54.720650,116.008125
204.531113,165.289978,55.697212,115.450447
204.894135,163.919052,55.930225,113.305748
206.308456,164.447281,55.942833,113.582138
206.848282,163.580048,55.818062,114.859283
207.519394,161.667023,55.361557,114.710289
208.531235,159.725739,54.679287,115.387451
209.816925,156.032883,53.835190,115.186218
211.772705,156.310211,53.226425,116.232460
212.518036,155.422333,52.525620,116.637398
213.579269,154.296616,52.105984,116.565987
216.306305,153.251190,51.139030,117.297279
216.963989,153.091629,51.166550,117.242393
217.780533,153.013351,50.682354,116.433929
219.513794,152.767654,50.398014,115.759430
219.660309,152.810257,50.437508,115.985519
219.912415,152.652130,50.623520,115.658859
221.311386,152.884323,50.843906,115.547012
226.454056,154.449081,50.210541,115.280472
229.313705,154.858475,49.961681,115.756905
232.109085,153.613602,49.505356,116.141708
234.990280,152.728653,50.094170,117.232445
237.709763,153.082550,52.087090,118.478706
238.305054,152.419144,52.611393,118.149467
238.916962,152.302399,52.994919,118.438179
241.081528,149.496414,52.847561,118.813202
241.576096,149.331436,52.832630,119.013618
242.250031,149.011581,52.504272,119.362389
243.227890,148.534088,52.652748,119.614685
244.011688,148.415863,52.694145,120.183769
248.244247,150.219971,51.886791,119.678230
250.939133,149.714310,51.038097,118.936333
254.819107,150.328522,50.111012,119.121346
258.444977,149.509583,49.352345,118.765205
259.792908,148.089310,48.723541,118.841019
265.589172,146.249344,47.911224,118.880424
269.472321,139.751633,47.051571,120.406174
270.024872,139.390182,47.125156,120.369164
270.517090,137.640213,47.285164,121.141869
270.686432,137.434708,47.456226,121.332245
270.730682,137.562943,47.499096,121.402534
270.689240,138.016647,47.589745,121.136040
270.994141,138.628296,48.072441,121.203812
271.855682,137.224091,48.521954,120.874725
271.695923,138.706192,48.972977,119.807388
271.578552,141.387100,48.955070,118.335976
271.611328,141.740082,48.975414,118.133072
271.632843,141.905777,48.964802,118.414917
273.007538,141.883926,48.264648,117.648506
273.884949,142.128799,47.220905,117.351456
274.204254,142.224045,46.819508,117.083397
274.673340,142.455856,45.077065,115.844147
274.681366,141.674118,44.341228,113.837326
274.764923,141.563309,43.809818,112.950653
274.719116,141.076950,43.104179,111.425842
273.982819,142.440933,42.135513,109.910912
272.899109,145.341141,42.036560,108.781921
272.387329,147.000336,42.274296,108.310883
272.704865,147.475998,42.350361,108.473320
273.825317,147.441467,42.497066,108.735535
274.263763,147.345657,42.392609,109.112892
274.297699,147.907837,42.334812,109.839638
274.313873,148.380234,42.410538,110.265427
274.341064,149.594177,42.287796,110.624710
274.601837,150.965225,42.106903,110.843216
275.204132,151.407837,42.153618,110.531929
276.388519,151.849487,41.776272,109.134354
276.392670,156.809540,40.615555,107.354637
276.738800,156.571014,40.787678,107.396980
276.843719,156.643021,40.971718,107.496231
276.927399,156.622543,40.941734,107.587189
276.989502,156.896530,40.968338,107.980125
277.485291,157.308548,41.011185,108.063744
278.219360,158.590347,41.540955,107.864487
278.874420,158.358200,42.046886,108.576248
279.536346,160.383011,42.998650,108.458275
279.543488,160.288528,42.984093,108.519455
279.163849,159.914047,42.862686,109.272820
279.206512,160.024979,42.958004,109.450340
278.837311,159.315948,42.578548,110.189217
276.782532,159.470963,41.140881,110.674515
276.636963,159.190216,40.643234,110.772408
275.960846,159.456375,40.567780,111.004639
275.333344,159.981720,40.483047,111.633003
274.794525,160.240662,40.166931,112.151367
275.164337,161.164795,39.036053,109.117897
275.411957,161.175552,39.465332,109.668755
275.023438,161.484528,39.458996,110.045036
273.748291,164.227737,40.074268,108.997612
272.619202,165.292389,40.447842,108.282791
272.254395,165.332092,40.424873,108.343918
270.556335,168.673050,40.598015,107.606178
269.534760,169.190231,40.737843,107.837814
267.569763,171.033997,40.449116,108.265091
266.709167,171.038620,40.027950,109.093529
265.461090,169.560120,38.906605,111.496315
263.046722,167.062424,37.835388,112.488579
260.634796,169.208038,36.773579,111.625839
258.037109,169.240585,37.611897,113.154083
254.904083,170.335648,37.297256,115.046875
251.373062,172.074036,37.191750,115.468178
250.076859,173.759109,37.324253,114.906700
246.897385,175.732285,37.787045,114.642136
244.568314,180.201813,38.115513,114.138107
244.171829,179.925766,38.499222,114.516541
243.238464,179.681900,38.729481,115.197449
241.063705,179.605026,39.662300,116.396873
239.248306,179.883270,40.096554,116.739586
236.052917,179.611832,41.124130,117.482185
233.669724,180.115479,41.722862,117.025627
231.030472,181.948059,42.414078,119.195465
228.854965,182.134125,42.793468,119.788727
225.884796,182.012131,43.097115,120.729767
224.003418,181.602051,43.087132,120.913208
221.575897,179.227173,43.881378,122.145775
220.400146,178.033920,44.866589,123.928108
218.324158,175.610474,45.770988,125.218750
216.336197,174.329590,45.921654,125.872017
213.276703,171.505463,46.712715,128.114166
213.275406,171.346451,47.041584,128.709122
213.030212,171.725891,47.554932,129.394058
211.624756,171.224152,47.918545,129.600586
210.842896,171.843750,48.610958,129.667328
208.739395,172.347733,48.946667,129.480896
201.901657,174.581940,51.505829,130.954544
196.389297,178.306259,52.955143,129.163071
192.365326,181.538681,53.996136,126.800331
191.760712,181.619049,53.919563,125.949806
190.896835,181.759720,53.977757,125.245583
189.491501,182.628723,54.066715,123.620537
188.721634,182.723038,54.120949,123.236855
186.898499,181.674774,53.543003,122.525658
185.599594,181.395264,53.840637,122.384300
185.024078,180.794083,53.741585,121.779274
184.870621,180.709518,53.988438,121.790268
184.831161,180.716553,53.877113,121.767181
184.916092,180.666702,53.912800,121.716484
185.009155,180.840759,53.892990,121.924370
185.063522,180.900589,53.926369,121.936707
184.869965,180.736267,53.948174,119.984215
185.134705,182.007721,53.805988,116.782936
184.990021,182.301651,53.938389,117.099197
184.909012,182.363907,53.937698,117.593391
184.821487,182.506683,53.994038,117.915520
184.721420,182.097382,54.083244,117.787201
183.707520,183.255188,54.274506,118.756454
179.177811,186.998260,54.494984,122.158348
179.572556,196.494995,53.707806,121.748756
180.255997,196.846832,53.652058,122.769341
182.040771,194.676926,53.554146,122.281357
182.656952,194.629578,54.199135,121.380058
183.308853,194.017654,54.166641,120.897026
183.677612,193.557205,54.455482,120.574913
184.333755,192.744171,54.292374,119.850197
185.252258,191.130386,54.052303,119.518539
186.128937,189.021530,53.847538,119.988892
188.160583,188.295746,53.162884,119.965660
189.331955,186.918823,52.460842,119.959091
189.565506,186.734390,52.255394,119.853493
188.355209,184.104660,52.055840,119.675537
192.792175,183.565948,52.783665,119.465584
191.594482,178.895844,52.945732,118.759575
188.840790,174.440689,52.739296,117.294914
187.918518,172.193283,53.286743,116.838905
182.769501,170.777771,53.161781,116.011215
179.452835,172.277573,53.630390,115.759392
173.172043,175.031921,54.452934,115.648148
170.601685,178.523056,54.514500,115.832466
164.617401,186.665665,55.371368,116.341560
164.663162,188.661392,55.192471,113.653114
159.397217,193.391739,55.852654,114.169060
156.072525,193.607422,55.679958,114.128372
154.020416,194.429642,55.867039,114.248955
150.683426,194.560852,55.371864,115.541138
147.760284,196.259811,54.578945,115.744850
144.587799,198.128159,54.425167,117.664398
143.543503,198.298523,54.238029,118.263672
139.665680,201.201965,54.152527,119.026276
138.445999,202.892517,53.843338,119.989044
137.097000,203.198227,53.137287,122.256630
133.810623,204.326752,52.820019,123.009171
131.043961,205.686478,52.426231,124.065125
130.328445,205.446213,52.455223,125.362099
128.772308,204.537720,52.222828,126.816238
127.093597,204.571594,52.475021,126.915451
125.991058,204.065796,52.425980,127.646683
123.513199,203.229843,52.562019,129.928238
122.032448,202.862030,53.037277,130.163467
121.079201,202.734467,53.442749,131.621582
121.077431,202.957184,53.482601,131.931015
120.841393,203.354996,53.509968,131.780075
120.835121,203.588486,53.896786,131.886047
120.888367,203.652054,53.969105,131.951111
120.897072,203.768234,53.960896,131.871979
121.076843,203.787354,53.749275,132.026947
121.224518,204.065826,53.932034,132.480408
121.420380,204.201279,53.742352,132.449265
121.992386,204.657944,53.332718,132.088913
122.422249,205.287476,53.082645,132.333023
124.377258,205.982147,52.215500,131.981461
125.006073,206.775360,51.927452,131.487411
125.594353,207.200729,51.355370,131.220200
127.132416,208.924484,50.144196,130.225143
128.754440,209.933975,49.436684,129.879059
129.988312,210.394180,48.411392,129.660767
132.873734,210.394608,46.378712,128.511765
133.814117,210.313339,46.016392,128.815002
134.256668,210.817917,46.350693,128.629913
134.340408,211.044525,46.467560,128.898727
134.501022,211.755173,46.375450,127.935600
134.795609,211.698944,46.402649,127.809372
135.145828,211.849548,46.454071,127.788147
136.037201,211.762817,46.395123,127.996956
136.382599,211.426529,46.338665,127.931587
136.542038,211.366791,46.457836,127.962357
136.570053,211.367096,46.474316,127.936798
136.584488,211.392670,46.475983,127.945206
136.626724,211.386658,46.451977,127.951569
136.650696,211.409546,46.476471,127.945633
136.538925,211.612167,46.446522,127.789307
135.753265,211.508575,46.211613,128.135742
134.714478,212.236389,46.150322,128.237289
134.440491,212.045822,46.146988,128.364716
133.757187,211.705200,45.906490,128.063995
133.528046,212.019608,45.821213,128.246048
133.451218,212.141678,45.434746,128.108292
133.213577,212.385452,45.117344,128.383438
133.045303,212.526093,45.278111,128.185486
133.093353,212.350266,45.324230,128.325089
133.177200,212.451904,45.425232,128.407272
133.218796,212.495316,45.475517,128.448318
133.262375,212.431793,45.464981,128.414780
133.466858,212.345627,45.394272,128.308411
134.071747,212.076416,45.227074,128.199203
134.524857,212.181305,45.362080,128.006317
135.523682,212.456116,45.232994,127.234741
136.819229,212.271225,45.213867,126.428818
137.558350,212.146606,45.362587,125.737892
139.373520,213.021286,45.279015,123.548058
140.433868,213.213104,45.261467,123.432983
141.062531,213.489853,45.321789,123.237091
141.574356,213.604111,45.029526,123.299843
141.847733,213.799362,45.465210,123.423706
141.934570,214.129364,45.448265,123.311409
142.468887,214.259323,45.264793,123.424171
143.404800,214.460159,45.169098,123.556160
143.837234,215.061295,45.463497,123.716705
144.104248,215.182419,45.420025,123.989777
145.145187,215.315994,45.287994,123.592133
145.553146,215.531235,45.383686,123.961815
146.245346,215.856018,45.258656,123.833237
146.703461,216.271530,45.427673,123.994179
146.980453,217.439804,45.429005,123.379913
148.379410,219.519943,44.916977,121.804604
148.554871,220.144928,45.063606,121.493088
148.732071,220.623779,45.545956,120.846130
148.951309,220.784836,45.990833,120.855644
148.950867,220.840836,45.992863,120.908524
148.954453,220.875336,45.982319,120.928635
148.809433,222.979889,46.118809,120.356430
148.222794,223.067642,46.591782,119.995003
145.002533,219.901367,47.033466,119.334572
145.158707,220.365982,47.522644,119.220444
145.354263,220.697250,48.017090,119.275505
145.447815,220.893951,48.516884,119.255478
145.715759,221.167450,48.978996,119.338684
145.729446,221.207092,48.990578,119.373840
145.873093,221.348099,48.946499,119.402229
146.428986,223.119431,48.877144,118.690941
146.623535,223.203598,48.903557,118.799141
147.326172,223.395721,48.718216,118.595154
147.487381,223.578598,48.966438,118.928185
147.505981,223.633408,48.975746,118.931892
147.534103,223.697601,48.969879,118.939423
147.689529,223.830734,48.966370,118.936188
147.825150,223.785095,48.954872,118.893997
149.260864,223.277832,48.869858,118.735611
149.793884,223.236908,48.843544,118.772636
150.803665,224.209213,48.906921,118.052391
152.166153,225.658234,48.857487,116.822250
153.493088,225.522049,48.698540,116.196640
154.048386,226.113800,48.806534,115.686646
154.693634,227.569473,48.939983,114.879021
154.757507,227.792953,48.992764,114.873550
154.812622,227.707870,48.983788,114.798431
154.950928,227.702286,48.959110,114.884720
155.092834,227.472107,48.957115,114.806511
155.396194,227.048843,48.890991,114.651588
157.035690,226.314804,48.786652,114.581482
158.278259,225.557800,48.316860,114.770294
159.115906,225.222839,48.500824,114.859131
160.516632,225.000046,48.898651,114.025024
161.796494,224.366211,48.693481,113.723740
162.768036,224.172012,48.747631,113.420967
164.316315,223.831772,48.585094,112.626366
165.163635,223.592560,48.782284,112.763214
168.337509,224.289230,48.417789,111.991440
169.435760,225.682678,48.170158,110.733124
170.771820,226.771393,48.251537,110.056686
173.722656,229.009735,48.394833,108.765526
175.371017,229.885880,48.113483,108.168228
178.510162,230.723251,47.713589,107.391960
181.794937,229.937515,46.774940,107.387794
183.069000,229.308029,46.144760,107.370125
184.443359,228.689453,45.372299,107.685486
185.863922,227.539932,44.368080,107.901077
187.531433,225.697250,44.143909,107.326935
191.370361,224.064560,43.614029,106.191101
193.142822,222.703445,43.411942,105.868599
194.970184,222.831772,42.653297,105.036591
196.287582,221.763168,42.222355,105.105263
198.004913,221.175125,41.235088,104.970146
199.544128,219.799438,40.721127,104.174858
203.422058,216.623901,39.095650,103.509430
204.641815,216.076767,39.006111,103.414391
205.589447,215.441299,39.101242,103.140564
207.765274,214.906067,39.047379,102.328865
209.688385,213.879013,39.050217,102.135338
212.087692,214.476868,39.240475,102.324036
213.387604,214.604385,39.314816,101.707352
215.747925,216.386566,38.778286,100.471870
218.078522,217.058731,38.575596,99.396393
219.703476,220.000259,38.861740,97.557671
224.485764,223.559967,39.313156,93.634148
230.366196,225.776825,39.714359,92.080223
236.578384,228.012146,39.982803,89.745621
241.820816,226.846451,40.796474,89.449303
248.043701,226.883667,42.340233,88.846207
250.637146,227.025818,43.047173,89.648788
256.977631,228.276581,42.874996,88.718872
264.687653,226.575394,43.309357,87.813911
269.080170,224.208328,42.062344,89.775665
274.838531,216.413910,41.630203,93.700272
276.230713,219.608505,41.679916,93.740509
279.939484,214.345047,41.382484,93.739479
290.552704,202.478119,40.183022,95.124458
295.388672,200.010880,41.106930,92.828499
307.561462,205.068878,40.622242,88.183006
311.684357,210.354813,41.809601,83.843445
318.161713,213.596893,42.791729,80.921707
326.485413,219.534546,41.874416,78.712852
330.859467,220.466324,41.808483,76.818649
337.668060,221.181396,40.735313,75.569733
345.561310,219.845322,40.924747,75.424004
354.453064,219.377991,41.978840,74.300064
364.386078,212.623627,42.379559,75.342438
371.284363,214.271683,44.112068,76.973030
376.001678,205.414398,43.492180,78.199547
374.882385,203.495865,43.821751,78.382339
375.517181,203.038513,44.613949,77.577248
374.116943,202.589096,45.529495,79.942093
371.773102,203.388458,46.400280,80.315910
371.609253,204.372757,46.755226,80.450470
2
0
0
0
0
1
417.665710,204.924728,54.453876,122.961281
415.650696,204.926819,54.456539,122.814278
411.603241,203.988510,53.831005,123.212143
408.836517,201.881439,53.588951,124.785416
405.210480,199.445541,53.258793,126.403549
402.407867,197.110458,52.619072,127.291649
399.354462,194.806686,52.496727,128.505936
395.388031,189.478592,52.167583,133.260818
391.705872,186.349350,51.586842,134.904388
387.395264,183.496597,51.045773,134.967194
383.051605,179.816956,50.692337,134.795563
378.002899,179.894638,50.053139,134.653503
373.508972,181.073257,48.231541,134.735916
368.538849,182.529633,47.362999,134.425476
366.247864,181.152939,46.452152,133.214050
363.015259,180.494370,46.598370,133.805008
360.053650,180.340042,46.586727,133.689499
357.374786,180.195358,46.511234,133.267822
354.316498,180.939926,46.632885,132.041565
352.847198,180.931763,46.408234,131.405258
352.249573,180.853683,46.236023,131.142273
349.170258,179.475021,46.321804,130.031540
348.235016,179.833145,46.507393,129.801880
347.896088,179.739227,46.902859,129.762421
346.369293,180.493393,46.959465,129.489471
345.033051,180.031891,46.743912,129.298935
343.868378,178.617065,46.755962,129.501389
342.408356,176.429214,47.154289,128.939331
341.263580,174.387405,47.255203,130.142746
341.146820,172.991150,47.281036,131.075134
341.249695,171.981476,47.427475,131.330521
341.358093,171.599487,47.427265,131.490524
341.532196,170.158142,47.356750,131.892990
341.679565,169.678802,47.377495,131.695450
341.722534,169.740463,47.445923,131.843002
341.743225,169.821671,47.477108,131.929138
340.915527,168.978104,47.443520,131.438919
340.032104,169.154053,47.598370,131.038025
339.099945,169.222183,48.059814,130.945175
338.283264,168.357529,48.458614,131.030548
336.970337,167.652420,48.372627,131.489624
335.564850,166.517990,48.199802,131.530075
334.136353,166.795395,48.316635,131.537064
333.220551,166.415298,48.392242,132.214600
331.956573,165.041931,48.236332,133.031586
331.982910,165.200455,48.450741,133.395660
331.199860,164.740616,48.272633,133.817429
330.103516,165.152893,48.373932,133.777985
329.856934,165.363373,48.495041,133.855377
329.239594,165.721985,48.443150,133.675507
328.002777,167.286469,48.472309,133.355072
326.743134,168.312836,48.636894,132.890732
324.935303,170.633057,49.177227,131.771149
323.637848,172.151779,49.469090,131.369064
322.895966,173.121414,49.621204,131.250168
321.727142,173.587921,50.185265,131.080414
319.728058,173.232544,50.663998,131.531052
318.112061,172.683853,50.942574,131.483063
317.470825,172.376343,50.975792,131.611588
316.520294,172.456268,50.747284,132.048645
315.932007,172.331833,50.666599,132.560791
315.134216,172.331726,50.833572,132.995117
314.704742,172.575470,50.341114,132.718582
312.566284,172.035126,50.345264,133.263596
312.005371,172.087357,50.259735,133.453430
311.230621,170.170044,50.261395,133.763748
310.197632,167.301514,49.953045,134.297150
308.112000,167.769150,49.919266,134.121689
307.438324,167.863281,49.923790,134.589935
305.862427,168.472244,49.957500,135.045654
304.645721,169.537964,50.193073,135.853012
301.433441,169.367554,50.687183,136.351440
299.018158,169.808853,51.346340,136.414749
296.530640,170.658005,51.722694,136.348831
295.025116,174.350830,51.926350,135.487885
294.036743,173.975693,52.080395,135.440582
292.378906,175.090118,52.543400,134.190399
292.096069,174.840790,53.137394,134.345642
290.497314,171.675079,52.987919,134.504517
289.271606,170.540604,52.801556,135.234009
289.153290,170.042648,52.974449,135.536087
289.207489,170.059326,52.995464,136.031113
289.370331,169.494690,53.086849,135.740021
289.659637,169.160538,53.565590,135.889999
289.988373,168.549759,54.035007,135.809509
290.207489,168.235641,54.570950,135.941132
290.972412,167.971390,54.607815,134.877808
290.996582,166.822769,56.303444,135.997162
291.113312,166.274078,56.561123,135.868683
291.026306,165.807938,57.745602,135.779160
290.909302,165.726685,58.923382,136.159348
290.242798,165.322662,61.137444,135.668915
289.888245,165.200546,62.811420,134.923111
289.348846,164.902435,65.715485,134.920319
289.543304,164.810135,66.075951,134.934402
289.710236,164.643463,67.418877,135.046906
289.842255,164.920334,67.649399,135.497253
289.979065,165.025620,68.451370,134.983780
289.712280,165.134064,68.452110,134.487900
289.591797,164.671616,68.515877,133.932388
288.745148,163.331726,68.711235,133.315308
287.881073,162.040573,69.106979,132.433441
286.003418,160.101669,68.816109,131.594284
283.428589,156.518143,67.286560,130.784286
283.444763,156.592224,67.351242,130.746689
283.535889,156.650528,67.425842,130.820816
283.582733,156.725494,67.439903,130.815659
283.744232,156.306061,67.359512,130.491287
285.316925,154.190079,65.786217,129.862411
286.772369,152.159210,64.953079,130.322372
289.898590,151.893875,63.389637,129.680939
291.258698,151.735321,63.257095,129.622711
295.143646,152.140213,63.189625,129.705902
298.454620,152.734573,62.927017,129.292633
302.366974,153.104065,61.707199,128.168579
306.297394,152.930740,60.807152,127.799850
309.444061,153.077057,60.219601,126.080887
309.766388,152.968887,60.301929,126.578407
314.519775,153.049332,59.313877,125.202423
315.587341,152.722809,58.656704,125.517151
318.440643,152.120895,57.157112,126.810677
320.040558,152.144424,57.024521,126.738129
320.533813,152.140533,57.290222,126.696999
321.093079,152.379700,57.232571,127.081223
321.105530,152.899689,57.460426,127.247643
318.195221,155.936188,57.243298,126.357780
315.957123,159.678665,57.696682,125.655693
317.266785,157.853699,57.950832,125.970062
318.565521,153.565216,57.289181,126.139832
319.354248,152.420059,57.045063,127.336937
319.506958,148.468948,56.893547,128.850800
319.514221,142.845612,56.510906,130.075699
320.181213,141.939011,56.961384,130.606339
320.523773,139.934540,56.906250,131.039139
319.223450,140.456253,57.049267,131.054764
319.061829,139.551025,57.441277,131.690659
319.010529,139.226746,57.479298,131.941879
318.501770,136.685242,57.373661,132.477402
318.498810,133.366837,57.005917,133.788574
318.488098,133.426575,57.398991,133.968765
318.603760,133.699081,57.353928,133.989349
318.955353,135.167023,57.065216,134.045013
317.650452,136.629303,57.480328,133.566879
315.470032,140.640289,58.595982,133.329315
313.116119,142.748016,60.062366,131.814911
312.791748,145.466034,60.618469,131.792191
313.586548,147.165710,59.970722,131.844940
312.878326,149.755508,60.093803,132.776062
313.077423,149.833282,60.466217,132.919250
312.731445,152.350616,60.358444,133.228058
312.613525,153.471695,60.386330,133.056915
312.592743,154.619919,60.392883,132.883881
312.691071,155.584076,60.031082,132.909866
313.617310,160.888443,59.624016,132.763474
315.517731,163.908661,59.321484,133.473251
323.922180,184.644516,57.014362,133.719955
325.160614,166.401093,57.489033,129.616486
323.932617,167.829666,57.150558,129.759689
324.138458,167.990906,57.446381,129.934845
324.012848,168.293594,57.386986,129.992584
322.787628,170.960388,57.365250,130.021271
323.129944,169.223480,57.688004,131.106155
323.673553,163.365295,58.018791,130.466034
325.550201,159.735123,58.160248,131.524185
329.221252,151.156693,59.459579,135.752060
333.242584,152.232132,62.983173,139.529633
336.310333,159.962189,64.336632,144.406021
339.766541,162.336288,64.755058,146.905045
344.901642,172.133560,65.567299,147.694427
349.406586,177.199265,66.494202,153.784149
355.562775,181.509979,66.486542,152.266968
360.437195,184.552139,66.703888,152.055283
371.215668,182.761261,66.740601,155.565811
375.640320,182.997360,65.995979,155.904022
2
0
0
0
0
1
339.791290,227.163330,42.625656,99.635689
340.352722,223.152374,42.852455,98.982292
341.535950,218.653915,41.851234,99.074623
342.452637,212.317398,39.722839,101.685196
342.561646,212.449158,39.957279,101.897232
342.591125,212.198105,39.947701,102.016518
342.846100,212.258499,39.858582,102.522537
342.926300,212.464005,39.982815,102.952744
343.835449,211.844650,39.359272,103.516098
344.147095,211.831924,39.378078,104.183678
344.473053,211.832321,39.393196,104.599762
344.726044,211.797928,39.421749,105.072731
344.803162,211.951706,39.455624,105.501671
344.850677,211.319595,39.459190,105.894501
344.999756,210.040710,39.386806,105.813080
345.519287,209.236618,39.013817,105.903702
345.877258,207.546661,38.224457,105.312363
345.853394,206.838531,38.527664,105.227859
346.084167,206.732315,38.946442,105.452522
345.411896,206.239685,39.097355,105.208389
345.453217,206.095703,39.471729,105.635010
345.326141,205.705856,39.494850,105.953384
345.244019,205.714920,39.480137,105.982414
345.248901,205.717392,39.481255,105.954376
345.233917,205.725906,39.483086,105.959953
344.070587,193.776917,38.821434,115.962898
343.705261,203.568588,38.989529,108.605751
343.658752,203.680725,38.959454,109.012764
343.655273,203.875671,38.974514,109.478142
343.073914,203.253510,38.977089,109.545303
341.566528,201.655258,38.998077,110.058571
339.120789,197.985199,38.890831,110.751442
337.850159,194.733841,38.686172,111.814407
336.999115,193.249725,38.786087,112.606873
336.120026,191.204300,39.050743,113.798950
335.814514,191.149628,39.456989,114.092682
335.734833,191.385010,39.450626,114.557770
335.855347,192.002335,39.411964,115.264084
336.118835,192.010971,39.319279,115.671555
336.179871,192.010239,39.490929,115.942459
336.115509,191.454544,39.491180,115.934875
336.149323,188.296906,39.394676,117.008812
336.077972,187.111755,39.456856,117.891624
335.530670,182.919037,39.475773,118.822701
333.508331,182.627930,39.100864,119.458496
330.943359,181.825470,40.019165,120.525810
329.159698,181.745453,40.776306,121.396484
327.101349,183.230774,41.274601,120.562065
324.431213,183.297943,41.410709,120.121635
320.892944,177.898392,41.422031,120.587906
317.417450,174.880920,41.247860,120.059509
