1
186.494888,202.075989,51.960293,123.784737
183.771973,202.004623,52.168510,122.730919
183.594696,202.359680,52.340805,122.825783
183.021790,201.996048,52.199100,122.004890
181.428360,203.857162,52.104763,121.536438
172.080658,210.079132,52.561646,120.785065
172.345184,213.105286,52.982529,119.881157
169.933228,221.417664,53.314777,118.171631
169.820633,221.895752,53.559788,118.161003
170.026947,222.164536,53.987564,118.385056
171.079285,225.526031,54.365871,116.921417
171.290985,226.064178,55.455795,116.273216
171.879242,227.996887,56.734909,114.763809
171.488510,227.848282,56.986217,114.351753
171.685745,227.002487,56.937435,114.094444
171.107437,228.427200,56.930088,113.112022
174.047256,229.039246,57.398628,113.280716
186.179916,226.228439,57.116531,117.627319
186.637695,226.429916,57.423206,117.428009
194.757828,224.987198,56.934532,115.738518
202.671951,222.075226,57.473907,116.175766
203.935059,219.328476,57.277359,116.102127
207.705215,220.879211,58.156952,116.269096
209.559875,220.829315,58.677891,116.262009
212.090897,224.241547,58.914211,116.308060
219.088943,225.524780,58.938530,113.192032
223.889740,222.205994,59.587818,112.430565
226.123871,221.870590,60.025288,109.354309
233.159653,220.585510,61.425945,107.958984
235.225601,221.697357,62.123653,106.973198
238.673950,224.876678,63.120335,105.460968
242.660660,226.198868,63.527454,104.266457
243.169434,226.482147,63.928585,104.423553
245.608292,226.287231,63.901287,103.983559
249.207932,227.139313,64.520813,103.157990
252.843903,227.084076,65.345398,102.964729
256.091583,228.437988,66.152100,101.523605
258.267975,229.354431,66.604034,100.475769
262.210907,230.673233,67.241516,98.964035
264.416107,231.045105,67.594421,98.647522
268.311249,232.846237,68.775009,98.761086
270.279999,233.449738,69.018738,98.725731
272.880005,234.100479,69.548889,98.791374
273.550629,234.383591,70.092964,99.116402
273.783936,234.579742,70.469925,99.470360
273.857056,234.499817,70.462357,99.465637
273.836334,234.444092,70.440361,99.539581
274.057007,234.910721,70.513954,100.142685
274.425903,234.968521,71.073624,100.613472
275.855316,234.827057,72.770973,101.132729
276.239685,233.360458,73.282372,102.132034
276.389282,231.016022,74.289742,101.452766
276.457397,230.996918,74.527168,101.404434
276.426575,230.309662,75.260933,101.289864
276.487610,230.288452,75.773239,101.356133
276.508759,230.915909,76.120483,100.734543
276.502289,231.533173,77.251022,100.489120
276.530518,231.837952,77.606445,100.201141
274.050201,233.948822,81.599548,99.353531
267.579376,237.305588,87.648331,98.384567
264.758362,239.576218,89.113449,97.080444
262.332520,239.976212,90.720444,96.272491
262.347626,240.201584,91.091698,96.189392
259.411072,240.492813,93.207016,94.792488
254.541687,241.800278,95.507988,92.642319
248.853561,243.412460,98.026749,89.193855
248.914017,244.945221,99.296761,86.624504
247.581482,245.781036,100.760773,84.496475
247.596634,246.232422,100.976326,83.615143
248.552582,246.729538,100.429344,80.795853
248.597458,246.868225,100.395042,80.854973
248.488113,246.741013,100.181892,79.877190
247.946701,243.570892,99.921120,77.909660
2
0
0
0
0
1
133.722992,224.826599,79.693680,115.168098
131.395157,224.432007,79.492462,115.600647
131.038879,224.455292,79.429756,116.330826
128.682053,224.357056,79.638115,117.055931
121.528732,221.889206,79.251869,116.575462
113.154686,220.315887,78.793365,116.088753
108.556076,220.427750,78.844902,115.565147
105.308136,221.138428,78.560722,114.789810
102.194832,221.626892,77.088318,113.831787
102.262138,221.594162,77.476631,114.068138
100.364029,220.691147,77.377129,114.366600
97.887680,218.843384,77.264137,113.237312
97.818855,218.787750,77.301323,113.528908
96.910347,218.078049,77.324188,113.479218
93.812233,214.877625,77.569099,113.998322
90.297592,212.365143,77.576302,114.298332
90.336525,212.461868,77.978279,114.370155
90.303329,212.440933,77.797348,114.471306
90.403023,212.446289,77.952141,114.454643
90.757645,212.243637,77.699677,114.625931
92.017776,210.870087,76.877876,114.632133
91.874008,203.256332,76.236244,116.444626
92.230118,202.500397,76.320518,115.894699
94.050362,201.680313,75.980263,116.829041
95.091591,200.131180,75.393364,118.457016
94.365463,197.794922,75.110176,120.157639
97.546066,194.213943,76.223007,118.766319
99.551292,193.827515,76.249687,118.720726
107.022766,193.541412,76.501480,117.987007
113.407234,193.595703,76.379929,117.417450
115.401459,192.680679,74.748779,117.427849
119.193474,190.038376,70.921303,117.329285
123.538284,188.674469,70.294807,113.298141
131.757446,188.431000,70.285675,118.218559
134.639832,185.917160,70.295540,120.592552
136.262207,183.371902,70.601852,122.322876
137.888123,181.981064,71.041016,121.530884
139.882706,180.929031,71.179214,120.852890
140.333084,180.740952,71.134224,120.649300
147.000824,181.147263,70.240913,118.749649
151.956284,181.272690,68.730377,117.836487
156.446991,180.763672,67.001579,118.005669
161.881210,179.090942,66.560974,118.388039
164.504700,172.851578,66.054451,115.804932
168.521011,173.701553,65.259972,116.367744
171.063904,173.608124,64.129128,116.980469
173.660248,173.073669,64.121895,117.044662
177.628265,172.671371,64.300011,118.908234
181.939545,172.159851,63.824707,119.288025
185.427582,172.521713,62.493664,118.719154
188.133698,171.629898,60.622631,117.783371
191.880386,171.363007,59.320637,118.751549
193.750961,171.045776,57.355461,119.052818
195.651154,169.367310,56.700321,119.851463
199.283737,168.181137,56.747974,120.819221
202.011139,166.961746,57.168941,120.393524
203.047272,166.235229,58.015980,119.334099
204.391083,167.245041,59.211533,118.667503
205.845779,165.183685,59.269726,118.371674
206.909073,163.028671,59.359737,118.526176
207.516205,161.668671,59.105911,118.879959
208.329803,160.343857,58.729916,118.784348
209.156403,158.418747,57.933208,118.730934
210.101837,157.028381,57.205696,119.536804
210.927856,156.349014,56.187771,120.093460
211.501419,155.248749,56.048290,119.780670
213.529434,153.819214,55.551914,120.205048
214.780380,152.878754,55.072659,120.362206
216.293274,152.171921,54.111267,119.834877
217.367416,151.906662,53.557503,119.530594
217.600647,152.155426,53.972076,119.900436
218.893677,150.771835,53.952583,119.062859
219.236694,151.266815,53.905510,119.201538
223.512939,151.977371,53.170143,119.313141
229.487976,153.364990,51.742546,119.983284
232.317566,151.057022,51.500912,120.062965
235.239426,149.779755,51.707302,120.408653
237.317123,148.403183,52.451763,120.781853
237.725632,147.692032,52.504082,120.842712
238.019516,147.767578,52.982143,120.948517
240.448074,147.743408,52.785675,120.900040
241.317017,148.033691,52.797653,120.838257
242.329819,146.940491,52.365303,120.766975
242.680267,146.689957,52.227520,120.893661
245.689056,147.518509,51.448040,120.906586
248.941986,149.736359,50.162014,120.167534
251.943039,148.811295,49.651901,119.592796
255.602722,149.019440,48.670856,120.114365
259.129028,148.475433,47.772057,119.648460
259.761475,147.937134,47.547997,119.857239
266.498657,146.798981,46.930336,119.706726
269.092834,141.778625,46.475021,121.329544
270.088684,139.303207,45.797367,121.498619
270.499939,137.700409,45.848694,121.907204
270.627167,137.580338,45.976528,121.885742
270.746185,137.832413,46.100742,121.706642
270.771881,139.145752,46.784519,121.390114
270.891235,139.368027,47.029335,121.274261
271.642365,138.442017,47.574471,120.852623
271.858337,138.714355,47.984283,120.696953
271.892212,139.595993,47.937397,120.073608
271.985840,140.361023,47.920826,119.825821
272.147064,140.156982,47.910118,119.815742
273.541809,139.907898,47.264175,119.143509
274.799011,140.428329,45.982216,118.796097
275.115234,140.576645,45.164806,118.390991
275.361206,140.696960,43.516792,116.482338
275.553680,139.787552,42.813587,115.282112
275.165283,139.423843,42.388248,113.557823
275.023407,139.391876,42.110092,113.085617
274.807709,139.784470,42.018711,112.540031
273.268005,143.013916,42.027863,111.562775
272.454346,144.580933,42.289719,111.344315
272.616882,144.999832,42.398479,111.492966
273.192963,144.768921,42.371082,111.774460
273.280182,144.842697,42.463245,111.976685
273.250641,145.468369,42.367771,112.304771
273.385590,146.034149,42.385429,112.749077
273.574646,146.462143,42.329025,113.131310
273.817200,146.823975,42.339512,113.500938
274.761200,147.761658,41.901962,113.152878
276.773956,147.489136,40.994736,111.419411
276.750671,153.265961,40.269741,109.924591
276.914093,153.289246,40.436779,109.932472
276.876831,153.702667,40.484077,110.038147
277.101776,153.995712,40.376869,110.733574
277.312195,154.555008,40.477951,111.035156
277.371094,154.872314,40.498947,111.501884
277.425293,155.656815,40.532372,111.422844
278.245758,154.601547,41.189011,113.470604
278.967987,156.788193,41.813721,112.761375
279.064423,156.932693,41.986534,112.955917
279.055939,156.994980,41.971283,112.957062
278.968079,157.114349,41.950737,112.953781
278.988495,157.175262,41.929382,113.057602
276.869385,158.638214,40.808399,112.966240
276.690460,158.543488,40.465630,112.635788
276.409973,158.483643,39.860748,113.125816
275.425812,159.148315,39.609909,113.271629
275.055450,159.869400,39.720654,113.326988
275.021027,160.412231,38.678387,109.757774
275.192657,160.496170,38.980312,109.975639
275.133606,160.548996,38.982697,109.914322
274.413818,161.922623,39.341640,109.499100
273.794464,162.103546,39.398674,109.144798
272.389160,162.917725,39.469055,109.859009
271.352264,166.598587,39.610981,108.828239
270.053833,168.109695,39.900631,108.319969
267.443573,169.225861,39.384705,108.439011
267.227875,169.261627,39.043888,109.000282
266.139954,169.563095,38.504616,110.659935
263.327942,167.183350,38.167240,111.483841
260.681183,168.005646,36.859280,110.710632
258.497925,169.869720,37.103725,111.869179
256.089203,171.127701,37.111492,112.985924
251.997360,173.920883,37.162647,113.233261
249.500519,175.962509,37.431957,112.603783
246.825928,177.559341,37.403004,112.801544
245.223129,179.240723,37.510517,113.326164
244.772888,179.365540,38.014690,113.347977
243.122314,179.676392,38.873875,113.303917
240.826569,179.451736,39.472233,114.350983
239.614029,179.644180,39.683300,114.661591
236.889587,179.627655,40.581512,115.613052
234.431992,180.497025,41.236492,115.368118
231.151108,183.043457,42.134727,117.371269
228.025757,183.665405,43.098022,117.862221
225.258881,182.973679,43.416454,119.317924
224.246964,182.544693,43.139973,119.716537
221.640533,179.989685,43.861355,121.435699
220.218689,178.336823,45.052177,123.227295
217.822449,175.884781,45.890335,124.573563
216.147385,175.376404,45.919727,124.782715
213.062805,172.818344,46.694347,126.840172
212.603867,171.393250,47.403496,128.669189
212.493454,171.607254,47.490730,129.200241
211.951385,171.854767,47.487778,129.380051
210.547928,172.745712,48.243702,128.945694
208.733505,173.260635,48.528275,128.486649
201.234665,177.489166,51.007874,127.421455
196.138275,179.629059,52.392025,126.033829
192.662415,183.602600,53.419090,123.114464
192.433762,183.649796,53.416599,122.949165
191.757660,183.746399,53.305458,121.779312
190.430008,184.014801,53.595871,120.843620
189.163773,183.784897,53.471210,120.660156
187.013641,182.802872,52.578873,119.988632
186.580795,182.348892,52.853275,119.706329
184.742126,181.335999,53.008362,119.026550
184.576675,181.325699,53.504910,119.298096
184.757736,181.090500,53.889107,119.189659
184.826767,181.021851,53.906391,119.312538
184.932404,181.175186,53.864223,119.408524
185.011093,181.273239,53.865837,119.448814
184.961853,181.206924,53.916500,118.910637
184.988693,181.455185,53.945118,118.294220
184.883194,181.655319,53.922642,118.463371
184.892532,181.640045,53.970116,118.457901
184.886841,181.649597,53.971420,118.433372
184.708130,181.137131,54.170483,118.231392
184.006378,182.118973,54.183701,118.884819
179.233551,185.100204,54.471161,120.806305
179.132446,187.384979,54.338802,120.441406
180.774368,191.622665,53.652306,125.462585
182.099762,192.045944,53.730000,125.425041
182.711090,191.703903,54.508167,123.752213
183.467773,190.845520,54.638138,123.343117
183.973282,190.242340,54.899654,123.099869
184.059265,190.435760,54.965500,123.277313
184.844299,189.186020,54.525524,123.403419
186.079071,187.370056,54.361183,123.250107
187.863892,186.103622,53.781120,123.953568
188.556580,184.914398,53.302582,124.144302
188.627945,184.952927,53.475014,124.197380
188.576874,184.941071,53.457794,124.412445
190.860138,184.097488,54.692165,123.836136
190.847198,181.907242,54.733406,123.647736
190.404083,179.253616,55.534718,121.230705
192.903244,174.786484,55.845821,121.090614
194.168823,170.629562,56.156914,120.290810
193.117218,168.445801,56.439713,119.918640
193.143463,165.186584,57.117897,119.393105
194.611572,155.486542,57.379383,119.626244
195.444031,153.098892,60.527241,118.913696
195.510727,156.803436,59.697769,115.074783
192.751068,160.602722,61.179180,115.558159
190.704498,163.594528,63.278717,117.838867
187.162033,173.612549,66.842140,119.612907
183.975998,175.299500,66.663567,119.806824
174.408737,177.558289,71.210014,119.869102
167.736954,182.114075,74.691216,117.263031
165.348328,183.446121,80.468338,117.899925
163.075912,184.522018,86.326698,120.931450
166.104431,190.481262,89.064941,123.158241
165.783951,194.770126,92.829140,127.988785
165.521713,198.810226,95.246475,132.345947
165.645920,200.156586,96.408806,133.486115
164.916183,201.211472,99.801537,135.632126
164.393372,203.716812,103.234039,137.256866
163.057953,205.624161,108.035133,138.361237
162.618622,206.362747,110.653191,138.883743
161.720428,207.448273,113.160225,139.506149
162.827682,208.998291,115.397530,140.140991
162.725845,210.414154,117.416641,140.630585
163.963089,211.309769,119.787422,141.268051
165.036209,212.707016,121.577667,141.175079
166.452408,213.702652,123.368279,141.401779
168.412857,214.364441,125.698425,141.852875
168.777023,214.642853,126.306976,141.778946
168.703415,215.239532,127.769936,141.736053
168.590256,215.473709,128.212463,141.878006
167.989212,215.666809,129.579697,141.895248
167.010803,216.046402,130.801559,141.695221
166.894791,216.268829,131.154785,141.885635
166.404114,216.541611,132.084732,141.742859
166.398880,216.750870,132.631500,141.885101
166.388824,217.228439,133.062119,141.796249
166.566071,217.736435,133.410355,141.817673
166.497940,218.511459,133.490311,141.801239
166.433533,219.113541,133.469452,141.797989
166.334625,222.017563,133.426971,140.846146
165.343826,224.152405,134.625977,140.078476
165.471024,224.422226,134.977432,140.399734
165.431198,224.648270,134.955017,140.324997
165.402908,225.274918,134.888702,140.132736
164.949768,227.161453,135.192688,139.176361
165.127350,227.876633,135.410797,138.983490
165.133972,227.893738,135.444260,138.933884
165.122406,227.944626,135.437546,138.930038
165.106812,228.139969,135.468338,138.837753
164.965256,228.507935,135.427567,138.810425
164.273697,228.514801,135.218628,138.962967
164.158020,228.270035,135.387512,138.772446
163.903198,228.373230,135.400223,138.914078
163.368790,228.182632,135.387955,138.887527
163.081100,228.071320,135.277802,138.991989
161.755951,227.897476,135.188354,138.682983
158.801987,227.915619,135.001617,138.533859
159.253998,229.404922,134.667236,137.528656
158.962540,230.049576,134.371902,137.370056
157.816269,230.039719,133.752426,136.688538
157.200958,230.312973,133.913971,136.326233
155.782104,230.799744,133.526749,135.659363
155.732803,231.147614,133.803162,135.668106
154.175278,230.008652,133.739120,133.932739
153.893906,229.604156,134.122635,133.800186
153.506668,229.262177,134.932968,133.158920
153.657349,229.395889,135.037415,133.106812
154.452225,229.644455,134.979263,133.545944
154.346054,228.332184,134.239120,134.199982
154.726624,227.838226,133.865860,134.536148
154.956879,227.554626,133.126602,134.798203
155.170715,227.509491,133.319046,134.200531
155.093033,227.387405,132.999054,134.242188
155.078827,227.402771,132.884964,134.449326
155.181931,227.381042,132.895905,134.473053
155.309525,227.344162,132.827942,134.455597
155.377304,227.247467,132.880981,134.500839
155.450195,227.439972,132.877243,134.977386
155.636978,227.267731,132.715195,135.157898
155.768234,227.365097,132.908463,135.498276
155.832382,227.410370,132.933029,135.481796
155.834824,227.447083,132.994354,135.388489
155.781372,227.627182,132.982330,135.248566
155.734665,227.650604,132.835693,135.496750
155.869720,227.386230,132.777405,135.596573
156.498627,227.029022,132.358749,136.353348
156.786652,226.696899,132.302353,136.659668
157.033569,226.639511,132.140228,136.839737
157.020721,224.839767,134.314774,137.815811
155.531662,224.495743,137.066483,137.672806
155.513489,224.393494,138.328415,137.888214
155.205124,223.889984,140.391434,137.705887
153.502060,224.079147,143.960373,137.412186
153.194824,223.777481,144.979736,137.455887
152.907623,222.884079,146.359818,137.125381
154.006180,221.710587,146.573761,137.542252
154.760223,221.236862,147.182053,138.138672
154.769699,221.228012,147.542053,138.495026
154.956894,221.049072,147.996613,138.540298
154.889435,221.240112,147.952011,138.948517
154.860214,221.155655,147.969070,139.070267
154.720627,220.915268,148.431686,139.766632
154.539612,220.641571,148.587967,139.923691
154.045349,219.631241,148.850601,140.251022
153.264420,219.052200,149.272156,140.660080
152.658585,217.874878,149.745422,141.214355
152.648224,217.976288,150.038757,141.425079
152.286697,217.481018,150.553528,141.618164
152.160233,217.300964,150.873154,142.144363
152.144119,217.449722,150.947891,142.434448
152.065140,217.358185,150.986694,142.443588
151.977005,216.767090,150.970566,142.494690
151.101257,216.556656,153.445053,142.497406
151.041611,216.490738,153.598236,142.540817
151.223694,216.727951,153.925613,142.941727
151.251068,216.756302,153.938904,142.940643
150.790955,216.741165,153.997452,142.940140
150.461975,216.972549,153.812531,143.201950
150.236038,217.345642,153.846039,143.611069
150.316788,217.625565,153.904587,144.003464
150.369812,217.889923,153.913040,144.462448
150.429962,217.938797,153.898895,144.501205
150.493942,218.241653,153.904938,144.988464
150.472519,218.240524,153.804733,145.084274
150.697052,218.388107,153.924469,146.662521
151.401108,218.346970,154.041153,147.505173
151.652374,218.587418,154.341873,148.110672
151.700699,218.768646,154.343750,148.436905
151.813782,218.744598,154.200668,148.541336
151.918259,218.580826,154.123611,148.969162
152.116638,218.311035,154.399124,148.756927
152.048141,218.341995,154.524216,148.854263
152.385330,218.497543,155.065079,148.719315
152.958115,218.597702,155.382004,148.916168
153.070953,218.669540,155.383896,148.935928
153.125381,218.701981,155.423218,148.935806
153.231735,218.870514,155.376129,148.965042
153.419601,219.290924,155.325775,149.007217
154.543427,219.773697,155.046921,149.850067
155.442657,219.986313,155.209702,150.043701
156.258804,220.664810,155.133057,150.589951
159.820511,221.351517,155.094070,151.011703
164.393036,221.533783,154.741776,151.704025
165.286011,221.382309,154.524689,151.903366
165.895706,221.155243,154.704437,151.824036
166.380341,220.955917,154.776398,151.771835
166.563278,220.811813,154.843460,151.828033
167.459595,220.098114,154.611267,151.388077
168.966110,220.102539,154.608154,151.492661
169.210907,220.053879,154.866333,151.407288
169.690445,220.000534,154.793091,151.358536
169.713135,220.027298,154.893753,151.370773
169.756012,220.062744,154.905563,151.403000
169.747208,220.118622,154.886902,151.313370
169.879532,220.204193,154.869720,151.474762
170.109894,220.278198,154.841324,151.427872
172.038086,220.384323,154.730377,151.338913
172.820938,220.451569,154.818817,151.424179
173.491745,220.497849,154.831848,151.424576
173.572083,220.544388,154.925522,151.428192
177.468033,221.936249,155.247589,151.320740
178.597412,221.756439,155.356873,151.271011
185.835907,224.305573,156.238724,150.500275
189.872025,224.940231,156.994858,150.540985
192.396210,224.842056,156.971176,150.634995
199.431427,223.272247,156.473541,150.936417
203.399841,223.382095,156.318481,150.896713
222.006134,215.494812,155.402161,152.137726
241.422363,212.368256,152.278641,152.891357
255.102814,207.677643,148.442001,154.319702
262.131927,193.771957,144.528854,155.143860
268.658875,182.820602,142.229553,155.862335
270.889954,173.299545,141.333496,160.113251
278.963898,157.429596,137.947922,168.098907
286.071991,141.566864,135.656906,171.774841
291.196808,131.616013,133.343506,176.805359
297.113647,129.333786,132.230286,182.371689
299.589813,130.902878,131.889679,183.225769
302.531799,130.904526,131.381821,183.506760
316.344238,141.863205,128.599899,183.939774
339.848938,155.548996,126.245628,184.156097
341.201630,156.591187,123.525826,182.223557
344.650024,163.270462,120.561066,179.867371
354.428619,161.990692,118.468536,178.880997
359.555115,162.705551,117.307976,178.512268
360.615540,164.170029,117.231277,179.741974
362.264313,165.290649,117.038498,179.641190
362.504150,165.462540,117.433441,179.906860
362.702942,165.707169,117.517982,179.603317
362.701904,164.980774,118.244522,178.433868
360.292023,163.979889,120.062721,176.678604
360.497192,164.180588,120.443192,176.776138
360.823700,165.060410,120.298309,176.295624
359.807953,162.954727,119.071152,176.186356
360.226532,163.104889,118.839905,176.079666
360.804749,165.720459,117.321609,173.291992
360.968079,167.937027,116.201073,171.777527
361.191162,168.536118,116.144485,171.275406
361.543152,169.490601,115.307480,170.671753
361.392120,170.693710,112.895454,170.047562
360.575470,170.145737,109.983871,172.365646
361.060852,169.541656,106.973038,173.917175
361.850220,167.265488,104.101601,174.591553
359.667145,164.025848,100.749695,176.067368
358.722961,160.872406,98.766899,177.181793
352.352264,159.044449,96.396675,178.284882
349.562469,158.128632,93.824867,178.454605
347.384918,159.774094,90.194031,174.047394
345.043579,161.569656,88.592148,174.128220
342.482147,163.827423,86.828423,174.017075
340.221710,163.415054,85.858101,174.362137
338.792114,163.400314,85.069420,174.317566
337.855896,163.102921,85.014214,174.153061
335.737518,163.238617,84.593513,174.075500
335.180695,163.631363,84.583183,174.182953
334.783142,164.288086,84.543686,174.157852
334.134033,165.166382,84.588585,174.022217
331.760529,167.193130,83.378517,172.920822
331.045105,166.560043,82.501213,172.480743
330.047455,165.138062,81.865128,172.014450
328.847290,164.428955,81.746811,171.926376
328.582764,154.914322,82.315697,170.245178
327.404572,148.246262,80.527565,166.557648
328.022980,145.107574,79.273331,165.054459
328.201355,143.165070,78.607910,164.083618
328.626465,144.151260,78.369377,163.942307
327.955963,146.171387,77.856400,162.176590
327.996399,146.417496,76.919296,160.745193
327.930969,143.255432,75.885201,160.609421
326.401611,145.747665,74.865273,159.732651
326.575653,145.964737,74.739616,159.365967
326.583740,145.378311,74.303047,158.875153
325.277771,139.867737,73.404617,159.220779
324.360535,139.565445,72.398804,159.322037
323.373535,138.396530,71.240608,159.575378
322.689270,139.294571,70.934509,159.315933
322.340424,139.417267,70.117531,159.050858
322.535278,139.319931,69.726257,159.210495
322.081573,138.919922,69.332458,158.762451
321.405243,139.675674,68.219551,157.773804
321.368713,140.354385,67.957497,157.197250
320.052368,145.193405,67.479698,155.494522
319.174622,147.039932,67.083961,154.887131
317.793396,149.051620,66.753693,154.396744
316.823486,149.518723,66.769165,154.346573
315.538269,152.044250,66.775642,153.346451
313.571564,154.363647,66.674675,152.773010
311.050446,156.214630,66.802124,152.252762
310.099915,151.053101,66.480911,152.210190
309.627502,151.741257,66.143753,152.389725
309.035309,151.286102,66.217667,152.107590
308.428467,150.503540,66.116737,152.687897
307.148773,150.702011,65.991417,153.551132
305.579773,151.160538,65.483215,154.683548
304.876465,151.946426,65.099129,155.541748
305.001007,152.445068,64.883835,156.003799
304.650452,151.390030,64.556015,157.599304
304.626678,151.109009,64.681091,158.588318
304.556519,150.120972,64.734703,159.389191
303.595764,147.902298,64.587692,159.739059
301.922241,146.764252,64.674889,160.725327
300.895477,147.009613,64.550346,160.654526
300.421814,148.481354,64.724716,160.730728
298.688660,148.661179,64.697006,161.011765
296.522217,149.604721,65.023361,161.362778
294.510895,150.905716,65.390793,160.981354
293.561890,152.457870,65.520218,160.816833
291.593811,154.873535,65.362167,160.430573
289.154297,155.683334,65.126038,159.729126
285.731171,160.418335,64.674057,157.194992
285.810120,160.454010,64.941833,157.450912
285.221008,160.860565,64.479362,157.175659
285.053314,160.854431,64.291908,157.274414
285.075195,160.723526,64.283211,157.214615
285.540924,160.638504,63.929302,157.240005
285.735382,160.439529,63.877235,157.077377
286.100403,160.310913,63.867966,156.923615
286.544037,159.956436,63.649254,156.311508
286.801147,159.010681,64.004311,155.744553
288.250610,160.214920,63.728703,152.877472
288.914154,160.087341,63.930843,153.264633
289.063873,159.613663,63.998150,153.516968
289.049591,159.833282,63.988480,153.924835
288.876648,159.796738,64.370316,153.885254
288.548523,159.508621,65.329025,153.537125
288.335663,159.298904,65.795769,153.648727
287.791077,158.223068,66.490685,153.321182
287.422852,157.522644,67.108307,152.999603
287.768555,157.257904,67.697685,152.955795
287.900360,157.328445,68.291763,152.774796
288.015015,157.258957,68.680016,152.055847
288.125977,156.999451,68.901260,150.907227
288.218994,156.817230,69.427460,150.340515
288.497559,156.544662,69.533066,150.039627
288.795837,156.222824,70.025658,149.966995
288.973999,155.885803,70.469337,149.574814
286.613831,152.324982,69.350418,148.290131
286.464417,151.526047,69.149994,147.771515
286.561401,151.572205,69.359375,147.788086
286.632812,151.679520,69.442200,147.867996
286.657684,151.703064,69.456886,147.881348
286.856903,151.374298,69.338242,147.660156
287.643188,150.589813,68.872795,147.217789
287.909058,150.573593,68.818840,147.122208
288.702118,150.483856,68.816368,146.627533
291.236115,151.152802,68.728264,144.599182
297.444611,150.809906,68.134697,142.781525
301.711029,151.541290,67.596817,141.555099
305.450989,151.507675,66.997986,141.045151
308.468597,149.841553,65.568008,140.657562
310.385040,148.399185,64.584206,140.122955
311.291656,147.391068,63.993275,139.302689
312.581970,145.975006,63.331753,138.803574
315.327423,146.878662,62.849304,138.869156
318.343445,146.106583,62.283741,138.345840
318.449158,146.181458,62.459637,138.408554
320.635895,146.755386,61.963673,138.209381
320.562042,147.217911,61.968811,138.246857
318.476440,149.295212,61.818111,137.855057
317.730988,149.626587,62.132740,137.688446
318.135223,149.600906,62.563488,137.897522
319.698242,146.795547,62.653172,137.908310
319.890015,146.816757,62.951843,137.975586
318.570312,140.403046,62.523441,142.998032
317.874664,135.688141,62.797760,143.443497
317.913757,133.797409,62.999809,143.482101
320.007019,135.842224,63.084686,142.440781
320.147583,135.865250,63.437275,142.404755
319.688324,135.136520,63.434704,142.502472
319.652985,134.939667,63.478954,143.009476
319.440735,134.718750,63.436779,143.642105
319.356354,134.375061,63.418808,143.957092
318.552124,134.481781,63.001869,144.212128
318.693390,134.257568,63.350063,144.567001
318.483887,134.440979,63.323627,144.328613
316.269287,135.092819,63.335133,143.290573
314.986816,137.099426,63.198624,143.780228
313.348633,138.197418,63.730312,143.898438
312.404846,142.852051,63.960052,143.838333
313.391357,143.776733,63.023315,144.128860
312.973602,145.260910,63.629082,144.295715
313.173370,146.177338,63.954330,144.295547
312.828156,150.348053,63.800625,144.992081
313.038177,153.762161,63.658562,144.788788
312.090118,156.707016,63.374489,144.512100
312.240753,156.882019,63.408562,144.915771
312.342560,157.109894,63.402245,145.305511
313.231995,157.443527,63.155869,145.950089
318.096436,160.339035,61.450977,147.058548
320.392639,156.228668,60.658833,145.607452
320.561798,156.425339,60.969879,145.937088
320.850861,157.822861,60.764755,146.183975
321.148834,162.758865,60.449921,146.879044
322.379150,173.405991,60.352634,146.699814
323.499054,174.269989,60.365688,147.564667
326.931488,172.237152,60.090485,148.444565
329.458679,175.979736,60.463066,148.847778
332.743622,179.167847,60.502697,150.915894
336.604736,175.066620,60.684704,151.242844
340.510681,171.624573,60.279884,152.362381
342.575958,169.124924,60.549042,152.579849
349.414459,182.872849,62.652519,154.299576
357.439514,197.934479,62.727669,159.954407
362.070770,205.531570,62.789989,159.712463
366.999817,207.958496,62.922863,160.540741
375.135223,209.755096,62.619770,160.528076
2
0
0
0
0
1
338.928467,210.915634,47.329895,105.905998
338.985962,210.965515,47.405548,105.931625
339.030762,211.000488,47.471928,105.951790
339.013336,210.095352,46.721001,106.656685
339.474670,206.890030,44.562538,109.572601
339.674927,207.132553,44.935314,109.891281
339.732880,206.976212,44.900314,110.054482
339.818695,207.144501,44.954361,110.423691
339.989227,207.034882,44.912449,110.383804
340.988342,207.276352,44.505615,110.574783
342.871826,206.610138,44.319729,111.106636
342.995514,206.793915,44.459629,111.456482
343.093872,206.723785,44.433674,111.451454
343.238007,206.617294,44.399078,111.508156
343.583374,205.239792,44.253830,111.662041
343.874023,203.588928,44.254597,111.837151
344.597168,202.382950,43.712784,111.966293
344.886993,200.465256,42.783394,111.250023
344.521393,198.992401,42.643208,111.660500
344.485535,198.798492,42.244907,112.349159
344.196930,198.625671,42.301186,112.603783
343.517548,198.599518,42.360310,113.168571
343.048035,198.560913,42.455864,113.388222
342.646027,198.756866,42.416752,113.374062
342.612030,198.820892,42.465832,113.461472
342.601196,198.835770,42.472088,113.460312
340.522797,181.177155,41.652359,125.727570
340.542175,196.387085,42.137783,117.563972
340.721130,196.591980,42.478909,117.951935
340.725311,196.584671,42.476665,117.949814
340.601501,196.407104,42.474758,118.006294
338.956512,194.246445,42.455708,118.397453
336.888062,192.322510,42.297394,118.656799
336.093414,190.579605,42.092499,119.525749
335.624908,190.314697,42.262859,120.436676
334.772339,188.988937,42.499264,120.691750
334.186920,188.520752,42.408245,121.114944
334.153595,189.143127,42.479675,121.446022
334.170593,189.163254,42.427650,121.549843
335.061768,188.776077,42.070007,121.642632
335.176208,188.669739,42.477558,121.965431
335.014221,187.533646,42.439919,121.846886
335.109680,187.622238,42.411171,121.977745
335.360260,185.608719,42.357410,122.342552
333.948364,181.431107,42.219933,122.815636
331.884552,182.271103,42.169250,123.383614
330.608978,182.125839,42.622639,123.569740
328.354614,181.619293,42.863003,124.311401
325.548553,182.457962,43.265324,123.795288
323.372894,181.925873,43.661060,123.342377
319.447449,176.206772,43.773399,123.716309
315.923859,174.588760,43.957691,121.663628
