1
189.770660,204.861908,39.028717,116.969284
189.632736,205.204330,39.489330,116.705177
188.581543,205.632233,39.604805,116.553146
187.754288,205.302567,40.029835,116.127502
186.983002,208.961517,40.644562,114.736786
181.887695,216.103302,41.542179,112.815262
176.721771,224.715225,42.929028,110.547112
176.073730,235.798798,43.491325,108.292969
175.495193,235.036484,43.962536,107.858177
174.826248,234.084854,46.075714,106.091110
175.627228,235.111664,46.595577,106.558556
175.538635,235.554520,47.478951,106.411758
175.902817,236.007172,47.531498,106.154869
176.471100,234.038651,47.959110,105.677017
176.789459,232.295670,48.081802,105.608383
176.850250,234.982941,48.315121,105.091698
181.862701,236.610458,49.325554,103.913422
190.983963,233.678543,50.285091,106.621742
191.488312,232.763733,50.422028,106.571449
199.501953,231.566132,50.678478,104.761841
204.821152,226.446198,50.905060,105.115662
205.927032,225.660660,51.116795,106.056061
214.915512,228.513748,51.668583,105.988228
215.221375,226.536514,52.047813,106.188065
216.214310,226.989075,53.587601,108.107941
217.198486,226.718185,54.269112,108.234489
221.368149,225.984467,54.836582,108.948631
225.226364,227.534164,54.726845,103.480492
233.132172,225.539215,54.407585,99.787056
237.714600,226.225510,54.568848,98.780373
240.050873,226.942871,54.796474,98.413139
245.281342,226.964371,54.774296,96.569023
249.350891,226.592422,54.628349,96.211853
251.319809,226.273758,54.637215,96.632225
256.601685,226.843796,55.228836,96.328148
262.406342,225.628754,55.849628,96.034508
263.906738,225.372910,56.373821,96.611725
266.908875,225.168777,56.699230,95.765488
269.998932,225.596970,57.104507,95.047440
271.554016,225.800217,57.466400,94.794899
275.605988,227.698059,58.580269,93.766510
277.167267,228.714142,58.942612,93.954201
278.658661,229.566025,58.809834,94.042091
279.221436,229.873642,58.830044,94.449547
279.306335,229.897385,58.970406,94.459198
279.335693,229.899307,58.965229,94.459862
279.353668,229.917145,58.970104,94.459480
279.370209,229.952988,58.943085,94.548775
279.398987,230.180176,58.967587,94.966316
279.121033,230.190720,58.920002,95.172295
278.224915,229.099792,58.791435,95.891228
278.249786,228.139542,58.856750,95.849464
278.330688,228.153854,59.000294,96.009148
278.521759,227.713593,59.559330,96.851135
278.752350,226.773865,60.010914,97.106117
279.091400,226.771423,60.565170,97.338020
279.285309,226.601456,61.033245,97.720749
279.073090,226.392105,61.513954,97.903160
277.058502,226.530655,62.406624,97.452957
271.651184,226.906342,63.683632,96.364151
264.677185,227.752533,66.162476,95.853325
259.038879,229.093124,67.017151,95.766647
253.962769,233.457016,67.835403,95.850021
245.860367,236.580353,67.799133,93.304382
240.065826,236.440811,67.850380,93.153267
227.493607,237.280563,66.135513,91.772003
217.990326,237.855347,65.970688,92.982613
214.670593,237.314255,65.812073,92.347984
211.447235,236.400345,65.222198,92.936333
205.790421,234.503433,64.612808,90.714539
203.527420,235.078430,65.258598,90.708504
198.989609,235.486221,65.886444,90.748032
188.421219,235.938965,65.329224,90.586960
184.100922,236.355225,65.038109,92.181137
178.048950,239.508209,64.335854,92.749641
170.540100,239.674606,63.516090,91.232605
163.087112,236.061722,63.233765,92.051498
160.127838,235.948334,62.661274,91.797134
151.504593,233.219070,61.547585,96.620148
144.709549,232.020523,61.314846,98.087143
139.303802,230.787384,61.001919,99.510452
138.896957,230.854736,61.505287,100.580208
134.983734,228.847153,64.269165,105.688538
128.302933,227.058456,64.368698,104.868057
120.314529,224.487976,64.546188,103.423149
116.094521,223.838776,63.729370,103.815445
114.253738,223.889648,63.517220,103.691338
112.464378,223.936234,62.609280,103.189842
111.158638,223.906296,62.806244,103.648026
108.283287,222.139175,62.557999,103.466446
104.656654,220.881500,63.019817,101.272400
104.299477,219.611115,63.517727,102.027733
102.513092,217.181213,63.984886,103.953789
98.762970,213.255768,64.036835,108.471832
96.179756,210.413498,64.411118,109.182167
95.790077,210.371429,64.307037,109.677879
95.807152,210.400894,64.301720,110.080070
95.891449,210.593445,64.362206,110.506920
96.549767,210.730743,63.982113,111.210945
97.363251,207.359634,63.080368,110.815826
98.445358,206.225800,63.312542,111.621895
98.889160,204.514297,63.424088,111.693085
101.521660,200.298111,63.607445,114.681480
102.201988,200.009460,63.866425,115.710587
102.165382,197.243088,64.096733,119.432663
102.607742,195.611862,64.547638,118.577278
104.701233,194.785828,65.002510,118.318085
111.088707,192.989151,65.619690,117.703987
116.511215,192.247818,64.482544,116.924248
120.999962,189.983627,62.586697,116.986526
125.320305,187.178528,61.043510,116.545952
128.415482,185.652802,61.289383,114.572838
133.950684,185.637299,61.022469,117.210129
135.933899,184.108276,60.994751,118.836296
137.132111,183.460220,59.690228,119.834274
138.886322,182.270309,59.388386,118.992821
141.347672,182.294128,59.884075,116.865898
146.314148,181.806885,59.873669,114.947960
152.564941,183.765671,59.309311,111.538002
158.178787,184.407425,58.922356,109.972755
162.127182,183.486084,58.243725,109.328857
166.575027,180.567810,57.894043,109.876175
169.877960,174.075806,57.239414,107.428223
173.510162,175.039505,56.537640,108.709549
175.247711,174.916779,56.424873,109.951859
176.097687,174.493988,56.299847,110.156761
181.199402,172.524323,56.421707,111.784698
184.372818,171.729507,56.014923,112.544853
187.389099,171.861191,55.657154,112.473274
191.096375,172.203735,55.012970,111.119186
193.891693,170.736023,54.378376,111.552330
196.789886,169.912506,52.205292,111.832695
200.177612,167.341202,50.427814,112.233925
203.546829,167.761551,50.331902,112.874588
205.371429,166.767090,50.721066,113.003532
205.063004,165.764877,53.418732,111.759102
205.686829,164.713058,53.759171,109.808060
206.410370,164.637115,53.847046,109.861610
207.191971,163.255371,53.670677,110.459389
207.697571,161.499252,53.616165,110.237068
208.679001,159.875793,53.410912,111.375160
210.920517,155.935562,52.044762,111.638657
212.444473,155.667984,52.128506,112.936737
213.230438,155.894424,51.772751,113.462379
214.680176,154.149124,50.989861,113.045914
215.605927,154.246643,50.278671,113.457352
217.933853,154.156036,49.629951,113.213631
218.708008,153.683716,49.455883,113.013168
221.222504,152.930344,48.627018,112.702927
221.838974,152.734177,48.802605,113.018059
222.008545,152.909714,48.984760,113.370834
223.716125,152.789749,49.048592,112.582016
224.738708,153.020813,49.494549,113.098854
231.026978,155.528320,47.827061,114.109947
233.264465,154.336426,47.741402,114.773544
236.146240,153.382477,47.833176,115.236290
238.075867,152.822922,49.645428,116.078903
238.373901,152.264252,50.205559,116.327034
238.810349,152.011765,50.436710,116.453156
240.080231,151.196365,50.221031,116.064751
241.892746,149.923553,50.151260,116.134689
242.865646,149.737106,50.133701,116.364410
245.086639,148.847931,50.119251,116.517899
246.116714,148.654922,50.267879,117.362457
250.545197,150.079498,49.128056,116.364967
254.592972,149.504471,48.597340,115.423828
257.102631,147.629181,47.973244,115.274506
259.270325,148.157150,47.412319,115.010498
260.369049,147.364151,47.024761,115.196075
265.666779,147.609512,46.369785,114.472092
268.817474,142.927689,46.188709,114.589821
269.481995,142.574356,46.118477,115.266975
270.287628,140.678665,46.249172,116.349915
270.388519,140.787567,46.474468,116.429375
270.421295,140.771179,46.486378,116.456612
270.500031,141.335892,46.546028,115.993439
270.772430,141.599976,47.032284,115.801399
271.048737,141.639740,47.479340,115.708458
271.017883,142.136505,47.483212,115.641907
270.900848,143.355255,47.377682,115.267723
270.974518,143.692474,47.476059,115.306015
271.237885,143.390945,47.335152,115.369858
273.582581,143.425415,46.553768,114.473389
274.233154,143.662598,46.085087,113.928314
274.615143,143.798203,45.519554,113.376640
275.507446,143.793320,43.693443,112.138252
275.578400,143.150772,42.730949,111.560715
275.357513,142.920120,42.453888,111.468262
275.013916,142.333099,41.458145,109.843353
273.893921,143.985138,40.663773,109.205330
273.259613,146.753632,40.806347,108.748543
273.032959,147.169266,40.891605,108.779282
273.966522,148.239853,40.751831,108.696213
275.019348,148.168045,40.930157,109.205193
275.194672,148.244202,40.916660,109.496544
275.213562,148.334991,40.965450,109.476112
275.138641,149.141846,40.917793,109.677032
275.301544,150.353928,40.673706,109.978920
275.570038,151.112686,40.808624,110.008774
275.841553,151.554321,40.802605,110.125099
277.115906,152.005783,40.352779,107.899948
277.483215,156.607697,39.689377,106.465607
277.670502,156.572174,39.938763,106.445221
277.637939,156.736526,40.007393,106.754135
277.917755,156.793152,40.462719,107.014328
277.962830,157.106812,40.505867,107.518829
278.229889,157.378067,40.981697,107.972229
278.500122,158.117355,41.039543,107.655594
279.361908,157.784210,41.563522,108.814072
279.870483,159.233551,42.409317,108.600616
279.935638,159.551666,42.545437,108.991135
279.785522,159.062546,42.791504,109.449234
278.845917,159.186325,42.846230,109.638939
278.683502,158.950684,42.586384,110.420853
276.757751,159.752991,41.283848,110.312622
276.662354,159.672882,40.600964,110.287834
276.226746,159.144852,40.432449,111.047226
274.904114,159.449844,40.018997,111.840172
274.970642,159.817123,40.324596,111.901192
275.239380,159.937195,39.736595,111.207008
275.368652,160.023666,39.983185,111.500999
274.431976,160.487167,39.754520,112.236633
273.398346,162.449448,40.315533,111.572235
272.031616,163.494217,40.351860,111.302742
271.393738,164.178101,40.488781,111.151550
270.501801,166.555969,40.543453,110.232689
269.569672,167.557251,40.791973,110.215454
267.310028,169.539398,40.603710,110.631371
266.466339,170.042740,40.451298,111.800270
265.052368,168.426819,38.950085,113.773598
263.510742,166.839478,38.420719,115.090034
260.846619,168.553146,36.900551,114.053444
258.697723,168.555527,37.141926,115.005394
255.175156,168.350433,36.869850,117.094574
251.807404,170.946411,36.737144,116.837074
250.162704,173.197800,36.973530,116.173508
247.334183,175.201599,37.007866,116.054474
246.223404,178.017563,37.607620,115.654648
244.278549,178.179565,38.219330,115.385918
242.296158,178.506866,39.239666,115.817795
240.922913,177.983566,39.627705,116.614571
239.396057,178.181473,39.971287,116.980194
236.420776,178.260956,40.388664,117.378220
234.673798,178.870300,40.629539,117.122787
231.554703,180.892715,41.643311,118.299500
228.131012,181.278839,42.814999,119.355705
225.108673,181.711105,43.143105,120.152328
224.392044,181.571655,43.025833,120.502808
221.995178,179.401978,43.881378,122.145775
219.345413,176.971863,46.162331,124.510490
217.027847,174.850464,46.532513,126.263130
215.809235,174.276398,46.871925,126.346191
212.922333,171.186996,47.362080,128.289703
212.774887,170.842758,47.557838,128.854248
212.767624,171.147049,48.003086,129.161362
211.558380,171.007111,48.242924,129.467300
210.673111,171.704742,49.159634,129.131271
209.453339,172.095459,49.721710,129.330887
203.355179,174.210541,52.196461,129.849518
197.457993,177.434082,53.294930,127.545120
193.344376,179.155258,53.662651,125.309273
191.891800,181.528961,53.572071,120.787262
191.044754,181.946655,53.873871,119.859489
189.691544,182.171188,53.725903,118.801086
187.292511,182.571793,53.323948,117.977974
185.955490,181.730972,52.439453,116.954437
185.766220,181.516907,52.296215,116.667160
185.501450,181.349258,52.346653,116.711128
184.700089,181.348526,52.706009,116.942505
184.862091,180.802734,52.915276,116.607979
184.897537,180.779892,52.931637,116.763245
184.938721,180.969238,52.914383,116.887764
185.002701,181.097061,52.893356,117.027641
184.970474,181.477921,52.890247,115.012352
185.257507,182.727234,52.790119,112.989235
185.270401,182.871933,52.978474,112.998093
185.243500,182.833435,52.949242,112.996216
184.666214,182.136520,53.433979,112.353836
184.552292,182.095337,53.533474,112.456589
184.678101,182.985886,53.195713,112.795815
180.132507,184.678589,54.165890,114.514374
179.590759,184.955688,54.364826,115.179688
180.133881,184.698441,54.138332,116.930916
180.621475,184.375000,54.334499,117.048042
181.337784,184.817886,54.551113,116.562698
181.997375,184.566147,54.621563,116.736008
182.288712,184.697723,54.952484,116.870369
183.218384,184.507294,54.680611,116.694939
184.677429,183.179718,54.488522,116.719086
187.160507,182.087585,53.512856,116.759239
188.340652,181.650192,53.185459,117.076920
188.648712,180.353287,52.863873,117.447540
188.546768,180.047958,52.720787,117.219467
188.050568,179.154160,52.949436,117.327110
188.193436,178.476868,53.166248,117.208572
187.940018,175.713623,53.152725,117.573433
185.231827,173.958832,53.553909,116.787659
184.642868,174.408813,53.940296,116.689194
180.666916,174.096542,54.144775,115.862770
179.404648,175.164322,54.783417,115.928841
174.853607,177.503433,55.180458,115.488716
170.727127,182.095367,56.114960,116.683411
164.445602,188.446838,56.465809,116.627411
163.067673,190.773758,56.038715,116.224838
159.192841,196.415985,56.513733,115.468140
155.150452,197.061676,56.608208,114.778358
153.908035,197.111389,56.949085,114.569160
150.819260,196.391357,56.324802,115.566345
147.407593,197.444046,56.026505,116.123123
143.886154,198.536194,55.895557,117.504990
143.545074,198.950012,55.764076,118.078499
138.779282,202.282379,55.798630,119.135941
137.915619,202.701721,55.251625,120.169754
135.956192,202.729202,54.543499,122.624519
132.958862,204.870056,54.296467,122.940208
131.270386,204.913910,54.002785,123.962784
129.952362,204.279648,54.334633,125.994804
127.997650,204.200821,54.343231,126.491356
125.972000,204.740356,54.515522,126.663811
124.535851,204.335648,54.838100,127.638786
121.875206,203.557343,54.853645,129.915192
121.538597,203.519943,55.015518,130.163773
119.796722,203.396606,55.197788,131.135071
119.913071,203.612732,55.472256,131.460876
119.858398,203.683289,55.477287,131.439697
119.843796,203.759338,55.455624,131.480057
119.875862,203.763550,55.462399,131.460419
119.934273,203.876572,55.313179,131.334473
120.037636,203.960419,55.421997,131.592010
120.132881,204.110367,55.378315,132.220154
120.295639,204.368912,55.276535,132.543884
120.861427,204.896210,55.029274,132.662033
121.661720,205.365540,54.849701,132.616577
123.214981,205.842453,53.504883,132.472931
124.210289,206.464401,53.239250,132.065643
125.294098,207.064758,52.556942,132.323776
126.204414,208.021118,52.069912,131.956116
127.763306,208.688751,51.279530,131.778595
128.807465,208.934891,50.557247,131.725555
131.016296,209.214767,49.158665,130.702744
132.270157,209.818344,48.652061,130.805542
133.147354,210.395142,48.457676,130.250641
133.597198,210.780518,48.140831,129.798370
133.907043,211.634247,48.384388,129.044876
134.352829,211.758408,48.306137,129.229370
134.465622,211.868210,48.470966,129.417862
134.612732,211.855850,48.444881,129.302917
134.794266,211.783432,48.398403,129.359711
135.449310,211.541351,48.402103,129.515793
135.557663,211.721298,48.445568,129.930801
135.606644,211.726196,48.460800,129.968842
135.663712,211.671967,48.435215,129.967560
135.694778,211.689331,48.476048,129.944275
135.671646,211.768036,48.455997,129.902069
134.727341,211.492493,48.162598,130.220825
133.840179,211.780350,48.175320,130.257233
133.618042,211.627487,48.200233,130.420990
132.615997,211.362549,47.821873,130.108383
132.604080,211.648865,47.887123,130.305115
132.549820,211.802795,47.098774,129.998169
131.906342,212.014114,46.956657,129.772964
131.899246,212.131607,46.912926,129.874512
131.929535,212.133606,46.930252,129.869354
131.945831,212.233093,46.929611,129.896408
131.989349,212.280258,46.972397,129.950165
132.079559,212.212967,46.932590,129.962662
132.627365,212.253769,46.833725,129.434189
133.167923,211.810699,46.832581,129.268311
134.141891,212.306931,46.798962,128.331497
134.943268,212.242126,46.752804,127.404617
135.770020,212.424881,46.769093,126.232140
136.900620,212.803253,46.793026,125.174530
138.297318,213.679077,46.887012,123.446434
140.755707,213.826065,46.538834,122.762566
141.020752,213.914108,46.953751,122.950890
141.309937,214.124176,46.608952,122.728912
141.523331,214.334427,46.971096,122.917587
141.574448,214.449921,46.966110,122.935295
141.782822,214.520782,46.884541,122.995712
142.373901,214.604263,46.723488,123.078194
142.604385,214.966019,46.960079,123.408943
143.972366,214.824646,46.721832,123.311569
144.968918,215.000153,46.767803,123.336067
145.364304,215.188293,46.920319,123.462044
146.020370,215.857193,46.721188,123.227272
146.270782,216.185364,46.932236,123.505325
146.377014,216.688690,46.955654,123.814316
148.564713,218.484375,46.033539,121.634247
149.133163,219.389282,46.601192,121.720703
149.340073,220.390381,47.065315,121.286919
149.544357,220.678131,47.472569,121.335121
149.538910,220.705490,47.487705,121.395248
149.504623,220.707336,47.489040,121.387886
149.065842,221.260925,47.452305,121.126305
146.643234,220.991226,47.434956,120.990265
145.989929,220.512909,47.634357,120.445457
145.698639,220.336243,48.058697,120.238754
145.763412,220.539566,48.564018,120.106628
145.911774,220.804092,48.989616,120.301865
145.977783,221.177673,48.987480,120.210983
145.972336,221.366837,48.981953,120.366226
146.051407,221.404480,48.956360,120.405426
146.508209,222.299362,48.906216,119.920547
146.593124,222.277847,48.950626,119.841042
147.276779,222.584366,48.750114,119.443153
147.743973,223.024216,48.883900,119.184235
147.903824,223.445328,48.953056,119.269119
148.063339,223.713165,48.930298,119.377464
148.111649,223.787552,48.976192,119.456085
148.150375,223.772095,48.968414,119.432961
149.126602,223.184341,48.911079,119.188095
149.632721,223.176514,48.809280,119.358131
151.231491,224.746292,48.870010,117.994514
153.134277,227.158676,48.840191,115.726555
153.494232,227.046585,48.905582,115.498512
153.997330,227.554001,48.906483,114.822449
154.328369,227.903854,48.952694,114.644592
154.397614,228.203369,49.018242,114.756096
154.711304,228.183273,49.470566,114.820107
155.116196,227.950928,49.442722,114.763901
155.160324,228.015076,49.475410,114.924858
155.418793,227.698883,49.437527,114.792877
156.337570,226.881668,49.358826,114.671021
157.999786,225.863693,48.613132,114.740997
158.906662,225.621246,49.070011,114.784103
160.120117,225.735321,49.314236,114.284790
161.067764,225.249420,49.224758,113.652863
162.823166,224.854645,49.109917,112.914528
164.125412,224.640854,49.239544,112.129845
166.248398,224.524750,49.043251,111.864952
167.200195,225.030609,49.255501,111.681587
169.913879,226.138901,48.887695,110.561859
170.823120,227.349945,48.846645,110.237404
172.539703,228.690521,49.062809,109.257431
174.289017,229.399017,49.176121,108.430954
178.686584,231.579956,48.642120,106.494118
181.299759,231.990952,47.886993,106.300476
182.879654,230.925552,46.837574,106.384201
183.858490,230.553696,46.166256,106.572571
186.112793,227.391602,45.014229,107.315704
187.721176,224.413803,45.107281,106.519585
191.248032,224.275894,44.212387,106.326317
192.357620,222.589752,43.805622,106.357925
194.349548,222.327499,42.905331,105.983780
196.974121,220.413651,41.601383,104.515297
198.041534,220.349289,41.487537,104.684059
199.454514,219.116653,40.721127,104.174858
203.332443,215.941116,39.095650,103.509430
204.552200,215.393982,39.006111,103.414391
205.465500,215.120819,39.050648,102.799980
208.545456,214.886902,38.938000,102.103302
209.719620,214.187531,38.685112,102.149612
212.227829,214.570663,38.613152,102.563736
214.150574,215.451309,38.873241,101.477844
216.583252,216.194153,38.241642,100.065567
218.803970,216.983353,38.062923,99.425507
220.001511,219.418686,38.368542,97.766022
225.185211,223.364670,38.791992,94.116982
231.251694,225.195465,39.121086,92.568954
237.740143,227.031052,39.499207,90.349709
243.263153,226.854492,40.269527,90.107597
248.389420,226.938126,42.102585,89.780296
249.972809,226.720596,42.958115,91.261276
257.708710,227.530548,42.852627,90.817902
266.069275,225.394989,43.128059,89.780228
270.222351,221.409866,42.333523,91.452133
275.825012,215.533997,41.719944,93.753693
277.790588,218.415878,41.312550,93.674805
279.735657,218.534027,41.173820,92.703789
292.115875,208.594223,40.707275,92.907837
296.741760,205.056839,41.088936,91.016548
306.699341,210.089752,39.821667,88.959160
311.208801,214.583664,41.065216,84.902733
318.276428,217.337143,41.927319,82.848663
326.120300,220.890747,41.718567,81.196251
330.574890,222.120895,41.616314,79.154648
337.619568,222.250168,40.419247,77.381622
345.311554,221.806717,41.396805,76.154297
355.013702,219.943176,42.467628,75.333725
363.823181,215.793976,43.474327,74.667252
370.414307,219.716370,44.615788,76.502838
373.899261,211.646408,44.159584,77.642052
373.670502,209.113617,45.033985,76.031471
374.773438,207.556183,46.185078,76.275574
375.022858,208.191025,46.450588,77.289368
373.451324,208.190155,46.469017,78.201134
373.088013,208.724838,46.485542,78.464096
2
0
0
0
0
1
403.284637,209.145187,76.379539,122.848022
398.919830,207.983231,75.839088,124.041138
398.728729,208.148087,75.691299,124.439919
397.790619,206.772812,74.460838,125.009384
396.484406,205.224472,72.534927,126.091797
394.537720,204.097610,71.244492,127.613441
391.926300,202.653854,70.002983,128.284470
388.445618,201.433273,69.478523,129.026108
384.467712,198.373215,68.342865,130.697937
381.495209,194.431564,66.268005,132.343262
376.426300,188.775589,64.724335,133.341812
372.034180,185.182434,62.167992,133.176422
369.155029,183.219849,59.976696,134.089737
364.302429,182.705032,58.213295,134.321625
361.790466,181.862976,56.491749,132.967361
358.948303,181.821655,55.703918,132.194092
356.426208,181.232956,54.676998,131.283356
353.997101,180.016113,53.703938,130.929367
350.769836,182.090683,53.009815,130.214523
349.595001,181.692764,52.897781,129.552765
348.673004,181.449387,52.468361,129.620087
347.119080,180.731583,52.246696,129.303528
346.020660,180.893341,51.913906,129.442581
344.952850,181.201385,51.814865,129.360580
344.011658,181.640488,52.040462,129.040482
343.653839,181.478790,52.386272,129.395905
340.901825,180.381607,52.150284,128.466934
340.290649,179.837006,52.511326,127.960480
339.888947,176.848236,52.790058,128.949829
339.858948,175.959244,52.810432,128.926773
339.578430,175.086273,52.892879,128.851715
339.838196,172.642517,52.512669,129.003296
339.974396,173.205414,53.149944,129.160522
340.123322,173.350662,53.472187,129.467728
339.874084,173.461380,52.996765,129.524673
339.639008,173.563293,52.901882,129.803802
338.096680,174.292130,52.684155,129.550919
338.057861,174.504700,52.962952,129.795151
337.400970,174.095886,52.954235,129.463165
336.718292,172.459656,53.008392,128.975769
334.227936,171.354507,53.171787,129.019791
333.577667,170.369507,53.178154,129.458008
332.737488,170.175278,53.299007,129.072800
330.657135,169.193604,52.898129,130.573380
329.789337,168.657440,52.704071,131.439255
329.385071,168.521637,52.893154,131.460815
328.842133,168.491272,52.833607,131.642395
328.223450,168.573135,52.715374,132.349686
327.904907,168.812225,52.841709,132.560013
327.252563,169.291656,52.891098,132.800095
325.001190,170.405792,52.812176,132.502533
324.384094,170.764145,52.958206,132.882690
323.325104,171.772476,52.994884,132.769760
321.746033,173.485733,52.956802,132.397781
319.388214,175.951859,53.243855,131.869080
319.204834,176.244995,53.456314,131.836929
317.646423,176.637985,53.460842,132.047867
316.299469,176.237686,53.407043,131.944351
315.923065,176.098907,53.402042,132.007736
314.831451,175.243622,53.210987,132.637955
314.767426,175.246246,53.362343,133.059570
313.213837,175.192200,53.255592,133.563950
313.329346,174.851715,52.784138,133.794388
311.834442,172.916946,52.633827,134.758621
311.489624,172.439072,52.515102,135.108429
310.034698,166.761826,52.878716,135.907562
309.442719,165.947052,52.735943,135.924896
307.971802,165.157364,52.853397,135.994705
306.361786,166.051605,52.461079,135.875397
304.706696,166.806519,52.296326,136.218460
303.682831,168.124466,52.332790,136.828018
300.623779,168.401123,52.832863,137.565903
298.761810,169.264694,52.999134,137.706207
296.216125,170.936737,53.255703,137.377289
294.899689,173.942795,53.349525,136.742310
293.983612,173.258026,53.770504,137.028809
291.625153,174.325089,53.894661,136.186783
291.195374,172.406586,54.358677,136.585083
289.773804,171.414688,54.220337,136.457764
288.980957,169.015335,54.083977,136.665527
289.016907,168.796982,54.444416,136.939468
289.039612,168.465088,54.484295,137.077637
289.080505,168.416458,54.563786,137.402817
289.347107,168.093643,55.018402,137.384613
289.691193,167.769058,55.481667,137.371902
289.744446,167.543686,55.510906,137.483398
291.160461,167.370667,55.539185,136.187210
291.298767,166.996109,56.273945,136.819595
291.384491,166.945740,56.515888,136.913864
291.538788,166.754135,57.168877,136.696533
291.593201,166.652908,57.946144,137.030396
291.216248,165.844971,59.683868,137.038254
290.815338,165.589813,61.301952,136.917465
290.293884,164.566086,63.205437,135.787582
290.273132,164.305817,64.353790,135.439255
290.901367,163.916260,66.520096,135.901428
291.199310,163.951584,67.079262,136.015167
291.435394,164.185806,67.564857,136.282013
291.294861,164.438980,68.068115,135.308746
291.492126,164.502380,68.510628,135.450073
291.271210,164.223923,68.953796,135.185593
289.764526,163.206909,68.874969,133.911484
287.002563,160.905502,68.436256,132.695190
284.520111,158.758453,66.569305,131.709290
284.231445,158.121277,66.125687,131.104248
284.201019,157.825211,66.254128,130.917160
284.291382,157.192856,66.458527,130.298004
284.358704,157.079758,66.425560,130.218521
285.853455,155.212509,64.843239,130.085617
287.474457,154.185104,64.154007,130.188019
289.722565,153.334198,63.529388,130.036194
291.627899,153.402328,63.776031,129.745071
293.210480,153.599991,63.837635,129.582825
296.617981,155.777237,63.641129,128.238113
303.309326,156.612885,62.582909,126.060509
304.792145,156.392441,62.044743,126.691376
308.246094,155.064758,60.629379,126.125412
310.875580,153.403870,59.970783,126.230385
314.905304,152.925049,58.526962,125.664253
315.538086,152.695206,58.554897,125.803986
318.442291,151.949875,57.157112,126.810677
320.042206,151.973404,57.024521,126.738129
320.535461,151.969513,57.290222,126.696999
321.094727,152.208679,57.232571,127.081223
321.107178,152.728668,57.460426,127.247643
318.196838,155.765167,57.243298,126.357780
315.958771,159.507645,57.696682,125.655693
317.268433,157.682678,57.950832,125.970062
318.567139,153.394211,57.289181,126.139832
319.355896,152.249054,57.045063,127.336937
319.508606,148.297928,56.893547,128.850800
319.311035,141.116562,56.635468,129.719101
320.316895,139.968964,56.818611,129.891510
320.961639,139.737427,56.814106,130.060379
319.208801,139.858704,57.155045,129.874863
318.991364,138.977676,57.440014,130.131104
318.841614,138.164429,57.486942,130.491989
318.643860,137.197678,57.444302,130.734406
318.612244,135.519409,57.260529,131.506393
318.560638,135.773285,57.402908,131.971878
318.628662,135.786789,57.426872,132.027603
318.759155,136.605072,57.327156,132.484497
317.988190,137.872620,57.389523,131.642731
315.501801,141.686417,57.732399,131.735504
313.265015,143.224136,58.960373,130.942856
312.718506,148.360901,59.343437,131.262863
313.254700,148.704407,58.869900,131.443008
312.570984,149.871674,59.292610,131.778641
312.707733,150.287094,59.412037,131.989365
312.617432,153.969315,59.299217,132.364456
312.784546,153.745041,59.425896,132.104218
312.581146,155.839478,59.377083,131.452087
313.228210,157.791183,58.493393,131.468018
313.478058,158.369537,58.145943,131.526672
316.886688,162.940933,57.339710,132.200531
322.920349,182.102005,54.918934,134.814178
324.826294,167.659378,54.655510,132.065796
324.810089,168.532288,54.789700,132.721649
325.055328,169.536575,54.586411,133.013657
325.555786,172.268646,54.675068,133.562912
325.792450,172.467514,54.958698,133.932480
328.979248,179.114716,55.026371,133.794876
332.852875,173.269867,53.936279,133.862335
335.895264,174.008896,53.672203,133.450455
339.135925,180.526321,54.884151,135.213043
341.541138,177.604202,54.965343,135.028107
344.892578,179.037399,54.875626,135.895355
347.214417,177.673843,54.908108,135.854294
356.090332,188.032257,55.619839,136.714188
365.147552,196.086899,55.441265,137.198517
367.659912,196.632782,55.277946,136.347092
372.880890,197.581482,55.166988,134.713303
2
0
0
0
0
1
345.118286,213.669769,36.850479,107.219307
345.305939,214.006424,37.102165,106.333969
345.488037,214.147171,37.439316,105.859940
345.448975,213.632797,37.544685,105.221657
345.675720,213.772263,37.981236,105.454544
344.687378,207.967941,37.145439,107.721512
344.384796,208.018417,37.498028,107.031654
344.413208,207.989914,37.461468,107.520981
344.516541,208.132690,37.466640,107.910278
344.673645,207.848160,37.457195,107.923660
344.993774,207.628418,37.430069,108.179977
345.396057,207.507065,37.401386,108.525803
345.839325,207.609497,37.390038,108.977509
346.011902,207.413315,37.439342,109.016632
346.133972,207.365372,37.438152,109.512199
346.299255,206.616043,37.423096,109.915329
346.524750,204.671036,37.299789,110.308731
347.062073,204.334244,37.109005,110.155556
347.208710,202.163757,36.718102,109.974998
347.003937,201.069992,37.024593,109.764198
347.163452,201.152786,37.456036,109.946213
346.661285,201.021286,37.541386,109.800011
346.084534,200.773956,38.105118,110.139420
345.585419,201.093887,38.591640,110.222466
344.440857,201.132690,39.001312,110.323639
344.368134,201.249603,39.568623,110.454414
344.380188,201.251694,40.000244,110.429886
342.306610,193.081497,39.987247,117.090050
342.395660,202.387878,39.724964,111.563446
342.525208,202.597687,39.975750,111.956909
342.529694,202.524811,39.976715,111.964439
342.057129,202.022400,40.035801,112.058098
340.487518,199.769928,40.538269,112.460426
338.540161,196.036713,40.721096,112.776947
336.466766,192.790329,40.468765,113.492271
335.691467,192.030380,40.096859,114.018982
335.334076,191.122818,40.556377,115.150482
334.248871,190.211456,40.942028,115.898209
334.293854,190.311951,40.965885,115.976654
334.793762,190.290070,40.796581,116.501106
335.273010,190.159302,40.741009,117.307846
335.402191,190.229584,40.978619,117.455841
335.431488,190.222366,40.965576,117.474785
335.526276,189.200485,40.916729,117.726135
335.436005,186.235016,40.972816,118.929077
334.771454,182.311386,40.892269,120.160461
332.777649,183.122681,40.608196,120.837181
330.626343,182.510117,41.481178,121.532173
329.495209,183.042404,41.490208,122.316994
326.641693,184.372238,41.891064,121.806953
324.232178,183.332214,42.077599,121.069969
319.774567,178.037964,42.343430,121.387482
315.788849,176.624176,42.553322,118.608536
