1
186.844513,205.841934,45.469234,103.343788
186.825974,205.938049,45.481163,103.448799
185.854355,207.397079,45.634697,103.125954
185.563858,208.224396,45.993431,103.153778
183.977219,211.132538,45.942211,102.644623
179.615234,216.762772,46.117573,101.282150
177.410324,220.005829,46.497826,100.828743
175.058121,228.113876,46.504311,100.118057
173.972198,229.185272,47.411308,99.458817
173.898361,229.254700,47.520359,99.385941
174.130463,229.668152,48.041916,99.330597
173.846695,230.534531,48.627338,99.181267
173.716949,231.575424,48.797638,99.511459
173.946335,232.285645,48.932487,99.722893
175.653442,231.627792,49.218410,100.171913
175.515320,241.017380,49.213573,98.809357
181.128952,243.147263,49.881062,96.505043
189.303421,240.994141,50.860287,101.014122
194.164658,239.108261,50.651951,100.905190
203.832443,235.871826,50.843651,99.349373
207.390152,230.024902,51.676281,100.409554
209.942642,229.899933,52.406013,101.077377
215.393478,228.578598,52.882954,102.568733
215.541550,227.646164,53.225204,103.269081
216.351440,227.799515,53.596443,105.662231
216.923492,227.752701,54.043232,105.828293
220.453217,227.872940,54.383717,107.386322
222.303772,227.720612,54.211712,104.550430
231.827316,224.711945,53.335545,101.866547
236.098419,224.948395,53.549271,100.475708
240.189117,225.093704,53.779060,99.737404
244.447617,225.167206,53.817024,98.344162
249.679382,224.817001,53.584839,97.621078
253.271820,225.446640,53.754566,97.961761
256.876526,225.059372,54.254593,97.468140
261.484497,224.210678,54.758057,97.675262
263.391510,224.444183,55.668915,97.870560
266.468231,224.494003,55.980068,96.348030
269.876801,225.592041,56.188515,95.318321
272.236542,226.096146,56.521454,94.150795
276.562927,227.478806,57.443417,93.412857
278.291931,228.428497,57.578632,93.005455
279.488739,229.335052,57.890194,93.364273
280.105042,229.437668,57.813713,93.483383
280.196838,229.446228,57.971359,93.459717
280.214966,229.460297,57.969631,93.459587
280.228790,229.480759,57.971359,93.459717
280.238007,229.499191,57.970016,93.466179
280.139343,229.513412,57.935184,93.624298
279.492828,229.935226,57.876949,94.032379
278.209534,229.168625,57.719585,95.285782
278.183777,227.969696,57.770947,95.533646
278.309509,228.135834,58.000679,96.034416
278.508392,227.554153,58.591419,96.908165
278.726440,226.655807,59.001728,97.040985
279.209381,226.602005,59.604477,97.401604
279.448303,226.556564,60.024849,97.515404
278.606934,226.123032,60.502090,97.964104
275.565063,227.314804,61.514870,96.974503
271.079254,227.595383,62.368359,96.411804
265.032684,228.871536,64.562263,95.936707
259.792084,229.786865,65.552147,95.963310
253.924591,234.344254,66.494911,95.814598
247.502655,235.788879,67.111465,93.420219
241.747589,235.444931,67.181274,92.963943
226.974884,235.781204,66.055817,92.271996
217.036362,236.663101,65.546951,93.155487
213.932129,234.945587,65.613594,92.780464
209.442673,235.409851,65.138351,92.286514
204.502289,234.645416,64.815102,90.127457
202.752945,234.955139,65.090050,90.522591
198.299408,235.455872,65.886444,90.748032
188.448898,236.856140,65.249779,90.098572
184.379471,237.473114,65.234726,91.208267
176.746567,239.797241,64.376236,91.597031
169.774567,239.052597,63.756382,90.230545
161.285706,234.721863,63.094646,90.919098
159.590927,235.167587,62.717381,90.561119
153.291901,234.652374,62.159752,94.750862
146.314468,233.202805,61.912876,95.591026
139.229980,231.105804,61.280277,96.048012
138.166733,230.609146,61.414356,98.816681
132.718719,226.712708,63.124153,104.606949
126.416740,224.517838,62.988739,104.788712
119.330490,222.487610,62.726109,104.433212
116.158745,222.629242,62.316635,104.251465
115.416565,222.728668,62.165504,104.359749
112.799667,223.449066,61.315525,103.317787
111.055557,222.900818,61.325958,103.850983
107.693703,221.519440,61.289711,103.544395
104.010361,220.223358,61.192837,101.810608
103.972572,220.072067,61.478775,102.110107
102.130882,216.379013,61.672405,106.912857
98.283508,213.096771,61.752827,110.626846
96.083710,211.793076,61.926121,111.661804
95.303337,211.313370,61.676434,112.385826
95.179863,211.050232,61.578846,112.600838
95.387337,211.181671,61.383171,113.137123
95.697609,211.221146,61.227394,113.586220
97.210510,206.981781,60.803616,113.105568
99.749031,204.802963,60.991936,115.138489
99.947334,203.224869,60.852951,114.431137
102.886414,199.535645,61.089008,115.442825
103.473045,199.269135,61.307781,116.110603
103.664490,198.568314,61.437691,117.482635
104.155235,197.569031,61.720585,116.843719
105.630188,196.937958,62.008434,116.538322
112.225159,195.227066,62.553841,115.426231
118.301247,193.940704,62.241493,114.183205
123.276588,191.841766,60.376526,113.901398
126.550194,188.928070,58.783142,113.759804
129.320511,186.002625,58.595249,111.750763
133.269409,185.008514,58.951874,114.118828
136.517365,183.638153,57.637203,116.142159
138.506210,183.233002,56.159687,117.308708
140.054382,182.103943,56.221668,116.689430
144.048141,182.927170,57.788822,114.777466
146.140991,182.650208,57.717777,114.418800
152.845428,183.700638,57.221325,112.798401
158.296555,183.359726,56.465408,111.348236
162.723160,182.563156,55.426384,110.396729
168.035858,179.943527,55.468735,110.584892
171.226471,174.652847,54.286991,106.540695
174.194794,175.693573,53.888317,107.769119
176.496780,174.738251,53.401340,109.037392
178.228149,174.173233,53.129074,109.727295
181.478210,173.355896,53.746941,110.268829
185.108917,171.592880,53.426830,110.141251
188.141739,171.237640,52.932060,109.719826
193.160172,171.254944,51.940563,108.566093
195.729858,171.351700,51.318024,108.571823
197.349869,170.937515,50.140102,108.638969
200.507309,168.351746,48.814999,108.492371
202.855591,168.817123,49.390282,107.860580
204.224106,168.243408,50.178154,107.594528
204.835632,167.996872,51.029140,108.488495
205.138718,166.451965,52.837242,105.567848
205.804474,164.503891,52.744499,104.915520
206.419434,162.002594,52.523811,105.019630
207.104431,161.775940,52.609676,105.383347
207.893173,161.529312,52.578606,105.721092
210.965576,159.755966,51.572769,107.899933
212.266495,159.345795,51.611732,108.674370
212.807480,158.937286,51.600067,108.940750
214.313583,156.975250,51.074127,107.788734
216.998795,156.757751,50.405994,108.303329
217.112244,156.865891,50.439777,108.439232
219.462494,155.783447,49.170265,108.170578
220.428955,155.932678,48.865936,108.283249
220.855408,155.809128,48.871204,108.728775
221.937973,155.854507,49.085144,108.750977
223.605331,155.204575,49.876396,108.204659
225.262589,154.947037,49.916611,108.609077
230.149734,155.822128,48.830730,110.252502
233.037460,154.608154,48.753922,110.541107
236.112076,153.305161,48.875172,110.826324
239.361816,152.095108,49.752838,110.684883
239.643860,151.021454,50.030704,110.832375
239.888428,151.097366,50.471741,110.955421
240.841064,151.231567,50.182934,111.026443
241.051361,151.432709,50.395077,111.418297
243.059616,151.023087,50.093124,111.476891
244.548676,150.177185,50.259663,111.608162
247.169998,150.238663,49.941635,112.428352
250.151077,151.767883,48.318600,112.130219
252.719528,151.181564,48.011791,112.520081
256.830078,150.516174,47.491425,112.816589
260.090881,149.873123,46.668930,112.810219
261.446991,149.607208,46.422886,112.565941
266.076050,150.219452,45.666241,112.488701
269.011200,144.394058,45.685429,112.865692
269.681274,143.460632,45.526440,113.166107
270.624207,142.498917,45.746166,114.080742
270.844452,142.466721,45.971073,114.448364
270.864441,142.494812,45.981438,114.444145
271.261597,143.200165,46.157146,113.945381
271.559326,143.652481,46.680157,113.771332
272.269012,143.359848,47.148735,113.492599
272.373871,143.514954,47.465145,113.352356
272.360443,144.521759,47.452930,112.751808
272.385284,144.650879,47.469753,112.917824
272.548157,144.523041,47.318428,112.941887
273.598114,144.284729,46.777409,112.699150
274.380585,144.768143,45.740089,112.582787
274.885956,145.022507,44.970268,112.359222
275.493561,145.031677,42.672203,111.037384
275.641663,143.814682,41.945633,110.287643
275.709717,143.416397,41.427265,109.682320
275.671692,143.380066,41.046158,109.251732
274.175659,144.587540,41.016636,108.765205
272.855438,147.467682,41.415058,107.942009
271.622162,148.199860,41.340240,107.296974
271.943359,149.002625,41.435898,107.173668
272.625580,149.501099,41.462009,107.691887
274.083923,149.790009,41.411995,107.746063
274.099365,150.002289,41.473412,107.988243
274.114838,150.767883,41.386120,108.137787
274.427490,152.736053,41.051193,108.287811
274.767151,153.707687,41.361881,108.017143
275.290955,153.923157,41.066898,108.186371
277.454559,153.865524,40.324440,106.211563
277.342621,157.615494,39.369816,105.619728
277.580078,157.439331,39.353500,105.976555
277.663635,157.510849,39.482796,106.156410
277.817230,157.608627,39.512951,106.834114
278.076935,157.722565,40.046814,107.074753
278.310577,157.954865,40.477879,107.439026
278.430817,158.291153,40.537186,107.379265
278.966827,157.842621,41.018818,108.128181
279.537262,159.328217,41.744972,108.500732
279.870209,159.417618,42.084946,109.349258
279.981781,159.493591,42.448788,109.480042
279.636414,159.595459,42.402054,109.585091
279.235382,159.206802,42.123627,110.685425
276.941193,159.878830,40.650562,111.229797
276.864105,159.660934,40.440693,111.163612
276.498108,159.138245,39.687645,111.823235
275.774017,159.305054,39.607021,112.098648
275.506073,159.788574,39.728508,112.545357
275.788513,160.001770,37.936295,110.229897
275.826080,160.116241,37.977158,110.457092
275.763855,160.056305,38.001522,110.493103
274.890839,161.585358,39.230686,109.661201
273.289429,161.729691,39.231300,109.382141
272.568359,162.183838,39.510376,109.216278
271.857910,164.843674,39.889961,108.802475
270.658234,167.021210,39.781673,108.353035
268.259430,169.551834,39.154793,107.815399
267.426758,169.713837,38.762470,108.708015
265.675690,168.900055,37.788383,111.206306
263.947113,166.654022,37.080276,112.935692
261.232849,169.318649,36.156597,111.824562
258.495880,169.119492,36.930786,112.787827
255.387085,171.238037,36.455906,114.049103
251.426590,173.320251,36.219528,114.188530
249.953827,175.940582,36.185028,113.886070
247.568253,177.036835,36.642002,113.789902
245.091782,179.629044,37.248981,113.358261
244.707870,179.367142,37.557106,113.448914
243.350983,179.444672,38.335098,113.378433
240.650253,179.954697,39.124878,113.567322
239.590286,180.232071,39.689140,114.291748
237.053711,180.035614,40.663864,115.136650
234.429916,180.364182,41.210621,115.195137
231.161972,182.997116,42.134727,117.371269
228.036606,183.619049,43.098022,117.862221
225.269745,182.927322,43.416454,119.317924
224.257828,182.498352,43.139973,119.716537
221.651398,179.943329,43.861355,121.435699
220.229553,178.290482,45.052177,123.227295
217.833298,175.838440,45.890335,124.573563
216.158234,175.330048,45.919727,124.782715
213.073669,172.772003,46.694347,126.840172
212.614731,171.346893,47.403496,128.669189
212.504303,171.560913,47.490730,129.200241
212.044281,171.804779,47.466942,129.441666
210.651230,172.664917,48.243702,128.945694
208.836807,173.179855,48.528275,128.486649
201.666061,176.456528,51.705555,129.489456
196.510239,179.365524,53.537193,128.014099
192.853317,182.153320,54.746891,125.300873
192.198807,182.158508,54.787109,124.433395
191.213455,182.453690,54.837887,123.463219
189.740417,182.979721,54.960266,121.768822
188.226746,182.837616,54.393272,121.315445
186.545822,181.992722,53.733894,120.695045
186.139877,181.831528,53.818481,120.808510
184.932236,181.037552,53.961735,120.507545
184.894852,181.278015,53.967804,120.929863
184.851166,181.147202,53.875992,120.740486
184.940094,181.089401,53.900646,120.720879
185.029785,181.277237,53.897869,120.913620
185.115860,181.355484,53.867218,120.942421
184.889069,181.078720,53.962120,119.241180
185.094604,181.942215,53.821487,117.115440
185.071747,182.188263,53.934006,117.444717
184.992935,182.077759,53.937698,117.593391
184.108490,181.549286,54.358913,117.361641
184.027664,181.240601,54.691601,117.036758
183.801437,181.489685,54.361786,118.539215
178.939575,184.643738,54.471161,120.806305
178.838470,186.928497,54.338802,120.441406
180.934158,187.845856,53.736908,126.167252
182.123291,185.049149,53.505764,126.586670
183.214432,184.808655,54.279411,125.182770
183.635681,185.050873,54.426163,125.380905
183.686569,185.025833,54.467903,125.381073
183.958572,184.662567,54.394539,124.803101
184.573181,183.903564,54.056377,124.799309
186.494339,183.384598,53.499081,124.972572
187.538483,182.634888,52.452816,125.069847
187.459686,182.175400,52.106205,125.413971
187.744965,182.283447,52.471333,125.380508
187.673492,182.298599,52.457420,125.400558
188.481339,181.532196,52.652218,125.340912
186.680496,178.690079,52.618214,125.400421
186.017471,177.316513,52.835228,125.076530
186.776871,176.424072,52.919899,124.846146
183.378815,175.553864,53.277790,123.190292
179.698181,176.221741,53.811878,122.483002
175.361984,182.202286,55.023041,121.677605
172.323334,186.448517,54.827312,122.270729
169.475418,192.452026,54.687092,122.197777
165.381241,195.896240,54.649673,122.069847
160.375977,200.122437,55.473423,123.704453
157.113358,200.086380,55.490814,123.538971
154.759354,198.787262,55.226665,123.414162
151.179504,197.296829,55.042091,123.113899
147.419754,197.118546,55.112278,123.622086
145.247314,196.552048,55.079109,124.862648
142.320053,196.884125,55.156322,125.061417
139.731110,198.702515,55.317402,125.530380
137.702728,199.479401,55.161636,126.368523
135.607162,200.466537,54.835972,127.477936
131.973053,204.278961,54.338207,126.858513
130.876770,204.504913,53.973053,127.411324
129.244690,203.702042,54.003204,128.485794
127.827599,203.433289,54.296383,128.867249
125.952820,204.097260,54.484104,128.760864
125.264336,203.878479,54.389492,129.292587
122.030388,204.083435,54.341183,129.826065
121.732368,204.211273,54.509243,129.981522
120.207207,203.879456,54.734215,130.418503
120.322266,203.939804,54.973106,130.455551
120.279984,204.017471,54.975651,130.502869
120.274124,204.308258,54.964554,130.964157
120.294785,204.327621,54.968597,130.949646
120.313896,204.359146,54.964260,130.935028
120.447609,204.352936,54.820736,131.000076
120.659904,204.566269,54.812798,131.550049
120.926353,204.930634,54.719868,131.928558
121.486740,205.504105,54.488342,131.366287
121.876816,206.166992,53.929497,131.225769
124.058891,207.287048,52.829025,130.628235
125.177711,207.944504,52.023540,130.586777
126.300797,208.529160,51.517654,130.755951
127.464935,209.018326,50.827293,130.556686
128.312027,209.871658,50.211414,130.744843
129.505676,209.988434,49.587723,130.781662
131.651169,210.138718,48.139824,130.055908
132.680725,210.041336,48.061344,130.539001
133.197067,210.720871,48.253262,130.494308
133.581085,211.096542,48.278820,130.106827
134.291489,212.014313,48.107166,128.814865
134.570969,212.097763,48.429546,128.787857
134.657303,212.148743,48.454742,128.925781
134.771927,212.150406,48.446377,128.859604
135.024277,212.042862,48.364147,128.879593
135.784409,211.697815,48.335228,128.964355
135.878357,211.694946,48.470486,128.938599
135.906509,211.704941,48.465897,128.962723
135.974915,211.661133,48.423252,128.967407
136.012924,211.676025,48.475750,128.944519
135.983063,211.746201,48.448933,128.885895
135.163498,211.314148,48.157372,129.418457
133.817932,211.663467,48.158051,129.299515
133.620697,211.575104,48.152451,129.390839
132.754608,211.097198,47.894241,129.086899
132.450211,211.362808,47.754517,129.252518
132.283508,211.296875,47.220493,129.045319
131.991776,211.529343,47.125511,129.344147
132.082291,211.565491,47.388947,129.328613
132.208862,211.382889,47.335915,129.365524
132.316147,211.448441,47.416115,129.430191
132.367493,211.465012,47.473812,129.442383
132.521729,211.287247,47.380856,129.454575
133.158981,211.302246,47.309734,129.157074
133.473557,211.360428,47.492588,129.167435
133.589600,211.408432,47.434723,129.326477
134.304260,211.595169,47.294319,128.254517
135.622009,211.825684,47.273754,127.058189
137.311279,212.606232,47.243011,125.476028
138.763031,212.469879,47.178669,124.423141
139.085342,212.505066,47.374592,124.426994
139.342926,212.642776,47.397373,124.409286
141.006439,212.899094,46.663158,123.917130
141.310989,213.055481,46.956867,123.964813
141.522827,213.189911,46.929001,123.904045
141.750381,213.281509,46.885094,123.974991
142.228546,213.622665,46.796345,123.960922
143.387863,215.103424,46.899155,122.931305
144.647873,215.251602,46.732914,122.725044
144.871262,215.428345,46.933601,122.969414
145.541611,215.789688,46.876343,122.872551
145.609207,215.857727,46.972713,122.948502
145.901337,216.267975,46.933441,123.076370
146.172592,216.646011,46.937614,123.252632
148.360214,219.258774,46.031719,120.963928
149.053329,220.101791,46.642033,120.609665
149.284073,221.193146,47.057163,120.452698
149.501099,221.392059,47.473370,120.355553
149.500809,221.452454,47.484001,120.426819
149.478348,221.477402,47.485981,120.412987
149.236664,221.738052,47.450603,120.334465
147.138535,221.602554,47.444824,120.016815
146.473282,221.675797,47.602818,120.046669
145.482864,221.475052,48.137764,120.154526
145.534042,221.421417,48.515392,120.287766
145.730774,221.521332,48.976711,120.404327
145.743927,221.545273,48.973667,120.418205
145.745392,221.630829,48.981953,120.366226
145.824463,221.668472,48.956360,120.405426
146.281265,222.563354,48.906216,119.920547
146.492188,222.410004,48.905205,119.767258
147.198563,222.753418,48.750114,119.443153
147.396652,222.762314,48.948738,119.439903
147.475632,222.822235,48.962753,119.455078
147.795090,222.953949,48.910431,119.439850
148.381027,223.405731,48.949032,119.340942
148.921738,223.498291,48.883915,119.256584
150.618835,223.436798,48.743275,119.134132
150.982712,223.447235,48.867470,119.341591
151.820953,224.334747,48.933208,118.638489
152.543991,226.341461,48.910027,117.077232
152.988770,226.605728,48.877785,116.976990
153.599487,227.042694,48.877655,115.537247
154.498688,228.518860,48.940651,114.637154
154.524002,228.792175,48.988022,114.903290
154.570511,228.720459,48.991238,114.835876
154.761475,228.796906,49.009892,114.796379
155.099274,228.754974,49.492023,114.884293
155.392273,228.472992,49.442989,114.762848
156.644974,227.168777,49.371113,114.537186
158.301056,226.217728,48.613132,114.740997
159.207932,225.975281,49.070011,114.784103
160.421387,226.089355,49.314236,114.284790
161.369034,225.603455,49.224758,113.652863
163.124435,225.208664,49.109917,112.914528
164.426682,224.994873,49.239544,112.129845
166.549667,224.878769,49.043251,111.864952
166.820526,224.970764,49.442192,111.939819
169.440857,225.949936,48.887695,110.561859
171.357742,227.157913,48.623608,109.765350
172.866470,228.257614,48.980392,109.009392
174.967957,229.153809,48.621990,108.418915
178.729904,231.963120,47.953838,107.003593
181.343109,231.931183,47.150047,107.080170
183.039902,230.505142,46.611691,107.355904
184.149826,230.187897,46.221092,107.586723
185.557220,228.401978,45.302307,108.374306
187.681808,226.068253,45.116543,107.812302
190.488937,223.707184,44.590668,107.203133
191.985382,222.166626,44.381210,107.056129
194.549240,221.729019,43.293240,106.704842
196.284805,219.923431,42.443295,105.991180
197.998093,219.851440,41.570461,105.109856
199.596146,218.823257,41.172844,104.848961
202.897385,216.430099,39.635868,103.854218
203.943375,216.013062,39.459892,103.555725
205.555038,214.543991,38.905693,103.730598
208.028351,214.039169,38.536217,102.645935
210.475632,213.309662,38.344772,102.647018
212.538208,214.559998,38.313137,102.516708
214.123932,214.941208,38.362183,101.749031
216.082932,216.202637,37.868565,100.648941
217.827911,217.093338,37.618275,99.612503
219.758820,221.431030,37.895786,97.854141
225.889542,226.002777,38.508892,92.973412
232.055161,227.154129,39.169128,91.647705
237.373489,228.268570,39.103096,89.530090
242.750809,226.929626,40.375031,89.600883
248.804871,226.307007,42.264740,89.622787
251.822739,223.678040,43.458691,91.662476
257.874176,225.026443,42.761871,90.839935
264.899689,226.507248,43.354195,89.225723
268.983887,221.916840,42.402000,91.495735
276.856110,211.095978,42.047188,95.635948
276.979034,220.046646,42.622158,94.639458
278.008240,219.588394,42.747074,94.556770
290.380707,209.414566,42.371964,97.108597
296.120789,204.976456,42.199181,95.712906
305.876770,208.903763,40.276951,92.294159
310.690460,213.673416,41.672005,88.743805
317.369293,217.334366,42.879204,86.242561
326.734650,220.536926,42.569180,83.824028
330.692780,221.358551,42.745434,82.272743
336.053711,221.200027,42.514622,80.545700
345.938416,218.264496,43.743736,79.498337
356.159698,214.139160,44.153614,79.004738
365.095398,209.870422,44.633518,78.780060
370.368134,210.917984,47.467918,84.871452
372.497955,200.727020,46.816875,84.623520
371.450684,197.383072,47.685680,83.921448
371.694427,197.429123,48.442886,83.853989
371.103149,196.353210,48.669373,86.875580
370.570679,198.408646,49.159210,87.962029
370.139984,198.944702,49.371105,87.931595
2
0
0
0
0
1
405.861359,213.761215,67.464615,131.613281
404.718781,212.843185,67.006683,131.584442
404.615662,212.743423,67.076935,131.460373
400.353363,206.935608,67.246338,132.726791
398.387115,205.468826,66.008110,133.163544
395.603821,203.310654,65.639084,133.953613
394.259949,201.899017,65.471558,133.553482
390.142517,198.249893,64.455185,134.889938
386.770203,193.628571,62.832699,135.262085
382.142822,191.030136,61.088848,136.256500
378.161560,184.891052,59.688698,136.463623
374.209961,182.807785,57.994076,137.068787
370.444092,181.418472,55.903748,137.580246
366.448334,180.888611,54.205231,136.361328
363.537292,180.515259,52.962921,134.085114
360.609253,181.121155,52.108959,133.886169
358.012024,180.798935,51.415142,132.847900
355.586853,180.235443,50.698345,132.284042
352.531921,181.015747,50.395340,131.273346
351.420715,180.489319,49.954247,130.712082
350.125732,180.059616,49.523235,130.601257
348.241425,179.403214,49.715908,129.498093
347.418304,179.334183,49.833401,129.122467
346.665497,179.470093,49.747971,129.443207
345.930756,179.650360,49.724556,129.434067
344.232635,178.567245,49.878468,128.953094
341.369812,175.179840,49.729794,129.501343
340.952026,173.911972,49.853119,129.941055
340.505402,170.957306,50.059849,130.113922
340.527405,169.671234,50.274208,131.117172
340.528046,169.134979,50.415279,131.146286
340.751434,167.422684,50.009308,131.606262
341.257751,166.814148,50.370136,132.121719
341.218201,166.945023,50.363316,132.376740
341.233795,166.910583,50.310143,132.387680
340.974518,166.444748,50.204594,132.302612
340.588928,165.586899,50.143402,132.311157
339.052521,165.428940,50.315178,131.788391
338.986511,165.506607,50.465961,131.823959
338.433228,164.668610,50.400166,131.662231
336.379456,164.636902,50.315388,131.487717
334.863861,163.864746,50.215939,131.519135
333.615082,163.949661,50.167339,131.919464
332.430481,164.126434,50.276901,132.265762
331.572205,163.914886,50.234760,132.630615
331.438904,164.093475,50.431297,132.886322
330.016571,164.643860,50.236553,132.748154
329.847717,164.793503,50.434517,132.916962
328.961517,165.357590,50.431023,132.620300
327.939178,166.404449,50.394646,132.504913
326.900543,168.082260,50.427029,132.547607
326.104187,168.586731,50.546040,132.668060
324.677246,170.431335,51.066814,132.123383
322.825104,171.571350,51.428715,131.913544
321.746399,172.179993,51.545918,131.796951
321.002350,172.815186,52.164780,131.671219
319.179565,174.406403,52.564392,131.558563
317.682251,173.982300,52.827007,131.446396
316.393768,174.171844,52.879810,131.227478
316.153595,174.295731,52.796108,131.472122
315.637177,174.163330,52.625538,131.546631
314.214752,174.356781,52.726791,131.972031
313.610046,174.138733,52.253967,131.703781
312.198273,173.464340,52.143375,132.418152
311.772766,172.410934,52.069378,132.764175
311.142578,170.888687,52.410069,133.150894
309.870300,169.535385,51.581062,133.576599
308.575867,168.903702,51.714146,133.987915
307.902100,168.647430,51.885212,134.043182
305.819672,168.171478,51.805149,134.936111
304.423553,168.767395,52.036545,135.279800
301.085205,168.208969,52.564796,136.046982
298.763550,169.010040,53.010418,136.123398
295.783691,170.985504,53.705780,136.181458
295.088074,173.508942,53.839069,135.823578
294.034485,173.289673,54.148590,135.971146
292.089050,173.965561,54.573822,135.138748
291.629578,173.578186,55.150211,135.326233
289.747101,171.310562,55.192497,135.456741
288.253326,169.448196,55.162758,135.868652
288.187958,168.416550,55.351181,136.188583
288.242584,168.475510,55.483551,136.464935
288.322754,168.171600,55.505817,136.450790
288.589539,167.980438,56.011906,136.477966
288.902924,167.710968,56.464005,136.458267
288.957031,167.521210,56.499905,136.478683
290.534149,168.023941,55.752426,134.261887
290.673462,167.436203,56.894073,135.567474
290.748535,167.395477,57.039795,135.818024
290.924622,167.290558,57.623093,135.831406
291.125458,167.163361,58.334518,136.092819
290.813660,166.673294,60.277996,136.558319
290.581482,166.112579,61.737770,136.354797
289.957397,165.516357,64.246307,135.651581
290.037842,165.262283,64.879234,135.886032
290.752472,164.552719,66.464218,136.629547
290.701294,164.884842,66.822823,136.848297
290.906708,164.894653,67.141457,136.603806
290.696869,165.176025,67.537903,136.051575
290.702179,165.323746,68.032578,136.282974
289.846161,164.500793,68.334724,135.767639
288.780457,163.002762,68.391838,134.196793
287.115173,161.092392,68.043251,133.476791
284.299774,158.167725,66.801765,132.294312
284.169434,157.857330,66.589561,131.776245
284.330566,157.755127,66.873764,131.559052
284.397308,157.840088,66.947601,131.704666
284.469360,157.781601,66.930351,131.694565
285.309387,156.761124,66.248039,131.621048
287.999054,154.640381,64.703033,131.921432
290.096130,153.514832,63.910770,131.241562
292.742767,152.850067,63.694283,130.471939
295.143036,152.319672,63.641048,130.102020
298.473541,153.011368,63.436317,129.475418
302.739807,152.699661,61.927818,128.466629
306.016357,152.631104,60.567524,127.524612
308.805054,152.198654,59.718830,126.884048
309.978790,151.878601,59.366852,126.898102
314.696777,151.874985,58.211536,124.945465
315.620056,151.691391,57.815018,125.040291
319.008270,151.973801,56.545929,125.839569
321.267365,151.848007,56.418915,125.605560
321.940216,151.363022,55.944397,125.541199
323.501495,151.786148,55.367805,126.535164
323.597260,152.016708,55.449295,126.787025
320.856110,154.598526,55.373962,126.930298
318.195801,160.401184,56.020264,125.909027
318.717743,160.027328,56.497086,125.901680
321.185272,153.009598,55.422657,126.537636
321.544098,152.235031,55.128677,127.180443
321.500092,150.433426,55.027412,128.652374
321.704437,142.168976,55.088078,129.429169
322.727570,141.043961,55.396912,129.320618
323.602448,140.304489,55.368034,129.253387
323.345795,140.448715,55.492340,129.400330
322.358154,139.563690,55.456184,129.515549
321.938507,138.105911,55.423855,130.097168
320.823303,134.596954,55.229988,131.257050
320.356750,131.229401,55.057217,132.742188
320.500275,131.330368,55.431046,132.984833
320.745605,132.620956,55.032837,133.250824
320.875153,135.860855,55.157837,133.086670
320.009735,138.486176,55.243248,132.368149
319.241608,140.293564,55.632305,132.234375
317.596436,141.860214,56.633179,131.626694
316.519745,144.589310,57.402103,131.496429
316.574310,146.804916,57.216770,131.554840
314.593964,151.396774,57.923626,132.640396
314.568878,151.378494,57.997192,132.840561
314.373505,158.422958,58.023926,133.980042
314.725647,159.558640,58.318893,133.670944
313.905609,160.841537,58.322205,133.396652
314.051697,160.450241,57.636406,132.691406
314.163422,161.255768,57.990250,132.650421
316.445374,165.531448,56.982605,133.641327
324.377258,194.928909,54.951027,134.251053
326.837006,179.475967,53.897087,133.031769
326.875946,179.491348,53.961662,133.534256
326.828857,179.774307,53.911213,133.943817
327.286987,181.020126,53.609665,133.890182
327.581055,181.130676,53.954830,133.940292
333.004730,189.399704,52.098507,132.981201
339.283020,192.076111,50.714909,133.691391
342.243378,196.412323,50.569023,133.817001
348.167725,207.185013,50.979923,132.488770
353.509460,208.894653,50.812584,135.434677
359.853729,210.548035,49.286865,137.916183
364.650818,215.627106,48.207127,138.029221
369.050751,224.905487,47.353821,138.749039
374.059113,230.799500,46.347649,140.303070
2
0
0
0
0
1
347.401794,218.792908,36.216820,108.656967
346.135132,217.129608,37.259274,106.704781
345.577454,216.991592,37.743149,105.684479
345.698883,217.483856,37.986458,104.453972
345.460541,217.141632,37.872772,103.667732
345.498932,217.109665,38.003624,103.744377
345.721558,216.625992,38.395851,103.764168
344.520020,210.195450,37.376617,105.710968
344.576630,210.338638,37.459442,105.905632
344.618317,210.329819,37.462898,106.010666
344.690704,210.485611,37.472172,106.396942
344.872314,210.267273,37.440735,106.364792
345.136536,209.989227,37.362698,106.569008
345.789215,209.952438,37.401806,107.055595
346.217072,209.575272,37.353340,107.306953
346.425629,209.486023,37.419353,107.502502
346.658295,209.275131,37.396988,108.023865
346.843353,208.047089,37.454952,108.415688
346.931183,207.001633,37.429562,108.656792
347.326050,206.207092,37.126133,108.878952
347.505188,205.063461,36.612694,108.281967
347.148987,203.661819,36.885944,108.238586
347.128265,203.487991,36.982521,108.402702
346.689819,203.494476,37.000256,108.330360
345.374359,202.664246,37.813599,108.779160
345.271545,202.600891,38.022976,108.858170
344.842529,202.842499,38.569023,108.775391
345.005219,202.899490,38.986698,108.970070
344.943542,202.834290,38.987713,108.978287
343.265381,195.680313,38.515591,114.656227
343.157257,205.331848,38.918835,108.174500
343.195679,205.433670,38.980495,108.459763
343.197052,205.433304,38.977173,108.464050
342.948334,204.825333,39.009132,108.645340
340.864899,201.361740,39.393631,109.412697
338.742798,197.761597,39.295479,109.690613
336.798187,192.803375,39.039631,111.442642
336.118164,190.189911,39.159737,113.288063
334.609711,188.060211,39.563553,113.886627
333.868286,188.047928,40.172966,114.051605
333.882233,189.329773,40.461483,114.399376
334.497681,188.577393,40.292633,115.551620
335.601624,188.973709,40.197338,115.977104
335.722321,188.985245,40.477589,115.982651
335.349030,187.796280,40.452133,116.310974
335.449249,186.702179,40.452286,117.050858
335.486328,185.476379,40.468338,117.663727
334.559235,182.940750,40.240009,118.812225
332.848480,182.920471,40.020210,119.493088
329.935669,182.193649,41.373901,120.235573
328.636963,182.351303,41.545319,120.883362
325.783997,184.028885,42.341507,120.083855
323.759186,184.415237,42.811131,119.367874
319.266113,178.328888,42.778419,119.285110
316.658600,174.634964,42.941628,119.115623
