1
188.628387,207.703384,38.980301,117.444260
188.521790,207.470108,39.049267,117.433502
187.749664,208.711243,39.703228,116.868179
186.812103,209.241226,40.311958,115.546074
184.221481,211.889297,41.119450,113.494514
181.677521,217.595169,42.168320,111.018234
177.910889,226.889496,43.253273,109.170219
175.197662,234.016602,45.600868,105.939552
174.254227,233.936935,46.663704,105.040855
174.410690,234.210373,47.023136,105.422646
174.934494,235.576294,47.756828,105.473587
174.972336,235.755371,48.312946,105.049980
175.719482,236.629013,48.548183,104.994553
176.478302,234.611282,48.986683,104.043343
176.741455,233.569519,48.969940,104.083031
176.236938,237.373474,48.760189,102.959076
182.539246,240.247208,49.258533,100.565361
190.593536,237.811935,50.432137,104.196968
191.497192,236.733688,50.285118,103.979683
200.576126,232.829285,50.063808,102.513412
204.900314,228.328110,50.416176,102.079002
206.744263,227.094482,50.490273,102.497925
214.924484,228.585617,50.992031,102.613678
215.330734,227.722214,51.204052,103.369255
215.753235,227.656326,51.604797,105.439049
217.359451,227.398483,52.046661,105.264626
218.741531,227.418564,52.352196,105.625214
227.286270,227.819489,50.681843,101.245644
234.990921,224.614655,50.851761,98.894653
238.282532,225.154877,51.408173,97.681381
242.287720,225.511047,51.039646,97.069557
247.492920,224.961853,51.253555,95.430443
250.371231,224.984619,51.196606,95.135483
254.603851,225.559570,51.253777,94.460876
258.092560,226.344437,51.606682,93.755821
261.055176,226.355057,52.263313,94.387917
263.323914,225.787445,53.519905,94.111313
266.849213,225.843262,53.771755,92.930557
270.954346,226.980804,54.149033,91.676926
274.077515,227.476608,54.546059,90.370903
277.057800,227.440460,54.867088,90.156479
279.796631,228.589951,54.801765,89.654602
280.883698,228.989716,54.662403,89.857628
281.602600,229.134659,54.818264,90.003258
281.692139,229.383011,54.972900,90.460846
281.728516,229.405487,54.978481,90.476273
281.746002,229.402435,54.970058,90.459839
281.759979,229.422348,54.972725,90.461029
281.722260,229.345795,54.941944,90.683487
281.055054,229.317001,54.776558,91.169960
280.176331,229.183365,54.833233,91.753426
280.097717,228.299026,54.830578,91.954994
280.162231,228.296844,54.977673,91.977310
279.748901,226.157120,55.166294,93.913231
279.464355,225.104446,55.497177,94.684952
279.474396,225.153275,55.507576,94.986885
279.218994,223.748734,55.961510,95.643723
278.199341,222.785675,55.982143,96.240936
277.708801,222.616943,56.062103,96.589531
274.431061,223.617325,57.431290,97.187790
270.080414,225.239212,57.755177,96.465584
262.588287,227.904739,58.875206,94.840485
254.368393,231.940460,61.079716,93.212883
244.043915,234.951523,61.857552,90.127823
234.033707,236.043716,62.196148,90.605789
227.974197,236.445953,60.676121,90.898125
220.801346,236.492050,60.733166,91.142059
214.723007,236.877991,60.975788,90.965393
212.533676,235.796600,60.191563,90.701088
209.212570,234.278076,59.428684,90.351906
207.339310,234.756149,59.816063,90.388420
199.974304,234.474472,60.569496,90.499054
191.613708,236.234940,60.698982,89.608536
187.239685,236.844940,60.292862,90.369568
178.918304,238.984528,59.243839,90.380875
172.483383,239.565201,59.591400,89.269615
163.380722,235.563416,59.250443,89.923553
162.042709,235.744125,58.900646,89.465828
156.019928,234.385422,58.446098,92.469528
150.531616,233.659317,57.779369,93.640167
142.578262,231.681870,57.508991,94.694801
141.008270,230.760757,57.923927,96.989212
137.410553,229.773697,58.774002,98.680229
132.138901,229.809250,59.218636,97.456963
122.812775,226.897400,60.268993,96.190742
118.074097,226.199432,59.655487,96.188477
115.761047,225.283096,59.325756,96.306633
111.014030,224.270569,57.672230,95.914963
110.916122,223.926285,57.585911,97.437111
108.121841,221.471863,57.722569,97.433716
106.137779,220.258789,57.608772,95.967567
106.171371,219.165543,58.168625,97.908081
103.007347,214.387985,58.691307,101.929047
100.323944,210.206848,58.984512,108.170425
98.979988,209.307358,58.500301,108.798897
98.516098,208.636856,58.886505,109.456993
97.483727,208.423233,58.298153,110.280701
97.353569,208.761703,58.076366,110.883347
98.027138,208.919632,57.694233,111.390137
98.523453,206.993011,57.873688,110.583855
100.193405,204.823303,57.956509,111.709106
100.900902,203.535583,57.901722,111.377586
103.901596,201.390396,57.582310,112.326286
105.075081,199.358353,57.790623,114.782768
105.190590,198.956757,57.993465,115.453873
105.372841,197.907303,58.332325,114.514183
106.450966,197.575836,58.671268,114.630402
112.281960,195.433914,58.760338,113.915443
120.118439,194.404999,59.022850,112.606911
124.941917,192.706268,58.147259,111.885147
129.231369,189.076019,55.972157,111.405426
131.661072,185.849365,55.279385,109.929344
135.538864,186.448761,55.807400,112.620651
138.465958,184.313843,54.756081,115.827255
140.422195,183.176926,53.511818,117.022812
142.375824,182.105774,53.585320,116.699287
144.682922,182.181366,54.956600,115.468712
148.687378,182.180969,55.212399,114.313133
153.812057,183.191620,55.138653,112.329674
159.215714,183.285950,54.737587,109.924133
164.484695,182.543930,53.983330,108.815514
169.720535,179.846558,53.757053,109.215965
172.767059,174.320862,52.750515,105.530968
175.026047,175.065842,52.385960,106.523170
177.897308,173.711014,52.183350,110.126007
179.322922,173.347382,52.614944,110.981377
180.477249,172.636124,53.353374,111.794830
185.322525,171.060791,53.033054,111.615234
188.248199,171.150467,53.013432,111.363838
192.754959,171.376266,52.171726,110.324646
195.128021,170.699982,51.732147,109.863670
197.574921,169.930786,49.908173,109.067093
201.038971,167.147705,47.971111,108.860001
202.817566,167.045410,48.200665,108.785004
205.767975,167.230255,49.437588,108.642143
206.217194,167.214691,49.888336,109.209167
205.986252,166.037430,51.598511,105.789551
206.817261,164.369232,51.804920,105.096657
207.360016,162.458679,51.523643,105.115051
207.992493,162.140457,51.647785,105.377800
208.715134,162.006729,51.541096,105.734375
211.749985,159.925903,50.531120,107.145538
213.404526,159.565506,50.514881,108.167717
213.990204,159.442215,50.572884,108.914345
215.432938,157.964355,50.148857,107.746552
216.029861,157.831253,50.282310,108.092155
218.030533,158.054611,49.768272,108.262108
218.528687,158.007736,49.632347,108.205696
221.080917,157.254593,48.716267,108.321556
221.410736,157.069153,48.971981,108.386772
222.335190,157.103104,49.090904,108.276253
224.341156,156.611649,49.942013,107.371078
225.582336,156.684937,50.148254,108.014946
230.294815,158.480225,49.221546,109.711151
233.128738,158.012283,49.355274,110.238655
235.719559,158.029526,49.625298,110.706261
238.719131,155.816132,51.043549,112.110695
238.984940,154.974930,51.554047,112.569748
239.487244,154.634476,51.934402,112.737701
242.131729,154.390625,51.701698,112.993301
242.567139,153.962463,51.938744,113.057274
242.914413,153.833237,51.798283,113.430649
244.272049,151.776474,51.385391,113.376419
247.605743,152.057617,50.706005,113.791466
249.058273,152.491165,50.518894,114.065315
253.072144,149.451111,50.061302,114.083038
255.704102,147.718719,49.556644,114.327591
260.449158,147.728195,48.770992,114.033005
260.652344,147.948944,48.903385,114.478317
263.859528,147.645187,47.943119,113.880615
269.150696,140.691833,47.382168,114.518784
269.516144,140.306564,47.280842,115.013832
270.091919,139.799454,47.226688,115.661415
270.347076,139.546616,47.443989,115.852066
270.396027,139.623764,47.486744,115.923859
270.403992,139.863251,47.486832,115.753159
270.630249,141.027878,47.635719,115.071297
270.770386,141.074478,47.975506,115.330414
270.769867,141.346176,47.982841,115.298523
270.750122,142.085114,47.962502,115.103523
270.778778,142.307068,47.975746,115.416428
271.268158,142.198364,47.720036,115.263626
273.186920,142.131393,47.075405,114.542717
274.916016,143.074310,45.429630,114.416992
275.155365,143.232208,44.564224,113.803505
275.595917,143.517075,42.947552,112.771675
275.363739,142.438614,41.795853,111.602142
275.507782,141.946930,41.350712,110.776253
275.519409,142.188644,41.355595,109.837059
274.450714,143.843842,40.663773,109.205330
272.787079,147.517487,40.874325,108.580307
272.365448,148.542450,40.934269,108.013832
272.747864,149.464966,40.915962,108.227318
272.914062,149.676102,40.980972,108.588142
273.001678,149.863495,40.962963,108.959656
272.993866,150.522125,40.995697,108.784485
273.164154,151.021179,41.002361,109.271172
273.523926,151.579727,41.372452,109.499573
273.864838,152.163513,41.255642,109.212540
274.639771,153.285721,40.853996,108.297249
276.826569,153.371918,39.974083,106.084389
277.537750,157.744415,38.911568,105.667564
277.608124,157.811768,38.960316,105.962967
277.599823,157.847992,39.008175,106.100098
277.868042,158.033554,39.469296,106.484062
277.961151,158.141327,39.521965,106.576958
278.244080,158.379303,39.983383,107.015251
278.565277,159.010437,40.085045,107.269928
279.413788,158.425186,40.560303,108.865143
279.872192,159.488327,41.339657,108.599968
280.165466,159.462784,41.628773,109.382141
279.952026,159.472702,41.915009,109.540901
279.899170,159.699905,41.930691,109.989418
279.674805,159.182983,41.604919,110.541695
277.677856,159.407166,40.489620,111.396156
277.397064,159.348419,39.924339,111.319229
276.791565,159.322556,39.600006,111.497009
276.106873,159.472885,39.568459,111.591507
275.382385,160.074661,39.584141,111.997391
275.653870,159.819351,38.317299,109.390984
275.737823,159.848801,38.481773,109.444572
275.345947,159.603561,38.461033,109.558823
274.054871,161.707489,39.159924,109.349045
273.526367,161.963440,39.398674,109.144798
272.721588,162.536240,39.510376,109.216278
272.011139,165.196091,39.889961,108.802475
269.929626,169.007919,39.857300,107.958252
267.511169,170.851089,39.505737,108.110451
267.228760,170.934448,39.640411,108.918129
265.734131,170.233521,38.600784,110.736862
262.874054,167.815308,38.167240,111.483841
261.320557,169.961319,37.164089,110.863892
259.043488,169.071808,37.666119,113.265991
255.169708,170.264679,37.268589,115.890076
251.437317,172.275604,37.005074,116.236839
250.201111,174.157623,37.325165,115.714241
247.205963,175.142639,37.793003,115.485519
245.126877,179.548584,37.973614,114.585861
244.345673,179.253708,38.058422,114.748062
242.388870,179.061356,39.113735,115.722672
241.106461,179.182831,39.788750,116.536324
239.200668,179.680893,40.096794,116.986153
236.005157,179.286163,41.124130,117.482185
233.621964,179.789825,41.722862,117.025627
230.982712,181.622406,42.414078,119.195465
228.807205,181.808456,42.793468,119.788727
225.505051,182.491577,43.141907,120.532608
224.466858,181.357376,43.232029,121.530663
221.643127,179.216370,44.189278,122.803955
219.610092,177.978790,46.621235,124.554291
217.054291,176.401627,47.284119,125.580643
215.378754,175.199966,47.351578,126.250061
213.144287,173.160248,47.417118,127.913445
212.356369,171.410110,47.841400,129.826569
212.374390,171.539322,47.999596,129.948395
211.258362,171.732422,47.968582,129.933319
210.451477,172.185654,48.610958,129.667328
208.347977,172.689621,48.946667,129.480896
201.653366,177.410751,51.689552,129.747421
197.161438,178.709671,52.789112,128.916107
193.456238,181.501770,53.505608,125.958755
192.515213,181.344589,53.750809,124.437614
191.343048,181.747238,53.800617,123.138000
190.009262,182.308777,53.943832,122.098160
188.888962,182.261337,53.502308,121.964462
187.234955,181.639969,53.500492,121.261009
185.986801,181.181259,53.813366,121.106369
184.871216,180.648056,53.987339,121.028976
184.804276,180.866470,53.960503,121.395905
184.787903,180.836685,53.917450,121.355965
184.920227,180.709732,53.818348,121.190308
184.947693,180.891434,53.951050,121.398109
184.997864,180.899506,53.944592,121.360939
184.853012,180.632584,53.946178,120.694847
185.215500,181.612167,53.683716,118.329491
185.240707,181.794662,53.922642,118.463371
185.145508,181.733246,53.921963,118.525192
184.478867,181.556793,54.336292,118.546608
184.531296,181.642715,54.535202,118.916222
182.708664,182.849777,54.779690,120.196808
178.442429,186.004547,54.903336,123.339844
179.259155,190.724518,54.335484,123.328972
179.852280,193.210037,53.977779,124.359558
181.741913,190.428375,53.654434,124.016144
182.996521,190.080185,55.013844,121.025284
183.853058,189.481750,54.976612,121.183357
183.968643,189.513016,54.961922,121.399178
184.090576,189.431381,54.923206,121.167152
184.739334,188.135971,54.496017,120.968735
186.845047,187.196198,53.311550,120.695053
187.691147,186.939545,52.953041,120.826149
188.134399,186.129822,52.183311,121.050758
188.238083,186.103699,52.372162,121.477554
187.789642,185.372849,52.366795,121.230522
189.674576,184.942337,52.562191,121.509796
188.200958,182.310974,52.558983,122.206207
186.118820,180.785309,52.846573,121.726364
185.524094,178.358826,52.884682,121.483948
182.694656,178.124451,52.953781,120.480438
180.216751,179.891266,53.217003,119.638329
177.138596,182.730927,53.307434,119.707565
173.758911,185.388275,53.107750,120.376366
170.303207,190.770248,53.150990,120.850822
167.172272,193.761368,52.984531,120.592529
163.225159,198.320740,53.310329,120.025459
157.926041,200.098724,53.113342,119.648209
155.983047,199.953308,53.429085,119.004433
151.781998,198.548340,52.730621,120.262054
147.991867,198.184631,52.453918,121.480247
146.056656,198.776154,52.212841,121.688744
144.256516,199.263977,52.159966,122.355057
139.567764,200.493195,52.076435,122.884117
138.631317,201.637283,51.919300,123.110695
137.013031,202.243454,51.301357,124.960876
133.600739,205.315079,50.726109,125.019547
132.218948,205.510483,50.514061,126.015671
132.110992,204.966263,51.059700,127.570641
129.528290,204.541809,51.317112,128.337311
127.201408,204.498383,51.518341,128.346527
126.525612,203.773285,51.820774,129.179535
123.000717,204.279312,51.966408,129.274994
121.951675,204.491714,52.137497,129.488342
121.540184,204.339798,52.491928,129.940353
121.446510,204.394775,52.430401,129.971619
121.358948,204.563004,52.462746,130.028885
121.339279,204.827988,52.459351,130.451935
121.353081,204.877075,52.473660,130.449585
121.334343,204.936676,52.403431,130.401993
121.401482,205.001266,52.356049,130.591568
121.500359,205.158020,52.447506,131.014450
121.692566,205.359055,52.271702,131.567902
122.356461,205.782394,51.968349,131.770416
123.036232,206.608170,51.428337,131.514450
124.697792,207.738754,50.451916,131.197754
126.080284,208.363113,49.623810,130.922562
126.868179,208.620316,49.387836,130.856339
127.899178,208.978561,48.514423,130.763977
129.811157,209.635712,47.983833,130.630417
131.406418,209.843277,46.947002,130.709015
133.413666,209.953857,45.425606,129.525314
134.189545,210.055679,45.143963,129.792709
134.910309,210.309830,45.200928,129.735840
135.102234,210.624390,45.440971,129.737564
135.217377,211.078964,45.420918,129.423355
135.489716,211.148651,45.440601,129.071899
135.782669,211.275909,45.488510,129.359955
135.953232,211.262222,45.449902,129.328476
136.307938,211.013031,45.365173,129.334595
136.769791,210.712585,45.409939,129.650497
136.821472,210.879517,45.475498,129.911621
136.837296,210.915649,45.473984,129.952637
136.875153,210.926102,45.449062,129.899429
136.901016,210.978241,45.476757,129.948074
136.678833,211.565018,45.428921,129.630768
136.321808,211.671524,45.355160,129.956619
134.984161,211.921829,45.192097,129.720444
134.646408,211.727158,45.214329,129.847351
133.874542,211.654083,45.115585,129.580856
133.716431,211.973038,45.245846,129.636459
133.544067,212.247696,44.848728,129.416473
133.179291,212.427307,44.606976,129.272858
133.251526,212.577087,44.897301,129.302048
133.265335,212.501495,44.845512,129.351273
133.349854,212.574280,44.949291,129.432816
133.401535,212.585922,44.964523,129.460480
133.488327,212.500366,44.940121,129.442245
133.630005,212.506714,44.937630,129.287704
134.261002,212.145569,44.729393,129.217300
135.408005,212.964844,44.778656,128.082504
135.741241,212.887817,44.867146,128.064499
137.377151,213.405640,44.639805,127.075912
137.937454,213.654663,44.823292,126.622437
139.306931,214.791656,44.787277,125.288132
140.108032,215.163666,44.816917,124.706520
140.378998,215.196884,44.935005,124.689903
141.121048,216.053986,44.497517,122.925270
141.756180,216.110809,44.323395,122.563797
141.931686,216.369370,44.430397,122.809441
142.923584,216.296570,44.298569,122.836792
143.162567,216.364731,44.395298,123.012558
143.482208,216.660767,44.385525,123.291916
144.224823,217.130936,44.382607,122.777000
144.707169,217.559204,44.430088,122.788086
144.923630,217.573441,44.392498,122.915016
145.539963,217.841583,44.341595,122.824539
145.818665,217.898300,44.451447,122.958473
146.665512,219.302155,44.424297,122.498497
148.396118,221.401871,44.013161,119.871941
148.681976,221.707703,44.559143,119.757263
148.883072,222.120743,44.999596,119.738419
148.828201,222.274445,45.006775,119.686813
149.061996,222.398041,45.487705,119.926041
149.058304,222.405334,45.488335,119.925850
148.942062,222.951538,45.513073,119.718597
147.316650,221.967850,46.109020,119.357330
146.476166,221.866867,46.644138,119.095245
145.558472,222.554199,47.235489,118.783180
145.614059,222.464523,47.515694,118.828354
145.755768,222.405991,48.019897,118.705345
146.031937,222.642487,48.453697,118.631279
146.063004,222.888046,48.485676,118.902252
146.086044,222.933884,48.473022,118.940422
146.454620,224.230850,48.439014,118.432487
146.514313,224.169662,48.456841,118.366257
147.316299,223.981232,48.241013,118.084129
147.525665,224.129440,48.441856,118.388931
147.697311,224.284683,48.439899,118.418686
147.738785,224.335144,48.472500,118.454041
147.883026,224.506897,48.477009,118.427063
148.358231,224.154694,48.405003,118.272789
149.574600,224.001038,48.386658,118.087189
150.736603,224.287750,48.189098,118.049385
152.092133,225.743622,48.383465,116.814835
153.246918,227.451111,48.363308,115.072655
153.558075,227.612930,48.415230,115.276131
153.847794,227.896439,48.445686,114.986221
154.500732,228.440857,48.415184,114.101326
154.553894,228.722839,48.502895,114.358337
154.833160,228.605698,48.991890,114.292427
154.986237,228.561783,48.983662,114.313248
155.113205,228.243317,48.969048,114.187698
155.662613,227.520874,48.833157,114.037796
156.418320,226.730896,48.903267,114.308212
157.411667,226.236206,48.402790,114.105507
158.905411,226.742569,48.524918,113.859131
160.383514,226.526443,48.805164,113.165665
161.356613,226.276047,48.837658,112.682770
163.032089,226.056641,48.652462,112.078331
165.000961,225.356201,48.649147,111.364906
166.103668,225.425354,48.741467,111.084778
167.748016,226.329987,48.669006,110.690582
169.082825,226.857086,48.542831,110.332207
170.986633,227.854050,48.593246,109.476318
172.853424,229.455368,49.022255,108.269295
175.805359,231.165237,49.111893,106.627586
179.565994,231.347244,48.145691,105.827156
181.314636,231.390167,47.585312,105.855133
183.482101,229.955338,46.718075,105.886086
184.362045,229.174667,46.166367,105.792686
185.856201,225.874634,45.381416,105.381973
188.417175,223.257568,44.803059,104.935570
192.571411,223.809738,43.915157,103.483284
193.564880,222.627777,43.406902,102.696777
194.993103,222.550369,42.696419,102.557915
196.191086,222.002609,42.358543,102.805588
197.528046,221.571808,41.754482,102.758690
199.749176,220.077438,40.892677,102.660912
203.545761,217.325211,38.800537,102.043510
204.660568,216.762161,38.350628,101.963127
206.431747,215.429291,37.856884,100.987869
207.969406,215.548782,37.572895,99.940071
209.967972,215.013550,37.489780,99.191261
212.327057,215.725128,37.282383,99.190186
214.134033,216.637024,37.253525,97.755867
216.041641,218.066422,37.115536,96.452675
217.767471,219.772079,37.194180,94.919746
220.816147,223.202988,37.494293,92.336662
225.291168,226.595642,38.292408,89.359650
231.236786,227.245239,38.786404,88.255890
237.269684,228.096619,38.690353,86.428566
243.185150,228.299026,39.453693,85.434372
248.913452,227.858200,39.876667,84.797630
252.559036,228.672897,40.394138,85.684418
257.981171,227.420197,40.421535,85.284500
267.037811,224.663742,40.748596,84.795509
271.384583,225.209366,40.016426,85.841408
276.409271,219.360672,39.294090,88.871613
277.542114,228.030777,38.827591,87.543633
282.797119,220.417953,38.287014,88.318588
293.403229,214.587051,37.321522,87.663933
300.883484,212.165939,37.465290,85.914871
306.978333,215.606354,37.044872,84.409790
312.519745,217.375183,38.322216,82.970306
318.610107,219.010727,38.967590,80.569916
326.298523,224.856644,39.035343,79.978470
332.359680,227.129654,39.367523,75.522995
338.615845,226.411423,39.526657,74.451515
346.770630,224.844833,40.503201,72.577385
355.382660,224.232086,41.704655,71.881622
365.858521,216.448395,42.639202,72.186188
370.951538,225.568039,44.453411,74.856644
374.329468,216.154465,43.717369,75.311478
375.491119,211.163528,43.403286,75.005348
375.072266,206.567810,44.386593,75.329018
374.763245,206.488617,44.415943,77.458183
373.582153,207.164215,44.760536,78.107155
372.666473,208.510284,45.403553,78.777916
2
0
0
0
0
1
405.184601,220.771545,74.858810,127.515610
397.284851,220.509674,75.661598,125.789024
397.940430,219.498886,72.932442,124.941307
396.526154,217.695587,72.233673,124.668579
394.471069,215.846176,71.450783,124.305763
393.138245,213.367676,70.546410,124.408279
390.910095,209.428223,69.867561,124.439705
388.137451,206.995300,69.296143,124.357552
383.581238,201.237015,68.655296,125.409340
380.376068,198.269470,67.940567,125.373550
376.197235,191.702652,65.893723,126.345123
371.240631,188.498901,63.174686,127.178833
368.162292,185.511734,60.465710,128.314407
364.672821,184.719055,58.460228,128.416412
361.448730,183.855087,57.066757,127.818573
359.087860,183.804596,56.778736,127.617714
356.471924,183.634598,55.729675,127.437630
353.662872,182.092880,54.771370,127.751183
350.948059,183.004440,53.656769,127.156944
349.430786,182.679611,53.296886,126.730576
348.986633,182.147354,52.462811,126.978729
347.467804,180.745941,52.166561,126.368126
345.754181,180.582596,52.344601,125.823921
345.233093,180.421982,52.345005,125.973518
344.653351,180.521973,52.449257,125.679192
343.555969,179.916595,52.167065,125.907730
340.547302,179.344604,52.287445,125.764992
339.733521,178.831772,52.415291,126.290421
339.020111,175.578735,52.200874,127.860291
339.114319,172.626266,52.252983,128.047119
339.205719,172.147598,52.363831,128.251663
339.422180,170.912415,52.036179,128.418549
339.699402,171.048294,52.422863,128.545532
339.730774,171.100403,52.371124,128.967331
339.946930,171.009918,52.083950,128.929550
340.134491,171.088516,52.457157,128.854660
339.801514,170.901520,52.212990,128.969009
337.945801,170.728531,52.348038,128.500183
337.541595,170.466644,52.361931,128.911957
337.216309,169.629532,52.452942,128.772690
335.735779,168.744202,52.273212,128.802826
333.873199,166.625443,52.092487,129.613312
332.529236,167.479752,52.399750,129.558945
331.077118,167.782867,52.321426,130.127716
330.157104,167.769775,52.288052,130.635040
329.036133,167.561417,52.353275,131.006485
328.641174,167.829315,52.411545,131.543640
327.976776,167.920212,52.269321,132.371780
327.568054,168.685532,52.484730,132.419907
326.871582,169.095932,52.400047,132.223633
325.736755,170.589279,52.362537,132.120636
325.151337,170.816574,52.445000,132.208969
324.560150,171.353958,52.505455,132.269272
322.719299,172.480392,52.914726,131.848724
320.526123,175.176865,53.145153,131.241745
319.210724,175.716904,53.547607,131.298248
317.662903,176.107407,54.006073,131.426636
317.023346,175.350662,54.330345,131.258896
316.202393,174.663712,54.272583,131.726685
315.241699,174.679962,54.214985,131.855225
314.113190,174.890091,54.134651,131.994873
313.632599,175.062408,54.258324,131.993057
313.312683,174.892273,53.958752,131.745682
311.224762,173.507095,53.533371,132.233887
311.149902,173.291260,53.567314,132.669174
310.357819,171.442413,53.953678,133.227234
309.015045,169.307510,53.147995,133.757507
307.874390,168.466675,53.246418,134.034531
306.651703,167.976486,53.253227,134.699020
304.064911,167.532852,53.111050,135.781372
303.654968,168.004517,53.427448,136.201340
300.435577,168.206360,53.746986,136.865845
297.935730,169.159470,54.056133,136.432617
296.158722,171.164459,54.600361,135.782455
294.703430,173.663757,54.923080,135.468170
292.727570,172.982300,55.402298,135.539536
291.019043,173.811890,55.609985,135.261429
290.434052,172.960541,56.186790,135.424271
289.119080,171.618546,56.120411,135.164322
287.126099,168.816544,55.842003,136.039993
287.139038,168.785812,55.957165,136.466263
287.165436,168.708801,55.986359,136.473282
287.281494,168.264038,56.016964,136.343613
287.637115,167.670654,56.541874,136.356110
288.092499,167.309479,56.937771,136.390778
288.296265,167.061813,56.983311,136.570236
291.150146,167.461166,55.973480,134.544281
291.019897,166.858231,56.626408,135.795868
291.225891,166.759506,57.028564,135.901077
291.214111,166.465408,57.860443,135.803680
291.318420,166.368149,58.501282,136.056686
290.869202,165.707932,61.131725,136.537613
290.447510,165.661789,63.122845,136.758179
289.875885,165.012604,65.529060,136.189789
289.989258,164.768433,66.598000,136.052750
289.858276,164.749908,68.500267,136.541412
290.116058,164.972839,69.071678,136.938583
290.382660,164.932800,69.637466,136.587784
290.511200,165.217606,70.070206,135.997589
290.572876,165.190979,70.630745,135.989227
290.115356,164.873199,70.969749,135.420731
288.699158,163.502457,70.777153,133.931015
287.664673,162.298920,70.884819,133.197678
285.527222,159.936569,69.725166,132.770676
284.571350,158.557388,69.152336,132.475723
284.567200,158.095337,69.132195,131.976135
284.466461,157.349564,69.239388,131.218903
284.651001,157.150650,69.326477,131.039536
285.853790,155.821777,68.578445,130.966125
288.188385,154.957748,66.753891,131.034561
288.763214,154.815079,66.713341,131.177567
289.575500,154.578583,67.158432,130.763397
292.768188,155.109955,67.145912,129.731979
296.928101,155.741074,66.763290,128.100143
301.080353,157.308884,65.249855,126.953690
304.317047,157.117310,63.627773,126.346375
306.995697,156.401779,62.685417,125.774879
308.916748,155.113312,62.001732,125.996971
312.238831,154.325302,61.051537,124.757866
314.821136,153.994019,59.678383,124.465797
319.181976,153.510788,58.096443,124.731949
321.342041,153.573883,58.035492,124.675339
321.617126,153.635895,58.402252,124.799591
321.888580,153.701523,58.327606,125.021957
321.978149,153.933365,58.456947,125.392296
318.937897,156.465408,58.349026,125.083961
317.457611,159.885529,58.831478,125.269714
318.574677,158.510376,58.639851,126.426376
319.981567,152.352905,57.987629,126.517082
320.491760,151.542542,57.535919,127.613289
320.159058,149.236649,57.439987,130.078400
320.320770,142.390381,57.062004,130.960907
321.233459,140.990479,57.437515,130.998795
321.686737,140.706055,57.374332,131.001343
320.491486,140.779221,57.450062,131.210205
319.964478,139.359116,57.426586,131.765732
319.602051,137.220276,57.452774,131.981003
319.466797,136.098297,57.468060,132.214096
318.513885,128.885864,56.725590,134.363571
318.639313,128.945389,56.962597,134.449356
318.732025,129.474686,56.776203,134.543716
318.893311,130.119492,56.943783,134.758698
318.351379,134.052811,56.642262,134.060806
317.316895,136.297363,57.018913,134.430130
312.825104,141.801895,60.039154,130.874939
312.103790,145.383713,60.651024,131.034973
313.229401,147.625961,59.885513,131.368591
312.884094,151.910873,59.938938,134.090775
312.909149,152.130142,59.970242,134.394089
314.293488,159.282318,58.970917,134.972214
314.388672,159.262207,58.926723,134.748154
314.105347,159.864197,58.842934,134.539597
314.550323,161.070175,57.787880,134.652161
314.150177,161.649368,57.943947,135.062256
317.015259,164.946716,57.139565,136.079361
322.765320,181.641174,55.136635,137.049911
324.271881,171.563354,55.332806,135.335388
324.360565,171.591537,55.464088,135.455460
324.381744,171.612137,55.469631,135.443832
324.462555,171.775146,55.432816,135.472076
325.505920,173.598740,55.422325,135.053223
326.410065,174.808456,55.523819,135.842545
329.824097,173.354568,55.765018,136.476624
332.313538,173.900986,55.741039,136.668518
334.116180,179.623947,56.545887,138.292038
336.419861,175.431442,57.549084,138.399429
341.739227,170.877319,58.098454,140.189316
344.119171,169.627914,58.414482,141.419281
349.773651,179.827881,59.688431,143.018478
360.070770,193.902679,60.149017,143.248062
365.371857,196.608566,59.393963,142.206772
368.713104,197.748566,59.651199,141.357590
2
0
0
0
0
1
335.485870,208.755768,51.422482,121.861900
336.310455,208.940887,51.361549,119.874664
336.645416,208.994690,51.132671,119.152161
336.876587,208.751511,51.396172,119.341507
337.005005,207.464279,51.063255,119.238472
337.398193,198.371552,47.441254,121.614601
337.265564,199.113571,47.402458,121.458549
337.398376,199.234695,47.399910,121.540321
337.961792,199.510422,47.184052,122.059998
338.444122,199.621735,47.305550,122.541931
340.304413,200.756653,46.596500,122.879807
341.294220,200.334595,46.503613,123.023148
341.674072,200.224365,46.888378,123.296700
341.883331,200.100922,46.895802,123.443405
342.057343,199.771408,46.884476,123.341232
342.203278,199.561493,46.919495,123.453812
342.381592,198.789795,46.869087,123.463074
343.738312,194.235886,45.293034,124.028580
343.212860,191.121231,44.044556,124.049660
343.283997,191.012695,43.965679,124.394402
342.992340,190.582626,43.580135,124.308502
342.393005,190.485413,43.763115,124.306808
340.872711,187.487732,43.553497,125.215790
341.091064,187.660446,43.927116,125.375938
340.549774,188.188431,43.919533,125.038124
340.588959,188.469177,43.972691,125.397591
340.601166,188.520584,43.976120,125.445389
337.898224,179.129501,42.910038,129.956238
338.921906,186.280014,42.890583,124.014771
338.974640,186.562729,42.978390,124.425133
338.980438,186.686325,42.977631,124.395844
338.803711,186.616135,42.931839,124.503273
337.785339,185.529160,42.857746,124.962502
336.085907,185.520935,42.949837,125.039337
335.166901,184.835068,42.805836,125.717995
334.753845,184.315781,42.763706,126.393364
333.097015,182.567108,43.017860,127.008919
331.990387,182.050232,43.570518,127.808098
332.025635,182.572067,43.946198,127.951851
332.110657,182.478424,43.926300,128.089462
332.709045,181.890564,43.757240,128.621902
332.887115,181.792847,43.946270,128.970337
333.224976,180.594650,43.818855,128.938263
333.457184,180.472702,43.891785,128.986984
333.502014,180.118286,43.966995,129.009460
332.794861,177.359970,43.919384,129.669662
331.996460,178.523804,43.594959,130.114731
330.470764,177.488220,43.942554,130.963959
328.163879,176.564163,43.775879,131.190750
325.285492,177.280670,43.934277,131.022705
322.279999,178.127930,43.879025,129.925171
318.361389,174.112503,43.668072,129.545624
313.675385,171.703506,44.656670,128.929825
