1
189.746262,215.498779,40.989059,108.445091
189.619492,215.137756,40.940887,108.268028
188.974106,215.327805,41.107079,108.279449
187.326263,214.916718,41.535309,107.556206
184.946198,217.015411,42.492188,106.656883
180.554626,224.257278,43.637455,103.781143
177.170212,231.839294,44.668461,102.107903
175.712173,234.836533,45.457386,101.425407
174.677811,234.655380,46.079506,100.557297
174.616104,234.792114,46.821529,100.842552
174.832626,236.310135,47.197250,100.979774
174.899399,236.431641,47.513309,100.923744
174.717163,237.129166,48.224415,100.830940
174.899323,236.699783,48.464615,100.702316
175.943588,236.037552,48.464546,100.602806
175.991028,236.859528,48.468758,100.653831
182.069595,239.883575,48.672752,99.119926
189.926651,236.896469,50.076595,102.178047
190.418060,236.366119,50.420120,101.989494
200.465424,233.831955,50.542473,100.422638
205.750092,228.304703,50.692913,100.125626
207.669861,228.732330,50.941116,100.545044
213.901672,228.972153,51.344387,101.763252
214.841522,227.581635,52.023083,102.753021
216.341187,228.121124,52.853443,104.812233
216.452835,228.012314,52.985386,104.873116
217.997894,228.060791,52.740040,105.087883
227.667053,227.309143,51.389519,102.496117
233.735977,224.937042,51.378208,100.305656
238.343567,225.575409,51.897148,98.865128
241.090759,226.100937,51.815403,98.044884
246.652771,225.298645,51.473343,96.334282
250.335632,224.979767,51.346844,95.197502
254.493134,225.523712,51.253777,94.460876
257.981842,226.308578,51.606682,93.755821
260.944458,226.319183,52.263313,94.387917
263.213196,225.751587,53.519905,94.111313
266.738495,225.807388,53.771755,92.930557
270.843628,226.944931,54.149033,91.676926
273.966797,227.440750,54.546059,90.370903
276.947083,227.404587,54.867088,90.156479
279.685913,228.554077,54.801765,89.654602
280.772980,228.953857,54.662403,89.857628
281.491882,229.098801,54.818264,90.003258
281.581421,229.347153,54.972900,90.460846
281.617798,229.369614,54.978481,90.476273
281.635284,229.366562,54.970058,90.459839
281.649261,229.386475,54.972725,90.461029
281.611542,229.309921,54.941944,90.683487
281.537262,229.467758,54.946686,90.994957
280.286804,229.062927,54.739738,91.414055
280.077240,228.082855,54.766220,91.375893
280.147125,228.127045,54.975101,91.481247
279.638977,226.672440,55.269112,93.013191
279.388977,226.250748,55.538956,94.078178
279.613342,226.401443,56.001320,94.527145
279.788086,226.503052,56.481167,95.023376
278.967346,226.260666,56.394859,95.723503
277.542816,226.533447,56.627174,95.822739
275.641876,227.173248,57.360565,95.574112
269.066833,227.751251,58.045433,95.603394
261.930817,229.548676,59.703484,95.671036
255.260208,233.732178,60.725792,95.122459
244.738464,235.783890,61.110798,92.127472
235.918304,237.326752,61.124512,91.890274
228.486237,238.163666,59.689335,91.394623
221.747467,238.852463,60.001667,91.836563
216.709869,236.807281,60.571396,91.460594
214.097290,236.410522,60.545052,91.972649
209.985123,234.974136,60.133812,90.901062
208.372147,235.586243,60.954399,90.999390
201.486450,235.142838,61.355118,91.456711
192.876144,236.644287,61.214779,90.851151
182.954880,236.115891,60.883286,92.713730
176.264633,238.946106,60.320919,92.718559
171.921600,239.771729,60.207733,91.549789
164.093704,236.056305,60.072567,92.114983
163.307510,236.291519,59.861767,92.104988
156.064117,235.964783,59.050331,94.791992
149.456268,235.204544,59.230793,95.641029
142.588028,234.455215,58.788681,96.159698
139.601135,232.981689,58.992821,97.614967
135.394958,230.245331,61.860233,103.644424
127.642014,227.374573,61.732750,102.850456
120.574554,225.713348,61.640358,101.888588
116.200073,225.002090,61.348930,102.125816
114.878288,225.126678,61.086464,102.240524
113.084305,225.123276,59.757401,101.527596
110.756584,224.301437,59.769478,102.801216
107.625572,222.075363,59.885242,103.058296
104.393921,220.905090,60.207890,99.540161
104.308151,220.765549,60.531578,100.201210
103.351105,218.464554,61.245323,103.622749
100.403404,215.333267,61.648632,107.976204
97.993431,212.762726,61.756413,108.740784
96.917877,212.613083,61.757771,109.088699
96.749748,212.697891,61.801651,109.543861
96.834763,212.765198,61.461468,110.054237
97.269684,212.552109,60.944580,110.716103
98.718811,208.597977,60.301521,110.374214
99.717857,205.809128,60.669647,111.726181
100.028770,205.358887,60.909565,111.786880
103.440392,200.262177,61.111076,114.642097
104.114754,199.903015,61.399132,115.819443
103.036041,196.833237,62.143051,120.817039
103.991127,195.280136,62.904091,119.845718
105.879333,194.751755,63.283180,118.678810
111.881683,193.152802,63.815117,118.051765
117.990570,192.556335,63.324001,116.844734
121.783463,190.527390,61.799133,116.713219
124.908646,187.529343,60.790577,116.296921
128.465347,185.988800,60.781528,115.371727
133.027832,185.803970,60.642338,117.025497
136.636856,183.462555,59.573112,119.649704
137.789368,183.055161,59.027882,120.655281
139.606415,181.701721,58.603180,120.099724
141.711609,182.036346,59.966438,117.673363
146.376709,181.099838,59.776787,116.223068
152.452332,182.003098,58.912189,114.225060
157.478714,182.821960,58.678493,112.762619
162.152664,182.029266,58.110191,112.318161
166.326828,180.204239,57.571667,112.499321
169.813889,173.139175,56.788036,109.619324
174.425919,174.498352,56.185093,111.241585
175.708389,174.568665,55.796551,111.903069
176.934067,173.888443,56.030697,112.450066
180.892960,173.013168,56.162441,113.920586
184.006332,171.688766,55.801731,114.317520
187.329880,171.427917,55.088097,113.846931
191.665237,171.738937,54.678776,112.456047
194.156845,170.819809,54.107368,112.475616
196.431015,169.904587,52.169098,112.245331
199.942734,167.418808,50.417400,112.951294
203.117218,167.153931,50.249424,113.063225
204.895584,166.521729,50.825954,113.012314
205.020874,165.515594,52.732098,112.394272
205.555679,165.066544,53.432846,110.661217
206.224304,164.506821,53.229965,109.896980
206.980164,163.250748,53.176899,110.417732
207.503891,161.526306,53.164349,110.117210
208.662613,159.689224,52.871616,111.560104
211.021561,156.020493,51.493546,113.152290
212.196930,155.615402,51.167355,114.023216
213.358536,155.848358,50.821426,115.007942
216.639221,154.191895,49.097054,114.685905
217.592621,153.842361,49.057003,115.136726
217.888702,153.994186,49.386032,115.387093
218.592499,153.964874,48.894672,114.744858
221.087524,152.138046,48.227314,114.187721
221.616806,151.863373,48.412197,114.485008
222.563873,152.396667,48.864166,113.658897
224.278503,153.265625,49.373692,112.216728
224.566254,153.422974,49.484608,112.524902
230.931747,154.953140,47.700310,113.794868
232.778336,153.900253,47.758312,114.140480
236.855942,153.442230,47.958263,114.058990
238.974121,152.573700,49.302723,115.038902
239.222565,151.954636,49.661350,115.491653
239.702682,151.443665,49.879311,115.262939
240.524582,151.219177,49.770142,115.227974
240.916077,150.645355,49.913986,115.258385
243.357010,149.916550,49.549641,115.224152
244.786118,149.390060,49.861790,115.716530
248.500626,149.339432,49.106441,116.450241
250.961639,150.768356,48.495163,116.092087
254.105865,150.242477,48.033443,115.351364
257.324249,148.294418,47.242874,115.118553
260.266998,148.476486,46.742161,114.772301
260.907593,148.290222,46.710609,114.765083
265.495636,149.135345,46.142948,114.241539
269.330292,143.364853,45.614113,114.448372
270.249786,141.999466,45.484417,114.803383
270.723572,140.602112,45.297100,115.577423
270.788483,140.820206,45.468529,115.909607
270.854584,140.799515,45.489452,115.928078
270.937866,141.640488,45.528320,115.458916
271.199371,142.034836,46.006382,115.243530
271.941711,141.521606,46.512016,115.217499
272.151306,141.874283,46.978569,115.266762
272.122040,142.500824,46.920624,115.114464
272.161804,142.715820,46.973679,115.416054
272.289490,142.494751,46.903847,115.447769
273.871338,142.190765,46.347839,114.756714
275.248779,142.906036,44.723522,114.446754
275.700836,143.210098,44.065933,113.605026
275.940552,143.656586,42.297211,112.764343
275.955505,143.258041,41.570980,111.953613
275.753174,142.670227,41.425278,111.453682
275.292755,142.619568,40.976566,110.259926
274.559235,144.209259,40.671925,109.408714
272.891510,147.781235,40.874325,108.580307
272.469879,148.806183,40.934269,108.013832
272.840027,149.553528,40.902237,108.296967
273.013092,149.729828,40.980972,108.588142
273.100739,149.917236,40.962963,108.959656
273.092896,150.575867,40.995697,108.784485
273.263184,151.074905,41.002361,109.271172
273.622955,151.633469,41.372452,109.499573
273.963867,152.217239,41.255642,109.212540
274.738831,153.339447,40.853996,108.297249
276.925629,153.425644,39.974083,106.084389
277.636780,157.798141,38.911568,105.667564
277.707184,157.865509,38.960316,105.962967
277.698853,157.901733,39.008175,106.100098
277.967102,158.087296,39.469296,106.484062
278.060181,158.195053,39.521965,106.576958
278.343109,158.433044,39.983383,107.015251
278.664307,159.064178,40.085045,107.269928
279.512817,158.478912,40.560303,108.865143
279.879333,159.886551,41.463875,108.476051
279.955109,159.921661,41.647617,108.818924
279.805054,159.872238,41.877335,109.166428
279.807556,160.022583,41.946423,109.486397
279.442841,159.209885,41.580097,110.311440
277.324188,159.138916,40.424080,110.735588
277.141174,159.239761,40.106468,110.785065
275.875824,159.595535,39.920853,111.055611
275.399536,160.243759,39.616302,111.398582
275.233429,160.624176,39.719040,111.488068
275.590515,161.702515,38.530678,108.420235
275.754517,161.550751,39.001648,108.777870
275.215302,162.566589,39.343929,109.233643
274.102386,165.030167,40.198376,107.701393
273.351044,164.973312,40.280842,107.702415
272.859985,165.111084,40.406475,107.950623
271.404083,168.975571,40.487858,107.142998
269.885773,169.549637,40.262184,107.337448
268.291229,171.490036,39.899796,107.460526
267.102814,171.437622,39.086857,108.389748
265.874603,169.631699,38.161949,110.349968
263.735718,167.531998,37.375301,111.508667
260.884735,169.627686,35.804947,110.629303
259.425476,169.385712,36.250881,112.002045
255.978226,171.120453,36.041309,113.776024
252.264343,173.831955,36.217640,113.812614
249.643768,176.254379,36.267292,113.448059
246.850708,178.231445,36.725243,112.955574
245.792480,179.246964,36.996017,113.413239
244.831924,179.293274,37.068928,113.244865
243.086105,179.630798,37.955635,113.295891
240.428955,180.574570,38.702919,113.752037
239.794052,180.744141,39.109879,114.191376
236.373276,180.713303,40.316788,114.898277
233.923309,180.784988,40.999546,114.644493
230.967834,183.895889,41.136833,116.792557
228.749176,184.236908,41.919903,117.487457
226.269974,183.615402,42.059818,118.419212
224.795441,182.995148,42.314423,118.366425
222.263794,181.252533,42.797131,118.921318
220.361420,179.614410,44.164997,120.756439
218.821838,177.669510,44.770130,121.672409
216.153061,176.013916,44.978378,122.205032
212.845078,172.697052,46.766029,126.486099
212.538940,171.841827,47.098980,127.211082
212.558929,172.022095,47.494965,127.712624
212.064804,172.267044,47.506721,127.893173
210.291916,173.804214,48.869152,127.669678
208.783020,174.466766,49.169449,127.517990
201.166962,178.278091,51.941952,127.552017
196.908829,180.232315,52.833660,126.808281
193.378128,182.543640,53.537487,123.974319
192.678955,182.241180,53.635994,122.445076
191.753281,182.681305,53.918495,120.873604
190.562592,182.949478,53.969074,119.685318
188.827896,182.662659,53.365032,119.717789
186.656448,181.963974,52.418781,118.991722
186.300964,181.595596,52.280338,118.681396
184.673477,180.702438,52.516907,117.613937
184.870438,180.899017,52.984028,117.945274
184.841980,180.350845,52.885681,117.465294
184.876083,180.046097,52.892689,117.176865
184.960434,180.202896,52.887566,117.366608
185.078522,180.307053,52.883251,117.517601
185.049988,180.539734,52.873589,114.822960
185.235825,181.156509,52.874096,113.556725
185.363342,181.956024,52.829681,114.063332
185.406952,182.242981,52.983753,114.473099
185.143585,182.051254,53.029705,114.076225
185.266434,182.039871,53.568043,114.505402
185.150711,182.280457,53.294029,115.883247
179.907913,186.482269,54.023491,117.954857
178.852692,190.472458,54.787251,116.720642
181.090134,197.079620,54.050671,121.342705
181.814438,196.689102,54.335346,121.406212
182.369965,196.947433,54.556438,120.679092
183.039719,195.476044,54.460999,120.600014
183.507523,194.426453,54.179794,121.416641
183.885117,193.028641,54.271355,120.494064
185.331726,189.592880,53.678913,120.960663
187.401001,188.565155,53.146961,121.126923
188.457779,188.379181,52.843651,121.512688
189.358917,187.555603,52.130379,122.386459
189.474930,187.656082,52.401623,122.406479
188.419846,186.988052,52.532272,122.033920
191.277756,188.098480,54.619160,121.759338
189.961975,186.882492,54.740349,121.898132
189.463959,185.719986,54.883385,120.941154
190.462769,181.158005,54.557083,120.599342
192.371353,178.831070,54.757561,119.231102
191.210083,179.238541,56.797333,117.211029
192.853195,175.968750,57.142361,116.104118
196.526947,167.226669,57.224148,115.926323
197.677933,166.726349,59.108654,115.942245
196.385925,176.117905,60.285881,112.577194
194.527176,176.948822,62.914616,112.768333
193.407944,177.597565,64.200943,112.727417
191.232285,178.388199,66.594452,112.634857
188.230331,178.085159,67.195114,112.704521
183.585663,176.777191,68.669044,113.650429
174.509308,181.651520,71.478714,114.526741
172.909882,182.663696,74.993233,119.507431
171.266251,184.745834,79.361656,124.094490
171.316895,189.239182,82.230759,127.858421
170.858246,191.226303,85.428169,132.260162
169.468262,195.669434,88.829323,136.779343
168.873169,196.428665,89.976624,138.076767
167.349976,197.542633,93.488480,141.095566
166.607925,199.571152,95.453850,142.873947
164.386993,202.638596,100.954025,143.077072
163.191055,205.302963,104.340256,143.973129
162.147858,207.616837,108.446426,144.568909
162.209869,210.885071,110.885292,145.068985
163.193283,213.204956,117.069801,146.194489
165.424988,212.553024,119.788811,147.327377
167.219452,213.868423,121.796234,147.605377
167.482285,214.254807,123.133110,147.859192
168.785721,214.040283,124.913048,148.128448
168.729752,214.246628,125.374008,148.429367
168.358612,214.509354,127.079971,148.429886
168.414627,214.642456,127.701416,148.381577
168.150024,214.890869,128.569275,148.393005
167.527573,215.219864,129.732300,148.359222
167.100616,215.358032,130.317291,148.383789
166.910202,215.473740,130.684067,148.375168
166.872086,215.605545,131.090393,148.377563
166.944305,215.863846,131.534851,148.334854
167.041687,216.156769,132.029205,148.317505
166.912247,216.867813,132.641144,148.124725
166.947144,217.362244,133.072647,148.261871
166.983871,218.578903,133.531815,147.624695
166.753113,219.344452,134.304504,147.526810
166.799698,219.878052,134.472946,147.731812
166.756866,220.249222,134.471878,147.778610
166.724228,220.568054,134.450714,147.788193
166.677612,221.164215,134.423416,147.568054
166.712021,221.625580,134.427933,147.760529
166.742737,221.784775,134.430862,147.912552
166.764618,222.016449,134.444626,147.845383
166.769943,222.390366,134.432571,147.776611
166.795120,222.601196,134.429779,147.881653
166.710251,222.746826,134.443146,147.896759
166.730148,222.824020,134.430405,147.925446
166.752106,222.928955,134.436310,147.933472
166.724319,222.995331,134.450027,147.917816
166.655701,223.084503,134.423355,147.927917
165.771408,223.294174,134.162918,147.865097
164.799957,223.820206,134.128708,147.737564
164.722672,224.281418,134.349960,147.742477
164.533997,224.863495,134.351715,147.764954
164.399155,224.927765,134.364227,147.899826
164.136902,225.004990,134.267090,147.921219
161.849442,225.078537,133.456863,147.233627
160.640167,225.461258,132.838364,146.177673
158.315796,224.315079,132.328232,145.017120
158.430435,224.698624,132.405914,145.218979
158.500900,224.824341,132.410477,145.418045
158.638519,224.861084,132.172821,145.335266
159.011688,224.868378,131.905991,145.231766
159.019089,224.165421,131.452972,145.162491
159.128876,224.532211,131.247986,144.856003
159.831467,224.572998,131.079544,144.412354
160.381180,224.723923,131.083694,143.919525
160.648575,224.834015,131.325394,143.168121
160.878799,224.774597,130.750244,143.353958
161.068848,224.895599,130.880554,143.327744
161.349106,225.049103,129.651596,142.977936
161.520828,225.163040,129.911407,142.825592
161.719650,225.298187,129.657135,142.885742
161.988464,225.226868,129.648239,142.940155
162.384354,225.375168,129.498169,142.708389
162.345779,225.373322,129.197113,142.980240
162.132034,225.245453,129.169815,142.829803
162.332169,225.489655,129.178711,142.726425
162.489838,225.637711,129.424072,142.931915
162.530197,225.843323,129.144272,142.728592
163.209244,225.972351,129.167465,143.088898
163.452072,226.200348,129.379013,143.475906
164.281006,225.515869,127.312927,143.456741
164.071533,225.139099,128.754547,143.516693
164.091385,225.197311,129.542740,143.833313
164.068283,224.810059,130.321548,143.972839
163.286911,224.674240,131.322189,143.935059
162.973740,225.538864,132.587692,143.425171
162.967072,225.558868,133.286880,143.503845
162.330948,225.786270,134.053772,143.528778
162.576996,225.980759,134.437683,143.936203
162.610184,225.898056,134.449783,144.019958
162.736877,225.886169,134.581802,144.491852
163.190155,224.387054,134.875519,144.967377
163.363815,223.752518,134.885544,145.743256
162.300018,222.660706,137.793671,147.132935
162.625381,222.273178,138.087387,147.789551
162.582764,221.296173,138.794922,148.654053
162.389725,219.499313,138.738464,150.480164
162.544632,218.643387,139.109451,150.617249
162.233521,217.234543,140.445206,150.533447
162.222168,217.479401,140.463669,150.921402
161.691498,213.918182,141.516556,153.142334
161.648926,214.003418,142.413452,153.437531
161.666290,213.922150,142.457672,153.460251
161.664795,213.934982,142.469833,153.435608
161.680664,214.058151,142.461517,153.358948
161.346527,213.940201,143.978149,153.421005
161.360168,213.978760,143.960312,153.416580
161.366577,214.029221,143.934601,153.428818
161.313049,214.089127,144.116119,153.307480
161.499771,214.185394,144.429489,153.433426
161.535278,214.226669,144.424408,153.445099
161.551697,214.273834,144.484833,153.402176
161.553040,214.321976,144.425262,153.433441
161.587158,214.354446,144.427963,153.433151
161.620239,214.363495,144.420868,153.419281
161.654709,214.397034,144.426407,153.429901
161.710220,214.151260,144.396301,153.634293
161.763504,214.202255,144.448700,154.145142
161.796265,214.428467,144.417206,154.482925
161.850296,214.457916,144.406982,154.476334
161.907852,214.495804,144.418457,154.464172
161.957336,214.538406,144.413834,154.471634
161.998367,214.533524,144.424698,154.411209
162.012115,214.397430,144.486450,154.267380
161.917496,214.507782,144.657608,154.020782
162.121124,214.753403,144.962067,154.430740
162.153397,214.813934,144.914368,154.458115
162.327515,214.814804,144.777817,154.667282
162.460114,214.977859,144.907593,154.954315
162.590118,214.996094,144.851852,155.036606
162.948135,215.420364,144.728714,155.696823
163.593903,215.855133,144.650955,156.019089
163.937897,216.277176,144.822433,156.462555
164.308945,216.578751,144.735855,156.548782
165.306473,216.878021,144.479095,157.210831
166.616501,216.851898,144.010559,157.486618
167.647232,216.791107,144.096161,157.701828
167.853302,216.921295,144.406769,157.937683
168.235916,216.935928,144.182205,158.268814
168.548645,217.043335,144.340744,158.493851
169.480072,216.840866,144.315567,158.087662
169.711777,217.054001,144.363007,158.418564
169.753265,217.074951,144.423676,158.421387
169.788895,217.098587,144.401398,158.413559
169.834991,217.141876,144.427933,158.430374
169.943375,217.223740,144.296707,158.580444
170.074005,217.428391,144.399933,158.967606
170.330154,217.487442,144.346466,158.965363
171.360992,217.930511,144.198273,158.879807
173.454575,218.248276,143.758057,159.312653
173.748550,218.800705,143.664108,159.011414
174.301163,219.130661,143.759949,159.515945
177.304626,220.411835,142.484009,159.765167
177.758911,221.189651,142.184143,159.907959
179.731049,223.044617,142.428741,159.091034
187.703033,225.889679,142.968094,158.679535
195.305573,227.846756,142.979843,157.746826
203.706696,227.640259,143.128525,157.238586
210.865173,226.186859,142.814911,157.788849
218.186737,226.395447,142.474411,158.030243
236.175293,222.674255,141.069794,159.352890
250.686172,222.689270,141.965347,158.655914
260.919250,223.455780,140.004623,160.098282
263.285889,221.897598,140.615784,162.220535
268.536163,224.072372,140.608353,162.603592
268.978973,223.892944,141.083145,163.377853
269.297821,223.513870,141.473785,163.697327
269.610138,222.870728,141.495331,163.814224
272.211761,221.557785,141.602997,164.632416
273.131744,223.260345,142.458374,165.091476
273.103577,223.998581,142.564484,165.390472
272.838898,221.141525,142.041885,166.142883
273.763367,221.600708,142.759827,166.950836
273.186615,223.484772,143.442291,166.980301
273.056732,223.584564,143.440918,166.893127
268.643433,224.041290,144.052139,166.180542
265.961395,225.301025,145.489365,164.176498
267.910614,227.619583,145.948700,163.326004
273.058228,227.569290,145.340652,164.743912
272.932922,227.249817,145.747665,165.066864
2
0
0
0
0
1
401.005188,215.719391,73.226601,131.912750
398.937195,214.525223,72.752129,131.173645
399.915955,213.032379,70.444954,130.885986
398.563263,211.404892,70.055748,130.488800
397.095093,208.956436,69.612625,130.208435
394.014709,206.261978,69.332497,131.252365
391.804230,204.065033,68.877014,131.462189
388.533325,201.257812,68.364838,131.524536
384.242706,197.207794,67.085564,133.024338
382.311890,193.951279,65.737274,134.311081
376.884186,188.111404,64.283875,136.294769
372.913330,184.864471,61.961342,136.435318
369.113403,182.751892,59.639809,136.538055
364.418335,182.226288,58.263489,136.884247
361.913300,180.591003,56.118221,135.830994
359.312225,181.348679,55.176613,134.576111
356.855377,181.301163,54.043781,133.532242
354.725159,180.238785,53.484833,133.439606
352.311615,180.795212,52.388683,132.572601
349.964172,180.206482,51.708286,131.886368
349.267853,179.938614,51.419285,131.575684
347.797729,179.726242,51.288200,131.099869
345.300751,180.489655,51.088600,130.868637
344.907928,180.594376,51.427059,130.732468
344.365906,180.771683,51.515236,130.599335
343.618347,180.432587,51.732971,130.725998
342.018433,179.488586,51.897701,130.271057
340.350891,179.568298,52.099590,130.086014
340.431732,178.845444,52.425850,130.640854
340.436493,178.707306,52.425674,130.858353
340.097046,178.027679,52.225239,131.031738
340.091461,175.499496,52.115372,131.260727
340.130890,175.683136,52.519180,131.351944
340.332214,175.804474,52.891502,131.573929
340.262543,175.874054,52.917400,131.781097
339.677521,175.330200,52.821026,132.085678
338.328094,175.630310,52.751183,132.211914
337.700287,176.148468,53.023178,132.081711
335.388428,176.302170,53.735153,131.010651
335.407349,176.145218,53.999451,131.210449
333.731049,175.065811,54.104340,131.030594
332.191406,174.545502,54.561954,130.991608
330.233002,175.581696,55.032444,129.984314
329.730835,176.017487,55.451534,129.970932
328.549286,175.019135,55.329285,130.627518
328.145050,174.987732,55.651520,130.669052
326.875824,174.882690,55.576603,131.165741
326.765228,174.818024,55.872650,131.587708
326.013641,175.016693,55.824501,132.153397
324.793396,175.979431,55.763603,132.318542
323.464844,178.215134,55.848457,131.828766
321.547729,178.625153,56.029976,131.463608
320.624695,180.055161,56.507786,131.083008
318.368591,180.802200,57.010056,131.383835
317.374786,182.309097,57.702641,130.844681
315.466034,183.451584,58.029884,130.575089
313.844482,182.203125,58.529007,130.289429
313.148560,181.946777,58.990108,129.960403
312.664795,181.177582,58.954693,129.816055
311.232910,178.498825,58.454464,130.305618
310.573792,178.323639,58.336121,130.612930
310.255920,178.215866,58.441578,130.939697
309.977600,177.845566,57.927055,130.740555
308.571716,176.520645,57.424919,131.379852
308.598938,176.551254,57.445011,131.480667
308.271271,176.354736,57.296253,131.472595
307.796814,175.538635,57.209602,131.320969
305.523468,173.595978,57.311253,131.470047
305.303802,173.418900,57.319462,131.606781
302.996246,171.409958,56.637821,132.818466
302.675171,171.370850,56.887104,133.137604
298.865295,169.919373,56.558842,134.482346
297.099365,170.779449,56.966526,134.265594
295.330780,172.145370,57.131130,134.111969
293.763611,174.455322,57.251968,134.165634
291.543793,174.615738,57.467484,134.202774
290.484680,175.136292,57.598030,133.773270
290.096863,173.647232,58.087154,134.231934
287.946350,171.633011,57.895023,134.877228
287.562561,170.235657,57.281921,135.286209
287.320801,168.908676,57.339096,135.712906
287.368713,168.967712,57.490227,135.984711
287.456085,168.449371,57.500225,135.943893
287.756104,168.175858,58.020363,136.051926
288.338623,167.441895,58.393951,136.225708
288.400909,167.531998,58.468575,136.446930
289.449188,167.672028,57.991005,135.030411
289.758209,167.021576,58.374424,136.245682
289.851990,166.836182,58.588371,136.361450
289.930115,166.467072,59.271877,135.922668
290.082520,166.357254,59.862755,135.864548
289.317169,166.224426,62.149742,135.582367
289.050537,165.986572,64.115219,135.433365
288.694855,165.290741,66.195259,134.800034
288.780884,165.222626,66.874184,134.974091
288.832336,164.947403,67.641518,135.079727
289.117737,165.185349,68.251923,135.532150
289.231567,165.460846,69.117241,135.749374
289.335754,165.610428,69.465584,135.750519
289.261047,165.477005,69.543404,135.650787
289.326630,165.362762,69.965736,135.590469
288.175842,164.172089,69.946182,133.773193
287.483582,163.261444,69.894699,132.557175
285.435333,160.993225,68.357414,131.692078
284.977112,159.403061,67.973022,131.108231
284.903168,159.432114,67.837173,131.102768
284.956390,158.654419,67.867462,130.545212
285.031799,158.815399,67.946381,130.837051
285.731171,157.261185,67.430641,130.488388
288.581207,154.019669,64.479607,131.190308
290.517029,152.976532,63.210487,130.800323
292.910889,152.494247,63.209064,130.155807
295.251526,151.755173,63.107521,130.298798
299.219208,152.601120,62.802223,129.420578
302.895355,152.496902,62.162430,127.916862
305.556915,152.714706,60.909142,127.159988
307.699493,152.666183,60.135674,126.424606
310.129974,152.748032,59.616035,125.951332
314.313080,152.865463,58.769695,124.311440
315.227234,152.878006,58.334557,124.480125
318.236664,152.202026,56.737846,125.771004
319.796448,152.251358,56.515896,125.831619
320.261383,152.245331,56.840034,125.668892
321.665680,152.355804,56.431034,126.065521
321.679321,152.645309,56.451553,126.270432
318.903534,155.748383,56.378296,125.942116
316.881744,159.223602,56.614326,125.248451
318.669464,157.392792,57.031403,125.209175
320.928162,150.354797,56.516365,125.452400
321.312012,150.375397,56.896729,125.567047
321.290253,149.513641,56.734089,126.581017
321.162689,138.598282,56.236118,127.931496
321.857391,137.461136,56.335018,128.032761
322.548492,138.827881,56.350857,128.611816
322.158234,139.460052,56.523499,128.663208
321.448853,138.539673,56.885086,129.084854
321.076782,137.423981,56.902431,129.635742
320.492432,135.693939,56.918743,130.285431
319.944214,127.612694,55.435192,134.503067
319.952789,127.852089,55.454250,134.953568
319.988068,128.994827,55.167839,135.128708
320.167542,131.343765,55.332840,134.944885
319.798981,133.738617,55.237946,134.113892
319.057434,135.190735,55.421532,134.481415
317.982178,137.015045,55.899525,133.862976
313.667236,143.055084,57.342747,131.403214
313.969025,144.629639,57.329079,131.185776
313.923248,148.845413,57.811237,132.405197
314.001129,148.958862,57.983727,132.388245
313.646210,152.696609,57.816505,133.177628
313.831390,153.151276,57.896320,133.170242
314.171173,156.006180,57.823959,132.364487
315.548431,158.557190,55.912563,132.348190
315.712097,160.654404,55.770237,132.387924
320.117554,165.164886,54.469799,133.281357
324.588013,182.330460,52.720219,133.586914
327.956024,171.997726,52.568855,130.748108
328.163696,172.123108,52.959064,130.958862
328.250916,173.437698,52.431580,131.269882
328.256287,173.975479,52.336166,131.446533
328.546570,176.103683,52.307598,131.285446
330.879974,179.919937,52.356796,131.215485
335.502350,182.124649,51.535358,132.050873
337.531158,181.279160,51.155972,131.054276
342.030609,189.825775,52.758198,132.506058
346.232025,191.973618,52.617352,133.049042
351.250946,197.561859,52.827724,132.875198
354.852234,192.678299,52.236313,132.148010
361.463013,193.778549,52.522327,131.582993
367.652740,201.351990,52.220627,131.211121
371.366760,203.874298,52.311142,129.701019
378.057892,204.982651,51.971886,127.070236
2
0
0
0
0
1
336.652618,210.243790,50.595688,121.347954
337.828217,209.859604,50.507599,119.456314
338.144012,209.972519,50.834774,118.679672
338.188721,209.832367,50.944485,118.827286
338.188477,208.018219,50.507923,118.690132
337.709442,198.871521,47.347176,120.629868
337.558594,199.613754,47.322254,120.593346
337.801178,199.803879,47.311428,121.086975
337.939819,200.013229,47.449276,121.481544
338.486023,199.730698,47.188210,121.646164
339.939209,200.437805,46.801105,122.016876
341.076141,199.987167,46.491501,122.597466
341.787811,199.443283,46.173908,122.836075
342.202789,199.194016,46.356243,122.986839
342.374817,199.095810,46.426563,122.930298
342.525726,198.818024,46.414585,122.953056
342.670105,198.207809,46.381504,122.965096
343.338745,196.212814,45.260002,123.183411
343.614197,192.036438,44.052555,123.090591
343.579712,191.916840,44.001740,123.376953
343.671661,191.761337,44.065979,123.259476
343.125519,191.980408,44.279617,123.293091
342.515381,191.249512,44.340549,123.702209
341.990845,190.581680,44.296726,123.512833
341.996735,190.845963,44.400337,123.891975
342.045166,190.928864,44.473503,123.918671
342.043518,191.046173,44.454762,123.867241
339.086914,179.917542,42.085186,135.341248
339.300903,189.110931,42.695992,126.717888
339.452576,189.263580,42.977795,126.937279
339.464020,189.278137,42.979248,126.945145
339.468567,189.297241,42.976227,126.943481
338.746857,188.089447,42.836971,127.013275
337.120209,186.940109,42.789562,127.254135
335.024445,184.036240,42.541992,127.945526
334.805878,183.736511,42.955997,128.184052
333.128815,181.736664,43.020493,128.764359
331.880920,180.887466,43.575825,129.289139
331.945160,181.352356,43.963955,129.503876
332.130341,181.005768,43.921906,130.225677
332.899231,179.461090,43.546047,130.672043
332.905029,177.987701,43.996208,130.973038
333.028107,177.927490,43.906544,130.980423
333.252167,177.935013,43.844959,131.015366
333.360443,177.820938,43.952068,131.520935
332.609467,175.916626,43.909531,132.086639
331.559845,176.731171,43.678570,132.607590
330.401306,176.173996,44.108047,133.305389
328.230835,175.995865,44.289055,133.592682
325.735718,176.662537,44.517345,132.959869
322.542114,177.082550,44.850212,131.348358
318.535034,173.482635,44.584705,131.193954
313.211700,170.490723,45.201889,130.448181
