1
111.080490,53.329479,149.047592,139.791931
111.410858,49.900513,141.779663,136.313019
108.799065,45.535282,138.412857,130.243759
103.527084,39.269909,136.908264,127.556198
100.811256,32.839272,136.505249,125.977760
98.030342,28.067015,139.847855,120.972633
99.980690,25.210016,139.081223,119.669601
102.697510,23.378139,139.503067,118.381508
105.114487,20.659330,139.572571,117.421982
109.841354,19.388968,137.201569,117.204796
119.136368,19.834595,135.133820,117.094872
131.610260,18.146683,131.275375,117.253555
141.002029,16.775412,123.353714,117.244774
147.002777,17.957483,122.184120,116.871124
151.230438,19.579199,119.843201,117.559906
154.267319,22.698910,119.415527,116.524536
164.035919,29.787735,114.028915,120.302879
169.187119,37.807888,110.620979,123.560959
174.344803,44.505260,107.406006,123.271782
176.944336,48.624996,105.840584,123.077347
180.579926,54.840328,101.863037,126.338936
185.607773,59.941429,102.494530,125.002594
185.860275,71.436134,99.614891,123.209198
192.124329,78.521515,99.240974,121.339424
182.691315,85.228729,105.162285,117.302635
187.380066,85.908112,105.528496,114.696999
186.192719,87.539101,106.790657,113.929764
191.694321,86.518227,103.117317,115.719749
190.150681,84.894394,102.678284,116.702705
186.923874,81.256874,101.670029,116.651840
186.707565,79.962959,100.179642,117.742043
182.013397,83.147400,100.219284,119.515091
183.442413,82.795448,98.209274,120.751457
183.181168,74.948166,97.047188,124.898430
184.331787,76.291946,92.706863,124.546906
184.169312,81.963646,91.179893,125.517372
182.298477,103.573502,87.137901,113.552994
184.431656,109.424026,86.254478,107.514931
182.776794,109.927940,86.658295,107.516258
180.453964,112.761436,86.301849,107.299088
181.055664,113.237930,85.390106,106.517891
182.116776,111.695518,85.369072,106.645233
182.634033,112.377426,84.948677,106.350029
182.981720,113.795708,84.345230,105.634583
184.912933,119.451515,83.623222,104.054710
186.745834,125.888184,83.895126,103.499611
187.774002,134.946823,83.260887,101.804466
190.160400,144.604431,82.375107,100.155006
193.105103,153.139603,81.304947,100.980515
194.012817,160.006958,81.379105,98.166397
196.895737,167.919876,81.444664,95.480576
201.673203,175.067383,81.514160,91.838135
203.224609,179.297348,82.352280,90.205063
205.531265,184.582275,80.769096,90.343880
211.503967,193.749161,79.195129,89.802467
219.490005,203.563873,77.635796,88.390717
224.570847,209.728302,76.095757,87.158966
234.611664,218.031769,74.587830,85.404854
242.233276,224.450500,75.211342,83.193466
252.256851,228.544754,75.423096,82.689316
260.110931,231.513840,76.356689,81.739105
270.762054,230.723434,77.398926,81.031158
280.278900,225.696411,79.249184,82.669098
289.128113,217.809967,79.550377,84.234138
296.375427,207.182755,77.282852,86.340897
305.746307,197.790146,77.034317,86.208397
311.691132,184.806442,76.715462,86.243721
318.083160,171.182907,78.296494,81.864738
322.404602,151.250198,79.015663,78.885376
328.182526,143.584961,72.667374,75.439346
338.192871,134.313110,72.485695,74.941200
350.573792,117.898300,71.878036,76.528046
364.122192,97.978989,74.890259,78.445946
364.165619,83.044746,78.705330,83.213524
368.882294,69.313278,74.910889,90.218147
366.079315,60.701382,73.821877,87.480141
362.788330,43.954044,72.123871,87.389175
362.787354,43.777580,71.458199,86.804077
363.262421,52.361111,72.297531,83.723137
360.838715,55.233135,75.287384,85.593544
356.545013,67.848480,76.637428,84.891663
349.017914,81.974152,78.360085,82.720383
340.128510,97.410782,82.725433,79.396744
331.214905,103.127243,84.045998,78.470947
326.889618,111.337204,81.657127,78.935806
324.185455,122.613914,78.368858,79.632843
314.187469,126.406876,79.127861,79.861870
312.186218,142.016663,77.054688,82.227493
2
0
0
0
0
1
255.447968,38.520821,145.596924,151.506287
247.561600,40.518501,141.068878,154.172897
237.445648,40.769566,137.992722,155.247101
233.375687,39.085995,134.724426,157.789169
230.755646,38.760551,134.574646,158.934875
226.394180,40.273952,136.958405,157.251572
223.265823,38.996868,138.600922,155.306351
218.941803,33.815762,141.245483,155.897980
218.455582,33.759148,142.492203,155.396423
212.543701,26.135092,144.389053,149.935013
202.557709,30.948071,150.318512,144.769775
193.930069,31.789602,161.426376,146.431305
199.013214,43.846489,163.158524,149.438736
194.053741,43.996239,161.541229,150.588806
190.666641,46.371136,161.251801,154.242004
187.765228,55.317051,165.288742,165.459534
172.956802,61.370407,165.093079,164.972443
177.715820,64.987839,165.850128,166.979935
157.095322,67.073021,162.476318,165.301010
158.721329,66.828049,158.546371,166.654877
159.179520,67.372780,158.494537,166.909561
161.105804,68.444107,155.749863,164.729645
160.573090,78.845291,153.261322,160.051834
160.906174,79.289116,152.956146,159.872513
133.577072,78.531166,157.166321,155.352448
135.124680,78.057732,156.668732,153.638092
135.594193,78.155357,156.581161,153.312820
135.853821,78.756554,156.601898,151.746674
136.131012,73.172638,155.624786,151.679413
132.090012,72.267601,154.162735,150.207962
129.986145,74.283943,156.648773,146.232468
122.835434,73.416618,163.298279,143.438171
116.313416,68.493958,169.697281,140.153046
112.931396,65.078255,174.243423,139.354248
107.820923,72.701126,180.065628,129.658279
91.929955,80.389000,181.697647,121.962646
101.078323,77.475258,179.126434,118.720535
112.796661,73.595345,176.035065,117.364037
119.880806,72.152458,174.639221,116.052155
120.887207,72.006783,174.040863,115.772568
123.285927,67.723160,175.114365,110.274979
126.357307,65.314713,174.291290,109.544319
131.243500,64.413124,172.233521,109.810059
139.487137,61.745277,167.711868,111.879639
137.616837,62.485859,166.442871,111.792595
137.305817,60.002338,166.428406,111.764435
139.978012,63.122814,164.124298,112.537941
152.400528,74.910217,160.627441,111.301933
145.381516,64.536339,157.580719,112.346024
150.676910,68.368523,155.085785,111.631638
147.124344,71.235832,155.701477,110.959846
146.180313,82.248909,153.951614,108.005997
166.808289,108.667122,143.933670,104.074280
170.708191,119.970642,135.030228,102.683708
176.437805,125.066528,124.557320,103.784317
177.565536,129.131760,118.799187,103.018074
182.780304,136.815170,110.426003,102.550255
187.929031,143.670135,103.330170,99.210564
189.727539,147.940033,99.444122,97.396576
192.025772,150.910904,94.718048,94.626869
195.192352,151.499695,91.072273,95.048576
197.588852,156.244400,90.272369,93.777214
200.570831,159.130417,88.523018,93.215561
204.247421,162.809921,87.646637,91.298317
206.967239,164.386597,85.375252,89.519241
208.194763,164.719070,83.816650,88.746071
209.934875,166.111099,82.401451,85.437187
211.142227,167.724777,82.409943,81.449379
215.292709,167.619919,82.059227,80.592491
