1
102.034088,52.562714,150.321060,127.503075
105.237495,48.969891,138.284180,128.143509
98.934219,41.689552,134.580704,122.312813
97.780891,37.646263,133.304550,121.609924
97.091606,33.076752,130.519012,121.857948
97.241051,32.568535,131.135269,121.668961
98.800934,30.999243,131.458389,121.050095
104.035431,25.202456,129.530594,120.318001
114.160614,21.072140,129.328171,119.828804
118.120247,20.035845,126.649818,119.616524
124.087532,19.252951,122.639862,119.856110
136.383057,18.086189,116.697769,120.158020
146.280060,17.188984,111.301880,120.735107
153.168381,18.738665,110.564301,121.078384
156.751999,20.683699,107.136757,124.101646
159.228790,22.660921,106.976639,123.975388
167.840622,30.564520,107.500771,123.774277
170.402573,38.330029,106.219872,124.758629
172.924500,42.296230,102.309784,124.939087
174.369904,46.496212,103.755821,123.073509
177.128220,51.923393,101.406349,123.516998
183.339630,57.838181,101.511909,121.377548
186.889236,64.344063,101.534134,119.180969
193.773331,78.653603,100.669411,117.315201
190.915817,88.119873,102.050934,110.788795
190.871140,88.183914,102.308563,110.727684
190.230743,90.395401,102.935165,110.050476
193.955734,89.724335,99.807724,111.898453
189.697922,88.230698,99.213287,113.393509
185.079483,85.744438,98.467438,113.051025
183.247009,86.074768,97.589218,113.587364
183.231689,85.776581,97.846626,114.073074
183.276489,85.951576,97.938141,114.503853
184.748337,83.160225,95.004837,116.381340
188.502258,83.753273,89.408745,117.333389
182.407700,93.697762,87.006065,113.803375
182.072830,106.273842,85.069412,105.769821
183.985794,111.518028,84.526779,103.049301
181.999405,112.483498,85.582100,102.370834
181.240417,115.686317,85.486420,102.323051
181.681900,116.100883,85.019264,101.840759
182.691284,116.098343,84.793861,101.233994
183.063629,116.138489,84.299919,101.388084
183.635559,118.170166,83.390839,100.005684
184.993332,123.087715,82.749115,98.973190
186.728149,130.559692,82.883873,97.360733
188.515869,140.282379,83.422523,95.761993
190.362701,147.606613,83.150513,95.292496
190.907181,155.607727,83.485466,95.465210
192.225800,162.218643,83.055382,93.561264
195.103989,168.073547,82.854637,92.654999
198.016434,171.878494,82.229568,91.378700
200.745514,177.277191,82.546440,89.345955
204.517563,185.079575,81.706001,88.945732
211.247253,193.000824,80.065346,89.599861
217.009415,200.826355,79.013878,88.475418
226.003052,208.078110,77.726707,87.641159
234.419846,215.386353,76.813698,86.646133
240.826721,223.045517,78.211929,84.871582
250.602020,227.832367,78.980118,83.455269
257.618225,230.952148,80.529549,82.596870
268.395264,230.738495,81.520500,82.503845
279.290070,226.040924,82.818993,84.397041
287.107574,219.037750,82.882019,84.572792
293.468445,208.383514,80.192062,88.194908
303.770172,196.144669,79.487404,91.885559
309.203644,181.985596,78.469299,92.998642
317.036591,165.800873,80.157860,88.875870
320.366913,149.410995,81.864471,85.799843
326.127411,143.083405,76.229744,79.866661
335.179199,132.626556,76.182236,79.281082
350.868225,115.763397,76.221596,78.641037
361.441132,96.656563,81.170113,79.898338
360.150055,86.238297,85.653442,80.767288
364.020203,77.076332,82.647003,84.911064
368.014252,67.494240,81.781021,81.124664
370.312988,60.177635,81.907097,79.998108
372.605438,59.595829,81.829582,80.844139
381.415833,78.651115,80.663971,81.059830
380.514587,80.832901,84.162827,82.246437
382.471497,104.796539,87.836746,78.596169
363.954742,112.068825,92.976776,76.656326
350.937897,124.450912,96.084442,76.463791
337.695862,128.813919,97.756874,77.961700
2
0
0
0
0
1
289.080078,8.249119,156.989319,162.410172
268.394257,14.134765,156.444061,160.051468
240.560425,27.149588,157.005341,161.728973
237.417511,30.746000,148.905991,161.131332
241.700241,33.734642,142.904282,161.259476
240.316742,34.422482,140.106369,161.748230
234.679382,37.125092,140.361938,160.551514
232.254578,36.827034,139.802582,160.485916
230.285995,34.291710,135.629791,160.833374
226.754608,33.358192,134.608185,163.788208
222.641434,29.947660,134.148102,160.064621
221.853531,28.854359,134.507095,160.135513
220.624512,26.830832,135.508636,155.488724
210.289307,27.860952,139.371826,148.063782
205.922165,27.957222,143.811493,143.773071
195.494766,29.815586,149.839264,138.643173
185.640961,37.301250,158.672211,134.315887
174.812592,45.384266,156.523727,133.990311
176.247787,48.650715,154.598022,138.511139
184.097061,56.447800,155.242584,140.669464
183.061859,63.716164,156.897705,143.549561
174.939804,65.149269,152.105453,145.982330
166.037827,63.848598,149.762650,143.477875
151.219559,58.714531,145.036926,139.304047
158.256226,67.528862,144.290344,139.065079
162.327927,75.994659,143.928650,135.760788
165.279480,86.695282,135.602966,136.852737
162.466476,89.611435,134.499771,134.501038
154.526993,90.740234,136.107849,129.766190
151.907410,90.900513,135.808105,128.095200
150.783310,90.858849,135.884567,128.332474
148.076492,92.159889,136.761169,125.668221
150.116898,89.957283,137.328384,127.252312
153.478958,93.899200,141.965744,124.441772
147.367538,81.703438,143.990692,125.248024
143.022781,65.083687,154.169800,127.802834
164.585251,58.182625,163.669373,126.345161
158.873108,43.247032,172.625198,128.244278
168.087738,36.170143,180.803604,128.042633
189.114578,37.662632,196.430099,125.099442
213.492996,37.137703,209.091461,124.930649
213.286270,35.432831,217.462387,122.887184
198.822998,34.354366,233.126114,118.049965
191.965179,36.459911,242.693954,116.264900
168.669418,32.894165,249.788055,114.525085
158.224442,33.389515,245.997665,113.419731
149.828384,33.762150,241.338165,114.010201
147.201462,33.833374,237.866852,114.149330
142.320816,33.575752,237.207977,114.485550
131.516907,35.296799,231.073120,114.980827
125.260246,37.319649,225.019440,116.062965
124.166031,39.347122,222.572586,118.139084
117.236931,42.973751,223.091522,119.978004
115.592880,43.359158,224.220215,119.966393
111.246582,45.196911,225.148010,120.220253
102.063385,45.542515,228.027786,120.534988
99.153427,46.244736,227.276550,121.674393
86.629662,49.343365,224.923965,123.809364
85.003113,48.086594,225.175323,124.573174
84.839325,47.553146,225.703049,125.955460
83.680946,47.136700,230.496887,126.341553
81.766647,46.852959,232.362350,126.458633
79.057213,43.095413,238.635681,126.201775
2
0
0
0
0
1
217.413116,178.667160,65.902222,64.483841
217.459503,178.671646,65.969131,64.470634
217.583389,178.834381,65.963036,64.270363
221.498520,178.995270,67.582787,63.630695
