1
145.986847,64.351639,63.397278,77.856239
145.440018,58.188965,62.216713,83.122978
146.332870,54.628296,60.452217,86.891151
149.314804,54.929634,59.117756,90.624245
152.368851,50.846844,58.659885,94.628914
153.147675,50.152435,60.085445,97.686333
154.971268,50.032036,59.864777,98.306961
157.560440,49.777149,61.734886,101.403816
158.465561,46.485870,65.152023,104.234818
159.254410,43.006393,66.050278,106.401741
158.704239,43.870876,66.430435,107.904396
159.828766,45.875359,66.369583,107.460968
160.099335,47.850487,66.267090,105.526047
163.491592,49.836498,65.831848,104.962830
170.057755,54.606236,63.747765,102.678078
171.313553,55.220146,63.076012,102.860458
173.466721,56.532036,63.021996,103.307198
178.498886,55.960510,62.583000,102.991638
181.541794,53.961620,63.134464,103.504852
182.111084,53.217747,63.228542,104.048813
183.444656,49.519592,64.290894,104.532166
188.034546,47.543736,63.380562,102.960045
188.108795,47.554428,63.493149,102.928352
190.135834,49.405663,63.686584,101.367661
192.247086,53.950703,62.745350,99.752571
191.946426,55.950970,60.771053,98.900658
190.715958,56.380142,60.940334,98.774895
189.865173,59.671700,61.102131,96.916283
187.104294,60.488464,61.394218,95.850578
183.031067,60.962280,62.346577,95.576401
178.828995,59.492756,63.707722,94.896622
175.845993,59.315807,63.860271,94.191017
172.415024,59.410892,63.561985,92.057632
167.123596,59.533894,63.289055,91.349686
162.283264,59.067936,61.890850,89.791527
159.646851,59.404709,59.608536,86.803238
159.332184,59.449074,58.338318,87.701942
153.321365,58.361530,58.759785,87.338974
152.249268,57.581715,58.488312,88.168098
151.271606,58.476120,58.570480,88.181854
151.362625,58.897495,58.925282,88.445152
151.409760,60.090858,58.886967,88.164040
148.917252,60.552807,59.166599,88.215462
147.679901,59.742573,59.294838,91.445435
145.993530,60.215126,58.013134,91.945900
144.388443,63.062180,57.521511,89.601868
142.654572,62.767971,57.813820,89.614418
145.050659,64.260719,55.194561,89.870270
145.105713,64.778893,55.048870,89.155861
145.940796,62.700893,50.910484,89.710495
146.522629,61.643524,50.040108,89.617287
148.113632,61.733185,50.982021,89.153084
148.356659,62.717014,50.671562,88.186501
150.315887,65.428886,50.232021,85.718697
152.808228,70.651581,49.690929,81.953041
151.940552,72.491173,49.654640,81.841148
150.749893,77.349388,49.943665,79.086823
151.599899,78.858109,49.354279,79.192078
152.526398,78.411263,48.655312,79.413208
153.130829,77.297318,48.786732,80.451218
155.938202,76.357613,47.665352,80.960686
157.998871,73.174896,48.420837,79.971703
162.200119,65.268806,49.015942,81.308273
163.424362,61.419544,49.361027,82.911964
165.825806,57.653561,50.645386,84.589119
171.468781,56.957180,49.162479,86.143295
172.407425,56.196411,49.970749,88.009926
172.438065,55.158657,51.580299,90.269081
175.830170,57.859882,51.151443,91.018227
176.319611,57.235630,51.615761,92.840218
180.013855,60.140270,50.750683,94.539795
180.326233,60.031281,50.902466,95.156540
180.534271,59.799541,50.882610,95.512840
181.395126,59.987663,50.504406,95.937637
182.698532,59.203381,50.671188,96.105019
182.763901,57.827160,50.882870,95.454422
180.473862,57.801167,50.569748,92.820526
181.367050,56.766399,50.812290,93.897446
181.412613,56.732506,50.800739,93.954773
179.228256,57.061996,50.790817,93.134628
177.602203,59.393223,51.036446,92.530396
176.026703,59.345196,50.614861,92.591629
174.665970,60.145390,50.566643,92.974312
171.534958,57.966709,50.857819,93.615730
170.079163,57.069820,50.888420,94.879723
169.348892,57.447807,49.794651,94.521202
169.288177,56.864494,49.932919,95.090355
165.753204,58.290493,50.335518,93.936989
164.962875,53.964096,50.751476,94.514168
162.456055,53.465794,51.238338,93.457352
156.979004,52.722603,52.477436,95.189987
152.768066,49.813061,52.351662,95.248787
152.682159,49.886108,52.326183,95.187469
152.577194,52.199589,52.196030,94.522202
152.960342,58.745930,51.239502,93.084747
153.486908,61.546719,51.733490,92.885208
153.990341,63.922134,51.089066,91.154381
154.391968,65.638260,51.148441,89.422256
152.992188,67.256218,51.203320,88.221939
153.411179,67.740822,50.848717,87.802376
153.770508,69.126602,50.951527,86.769691
154.110947,68.154396,50.227051,85.723053
154.504303,68.450317,50.368713,84.855637
156.692886,68.145653,49.785686,83.801735
157.434921,68.247452,49.320267,83.713982
160.797348,67.985085,48.534794,83.047813
165.931549,67.169434,48.681107,85.068291
167.620255,66.566010,48.919792,87.888527
171.707733,68.258194,47.678699,89.140228
174.389145,69.773087,47.822277,88.534790
175.774719,71.990318,47.837219,85.997551
175.056686,70.480873,47.272854,87.636475
175.146790,70.806404,47.369804,88.015205
176.490616,71.162231,47.175278,87.895233
181.681946,73.952232,46.433220,86.018188
185.274658,74.296638,46.973881,86.469696
186.997681,74.260010,47.969120,84.665833
186.925201,75.084358,47.884521,82.120338
187.580902,73.003067,47.480110,82.152420
187.639847,73.007790,47.449333,81.222260
189.159317,71.773903,47.761051,81.785416
188.540894,76.405922,48.568207,79.123291
188.742859,77.671150,49.040352,78.720497
191.187881,80.954201,48.694515,78.030495
191.824829,81.119644,49.120750,78.273659
192.377869,80.352669,48.561523,78.790466
190.457260,80.194221,48.782501,77.863976
186.238434,78.298744,49.043232,76.734039
183.086578,78.434784,48.823112,75.001167
182.484131,77.069344,48.676048,73.065041
180.930496,74.138878,47.931923,73.006355
180.643234,73.132492,47.337521,73.078011
178.189911,72.256920,47.487816,72.648567
172.578751,73.171127,46.431244,72.692177
167.517273,73.369713,46.700996,71.991890
162.455688,72.572617,47.249352,71.705986
162.836990,73.339584,46.677444,71.608994
160.254501,72.539841,45.931709,71.738113
160.893845,71.902115,45.061909,72.267761
161.013290,69.369896,45.644238,73.007629
161.181046,69.704620,45.820221,73.402122
161.325348,71.944473,45.466469,72.138725
161.291367,72.575134,45.321098,72.273758
162.868881,73.353027,44.344288,72.412331
165.962189,77.832458,43.444603,69.298859
169.065033,81.990143,42.482704,68.560493
168.668991,82.816628,42.744762,69.604950
169.542969,82.874336,42.742016,69.670593
174.949585,85.415039,42.232586,67.166626
175.717438,85.126472,42.697109,67.323128
178.570587,85.545708,43.244308,66.316811
182.616440,87.024078,43.875874,64.456116
183.947723,84.919891,43.712559,64.823868
183.509323,81.776779,45.279835,66.566223
185.790863,80.143066,45.615341,68.052010
186.065216,80.298859,46.145782,68.719414
186.516739,81.952827,46.552593,68.935303
186.047775,81.351730,45.677620,68.839516
186.701309,82.129883,46.312988,68.974396
185.244156,85.047935,47.110584,66.433342
185.954849,86.264816,46.132298,67.019157
184.051727,87.107590,45.565346,68.192177
182.071960,86.798538,46.323200,68.372551
181.538986,87.058434,46.020107,68.322769
180.559250,86.880798,46.812103,68.204063
179.749176,85.817528,47.683956,68.228928
181.482132,83.799767,47.048119,68.532356
181.774109,82.290710,46.247150,69.763573
178.847137,80.420448,46.048248,69.863243
175.732834,80.542000,46.198605,69.776131
174.203247,80.801460,45.730946,70.287102
171.423569,81.493950,46.155228,68.342575
169.360977,81.110771,45.462315,70.090424
167.659042,84.301254,45.327759,69.684021
163.297485,84.248489,47.799038,67.262329
156.811264,82.962082,49.058964,64.626389
154.952850,78.506927,46.652859,65.501617
154.259262,76.550888,46.003399,65.952362
154.851974,75.794960,44.677826,65.910767
154.320374,76.316544,44.010921,65.271080
155.327332,77.061707,43.200855,66.399033
159.298294,80.280563,43.397831,65.741051
161.444168,84.503914,42.759510,65.157059
161.630386,86.852455,43.821369,65.501541
162.468903,87.161560,43.770142,66.098953
165.342819,89.607903,43.455280,68.721245
167.136246,91.691185,43.488819,68.297539
171.449173,93.665398,43.566704,65.553955
174.365479,93.226593,43.293812,68.441124
179.055420,93.443123,41.693546,65.664612
178.818909,93.976547,41.963387,67.801170
184.775146,91.803764,42.600151,70.336403
192.324692,90.015144,42.787025,66.873177
191.046524,83.247673,45.737759,71.061996
192.489685,82.654152,49.834457,69.916496
194.286499,82.963791,48.909023,68.956337
198.386993,83.761078,49.366421,68.267365
205.303558,83.690063,47.964249,68.834213
205.993454,82.067574,48.623768,69.613228
209.062073,82.416115,49.560810,69.750275
215.194427,84.023521,50.173069,67.883163
216.093170,83.367386,49.478031,67.271660
216.435959,84.132141,49.638577,63.655529
217.077515,85.181313,49.145096,63.424568
217.171143,84.278839,49.442955,63.507252
215.695984,82.908188,46.702602,63.630947
215.005508,82.105804,45.979393,64.336273
215.899063,82.408142,44.531170,64.112091
216.535004,83.192619,44.438866,63.960510
214.735703,81.215645,42.897591,65.790794
213.780670,76.187645,42.134430,68.715332
214.102386,72.933891,40.019573,71.717155
211.484421,62.614052,40.988712,81.927368
209.021896,62.041401,41.000710,82.940331
205.988190,64.072594,42.760582,83.196350
204.642700,66.668808,42.889839,82.352646
206.598709,72.265633,43.314426,78.126328
203.972687,75.676094,44.235115,77.128052
203.346405,76.692482,43.347866,76.724426
203.565491,77.204735,43.489120,77.131172
199.413635,77.221786,44.982895,75.469070
198.431931,70.852577,43.678619,78.123329
198.526810,70.754799,43.943176,78.338181
198.471786,70.697998,44.057144,78.460854
200.845657,75.693695,46.193951,72.238564
201.368393,75.070930,46.476830,72.449097
204.959702,75.797935,46.167343,72.159348
207.934387,77.556908,44.449852,73.002884
207.631729,76.526764,44.290909,74.120628
207.312683,76.986526,45.053238,73.563362
209.287918,75.163048,44.888908,74.074394
213.196823,72.339127,45.646919,74.474792
213.603912,73.384666,45.383678,73.306854
215.756927,74.058113,44.941936,72.783409
221.917892,77.845116,45.201351,69.770149
226.017441,72.343170,46.475494,70.717079
226.701920,74.825562,49.745049,72.445442
231.694351,78.587303,49.868706,69.576012
235.150574,90.189163,49.906860,68.060791
232.937561,96.672783,49.168201,66.271530
233.966476,96.854980,47.741535,66.057396
231.687469,92.103828,47.721989,70.380684
231.272736,93.650146,46.373096,68.192703
231.281525,94.831581,45.518509,67.345215
234.061859,100.427368,47.132133,62.823326
236.542175,101.381508,51.112976,59.808952
235.348007,100.492584,50.967812,59.963245
235.055054,100.174278,50.836929,58.466324
234.013214,96.436417,49.685585,59.139679
233.451538,95.164314,49.299522,61.248638
231.237030,94.022476,48.579021,63.258698
229.936203,95.283485,47.648811,63.347794
225.543686,93.947502,47.524540,64.867126
224.505020,95.720749,48.553860,64.521973
221.066406,96.300819,51.239914,63.814362
218.300720,96.484947,51.223087,63.204960
214.275436,95.550514,51.169765,63.103611
214.494705,86.565208,50.782852,64.230194
215.836273,79.257538,50.897213,64.384499
222.460480,77.141022,51.949406,61.708103
227.296494,73.216087,52.116592,63.887947
229.430710,76.737068,53.354733,63.678673
236.139969,79.173988,53.989872,66.359062
240.216705,78.726036,51.188484,69.863853
242.699249,82.852745,53.115986,68.373810
249.122131,93.084808,53.188000,68.590485
253.480026,91.339622,55.965191,71.742386
254.393188,84.409737,56.229282,72.421227
253.891953,77.900719,56.895527,72.425568
260.770874,72.816811,54.332241,74.635612
264.124786,74.552002,55.063679,70.106590
265.077057,57.613819,54.922943,76.911224
265.894531,58.828457,54.105469,74.254578
266.750366,60.226768,53.249645,74.880661
268.380157,65.004349,51.619831,74.159401
266.062286,64.817688,53.613544,78.426498
262.387695,61.391224,56.840443,82.615898
261.472351,62.782669,57.266342,79.417374
262.926025,61.471603,54.816853,79.113953
261.068665,61.756741,56.092091,76.976357
260.593079,59.500195,56.571259,76.322769
263.987610,61.299618,55.126194,72.831612
264.065857,61.210033,55.421963,72.927429
264.083191,61.184284,55.493271,72.980103
264.050323,60.895794,55.559372,73.131126
263.238098,64.995094,55.301762,72.223755
264.350281,67.432648,55.374405,72.211090
263.989136,67.211433,56.010868,72.647217
264.017487,68.151932,55.250801,72.425102
261.438599,69.172859,55.955917,72.073219
260.288116,68.387093,56.107094,71.571182
260.750916,65.453140,56.586777,72.455444
262.288696,67.962799,56.127312,71.809097
262.375916,67.987473,56.529545,72.110451
262.388947,68.882637,56.914734,72.263840
259.151123,72.643120,56.951042,72.463875
252.529984,72.088829,56.101139,74.690865
242.859970,69.843002,60.071873,76.314171
234.860245,68.729156,61.867634,76.506798
228.035706,67.142647,63.652702,76.802658
217.989960,63.996197,65.691086,77.952248
213.363678,63.413860,65.900261,77.239708
206.583481,59.541489,65.465569,79.295723
205.923706,60.308136,63.737740,78.311073
206.225891,58.939121,62.175278,79.245422
205.099197,59.873615,61.689167,79.005341
203.453400,63.800625,61.270741,79.960396
199.917755,64.280975,59.750744,81.838486
198.585999,63.373409,59.770161,81.842102
195.924911,68.218971,60.042248,81.403717
188.621078,67.813042,59.487648,82.212646
182.916534,64.947075,59.522736,79.720734
179.317154,67.832008,57.357121,77.702477
169.826630,66.505417,59.753353,76.615166
160.564377,58.061508,59.486130,77.950508
153.322357,58.194832,57.694595,74.040695
147.481827,58.311317,54.966282,74.208282
141.064606,53.355145,55.084633,72.988846
138.549316,52.242516,53.976246,72.480873
136.205521,52.407330,53.261097,71.605675
131.053909,54.762161,54.850948,68.705986
127.228539,53.693527,56.400280,67.052620
128.474060,53.965656,56.730953,67.767502
131.051956,61.735798,53.026234,69.355583
130.119888,61.657932,53.153625,69.081535
129.434647,61.552418,53.049526,68.762032
132.092194,63.505863,52.619884,67.792427
133.720932,61.482300,52.293972,67.662346
141.680573,64.986900,51.325542,68.740181
140.540634,69.517052,50.689697,68.340813
140.738678,69.524384,51.649792,67.756935
145.338791,71.358772,48.657227,67.729469
150.767136,69.516266,46.702194,70.373833
155.295242,67.064125,48.412243,70.918297
160.199203,66.028206,47.595348,72.379356
165.388519,73.620186,45.132996,72.637550
166.379730,74.539497,45.357124,72.312866
166.510025,70.594513,45.581112,73.245171
168.203766,67.217079,47.569359,72.138306
168.891357,60.975533,48.172440,72.463585
169.286102,53.531498,48.002853,73.382790
169.806778,47.160397,48.143291,74.298508
169.320831,41.345139,48.625153,75.457413
167.795166,49.396122,49.845516,75.044258
168.669968,58.791492,51.751667,71.379189
169.153717,60.294724,56.440369,71.178627
174.673416,67.798515,53.151951,73.321175
180.873154,74.185791,53.174004,74.580444
187.842804,79.039223,58.727287,75.749428
194.548462,81.273293,57.999832,76.424583
192.279648,82.752098,60.018650,82.547630
194.329910,84.033112,61.311123,82.161385
200.706299,87.930069,60.807076,83.669067
202.863174,87.820801,61.305988,84.725143
202.946014,87.552887,61.892124,85.627724
202.167358,87.985870,58.672871,87.558495
198.062958,92.761856,58.634613,86.872406
196.765305,87.752991,56.694473,85.543037
196.480484,86.785583,56.949718,85.290001
192.867340,80.200775,57.949116,85.887657
187.684052,77.120201,58.045776,86.123207
181.373734,70.310448,58.429802,87.634438
174.505432,64.785713,58.842976,89.213440
174.078827,63.830872,58.099186,89.813713
170.811218,67.605690,58.571884,87.423798
168.847214,68.746979,57.514156,86.571289
167.417679,68.205780,56.036926,87.038704
166.230270,75.205322,56.277603,84.848457
168.145325,78.581741,53.070530,83.721741
166.995422,79.846260,50.496170,81.613373
167.973541,81.572250,49.322277,81.093575
167.263458,83.977730,48.979481,78.158813
166.855759,85.829391,50.388447,72.221008
165.898407,80.220016,50.446339,73.045250
166.277039,77.153236,49.778801,73.814980
166.506424,76.589378,49.950493,71.085854
164.163483,73.636604,50.319592,71.022766
166.481705,74.081131,50.430645,71.009903
168.588165,72.922699,49.976109,70.691010
171.707382,73.816940,50.091156,70.038284
181.299805,77.851265,50.852459,67.267395
187.200867,86.455429,49.685364,62.961868
191.936935,91.763466,47.757809,59.469528
198.866638,96.231293,47.244137,58.266769
205.164749,97.955818,46.176346,57.283150
208.635223,98.703331,46.493107,55.762157
209.532104,96.178902,45.550457,56.805790
212.471771,95.497429,46.166592,54.611546
214.718369,90.038078,43.497738,56.895046
211.255356,86.352257,43.679089,55.064968
207.191742,84.889908,43.777020,54.118668
207.313385,84.900360,43.988205,54.508091
207.073471,84.572838,44.071449,54.585316
207.499420,86.973251,44.530754,53.123783
204.297943,86.465660,44.011524,54.057529
205.514404,89.356682,44.835243,53.149174
202.899734,91.329666,45.015648,52.523155
201.723282,91.968651,45.403027,52.289600
199.206589,92.284035,45.346603,52.324696
196.738968,92.815170,44.430637,52.267658
191.060150,89.806824,42.989700,53.206638
190.125519,88.055817,42.806610,53.103119
189.245117,84.868614,42.778049,52.952305
189.187119,83.958267,42.925175,52.911499
190.132034,80.788658,42.438923,53.334930
190.128647,80.830261,42.409187,53.569061
190.200363,82.597084,42.397663,53.191208
191.563004,90.546829,43.480499,51.777386
192.411331,94.678802,43.209702,48.950439
193.208603,96.663422,42.926723,48.557777
193.392166,96.239662,42.822716,48.427834
193.126984,97.509415,42.825748,48.812199
192.196564,94.950539,42.827988,49.847076
193.391403,93.895164,42.935791,50.366264
195.028351,89.527550,43.279232,49.758659
194.327133,86.700333,43.406322,51.478580
194.110687,83.677803,43.181965,51.809723
195.554901,81.235138,43.852806,52.651768
198.728073,81.943939,43.188622,53.992020
206.373413,83.705742,42.795074,55.753754
211.144852,90.585464,44.302818,56.543648
214.340988,93.631874,43.906826,56.394062
215.093750,94.261169,44.065712,55.711124
212.177124,88.095444,43.873096,56.562546
213.473297,95.613083,44.257778,56.281715
212.236099,95.235092,44.821823,55.706642
204.519775,91.756317,44.659718,56.387897
197.184387,90.240097,44.618340,56.282795
191.424454,85.935181,44.285519,57.154396
186.184143,83.498451,43.093208,58.341137
185.791489,83.821800,43.876053,57.759907
184.577850,77.793213,47.070839,57.774521
183.833145,78.481377,49.157230,57.579342
184.671997,77.772499,53.459145,58.482250
187.651581,76.836945,54.186287,58.584568
194.617386,77.958488,53.051411,59.722599
198.391312,80.221222,51.957428,60.700386
201.189621,79.029976,51.031895,61.289127
201.973511,79.320938,51.308739,61.496868
199.011658,75.635338,50.297363,64.340187
194.972412,77.222458,49.750149,64.563591
193.276581,75.974358,48.460415,63.724625
191.864426,76.011932,48.115887,63.818253
187.085190,74.907379,47.601212,64.299690
184.907196,74.359825,47.608173,63.955502
184.471207,80.503838,48.328094,60.629051
180.272507,78.483597,47.850460,61.855621
177.619965,81.879250,47.370453,61.102634
175.268539,81.693092,47.025036,61.635784
171.920242,74.065582,47.182495,62.779518
169.533142,74.537453,46.745850,63.408588
168.443512,73.707191,46.269798,62.236507
168.788605,73.147552,44.604313,60.701092
169.001785,70.974907,43.019329,59.962257
170.915222,67.333107,42.540756,57.873802
176.346466,64.296326,42.009453,59.375820
178.308899,65.919357,41.605900,59.722828
178.622330,65.523521,41.868229,61.275345
178.655548,65.909889,42.335033,61.437511
178.226196,65.105003,42.959061,61.741653
174.928909,69.352058,42.179829,59.341099
168.387482,68.114716,41.060413,60.927483
161.563766,68.346786,40.749500,61.200436
152.346039,68.275650,41.267151,61.437004
146.841324,66.075783,40.346802,59.844841
142.008514,57.552654,40.380287,60.602261
138.179840,54.198376,40.076183,59.968548
136.263168,53.497272,40.478897,58.771729
134.078354,51.987648,40.896748,58.379169
135.302032,52.342091,40.558224,57.591259
136.936859,56.560123,40.774685,55.908787
137.920654,58.328995,39.374405,55.763908
138.672760,59.255539,38.813984,55.451637
143.431488,60.567436,37.687702,54.788960
150.471146,63.762390,40.629642,52.118050
151.716888,66.533279,39.965588,51.420033
152.512421,65.843018,39.086048,51.418690
154.343933,66.956970,39.663170,51.459423
154.276596,63.597366,39.036690,52.818096
156.411835,62.755867,40.705563,54.784363
156.621216,62.614098,40.955536,54.885777
159.780716,65.100784,44.365154,54.104675
160.080887,63.056023,44.068214,54.784393
159.900589,65.563263,45.446320,55.083336
160.169937,67.978691,45.079678,55.320946
161.187485,63.297726,46.773956,54.870121
164.701111,62.981342,47.025978,55.026134
169.273682,65.961876,45.490414,56.960056
169.853516,63.085880,45.921951,56.341328
170.084045,60.428665,45.386002,56.030483
173.262405,60.141140,44.439030,56.732849
168.380905,57.615299,46.073189,55.088814
167.594437,56.584381,45.857010,55.572079
166.806290,58.578854,45.223473,55.840160
165.671844,65.008614,44.817059,54.781586
164.611008,62.152580,44.811066,54.565136
164.205124,64.077560,44.483620,54.650078
164.044891,64.270363,44.358608,55.066990
163.489044,64.011673,44.450363,55.277924
166.109512,61.969269,43.635937,55.954720
174.196808,57.793682,43.533455,56.584206
180.729004,59.439289,41.054802,58.400173
186.936508,43.042416,43.645329,59.118793
188.536438,57.132584,42.445774,64.965523
192.000504,60.623360,43.776981,63.049046
194.123444,59.075260,42.585800,63.406830
191.891144,58.316265,42.625507,65.476433
189.601883,58.875244,42.071045,65.285210
185.163864,56.469704,41.738174,66.135040
185.934265,55.692097,41.033302,66.197220
188.100739,50.764347,40.495213,68.087128
187.472473,50.412235,41.202675,67.617203
192.768387,46.171963,40.993176,68.998619
192.045761,41.850552,42.325878,68.978874
200.241211,44.710423,40.427387,70.469078
200.312546,47.514900,40.355919,69.994690
196.254318,57.821651,41.389378,69.341187
196.682999,62.123627,40.960209,70.024757
185.455109,68.939972,42.951149,68.923981
173.502045,77.197701,43.888935,70.889839
162.930359,78.560547,44.062859,69.669205
153.266098,80.619781,45.564289,63.745132
145.128525,76.222626,46.718681,61.912865
141.779358,70.821007,45.513336,58.854698
137.748047,66.111755,47.021385,57.417393
135.924500,62.280571,45.915462,57.096489
136.974625,61.993755,45.648773,57.662075
134.366196,64.146553,46.872284,56.946457
140.266373,71.173347,45.334175,56.717686
142.218262,72.841171,45.453865,57.577404
140.106522,78.318176,45.031971,57.541943
139.766373,89.576241,44.903496,56.291065
139.765106,90.171532,44.854958,56.008667
145.284485,84.213501,44.840965,57.668705
147.552353,75.726967,44.942463,58.174286
149.131592,70.465599,44.314674,58.157108
156.653778,71.605736,44.654743,59.197769
156.710648,68.500748,44.636005,59.386219
157.716812,63.732513,46.059158,60.335468
158.519806,68.635719,47.492901,60.408161
155.938583,72.804993,47.138401,61.536736
152.450287,73.948792,47.752632,62.115139
152.869720,73.214828,47.084728,63.412376
149.465744,72.857475,47.716705,63.336567
142.506638,73.231514,48.781109,62.892956
140.776230,70.471443,48.891041,62.546597
134.815018,67.506218,50.353004,64.383568
131.260605,65.168915,50.479538,63.966339
131.837173,58.863586,49.049236,64.916779
133.882050,54.610123,50.209309,64.972488
136.505875,52.629967,49.879559,65.574089
139.171982,54.514362,49.280872,66.615395
139.855026,54.019405,48.345440,69.075401
140.960953,52.374557,47.772846,69.947609
141.120270,59.417858,47.306789,71.139259
140.750092,61.430756,46.999111,71.415169
140.417435,61.509434,46.671875,71.404816
140.354309,58.953350,46.170761,72.029686
140.770935,60.672180,45.967506,71.917801
141.429596,61.267605,45.813530,72.050980
143.710922,58.640873,45.817799,73.447212
148.411667,59.063301,44.966419,75.727203
154.690063,60.274998,45.367622,75.711472
159.555130,61.242714,45.540436,76.867188
165.963394,61.437408,46.002563,76.958153
169.915573,64.711929,47.084175,76.324974
176.392960,65.929375,47.770981,78.267662
182.710159,69.069351,46.575684,79.156105
