1
144.493652,60.979122,66.540863,87.106514
145.734253,53.191383,66.289970,94.113907
147.156479,51.357056,63.916191,98.929001
149.588989,51.537342,63.191551,103.223557
150.527267,49.374737,62.878521,104.078560
150.607880,48.454098,63.287975,105.738869
155.748505,49.447433,61.814636,105.414124
156.053162,49.846516,61.845306,105.497482
157.999771,43.378777,65.090149,110.271179
158.172028,39.878574,66.193359,113.206757
158.251663,41.384724,66.146446,113.201332
159.620773,42.268322,66.082069,113.316788
160.055634,45.236515,66.181183,111.158241
165.138855,49.008167,66.061958,109.490990
168.179962,50.923531,66.426811,108.366508
171.363342,54.203648,66.128738,104.306877
172.901367,55.137238,64.901192,105.052879
177.129532,54.563637,64.513695,105.496162
179.866714,51.671890,66.784424,105.830902
180.924026,50.070148,67.045052,106.054970
182.807709,49.494968,67.850960,101.879677
186.147186,47.286407,68.734909,101.585533
186.784592,48.230854,67.983810,101.271790
188.970261,50.442131,67.958641,99.773369
191.069626,54.164467,66.876343,98.712852
190.943344,58.107250,63.832798,95.560448
189.463638,59.361893,64.130676,93.964523
189.527893,60.970325,64.472298,92.358833
186.120422,62.677319,63.687286,91.445023
182.256790,62.760162,64.555405,90.860947
176.929825,60.099804,66.483124,90.941956
175.404724,60.077480,67.019165,90.222397
169.530396,59.652710,66.675751,90.897682
164.765106,62.486156,66.248283,86.195290
160.070953,61.677017,64.872520,85.920700
159.286560,60.165874,62.738964,85.196541
157.660904,59.365063,61.150436,85.934784
152.772003,57.665512,60.754593,85.964218
151.644730,56.079865,60.231422,86.664284
151.273865,58.646866,59.002983,86.989861
151.259644,59.231529,59.185818,87.084610
151.343796,59.730812,59.435123,87.608337
148.382141,61.383812,59.410503,87.210022
148.467468,60.919415,59.632130,88.101974
147.247574,62.761898,57.585415,88.025940
143.140244,63.774742,59.303829,86.191910
141.172928,63.106331,59.298386,86.330574
143.698776,65.557556,56.083614,86.325752
144.415497,65.874695,56.202435,86.126427
144.066360,63.881531,52.790417,87.127296
145.165161,63.813507,52.272175,86.568352
146.435196,63.430408,52.067810,86.656166
147.315445,64.531799,51.680683,85.618774
149.537094,65.726631,50.236057,84.444641
151.788437,70.105217,49.457874,82.834862
151.231903,71.522110,48.988411,82.709282
151.561218,77.319107,48.634937,80.320824
152.191833,78.556786,49.051579,79.769257
152.327728,78.530357,49.347244,79.868027
152.551971,77.165817,49.463123,80.687325
156.430252,76.174484,47.280701,82.204918
158.441635,71.948616,49.250755,81.245094
163.328705,65.651947,49.050568,82.504501
164.437881,62.032536,50.294331,82.852959
165.319489,59.324284,52.034893,82.612129
171.382004,56.765411,51.086269,84.508324
171.818909,54.679947,51.822872,88.450104
172.854233,54.509083,51.884747,90.375854
177.022934,59.121162,50.943558,90.853706
177.072784,59.025410,51.094952,91.086731
180.260239,60.809299,50.360020,93.340485
180.683060,59.124458,50.434803,94.436722
180.741776,59.045425,50.364998,94.442017
182.099792,59.615932,50.040230,94.221588
182.782837,59.767086,50.335892,94.314316
182.938599,58.681431,50.372189,93.907059
180.578674,59.939358,50.035763,89.610664
182.930573,57.574196,50.361641,90.453506
181.115494,57.868671,50.554035,90.134254
178.952362,58.498859,50.987457,89.558258
177.473938,60.558544,51.093506,89.270966
176.344269,60.267914,50.965992,89.688156
175.176971,60.934208,50.392773,89.954453
173.860184,59.739269,50.096008,90.152657
171.717072,59.228485,49.877750,91.765770
170.860138,59.509968,48.201664,91.557388
170.699722,59.331429,48.304600,91.800217
167.786194,58.822582,48.696453,91.850090
165.960190,55.829891,48.905571,92.669464
164.101654,55.448776,48.726780,92.189125
159.650665,54.677433,48.600784,93.891098
154.310287,52.515038,49.447636,94.371170
153.284332,51.379864,50.004005,93.612648
152.899399,53.084518,50.368477,93.682686
153.174957,57.433601,49.997227,93.355278
154.078629,62.568871,49.300152,90.370049
155.320572,66.865494,48.281452,87.855118
155.375946,67.002014,48.386494,87.896286
152.610626,67.973518,47.977169,86.643631
153.109009,68.661682,47.810925,86.356308
154.559708,70.717697,48.239403,84.571388
155.114792,70.154900,48.071308,83.510422
155.971848,68.584023,48.082676,83.479263
157.415604,68.598351,47.914707,82.767250
157.896820,68.850693,47.555779,82.836403
159.625488,68.875168,47.735855,82.347137
166.641647,68.209267,48.234440,83.557220
168.372162,68.731972,48.553627,84.942009
171.820816,70.000717,48.286209,85.859520
173.422974,70.611206,49.316525,84.996002
175.028946,75.306961,49.420109,80.877144
174.582779,74.905251,48.340313,81.722679
174.685532,75.085068,48.417324,81.923714
176.067123,73.793114,48.245972,82.569214
181.988037,75.019478,46.988743,82.963669
185.664780,75.680893,47.286957,82.833908
187.254791,75.407265,48.205097,80.612679
187.520599,75.619682,48.264595,79.427605
187.564529,73.247368,47.796532,79.190338
187.647003,73.148300,48.083275,78.799675
187.918777,72.985832,48.477390,78.318138
189.608078,74.903709,48.351894,79.350357
189.992401,77.207489,48.140030,79.474152
193.358734,79.864815,47.560688,79.587524
192.149109,79.455803,49.505150,79.933136
192.820297,78.755577,48.949387,80.281364
190.473892,78.601608,48.717537,78.838760
185.916229,77.416702,48.691322,76.864037
183.641891,76.860458,48.235783,76.384476
181.662277,75.884735,48.401833,72.448257
180.114960,73.919312,47.720554,71.496887
178.518265,72.010971,46.345818,71.801422
175.659378,71.139687,47.598320,71.471161
171.549194,72.479393,47.268040,71.745232
167.567932,72.327148,46.802925,72.271271
163.163742,70.969147,47.077015,73.727364
162.663101,71.794014,47.380829,72.987579
160.785797,72.237106,46.281353,72.660332
161.219971,72.046173,45.728970,72.809143
161.218292,69.632500,45.978390,73.562637
161.232544,69.825600,45.898682,73.962982
160.973328,72.565208,45.688908,72.644630
161.128830,73.124245,45.641994,72.847076
162.810318,73.854584,44.722591,72.674614
165.622971,77.901741,43.551544,69.230370
169.032990,82.119019,43.416248,68.295166
168.223557,82.385887,44.168098,68.888565
169.639572,82.503235,44.078808,68.239014
174.903229,84.223877,43.943253,66.636856
175.215286,83.851318,44.265572,66.962746
178.315536,85.139313,43.965714,65.449135
181.644287,86.050667,45.114979,64.189171
182.958801,84.278679,45.340763,64.776543
182.587250,81.972145,46.110718,66.906876
185.608734,79.537064,45.983669,68.603500
185.890564,79.362198,45.910114,69.527275
186.563248,81.375862,46.205112,69.233231
186.367783,80.841927,45.313553,69.259995
187.594116,81.306541,45.050037,69.855919
185.996277,83.397636,45.694973,67.758492
186.533371,84.676399,45.361008,67.890594
182.711746,86.749809,46.073425,67.908279
181.427673,87.839027,47.319412,66.511063
181.251892,86.830238,46.345261,67.651306
179.858536,86.595047,46.645866,67.852882
180.006363,86.365135,47.027195,67.894196
181.116959,85.218513,47.128750,67.464104
181.115280,83.350121,46.250626,68.453568
178.834137,81.205429,46.311047,68.607239
175.682205,81.511002,46.192001,68.786186
174.256165,81.560928,46.010849,69.377274
170.938553,82.451622,46.906963,67.938164
169.184631,81.629959,45.900589,71.146278
167.132843,84.696442,46.051289,70.058182
163.896133,83.355698,47.413910,68.896378
156.964706,83.699860,49.427563,64.890350
155.296677,78.174675,47.102161,66.305199
153.800217,76.189171,47.151791,66.158249
154.006180,75.445839,45.744785,66.250267
153.607941,76.081551,45.169403,66.096649
154.331833,76.358078,43.517906,68.141510
158.278793,79.632378,44.673973,66.836502
161.492691,84.006393,44.689384,65.771172
161.456711,88.257706,45.495239,64.846085
161.864685,88.364021,45.155701,65.197929
164.646790,90.407898,44.267555,67.736771
166.505524,91.479050,44.229168,67.613503
170.365921,92.450027,44.553089,65.843178
173.578705,92.306938,43.347187,67.722717
177.969940,92.422958,42.447281,66.664268
179.608521,92.272087,41.854271,69.105171
184.511581,89.344017,43.355007,73.231979
191.277771,88.402481,43.725998,70.038979
188.728989,81.810951,46.043251,76.458435
192.459274,83.682053,50.056763,70.432106
195.489456,81.879181,48.459820,70.275589
198.477829,82.710289,49.754925,69.069939
204.818314,83.304474,49.983032,68.908134
207.350708,82.100441,51.179874,67.231888
210.277634,82.487175,49.698624,67.443619
213.678421,85.536263,50.421455,64.835327
215.436172,84.216591,49.972088,63.976673
216.638367,84.505180,49.845219,60.940193
217.731613,84.445206,48.351673,60.896450
218.141754,81.823158,48.710018,60.776791
217.397797,79.035912,45.263626,61.500916
214.424835,80.498512,44.966152,61.374973
216.493301,81.371811,44.151653,61.040375
216.461594,82.062737,44.260395,61.404404
215.433487,81.285355,43.826424,61.742180
214.317291,77.000313,43.576073,65.374359
214.965866,73.780212,41.026321,68.238251
211.411438,64.228851,42.132710,75.776939
209.401535,64.244469,42.906776,75.983353
204.860687,67.959839,46.440372,73.921738
203.616577,69.960381,46.379826,73.075981
204.076996,72.091515,46.269123,72.901924
203.625229,76.179329,46.472355,72.076431
203.409744,79.013947,44.204185,71.637901
203.614304,78.849655,43.975060,72.034477
198.082184,79.772476,47.518669,70.147217
197.136887,70.544662,48.131672,72.798439
197.240250,68.398102,48.629101,73.027771
196.492706,68.595467,49.192383,73.405373
198.260132,72.474770,50.322289,70.963654
198.593414,73.762383,50.513973,71.471100
200.921936,75.136711,50.610950,71.533707
204.971298,76.274841,48.548691,72.497253
204.858139,75.215645,48.660175,72.468338
204.913757,75.087814,49.106033,72.393356
209.137756,72.553856,46.839684,72.827126
212.660248,68.812355,48.227768,72.835251
212.945877,69.936295,48.314354,72.538025
214.787811,70.851875,46.821289,73.102066
221.391388,75.038033,46.778202,70.791214
224.174973,71.518486,46.881866,72.031967
226.071426,75.639900,50.645847,71.165932
231.640274,77.868355,50.020828,71.697922
233.575974,87.179634,51.089684,70.727242
232.824738,94.034782,49.622784,69.075073
233.388947,94.856087,49.045906,68.119850
232.706085,90.627815,48.037323,70.681496
232.220032,92.173393,46.106167,67.963303
231.301178,93.234077,45.823433,67.124710
232.449890,98.428993,46.782356,63.723618
235.144577,103.673111,48.397259,58.973736
233.009811,101.433586,48.429676,59.142803
232.737930,101.273376,48.559212,58.896267
230.988647,99.027252,48.350422,58.870892
230.983688,99.972054,48.562202,58.738724
227.795502,100.403557,49.208527,58.987602
227.819672,100.929543,49.435589,58.840450
222.759964,100.544029,49.999969,59.822582
219.418854,104.813972,52.391983,59.139732
213.083588,104.856430,55.159199,58.728161
212.614792,104.207886,56.083984,58.218143
207.994064,100.974533,56.523006,58.736912
211.308304,93.491074,57.054779,58.568256
212.055817,86.388702,56.613403,58.923668
218.213043,78.500519,55.161530,59.184330
224.339386,73.967506,53.828281,62.205799
228.968094,77.618477,56.609222,62.439354
232.786057,82.602570,57.090988,62.611286
237.160431,82.683067,54.052605,65.010353
241.056992,83.870819,58.477364,64.092995
247.162033,89.129135,56.553917,68.064041
252.642807,84.578819,57.941540,75.848564
253.320068,79.943222,57.266541,76.416084
252.730301,72.737572,57.534389,77.517189
258.456818,66.718903,56.106094,79.477791
263.609711,69.670341,55.656960,74.093987
263.249542,58.327248,56.750458,76.986656
265.054199,58.502342,54.945816,76.029556
265.431122,59.891869,54.568867,76.361061
267.995789,63.880478,52.004223,75.115028
265.791138,64.372864,53.428406,78.869514
264.129608,61.533058,54.841797,81.394356
263.074341,62.714592,55.340611,78.232018
263.257812,61.702988,53.232220,78.530037
262.797424,63.210159,53.670559,75.179291
262.215729,61.358532,54.553555,74.720390
263.908264,61.100266,54.615475,74.718323
264.229828,59.578995,54.289700,75.931068
264.184143,59.432182,54.594334,75.904297
264.708008,59.263985,54.876957,76.200760
263.762909,63.153996,54.698120,74.818275
264.591095,68.743294,55.168221,72.724739
263.074005,69.834457,56.722267,71.441696
262.671112,68.891670,56.476482,71.759911
260.864594,69.773544,55.796505,71.513000
259.093994,67.315353,56.567066,71.609627
259.120300,64.918983,57.964386,72.996727
261.222687,68.869125,56.515480,72.333710
261.626068,71.897003,57.056480,71.206833
260.796692,70.820770,57.748985,71.997627
258.232086,70.921066,58.097336,71.799820
251.765289,69.752129,58.776264,77.195862
242.217148,69.112633,61.339050,75.840782
234.144119,66.920753,63.768356,75.820534
226.423477,64.140923,65.317726,77.187340
215.447083,60.364967,68.372841,78.369049
213.019592,60.873283,67.835472,77.973671
204.999023,58.183636,67.502846,79.117699
204.228546,58.782990,65.073059,78.804512
206.108261,58.196377,62.543011,81.901337
204.546982,58.122025,61.927109,81.189735
203.599472,61.470787,61.602787,81.315704
200.667633,64.559250,59.847622,82.358543
198.715103,64.018951,59.562397,82.039993
194.813293,68.335770,59.512615,81.983353
186.965759,65.949081,60.042122,83.252846
181.952225,67.302795,60.828903,77.116928
178.166199,68.272095,58.643204,75.435295
169.618622,65.469704,60.180317,75.935265
159.095230,56.488995,60.399174,77.699188
152.443100,58.084328,59.006405,75.053352
146.210251,57.604649,55.350967,75.634125
140.804001,53.752281,57.950306,72.118210
138.416794,55.096565,56.975155,71.866341
134.091064,51.711880,56.934860,70.890373
130.185806,53.218582,58.124508,69.410301
128.282913,52.998619,56.900646,69.034561
129.785416,55.523079,57.382866,68.896507
130.835892,58.869709,56.174164,69.161140
127.945732,62.707291,54.638496,68.816986
127.557129,58.723511,54.072464,68.738083
132.534943,63.459862,53.555779,67.061180
135.004913,63.765144,52.386814,68.290871
141.277084,66.465736,49.901909,69.872513
140.764755,70.167770,50.312462,68.429382
141.143051,70.131004,50.935352,67.971375
146.275635,71.002731,47.360062,68.135551
151.817062,67.699837,45.551414,72.354820
154.960159,68.894142,50.170616,70.208694
160.527771,69.926643,49.992355,71.540886
164.608002,75.307846,47.978153,71.447662
166.683243,74.533363,47.599506,71.465660
167.358490,71.593269,47.838680,72.590805
167.609924,63.951584,48.113770,73.416557
167.094971,58.277161,49.516914,71.597404
168.124146,52.822182,49.352909,72.161812
169.207047,45.671131,48.455555,73.705505
168.774750,43.252476,48.900974,74.817116
166.512085,56.331356,49.221912,75.032936
167.835602,63.262890,51.719692,73.805290
167.741211,65.682861,57.456863,74.451118
171.646255,74.559296,55.778828,74.460823
180.821930,77.681320,54.756565,79.148956
187.249619,84.309105,57.593178,80.682655
193.006577,86.601906,56.122185,83.726715
193.621094,87.478569,56.612335,85.615143
194.700073,87.310532,57.749115,86.457428
198.562576,89.670319,57.136330,91.527649
200.798965,89.699059,57.445053,91.972000
201.323380,89.839455,57.025578,92.299698
201.820389,89.618042,57.415142,92.393562
197.695618,90.414482,55.269527,92.921432
197.066299,89.093254,55.154079,91.542847
196.134567,83.019432,54.833344,92.189888
192.553696,73.980759,56.304840,93.835068
186.699005,70.261162,57.197109,92.451553
179.149460,61.507267,59.961914,93.738785
173.638062,56.980888,60.001884,95.255447
173.954895,56.844254,60.029778,95.586792
171.381454,63.492020,59.663212,94.002007
168.658066,63.608437,58.165176,94.111237
168.007233,66.878235,56.307373,92.695778
167.309708,71.632454,56.375565,87.689522
168.161530,79.126808,54.119301,84.643379
165.780823,79.464630,51.289948,84.337128
167.326981,80.556953,49.849091,82.966461
166.722687,83.509018,49.675564,79.259911
166.651703,84.901627,50.596825,74.144417
166.617203,81.503204,51.277706,73.187073
166.125351,76.946732,50.094040,73.125366
166.512497,75.298386,50.719906,70.937195
164.984619,74.649048,50.967949,70.020378
167.372162,75.037819,48.688789,70.443466
169.209122,74.816147,49.164360,68.779678
172.639908,74.908791,49.078751,68.274666
182.714157,78.616890,49.644142,65.370659
187.555618,86.000107,49.514965,63.187664
193.059998,91.750999,47.390942,59.545517
199.292694,96.624146,46.462223,58.598103
205.963074,98.972015,45.222160,57.873066
208.635529,100.601723,47.535667,54.581982
209.520340,99.148285,47.528782,55.141766
212.080841,97.947006,47.963638,54.425362
213.831894,94.180008,45.582245,55.221428
210.984528,90.179596,45.743237,53.892063
206.321335,86.633995,44.822208,53.690174
206.527756,86.425018,45.095955,54.040298
205.799637,84.907715,46.363060,53.762035
207.947189,88.504471,47.219360,51.776119
206.007248,88.076675,46.229336,52.637363
206.366913,91.285950,47.183407,51.985050
205.846390,93.156677,47.325920,50.697975
203.796646,94.454887,47.615349,50.072865
200.303604,95.125313,47.354145,50.932083
198.274948,95.027390,46.834465,50.988949
193.377411,91.968887,44.996635,52.004471
190.367569,86.828911,44.039051,53.332333
189.879700,84.683266,44.166641,53.014961
189.929703,84.041351,44.744457,52.677990
190.371490,81.545921,44.217339,53.842297
190.539886,81.526215,44.136444,54.075481
190.690750,83.689789,44.291424,53.673016
191.629105,89.975182,45.087219,53.045460
192.457260,94.799377,45.045708,50.849873
193.285416,96.274757,44.661633,50.743366
193.224640,95.598854,44.733700,50.283978
192.983841,96.912659,44.944889,50.280533
192.284531,94.551483,45.683353,50.548233
193.163376,91.079689,45.940460,52.557655
195.564606,85.602287,45.706696,52.861694
194.923859,82.258156,45.287254,55.876854
194.327164,80.782921,45.246231,55.989815
195.681870,79.632355,45.991745,56.152878
198.636536,82.046211,45.769390,55.649044
205.516602,85.057709,47.090118,55.335880
208.386307,92.643112,48.698780,57.361610
211.097458,94.736618,47.827171,57.983410
211.783890,95.149498,48.278992,57.345886
210.488403,89.146187,47.860447,58.513084
211.316483,91.736298,47.666546,58.241348
210.845505,95.605820,48.577091,55.252747
202.929977,94.748734,48.965946,53.936436
198.741776,92.640274,49.036434,52.488316
194.448196,91.666565,47.230812,52.656208
187.919495,86.741600,46.111366,54.916363
185.909546,87.928841,46.168457,55.072182
184.293121,85.471947,48.349518,55.594482
183.243164,84.027275,51.128166,55.835236
184.943817,85.690147,55.456947,56.463108
187.763229,85.943001,56.692284,56.186600
190.010361,87.052849,55.572330,56.808826
192.981201,86.380592,55.846611,57.297688
194.451569,84.993492,55.676865,57.767841
197.021378,83.584251,55.913128,57.787891
195.312759,82.307709,52.838020,61.282040
191.034073,81.191742,52.402130,62.179962
190.343643,77.439880,51.875763,62.759007
189.438080,76.620804,50.377270,62.831455
183.161423,74.126923,49.133251,64.956612
180.532730,72.552094,49.324741,64.727119
181.208786,80.169388,49.068306,62.200043
178.345032,84.954071,49.309620,61.824047
176.536362,86.652733,49.585758,61.269459
175.669556,85.539108,49.716537,61.762344
173.429550,81.211723,49.739647,62.307194
170.466400,78.675995,49.514488,62.900047
167.205795,76.878914,50.178665,61.933281
168.172989,75.254555,47.836887,60.304260
168.189728,72.505447,45.877266,58.386421
169.382782,66.564125,45.696526,55.657967
176.047302,64.676758,42.350529,57.931705
178.495239,66.164566,40.324810,59.341015
178.635437,65.684601,40.576408,60.665924
178.844086,66.104156,41.134521,60.801380
178.879044,66.094772,41.798664,61.245613
174.997559,69.091995,41.824654,60.127056
167.752060,67.629074,40.479961,61.473251
161.793716,68.420181,39.847008,61.205498
152.601654,67.916565,40.525223,61.907162
145.910385,67.099335,40.328552,60.198040
142.290146,59.303059,39.793503,59.676270
138.091339,56.141159,38.422577,59.264133
136.891876,54.066521,39.313278,58.004562
135.338791,53.859478,40.111176,57.155712
136.252014,53.961830,40.126694,56.577763
136.897369,54.920902,40.313713,56.091885
138.672256,57.853951,39.971825,56.006756
139.244614,59.139496,39.601852,56.086586
144.353241,61.774128,39.199463,55.292316
151.116791,64.182457,41.482388,52.500992
152.458389,69.726379,41.014877,50.883961
154.842789,68.302071,39.196529,50.551640
154.999054,68.517647,39.482433,50.970657
155.027649,68.130951,39.331451,51.158195
156.530289,67.454887,40.509258,51.796143
157.013397,67.422112,40.943813,51.908524
158.450897,67.075500,44.856915,52.782658
160.649246,70.910278,44.048477,53.663570
162.049622,74.274246,46.037338,53.503155
162.334610,74.566956,46.456776,53.830921
164.580399,72.514481,45.459484,54.267876
164.521698,70.814545,45.473949,53.875095
169.300842,72.182709,44.618973,54.381413
170.056244,68.427948,44.721226,54.266644
170.910568,66.542816,44.236858,54.555073
172.167328,66.495422,44.172310,54.948685
167.430588,62.372910,45.428047,53.536411
166.357941,59.952076,44.707462,54.155674
164.513718,64.870300,45.150620,53.158211
165.103516,67.348160,44.845303,53.645630
161.574341,60.302429,45.563824,54.456749
161.725891,57.363312,45.492336,55.164051
162.760025,60.590572,44.071785,59.162262
163.027786,60.662510,44.407413,59.405128
168.093277,62.551590,43.536217,60.600136
177.260513,60.276554,43.804173,60.996311
179.964554,64.494942,43.292412,59.455982
188.274002,47.266205,48.197937,61.742020
188.719025,58.428112,47.416924,64.575241
190.888321,66.012955,48.403255,62.161942
192.469910,64.882446,47.570999,62.078522
190.222382,62.357956,49.508362,62.944675
187.719070,64.100433,48.744118,62.533165
182.619675,59.744877,48.141922,63.936359
185.172821,58.117455,45.742092,63.323677
188.366898,50.639786,43.279598,68.968536
188.257858,50.482571,43.803730,68.523315
190.031784,49.369354,43.039177,68.961700
190.210449,46.603828,46.053211,67.728401
197.513336,51.632729,44.119869,69.259430
197.437546,56.748238,44.714314,67.401817
194.474136,65.342995,46.588745,65.819138
193.161270,66.271233,46.726490,66.469887
183.657455,75.043411,46.733376,69.208740
172.751022,78.946915,46.938690,70.364601
162.368912,79.324890,46.423916,69.042099
152.432083,80.503471,47.230167,64.111595
144.923935,74.956581,48.022011,61.851139
141.422333,68.040131,46.497700,60.383137
136.027222,65.186005,48.565933,57.239128
134.699387,62.694954,47.183193,56.585346
135.966064,63.164867,47.135033,56.283356
134.788635,62.586174,48.256321,56.655598
140.324524,66.668182,47.261494,56.111877
142.344147,72.000488,46.404903,56.645363
142.186569,79.710785,45.696171,56.725060
141.431778,89.911743,44.650688,54.449524
141.779602,89.714363,44.800991,54.122261
145.269089,84.800972,45.366150,56.667850
147.113312,77.408554,45.201168,56.882458
149.359741,71.018059,44.986485,56.790199
156.374466,73.123787,44.907204,56.498943
156.323364,69.770279,44.556313,56.745155
156.253052,66.222656,45.963268,57.868336
158.458084,67.266090,47.156818,59.905613
156.694717,70.939575,46.507622,60.093269
154.286209,72.035416,46.370564,59.833561
153.521957,72.087914,45.978050,60.235046
151.448364,72.971313,47.217197,61.396748
144.243286,72.138145,48.110310,60.471394
137.856491,68.908661,49.251915,60.078041
136.421661,63.957863,49.747997,61.855911
134.407410,62.241684,48.935436,62.039604
132.177902,60.141167,48.559093,63.075264
134.520355,56.046959,49.916092,62.965538
137.172653,53.468151,49.590649,63.629971
138.243164,55.268173,49.754627,64.631844
140.039551,54.417564,48.616215,67.563354
141.277374,53.075069,48.052433,67.661751
140.748840,58.021175,48.481003,69.948624
141.073502,57.902924,48.109749,69.957542
141.233627,58.602482,48.012177,69.779785
140.780075,56.594379,47.518917,69.565491
140.806488,56.747414,47.940964,69.797630
140.658096,58.710217,47.912975,70.093300
145.023300,58.325371,47.109997,70.620255
151.425156,55.678448,45.382046,73.919632
154.439484,58.275913,45.324764,74.476471
160.236649,61.656490,45.483334,74.156807
166.523529,61.602020,45.310623,74.289650
170.726318,65.075073,46.340473,75.031158
176.990570,68.199577,46.965260,77.092064
182.677094,70.424164,46.390518,78.316010
