1
139.824448,68.432587,73.789368,81.031830
141.340103,58.538944,71.850563,89.155075
143.640198,53.910511,69.780701,94.237839
148.131973,50.849033,66.864883,99.781410
150.209976,46.666706,65.052078,101.661331
152.372116,45.911457,65.099533,106.139587
153.877563,46.322052,63.828228,106.181007
157.188095,46.596581,62.256706,107.164192
158.888870,44.230457,64.338699,110.487411
158.845612,41.742294,64.925705,111.907707
158.839417,42.206623,65.066841,111.929733
159.471024,42.883389,65.980804,111.614319
159.739014,44.901905,65.681488,110.031082
163.972443,48.017952,65.630417,109.555412
168.730820,50.830879,65.613770,108.384331
171.140427,53.768345,65.685028,105.829834
172.922958,54.562931,64.830444,106.622581
177.360153,54.601868,65.066757,106.235146
180.700455,53.815567,65.264389,106.116707
181.850052,51.897480,65.314384,106.085327
183.133621,49.589809,65.937737,105.545448
187.500366,48.296444,65.579727,103.949921
187.623932,48.147629,65.908340,103.792488
189.687866,50.943298,65.374214,100.665390
191.321365,53.550983,64.774895,100.376984
191.560959,57.048630,61.920712,97.535492
190.430176,57.373878,61.916637,97.720695
189.483246,59.125507,62.388153,97.195732
186.313599,60.196960,62.832611,96.279312
183.812729,60.360420,63.000038,96.148903
177.526337,58.893032,63.182583,95.530922
176.769302,59.115570,62.026890,95.304245
172.644623,56.617508,61.877804,97.249611
167.970764,58.307987,61.731522,93.427345
162.682007,57.370564,61.049168,92.413887
159.313965,57.880241,59.529652,90.860138
157.504929,58.775139,58.783566,91.114296
152.400146,56.075909,58.410000,91.454002
152.250275,55.553020,57.576122,91.762367
151.911331,56.586899,57.942825,91.912132
151.996719,58.744713,57.211029,91.461136
151.627487,59.057571,57.684441,91.186012
148.588593,61.115631,58.245083,90.216919
148.327057,59.007473,58.183769,91.757881
147.129257,60.686703,56.911728,92.274925
144.473587,63.585152,57.779987,88.240852
142.436493,63.656403,57.374172,88.118034
145.161804,65.609940,53.093529,88.465179
145.719330,66.251129,52.650520,87.446930
145.067154,65.375107,50.974957,87.587166
146.153702,63.930443,50.387695,86.966560
148.086578,63.798054,50.579159,86.004906
149.074127,64.974289,49.800945,85.284882
150.644745,66.386070,49.115467,84.194565
152.021530,69.472282,48.846008,82.742958
151.655792,70.567917,48.728844,83.121078
150.588516,76.493004,49.705753,80.484718
151.894791,78.259148,48.774715,80.250664
152.466827,77.983246,48.083771,80.416115
153.145889,77.828918,48.307796,80.538254
156.565308,76.705627,47.139179,81.646996
158.305191,72.958824,48.456799,80.887161
162.957535,66.311470,48.463753,81.843246
164.584854,62.124603,48.660339,82.824814
165.034470,57.480061,52.181240,84.362473
170.187256,54.343029,50.667126,88.101822
173.186020,54.372124,52.062000,91.442101
172.942383,55.272823,52.472672,91.094055
176.070023,59.906662,51.498405,91.281296
176.846161,59.250248,51.838978,90.667282
180.206894,61.528927,50.890701,92.086388
180.757629,59.740063,50.819584,93.074532
180.803741,59.866390,50.850044,93.283798
182.059128,59.598713,50.532246,93.896133
183.005005,59.409748,50.840679,93.966637
183.042633,57.720058,50.917416,94.020599
181.113220,56.930523,50.662342,92.746536
182.616852,55.386124,50.859894,94.075676
181.779739,55.916378,50.842667,94.259659
179.313278,56.339966,51.015717,93.532265
176.756302,58.808537,51.395420,93.777107
175.113510,59.120792,51.186275,93.558258
173.625534,59.285515,51.024242,93.980499
171.759964,55.686417,51.225441,95.709076
170.406296,54.027653,51.390461,98.786201
169.143234,54.270802,50.869282,98.503082
169.442642,53.651432,50.703545,98.754341
166.371918,54.244881,51.198479,98.480522
164.610596,52.548798,51.219017,98.604874
162.409531,50.447704,51.354549,98.877602
157.146088,46.899574,52.078434,104.144928
152.990173,44.593288,52.482624,103.617363
152.671570,44.856533,52.436222,102.321442
152.283600,48.342911,52.104294,101.397072
152.851044,53.769115,50.928768,101.607376
153.706070,59.173981,50.372059,98.605972
153.932098,61.723434,50.068760,97.061935
153.793762,63.424953,50.416767,94.868675
153.651093,64.131813,50.386940,94.170837
153.572998,65.577446,50.480316,92.498962
154.035339,67.871010,50.425854,89.344398
154.509613,67.699402,49.896053,87.495331
154.883896,67.388077,49.800461,86.828583
156.922119,66.942390,49.112404,86.543144
157.786499,67.670052,48.490040,86.413620
160.216476,67.403351,47.632351,85.345802
165.893021,66.571259,48.645851,85.673782
167.343109,65.968895,49.127529,87.362221
171.954285,67.493980,48.900978,87.736427
173.175110,69.695633,49.648754,86.992455
174.530960,74.148605,49.407841,82.767845
175.296585,71.353050,47.471756,85.926361
175.337234,71.660095,47.308422,86.006172
177.254639,72.292450,47.069191,85.602135
180.519073,74.042404,47.036774,84.442780
184.278091,74.376938,47.718834,85.834373
186.739395,74.802124,48.755138,83.866226
186.785767,75.278160,48.930931,82.047852
187.070496,73.713898,48.701859,82.050240
187.231125,72.915344,49.252274,81.583984
187.835480,71.660080,49.518917,82.379944
187.828918,75.105659,49.796455,80.249283
190.158035,79.067375,50.171478,78.359848
191.116867,81.420555,49.556526,78.099731
191.396759,81.739433,50.034828,78.142143
192.479401,80.691216,49.712635,79.073738
190.952911,81.415512,49.864906,76.284103
185.145020,81.735168,49.392162,72.965759
183.965485,80.519730,48.187561,71.629814
182.534058,78.348366,48.132404,69.816055
180.688660,76.861740,47.447441,69.958504
179.795151,74.071411,46.704506,70.660110
175.715836,72.065826,47.802670,70.464272
171.800980,73.516800,47.062157,70.839729
167.595947,73.565544,47.431709,70.792465
163.944366,72.231377,47.293407,72.415329
163.384781,71.774490,46.705528,72.707802
160.792068,71.738373,45.867237,72.737877
161.802902,70.893509,44.859402,73.189545
161.992935,69.221664,44.982388,73.742722
161.946777,69.268127,44.914158,73.988800
161.912125,71.564819,44.551998,72.680634
161.995682,73.353867,44.485962,72.711685
164.318420,74.035576,43.289967,72.439949
166.276901,78.357414,42.784840,68.978798
170.107147,82.473610,42.951332,68.374855
169.113663,81.952858,43.638969,69.122566
169.974457,82.405563,43.540447,68.458145
174.923920,83.722450,43.610210,66.641129
175.379745,83.288490,44.115433,66.659821
178.528778,83.229813,43.545578,66.602386
182.386169,85.839073,45.116150,64.028984
183.700089,84.147179,45.340763,64.776543
183.425110,82.590134,45.464596,66.082458
185.533310,81.493423,46.082649,67.256012
186.005005,82.215790,46.737614,67.501770
186.074875,83.246498,47.277386,67.308601
185.411896,82.769447,46.568005,67.401413
185.816666,82.234436,47.116493,67.985970
185.442764,82.843834,47.400795,67.494240
186.173080,84.680794,46.226845,67.667625
181.431625,86.859657,46.293049,67.920784
180.894272,86.630951,46.815506,68.305351
180.857651,86.683357,46.933052,68.515030
179.764313,85.707802,47.288090,69.132950
179.723114,85.273491,47.486130,69.348228
181.728516,82.922501,47.361946,69.601250
181.518906,81.685547,46.455605,69.893211
178.642410,79.916412,45.833870,70.323540
175.251266,79.639465,45.578804,70.817017
174.408142,79.748413,44.934334,71.329063
172.951523,79.608025,45.045540,71.075294
170.427048,79.636627,43.963642,72.673447
168.424072,84.343109,44.712368,69.596703
164.675064,83.946083,45.460560,68.271736
158.893463,82.012024,45.782150,66.303726
155.638290,78.643105,44.522923,65.020676
154.798843,76.736588,44.101181,65.709122
155.330856,76.654999,43.809956,66.025375
155.496063,76.722847,43.286663,66.211388
156.156815,76.309769,42.087574,68.778099
158.591949,78.379868,41.961468,68.177826
162.066345,82.037697,41.795700,67.863571
161.668655,84.621056,42.953506,67.789841
162.281723,84.951813,42.807968,68.183945
165.444641,90.368973,41.892799,69.147873
167.658981,92.764305,43.422550,68.375542
171.740631,93.943375,43.794151,66.139679
175.375549,94.111183,42.782246,68.015823
179.030182,94.835892,42.300930,65.737793
179.661301,96.382164,42.134586,65.964905
184.620224,91.574333,42.350868,71.360458
192.115463,90.055809,42.300575,67.898857
189.882507,83.459251,45.657642,71.973686
192.931427,83.682396,49.120384,68.289543
194.145523,82.795235,48.567013,68.968819
198.417038,83.586281,49.366421,68.267365
205.333588,83.515266,47.964249,68.834213
206.023483,81.892776,48.623768,69.613228
209.092102,82.241318,49.560810,69.750275
215.224457,83.848724,50.173069,67.883163
216.051468,84.123253,49.313560,66.827614
216.321671,85.018074,49.768852,63.348156
218.028122,84.863419,48.269001,62.880432
218.357437,83.466606,48.204926,63.123989
217.059647,82.731537,45.144821,62.575687
215.342499,82.962303,44.787331,62.663898
216.075729,82.764763,44.050377,62.762684
216.513672,83.424759,44.041008,62.769779
214.632874,81.394920,43.346016,65.261673
213.724655,77.626976,42.816483,67.608673
213.410263,73.563004,41.415588,71.453934
212.052658,64.802734,40.884800,78.660118
208.690125,64.353287,43.923988,79.659302
205.267822,65.566780,45.043518,79.154907
205.016785,67.358467,44.749287,78.802200
205.699722,73.241455,45.333260,75.530937
202.661346,77.813919,45.589325,74.796410
202.459091,78.389954,45.444614,74.385590
202.525970,78.910889,45.529694,73.532135
198.023621,79.681488,47.551678,72.427528
197.692322,70.708504,47.289837,75.166443
196.904083,68.403198,47.923550,75.690712
196.504349,68.233276,48.263618,75.853775
199.295547,70.709282,48.421570,74.417236
200.977417,72.095459,47.802113,75.339256
202.525406,72.960464,48.143562,75.042007
204.714981,73.748573,47.515575,75.227463
204.617325,73.607780,47.974506,75.589439
204.633301,73.846390,48.622246,75.538254
208.640945,70.548508,45.520912,76.757408
212.064880,67.132935,47.476093,75.796669
213.248215,71.452553,47.572788,73.820839
215.058365,72.289932,47.064304,74.074150
220.956482,76.212990,47.554668,71.942490
224.643295,69.967484,47.336182,75.016678
226.050934,73.387512,51.508701,74.834839
230.480148,79.104141,51.387177,72.341019
233.217133,89.923851,51.965668,68.856911
231.205688,93.949371,50.792046,67.613609
232.114624,95.031708,49.472675,68.031235
231.460785,91.836166,48.912086,70.891273
231.204376,92.859840,47.535778,68.031189
231.459946,95.444534,46.965530,66.802895
233.362274,98.062500,48.313084,65.556831
236.870407,98.859154,52.916439,62.077751
234.288635,96.652245,52.267815,63.393936
233.734100,99.534210,52.338264,59.659065
232.653275,94.769920,51.322174,60.373795
232.097076,94.431122,51.023846,61.943577
229.532425,93.362022,49.216450,64.277008
228.940491,93.760674,48.652172,64.439713
226.070145,93.486649,48.144524,65.789253
223.974686,96.195442,49.799088,65.528183
220.408798,95.450584,51.898483,65.483307
217.354462,95.995262,51.338470,64.320854
213.074387,93.324707,51.481300,64.274063
212.949173,85.872543,51.901894,62.968517
216.343094,79.282784,51.843346,62.391628
222.904633,78.243736,52.090744,58.631031
227.133804,77.346542,52.106266,59.936043
229.627396,83.481323,52.997223,57.915512
235.009903,86.469452,53.705132,60.038044
239.541351,88.596672,50.315632,62.895481
243.139038,91.365463,53.500034,61.610638
248.725677,94.721878,53.071671,64.922310
253.513275,91.547615,55.746925,69.726776
254.321793,86.437027,55.962521,70.542084
254.652374,85.337418,55.647579,69.944695
261.838440,82.637779,53.979900,69.616425
264.352295,80.211090,54.515583,66.890335
266.139526,65.472290,53.860481,71.559830
268.258118,64.222466,51.741875,71.500732
269.173645,65.779243,50.826363,71.169983
268.869415,71.373337,50.532627,69.466873
268.172607,72.751068,51.012466,70.446533
266.596954,70.981781,52.715748,71.204315
264.060852,70.557938,53.310066,71.241905
263.889618,65.519043,52.750553,74.351852
263.057556,64.944038,54.248043,71.577705
262.816589,64.801537,54.541176,71.966461
264.625275,65.639420,54.275185,69.944664
264.798859,64.649155,54.223656,70.580330
265.082794,64.774277,54.310932,71.001770
264.939545,65.941933,54.455357,70.965714
264.398499,66.344238,54.430786,70.682571
265.488525,73.112846,53.808083,66.798462
265.037598,70.250626,54.024078,68.236275
263.721039,70.046036,54.253197,68.978096
262.703888,70.215317,54.033100,68.798798
262.084198,69.592567,54.725422,68.387337
261.843597,69.139435,56.289280,68.178482
263.774048,71.158127,54.488674,68.647926
263.321259,70.057129,54.864429,70.860909
262.873779,70.431679,55.609867,70.747169
260.242798,69.937714,56.642559,73.247856
252.593384,66.533440,57.296120,80.977516
240.842606,63.494877,62.990837,82.656044
233.585007,64.222778,63.514183,81.439896
225.595932,58.742516,65.789276,86.480545
215.660782,54.823738,67.105888,87.537308
211.909103,57.838638,66.455505,84.770554
207.347626,55.675282,66.036430,86.166702
205.057419,55.686447,65.768646,85.672806
205.776535,55.813015,64.031044,86.012932
204.938400,56.023426,63.400623,85.510460
202.327042,61.137245,62.604713,85.514587
198.812027,63.966198,62.669636,85.335083
197.544495,64.729088,61.795319,84.841240
194.563309,65.600853,62.171371,84.913994
186.321350,67.200668,62.311733,85.565147
181.108292,62.255798,62.131969,85.665993
177.871521,63.654427,60.117493,84.147820
169.183151,63.696899,61.906647,82.349922
159.001419,57.824631,61.522392,83.456596
151.316788,58.659077,60.117886,77.975525
143.961121,59.506084,57.594780,77.539078
140.154785,52.187401,60.055027,76.577316
137.399933,52.597092,59.946136,76.353485
132.711243,50.011471,59.148399,76.837280
129.096283,49.911232,59.072994,75.375214
124.903389,51.326523,60.427040,72.945084
126.728394,54.325710,61.113785,71.859314
128.403381,58.533878,57.455227,72.233597
125.533882,61.222591,55.710571,71.109428
125.549652,61.218685,55.841103,71.106361
128.203339,61.739502,54.321861,71.210808
129.484604,58.301121,54.008408,70.946831
135.611252,61.355293,54.389946,71.993813
135.903732,67.105865,53.222248,70.597275
137.487717,66.874161,53.471958,70.707825
142.882980,67.706482,51.608494,70.291000
149.692871,68.414925,49.471100,72.163292
153.922394,67.546265,50.381332,71.946106
159.033569,67.538895,50.066174,72.663879
164.974136,71.563103,48.748531,72.747932
166.309860,72.307617,48.278667,72.212296
166.468597,68.343704,47.540966,73.978012
167.658203,60.804272,47.918961,74.408005
167.569519,57.860077,50.379875,70.696815
169.761307,49.634285,49.941296,72.041367
170.147568,41.122662,48.974194,73.182373
169.483719,37.231091,49.477322,73.365265
170.411194,42.559174,49.364254,73.584618
170.876343,49.813789,52.926022,71.976082
167.082870,59.893967,60.307915,69.127075
172.884216,70.119690,56.012566,71.931938
179.876907,73.019989,55.136002,76.754631
185.740662,76.893105,59.357365,77.327171
191.129822,79.530296,58.037170,77.486008
191.559601,82.242348,59.191326,80.352409
195.054718,83.982002,61.293564,79.374443
201.159012,86.324806,60.425415,81.178314
202.318176,85.179085,61.041630,84.289864
202.592438,85.352074,61.448696,84.521904
202.194717,85.919838,61.042347,85.301064
195.146881,89.244118,60.156830,85.161346
193.318771,88.516815,60.350342,85.476128
193.805893,87.207939,60.485016,85.285217
189.482224,78.314873,60.812145,86.540779
184.514359,72.760735,61.691769,88.207687
178.474701,61.940857,61.832321,93.272690
172.844803,54.494904,60.656326,96.901550
172.788940,54.418430,59.836769,96.847504
171.266632,61.955967,59.328583,95.973152
168.798416,63.275177,57.773312,94.971657
168.860184,65.763550,55.303623,93.824066
167.576813,70.768341,55.432896,89.434677
170.878662,78.133789,51.563923,85.196503
167.894485,80.328568,49.067917,84.129478
169.239044,81.915459,48.063751,82.215416
167.491776,84.360497,48.248302,78.849457
167.114761,86.237701,49.721397,72.546043
167.734344,83.278214,49.549061,71.954529
167.351776,80.254555,49.312279,71.382668
168.305893,78.065331,49.004509,70.172752
165.858444,77.638077,49.225510,69.126915
169.288284,74.451088,47.312138,71.830536
170.975357,72.487503,47.896336,70.733849
173.736130,72.731247,48.031784,70.524330
184.622314,76.934998,48.060352,67.829498
188.504700,85.295120,47.643093,64.188347
193.577423,91.325401,46.425289,60.032833
199.486893,95.697845,45.277637,58.923374
205.885666,97.969208,44.480232,57.614510
208.873459,99.239288,44.516911,55.946156
210.489655,97.359283,44.004246,56.620785
213.835999,96.621315,45.097267,55.025898
215.713364,93.132790,43.810253,56.019989
212.214401,89.970932,44.404503,54.128170
207.992279,86.942696,43.668938,53.860935
207.798950,86.280067,44.169365,54.116257
206.799942,84.609871,45.013817,54.145020
207.922333,88.375206,45.929096,52.383858
206.349213,87.955696,44.460293,53.405697
206.118332,88.440948,44.558323,53.255394
204.817764,91.852409,44.901314,52.174698
203.409988,93.609497,45.287086,50.776897
200.525955,93.249741,44.942955,51.527725
197.221588,93.621353,44.320019,52.051197
190.840256,90.791359,43.342548,53.680317
189.917313,87.597847,42.788082,54.049129
188.420837,83.275726,42.415298,54.133537
188.408081,82.295807,42.757969,54.102814
189.243896,80.936340,42.698025,54.563873
189.436615,81.218620,42.961140,54.972359
189.552551,82.282036,42.894943,54.513420
190.384674,87.311295,43.816357,54.057026
191.354996,89.807381,43.733170,53.430107
192.964462,94.339775,43.407974,52.788830
193.591980,94.242088,42.838627,52.561657
193.410187,95.080551,42.720268,53.240868
191.491821,92.263512,43.429829,53.625992
193.199829,90.530640,44.086594,53.890934
194.840271,84.815971,45.240917,52.954845
193.287781,82.192276,45.300812,55.258125
193.375595,82.304382,45.494423,55.472107
194.987411,81.601433,45.983299,55.188747
200.111725,80.605316,45.317551,57.052540
208.246140,82.734215,46.517746,58.547333
211.319901,91.953644,47.878761,60.187679
214.598129,96.060593,47.914932,59.842976
214.731461,96.084854,48.037632,59.847141
213.455750,90.032318,47.643894,61.058033
212.949554,92.473259,48.283070,58.931614
212.784836,93.696404,48.600632,58.071201
207.953949,90.924240,48.257450,57.897411
199.029617,91.006912,46.652821,56.429192
194.676651,88.888184,45.877750,56.972088
188.395233,85.070534,45.136322,59.169121
186.652191,86.414993,45.474792,58.563675
184.786163,86.239578,47.253021,58.530434
182.498306,85.819336,50.687572,59.615276
182.135071,88.315186,53.686630,59.272717
188.122192,87.083603,54.405140,59.360977
189.400116,88.881958,53.972179,59.341660
193.777863,88.346306,53.135220,60.815926
199.802963,82.390221,52.838493,61.564873
199.994064,82.462723,53.112499,61.887466
199.985992,79.523262,50.726101,65.220825
195.216965,79.970558,50.120701,65.639282
193.061172,75.522530,49.740269,65.103439
191.227264,75.164894,49.308514,65.023972
182.557297,74.103676,49.572586,65.685326
178.611313,73.530823,50.673637,65.308945
178.874008,80.504250,51.690971,60.561817
174.614899,82.728767,51.617928,60.207527
171.736664,85.848419,52.214352,58.066246
171.393707,84.300583,52.038113,59.187386
168.088791,77.911163,52.675941,59.920818
165.210098,75.170135,52.087105,60.931995
164.708435,74.497635,51.213844,60.920959
165.324417,74.558975,48.352528,58.239967
166.208160,72.300362,46.272499,56.761662
169.370468,65.686981,44.674381,57.310986
175.258850,65.272552,42.650520,58.122166
176.720459,65.365150,42.136600,58.490738
177.417587,66.124245,42.349129,58.713524
177.808334,67.383301,42.486919,58.979191
177.406967,66.851097,43.170998,59.657555
174.605240,71.001648,42.643425,58.285019
167.489807,69.596489,41.165947,59.771526
161.455490,69.947708,41.423141,59.256756
152.613159,68.908821,41.537025,59.539806
146.542175,67.600403,40.799660,57.414742
141.735657,61.160583,39.979134,58.037811
138.623199,57.661388,38.982697,57.724899
136.622726,54.587391,39.136185,57.631317
135.779160,53.962582,39.736858,56.943302
136.713486,53.595943,39.881313,55.923443
137.762390,55.162388,39.743706,54.956955
139.322006,59.243404,38.987137,54.477287
139.606659,59.558617,38.972969,53.655548
143.918243,62.570251,37.716221,52.974983
149.337509,64.337952,40.129681,50.904884
152.074524,64.968208,39.438667,50.932980
152.703018,63.989933,38.955246,50.792351
154.534927,64.779938,39.585293,51.658871
154.666260,64.662323,39.745514,52.194805
157.112579,65.487778,40.772003,53.296402
157.607742,65.699081,41.137470,53.130260
159.236023,67.083542,47.226818,55.031113
160.974716,69.758041,45.751030,56.205494
161.528061,70.806213,46.618652,55.445000
161.867752,71.330490,47.081947,55.106361
162.427200,67.239540,47.382519,55.733307
164.571213,64.246681,47.639648,54.564404
168.136337,64.717453,46.745136,55.832516
167.929672,64.326569,48.008324,55.583664
168.538864,59.714741,47.319515,56.585285
170.624619,58.323547,46.940033,56.826736
166.203735,55.397724,47.662968,56.064854
164.778061,53.719131,47.194046,56.514450
165.318054,55.379688,46.350845,57.486729
165.178543,64.369469,43.874672,58.938751
163.774231,62.255985,44.164783,58.510769
163.609772,61.432877,44.213741,58.935093
163.454987,60.324009,44.038010,59.275681
163.536758,59.253994,44.362331,58.954521
166.175491,59.513214,44.103703,59.275311
174.997696,55.363911,44.318054,59.447517
180.723099,57.701935,42.324284,60.162788
187.181641,46.518932,43.988991,61.837967
188.792511,59.043716,42.694054,64.851746
190.878479,68.331955,46.812332,61.812168
192.861145,65.651718,46.354557,62.603142
190.078339,62.843441,47.341381,62.644253
188.510696,62.404053,46.836369,62.884346
183.472717,59.759480,47.021072,62.332268
184.995453,57.512672,45.378708,62.212429
187.005371,51.317966,42.807976,67.137421
186.899048,51.301388,43.096081,67.404793
191.384262,47.933483,42.928772,68.244827
191.500336,43.851212,44.486942,68.228271
199.140152,46.852200,42.281036,70.646713
199.062347,50.000587,42.872097,69.637993
195.516815,60.334164,43.754185,68.625999
194.878296,62.149303,43.655640,69.957848
183.212143,71.833305,47.235008,68.540848
171.785156,78.577507,48.423866,69.252579
161.863647,79.737137,47.805691,67.041862
152.172531,80.093285,47.716103,64.069893
144.660721,73.836349,48.261635,62.498768
140.408676,65.979156,47.228157,61.681961
136.281738,62.129124,51.041847,59.945660
135.255524,58.886902,49.078869,59.812038
135.385300,59.502277,49.276962,59.742344
136.742020,65.385185,47.780960,57.998459
140.645889,67.756966,46.772949,56.924110
141.793457,69.914803,46.120083,57.869473
142.719360,78.548225,45.652775,57.264927
142.564743,90.770866,44.997761,55.823997
142.162888,91.028877,44.997444,55.308926
146.688797,86.490570,44.463566,56.764412
149.721359,77.729668,44.313747,57.127880
150.367554,72.405525,45.146210,56.569679
153.944794,71.334267,45.873688,57.045338
155.112228,66.893478,45.153419,57.951923
157.783218,63.257229,46.830345,59.728062
157.117081,67.904442,47.841873,60.889336
154.802963,71.002258,47.511353,62.027241
151.564972,72.291565,47.962135,62.705379
152.965073,74.264450,46.454628,63.360001
150.368652,74.777397,46.862141,63.397152
142.890106,73.965340,48.140247,63.135292
140.465073,72.497795,48.571892,63.549557
135.694351,69.193779,50.027985,64.910995
130.426300,66.704651,51.877357,63.294624
130.455460,61.909672,50.986229,63.833263
132.056213,58.054230,51.855728,63.891304
135.942169,55.180862,50.295288,64.627487
137.591003,56.517365,50.555691,65.125610
138.747330,57.343906,49.738579,66.481499
139.917114,58.898293,49.102627,66.484650
139.279175,58.093689,48.913754,67.351425
140.088531,61.773056,49.162800,67.825050
139.535355,61.284538,49.385540,67.914062
140.411652,55.989246,48.503441,67.090431
140.507568,57.022900,48.750282,67.486664
140.748474,58.037212,48.888351,67.549026
145.227280,58.499260,48.352493,68.211891
150.659943,55.456120,45.981068,69.349899
154.745560,56.913456,45.248314,70.058167
159.192062,63.152687,45.163696,70.819450
166.849701,64.416557,45.330173,70.991943
170.958084,63.447186,46.135696,72.009392
177.774445,65.888046,46.193970,75.391586
185.109756,67.159233,45.036213,77.171356
