1
139.664734,54.887047,74.270615,95.008041
141.318115,48.078869,73.345497,104.771210
143.404922,47.668686,70.528641,105.755585
146.260132,47.349480,68.481720,107.185089
150.234528,44.749138,66.465332,108.455925
151.085648,44.386513,65.631523,108.327789
153.970139,46.536709,63.325745,107.680550
156.001633,46.964607,63.046936,107.923866
158.630829,43.993309,65.614876,109.983116
159.121414,42.308739,65.597214,111.067657
159.557724,43.410301,65.826164,111.049774
160.546127,46.166054,66.047768,109.926025
160.894089,47.412949,66.158669,107.866997
164.315903,51.057091,65.571114,106.021057
168.589539,53.164017,64.860313,105.184525
170.030487,54.698559,63.829365,105.797424
172.876541,56.742714,63.432652,104.570251
178.108597,55.279022,63.439255,104.123924
181.096085,53.761803,64.409874,102.917030
181.754303,51.333557,66.214844,102.857277
182.696472,49.818241,67.328896,101.815475
185.738922,48.777641,67.957809,100.386345
185.799515,49.144310,67.959595,100.056450
188.164810,50.648872,67.513634,98.530441
190.749680,53.847816,67.096962,98.365173
190.591125,58.054893,64.535721,95.066292
189.960754,58.820633,64.470810,94.684151
189.852097,59.332371,64.562859,94.608597
186.779037,60.042656,62.630215,95.395218
182.934250,60.796013,63.513393,94.373161
177.455948,58.980503,63.648785,94.141060
176.585693,58.112820,62.353310,94.471825
172.328964,56.520367,62.212406,94.859978
168.103424,59.206287,61.835381,91.002266
163.460876,59.340054,60.018421,88.674347
161.102127,58.318089,59.293144,87.197426
159.101379,59.732513,57.186726,87.952179
153.902908,57.361336,57.749542,87.646629
152.074402,55.669640,57.152977,89.043091
151.665573,57.676010,57.599930,88.615250
151.641846,58.247623,57.935036,88.768578
152.026962,59.932125,57.467369,88.956100
148.865631,62.101101,58.419445,86.288307
148.596146,61.660305,58.736221,86.487335
147.422501,62.492725,55.510494,87.079086
144.784180,62.853577,56.062008,86.705223
143.645920,61.476730,55.287788,88.882767
145.621170,63.344913,52.894341,88.997414
145.838593,64.955818,52.232109,88.149223
145.617569,63.460396,50.719460,88.766060
146.115234,62.603088,50.532326,88.431580
147.333618,62.967529,51.754753,87.188385
148.228790,63.955437,50.859013,86.355576
149.685303,65.869965,50.385323,83.952019
152.254013,70.382782,49.572845,82.504440
151.984650,70.783859,49.612190,83.345367
150.229660,76.760071,50.667286,79.425392
151.630936,78.062698,50.305782,79.344810
151.924561,78.183403,50.184334,79.238640
153.092712,77.304787,49.748333,80.319084
155.449677,75.896217,48.556648,81.040161
157.557648,72.683456,49.801773,79.790733
162.738937,66.094200,48.718178,81.779411
164.441055,61.264801,49.363743,83.387321
166.624649,58.266525,50.929089,83.883949
170.653915,56.394413,49.921837,85.898560
173.008530,56.030567,49.688068,89.134468
172.514450,54.834621,50.905365,90.663025
176.544617,59.269917,50.089626,91.084709
177.129608,59.043427,50.543049,91.606163
180.779007,62.063530,49.573605,93.760147
181.364441,60.549393,49.936779,94.877548
181.343094,59.181328,49.969826,95.410530
181.941833,59.486961,49.662064,95.267738
182.858521,59.482265,49.855400,95.366150
182.879471,58.835072,49.892689,95.035431
182.280563,59.057877,49.669716,93.952293
183.870728,55.386478,50.640633,94.421700
182.546158,55.577335,50.545036,93.996994
178.719849,56.115250,51.552959,93.444473
176.559250,58.424107,51.574635,94.420212
175.891327,58.310505,51.710510,94.310020
173.259842,58.594097,51.569851,94.406792
172.613434,55.872974,51.393539,95.167885
171.327087,53.652401,51.195324,99.532845
170.253601,54.386387,50.449043,99.478012
169.647629,53.953899,50.314342,99.539635
166.712875,54.316723,51.075714,98.815758
164.047882,51.954666,51.528057,99.721664
162.913330,50.685047,51.783207,99.863396
157.465240,48.713631,51.928261,104.629868
153.404449,45.355999,51.397522,104.577629
152.472870,45.399246,51.964157,103.623932
152.161774,48.443459,51.452663,102.947708
152.840225,54.499683,49.866081,101.956139
153.556015,57.215401,49.681755,99.788887
154.461853,61.168324,49.031342,97.142609
154.549530,64.057373,49.437500,93.663300
153.907791,65.753357,49.214695,91.980865
154.176895,66.418694,49.337280,91.222649
154.794464,69.180161,49.497761,88.000580
155.206131,68.008827,49.020294,87.734291
156.322861,66.766685,48.813049,86.956741
157.709808,66.085373,48.410717,86.717468
158.446701,66.482651,47.348461,86.613266
160.240707,66.298050,47.003147,86.445740
166.028183,65.733719,48.299812,86.338722
168.927155,64.274940,49.800251,89.441521
171.591888,66.664612,49.793770,92.208557
172.820999,67.449593,49.835087,91.760620
173.618027,70.705826,49.781342,88.880615
173.957489,70.395500,48.623230,89.320145
174.144302,71.429436,48.807289,88.966011
175.980759,70.355263,48.532799,88.992767
180.621277,73.109703,48.047314,86.682228
184.713364,74.525703,49.295429,86.484871
185.288696,74.084709,49.763374,85.438034
185.641846,74.093185,49.765274,83.919312
186.505768,71.886215,49.580551,83.112358
186.600784,71.995697,49.863716,80.828323
187.228226,71.201294,49.795033,80.970673
188.823746,74.275764,49.625660,80.711830
188.869034,76.487282,50.287491,80.253952
192.054428,79.683189,49.050728,80.202637
191.990799,79.710175,49.529812,80.293266
192.756821,78.803040,48.953400,80.831917
190.178513,79.275719,48.924770,78.917320
186.052780,78.948784,48.455048,75.818100
183.892212,79.920662,48.089294,72.342567
182.543625,77.766228,47.962746,71.046036
180.777710,75.066940,47.116405,71.090492
179.714966,74.035004,46.562801,71.286804
176.190796,72.226814,47.644478,70.925980
172.315063,73.853569,46.434811,71.403465
167.119171,74.287971,46.953327,70.508499
163.739792,73.141640,47.104252,72.207603
163.135864,72.812866,47.039326,72.435623
161.128281,72.378571,46.425163,72.021614
161.586487,72.338387,45.483521,72.094093
161.953766,66.962372,45.245544,74.762100
161.768417,67.293983,45.406898,74.793175
161.809372,69.379631,45.361500,73.822433
160.373718,71.780167,44.930733,72.753494
162.694550,73.814270,44.776932,71.985069
165.059937,78.000793,43.749500,69.335327
168.370972,82.165596,43.416248,68.295166
168.185211,82.520798,43.837883,68.463295
169.534378,82.393852,43.099365,67.815094
174.587326,84.858398,43.384850,65.718697
175.466736,84.239792,44.264557,65.818954
178.570831,84.740997,43.964043,65.082520
181.900406,85.835655,45.114979,64.189171
183.214920,84.063667,45.340763,64.776543
182.843384,81.757126,46.110718,66.906876
185.864868,79.322052,45.983669,68.603500
186.146683,79.147186,45.910114,69.527275
186.022079,81.592590,46.087006,69.326424
185.667145,81.596458,46.544800,68.847794
186.358978,81.139427,47.085655,69.666344
185.277634,84.120575,47.811710,67.253677
186.406342,84.856903,45.893478,68.643562
182.613480,86.511963,45.905968,69.064735
181.050491,86.495003,46.749886,68.990387
181.067749,86.374100,46.752239,69.003479
180.135834,85.828781,47.138023,69.492081
180.169662,85.214905,47.486130,69.348228
181.344177,83.660072,47.333252,68.959946
181.493591,81.937225,46.247150,69.763573
178.566620,80.066963,46.048248,69.863243
175.452316,80.188515,46.198605,69.776131
173.922729,80.447975,45.730946,70.287102
171.143051,81.140465,46.155228,68.342575
168.999313,80.821129,44.800667,70.242981
167.487823,84.265976,45.528385,68.459740
163.837860,83.307747,46.670082,66.934341
157.423264,82.018372,47.791428,65.008774
155.339233,78.538322,45.513985,65.045258
154.704544,75.876823,44.211887,65.668991
155.181198,75.815292,43.809956,66.025375
155.299881,75.754196,43.197144,66.277931
156.150650,77.079437,42.423679,67.225716
159.904526,80.700493,42.181877,66.597954
162.164795,84.243279,42.311115,66.211342
161.837845,88.518486,43.327553,65.402710
162.409485,88.290955,43.217484,66.145462
166.143036,90.030525,43.029072,67.898560
167.322784,90.456848,43.254517,68.261375
171.680466,91.535408,43.493275,66.573036
175.523804,90.844368,42.202969,68.976265
180.648651,93.215973,40.915371,65.348076
180.186005,93.232498,40.785568,66.950714
185.618118,93.315506,41.706970,68.532356
192.899704,91.285789,42.395340,66.275833
190.245148,85.567894,47.094410,68.403160
193.266068,85.939941,51.974197,65.158356
195.463104,83.184570,48.170040,67.077148
199.593460,85.977417,49.608410,65.117477
206.109299,85.346558,50.269150,65.166054
207.656219,83.175362,50.276917,66.329781
210.416260,83.922256,48.246788,66.463516
214.324203,86.003700,48.935242,64.664833
216.179367,85.916977,48.728523,63.296211
216.817871,85.559151,48.440166,60.543594
218.344910,86.619690,46.846809,60.088619
218.162308,85.711548,47.052273,60.394360
216.819992,84.752556,44.825794,59.930668
214.805939,84.775581,44.455494,59.762360
216.264603,84.839584,43.814053,59.582458
215.850952,86.690216,45.507771,58.433182
215.291656,83.105797,44.460205,60.963093
213.853119,80.483246,44.302849,63.327396
214.177292,76.650871,42.268543,66.777855
211.635178,68.487007,42.511852,74.175400
207.607407,69.567688,45.694885,73.648102
204.647354,70.878304,47.860191,72.258270
203.848709,73.592987,47.745636,70.312744
204.930618,75.885948,46.732597,69.693581
203.080215,79.302826,46.910774,69.620636
203.175064,81.402519,45.490662,69.114883
203.552750,79.201309,44.729107,70.228157
198.537048,78.138908,45.959297,70.021538
198.639664,69.883087,44.832027,74.133308
198.453293,68.735382,45.126762,73.988106
198.285950,68.766464,45.823505,73.792725
199.436752,69.054062,46.389416,74.158684
202.608307,74.025307,45.720959,74.142548
204.934845,77.344803,46.129459,72.363922
207.105453,78.139977,45.268497,72.428429
206.516541,77.608727,45.176613,72.942734
206.431427,77.670822,46.117725,71.922989
209.716202,76.285683,44.458447,72.142288
213.831985,72.381386,45.016541,72.504356
213.675095,74.204865,45.225895,71.455231
215.710403,73.805229,44.492184,72.245369
222.253433,76.584045,44.537132,70.707840
226.408234,72.812111,45.911655,70.738899
226.365005,76.821091,50.979439,71.030930
230.918701,80.520134,50.000534,70.332298
234.671341,90.796387,50.076603,68.109451
233.427338,96.595642,49.049522,66.836586
234.459793,96.235977,47.855751,66.564522
232.441071,92.126732,47.459160,69.590942
231.846405,93.488953,45.826202,67.107468
231.943146,97.471558,45.822887,65.233009
235.216980,100.415253,47.895325,62.745438
234.170044,101.968033,55.018101,59.045292
234.091858,99.823708,54.675514,59.666584
233.571976,99.608917,54.974609,59.279762
232.216446,95.769936,53.866982,59.909733
231.816940,95.679688,53.517780,60.322956
228.805359,92.935478,52.746826,63.578922
227.986252,93.426926,51.812458,63.926441
223.112167,91.973717,52.348339,66.665993
220.845200,92.949669,52.362122,67.388496
215.015274,93.368187,55.254005,66.183769
213.859985,92.974525,55.236572,66.272766
209.015259,92.989403,55.972073,64.614075
210.434235,84.888618,55.839931,64.717102
213.181946,77.644188,54.919758,64.375038
220.150482,73.144493,54.001537,63.555927
225.573486,71.626129,54.726673,64.353287
229.784378,75.662590,55.238529,64.522011
233.614288,78.968597,54.984245,67.306465
237.176132,78.801765,55.211140,68.302032
241.071396,82.648460,55.909008,67.304558
248.237625,91.743301,53.771030,68.706146
252.015778,94.598915,54.098816,69.830009
254.130829,94.748024,53.404652,67.272507
254.391479,87.489899,52.291359,66.380630
261.411469,85.113113,51.751247,65.407600
264.979279,84.603546,52.300114,62.216347
265.865845,73.316513,53.893166,65.465340
267.181488,71.839760,52.818508,64.901726
270.308716,68.451775,49.691284,67.774872
271.357330,75.199898,48.413574,66.679649
267.459747,75.032356,50.082951,69.220619
266.146698,71.274841,50.955620,73.463707
264.906952,70.798622,51.959137,73.395729
264.410492,65.436096,51.649685,76.285072
263.964142,65.651405,52.186661,75.826767
262.904999,65.557953,53.381283,75.108376
264.037354,65.992683,53.287598,74.214279
264.053467,65.987236,53.469707,74.426285
263.982849,65.912231,53.535851,74.500961
264.198792,65.962807,53.971272,75.007912
263.247070,66.397308,53.352364,74.213722
266.450439,71.000320,53.549564,72.116280
265.846985,71.191124,54.153027,71.846909
262.446350,71.304787,55.446712,70.629677
260.534973,71.603737,55.194733,70.733711
260.556213,69.079918,55.226330,70.103989
262.964935,67.254036,55.122814,70.247925
263.543793,68.089417,54.935810,70.520454
263.073395,68.112808,55.513538,71.532928
263.088074,68.030792,56.213993,71.912895
259.789734,69.709885,56.240086,72.449272
249.457367,66.787689,57.919403,79.291382
238.033798,63.730366,65.312538,79.658226
232.625626,61.198917,65.683098,80.025497
226.164520,59.891792,68.175835,79.805824
214.128372,57.225685,70.959236,82.852692
212.140015,58.367729,70.970207,81.941048
204.873062,56.308826,70.930405,82.027664
203.738235,56.228405,68.297920,81.840149
204.568771,55.905495,67.013626,82.850662
203.199463,57.542011,66.222702,82.055389
201.967697,61.227612,64.854141,82.882416
197.645065,63.646782,64.162323,83.260185
196.929810,65.818550,62.029053,82.139771
195.127716,68.562141,61.733772,82.782585
186.746918,66.339874,60.967152,84.707199
181.162552,65.295067,60.773155,80.119804
180.214691,67.583389,58.405510,77.785538
169.824371,62.806595,59.445908,79.158112
160.920059,59.622841,57.894321,79.327644
154.521500,62.955799,56.481544,74.140160
147.359100,59.063587,53.522285,76.843193
143.550110,53.284454,53.821068,75.734810
140.059372,54.492386,50.955853,75.676468
135.039444,53.026665,50.962120,73.465836
132.872726,54.540180,52.489651,70.617760
129.978287,58.433037,54.151291,67.033234
131.196716,57.206264,53.998962,68.591362
133.025116,64.131180,51.306503,68.574768
132.018631,68.042480,51.250034,67.691284
130.842331,66.787140,51.144333,67.176971
132.113541,67.462273,51.269314,66.721863
135.486374,61.222408,50.166393,68.081306
140.140137,62.181759,50.479893,68.001701
140.213394,66.490089,50.691986,67.500366
141.643051,67.770592,50.418480,67.818634
146.402206,68.637169,46.855080,68.071228
152.035019,66.164375,46.357235,70.770309
154.980133,66.214256,47.859070,68.828537
159.613785,64.374680,47.620911,70.673363
164.171097,67.964432,45.496181,70.476791
166.107315,73.798836,44.736824,69.721619
167.096161,69.495949,45.618946,70.765358
169.082596,59.964127,46.536346,71.777245
170.311951,58.969551,46.779259,68.265839
170.972031,54.676487,46.667053,68.558914
172.331711,41.271793,45.865311,71.997231
170.789078,40.231110,46.060715,72.376175
170.053894,43.827034,46.559925,73.234711
172.166916,48.609215,50.104939,71.302910
169.384979,58.429794,59.817291,69.183640
171.181488,71.282089,59.231403,68.951950
178.602875,76.862885,59.051388,71.872894
186.569031,80.041855,59.667595,72.663162
193.643051,80.923950,59.546715,73.050835
193.967087,78.221619,61.354973,82.016594
192.928253,75.787766,65.485085,83.414307
197.710556,79.306007,65.092934,84.186600
198.163376,80.236153,65.568207,84.395737
200.071350,81.855919,66.004509,86.060837
199.521164,84.214958,64.995003,86.978676
191.392410,85.782379,62.018795,88.201752
187.777161,80.606384,63.189411,88.999496
189.200455,78.152565,63.723465,89.442749
188.694550,70.107185,63.911869,91.904068
183.590927,65.837563,63.925743,92.837975
178.243484,59.970947,63.579811,94.826714
172.590408,58.250675,63.636993,95.108223
172.948807,56.661179,61.704704,96.815308
170.558640,63.244122,61.116928,95.204002
168.036255,62.867500,59.356632,94.888680
166.978973,66.454529,57.143520,93.194931
166.040802,70.684479,57.203308,88.199142
170.506332,76.693863,52.387409,86.663185
167.573196,79.895271,49.971508,84.544182
168.876816,82.057617,48.692810,81.818062
168.032257,83.374023,48.674866,79.016472
167.064377,83.103600,50.801048,75.043472
166.701508,78.568748,50.907787,74.876175
166.078323,76.781586,49.994026,74.005646
166.106293,77.239334,50.218693,70.317513
164.769058,75.177200,50.753307,68.927444
167.263031,74.588470,48.201912,69.691765
169.951416,75.540550,49.019073,68.239212
172.976807,74.488914,48.510887,68.448372
183.382339,78.218048,48.871300,65.529778
188.391006,86.629723,48.402245,62.674286
193.965591,92.428307,45.651173,59.893002
199.722778,96.962128,45.154930,58.339798
206.032013,98.917679,44.722000,57.192478
208.734085,100.390259,46.276222,55.086300
209.647614,98.197441,45.644718,56.435585
212.608871,97.620903,46.011471,54.640125
215.644836,93.483925,44.939213,55.469437
209.868652,89.650291,46.389935,53.861801
206.239685,87.081482,46.180099,53.359058
206.405655,86.981461,46.568123,53.443684
204.917557,85.516235,48.018528,52.381020
206.295425,88.361656,49.115116,50.536301
205.463715,88.185814,48.263023,52.234432
205.592499,88.392265,48.458717,52.447269
204.554077,90.856216,48.541626,51.351440
203.125549,93.205093,49.380768,49.882053
200.996063,93.517090,48.939175,50.185974
197.219696,93.803032,46.225033,51.047333
191.145386,91.622581,45.083500,51.937073
190.186111,87.615211,44.967495,53.716923
188.520004,83.721863,44.507076,53.709579
188.771439,83.658890,44.928864,53.670731
189.774689,79.364876,43.029411,55.547264
190.065903,78.799255,43.526009,56.984505
190.864349,82.933426,43.287239,55.572701
191.927811,89.602562,43.911430,54.504250
192.453278,91.567703,43.770355,53.700741
193.208145,93.128654,42.926971,53.771305
193.409729,92.960953,42.581612,53.209282
193.211868,94.034492,42.135330,54.686401
192.431717,93.091469,42.919662,54.384373
193.552246,91.683601,43.387283,54.231014
194.875198,89.755142,43.476288,53.772263
194.442932,83.799477,42.417130,55.165276
194.176483,82.330002,42.457577,54.942558
195.398880,80.137665,42.898045,54.560272
200.535248,84.330566,42.172642,54.998314
209.539581,90.012878,41.948647,54.772926
211.354111,91.967529,45.388447,54.270424
213.129852,94.177811,44.500679,54.523712
213.364243,93.533134,44.808334,54.675117
212.190598,92.223000,45.275143,54.018410
213.050858,94.488441,45.682098,54.403671
212.047043,95.170807,46.558582,53.636284
205.009796,91.537933,45.875698,54.169815
196.082230,87.973267,46.244396,53.892044
192.857407,84.437782,45.690262,54.476559
186.646561,84.468071,45.545929,53.477356
186.138092,86.605881,45.761086,52.511421
185.081543,86.033401,47.156082,52.757980
184.112015,84.423500,49.255196,53.927502
183.815277,84.513954,56.002899,54.591805
188.942795,84.694016,56.246826,54.683376
192.840134,84.834114,55.885532,55.479115
194.487747,86.735352,55.433449,56.870262
198.854767,84.568619,54.047791,58.214966
199.454895,83.618004,54.591499,58.217793
198.451691,79.379898,52.050457,62.096977
193.897186,79.579880,51.363182,63.054245
190.506012,77.975456,50.927608,63.333313
188.623810,74.274658,50.243267,63.545120
183.400681,72.036110,49.652142,64.234322
179.397217,71.751778,49.887581,63.834736
179.377869,78.209297,50.477707,61.076794
174.345825,84.360130,50.414978,61.179996
170.535431,84.329208,51.170586,59.493755
170.227570,83.778290,51.228493,59.513660
167.251144,78.335510,51.196281,59.564472
164.783401,74.971939,50.581608,60.535862
164.170929,72.758125,49.308483,61.201302
167.032867,73.556885,45.826836,60.849350
167.484695,69.924690,44.726692,58.968639
170.840027,64.702522,42.646305,59.119591
176.082977,61.688232,41.016201,60.661682
178.907990,64.354218,40.627968,61.335823
179.041901,65.203629,40.834229,61.694664
179.117599,65.218681,40.976841,62.064262
178.499329,65.124016,42.261852,63.426689
174.002777,69.630692,42.283237,61.662632
167.362808,67.924263,41.120399,62.240139
162.479004,68.113640,40.514366,62.024097
152.656601,67.741013,41.560741,61.571411
146.221832,66.970802,40.870445,59.650303
142.435608,60.626694,40.192654,59.170788
138.326416,57.544643,39.281548,58.263748
136.120285,53.322613,39.473701,58.468597
135.307007,52.129364,39.657440,58.034142
135.835953,52.197815,39.749340,57.584160
138.961349,56.566536,39.356270,56.447945
139.021347,57.940147,38.736694,55.661091
139.652451,58.454788,38.641083,55.535866
145.516205,61.962200,37.793362,54.834274
150.106308,64.628067,42.688484,51.836674
154.329208,67.223000,41.859848,50.665737
154.858261,66.675812,39.960209,50.311424
155.158188,67.401222,39.780876,50.614635
155.376740,66.559380,39.752388,51.499874
156.230209,65.214760,40.777679,52.191910
156.997452,64.997169,40.910500,52.408653
159.913208,65.294601,44.810875,52.391880
160.191437,63.979191,45.405628,52.457512
160.326233,65.398163,45.210312,53.697449
160.797577,71.697617,45.102436,53.943638
162.078033,69.053230,47.571217,53.282806
162.914536,67.342728,47.771900,52.850754
166.624695,67.166924,47.382206,53.810051
168.059830,62.316772,47.627945,53.933388
168.379242,59.976891,47.326462,54.018780
170.384705,55.721054,46.526051,54.809631
167.742798,53.384254,46.490471,54.948410
166.793472,53.150642,46.065666,55.094593
167.207825,61.957283,44.533440,56.670403
166.108917,64.156448,44.424595,56.820442
166.197327,56.813049,44.197399,56.502987
166.118484,55.942516,44.396530,57.107948
166.352036,57.820370,43.947800,58.164524
164.474670,54.194771,43.436752,58.489578
164.946396,55.476856,43.055801,59.375565
171.534836,57.657223,43.693356,59.039146
177.158066,58.928120,42.466679,60.724796
183.885696,44.736462,43.391357,61.645763
187.538864,61.377110,41.794659,66.149811
191.326584,65.941452,45.294739,64.385048
193.115051,64.856529,44.982368,64.076485
190.727051,62.954365,46.319267,63.535263
188.273849,62.746922,45.524899,63.728134
184.328644,60.576576,46.167599,63.271084
185.495422,58.488605,44.686161,63.430626
188.786789,52.101059,42.286228,68.318169
188.805908,52.199535,42.497002,68.326523
191.463730,48.856380,42.672272,68.929184
191.509552,46.625656,44.095863,68.128242
198.744873,48.926674,42.852562,69.987518
198.634079,49.714455,42.976269,69.732124
193.534363,58.134418,45.986839,68.717072
193.931351,59.661541,45.552280,69.625122
181.565842,72.073410,49.287281,68.600357
171.868698,77.873642,49.641068,69.911308
160.793961,80.555588,49.518059,66.223663
150.778793,80.274750,50.807259,62.973858
143.081161,75.300247,50.217819,61.987316
140.428635,68.561310,48.052528,60.416210
136.866257,65.216202,48.533352,58.456207
134.861893,62.520145,46.931007,57.116955
135.514343,62.762791,46.769001,57.235287
135.577835,64.509293,47.003014,57.173458
140.565659,69.649841,46.040844,56.446415
141.625229,69.549316,46.054352,57.387016
143.236176,77.463600,45.595062,56.660370
143.459564,89.238274,44.965939,55.178143
143.199219,89.352066,45.121353,54.863079
148.043686,82.831665,44.447979,58.063644
149.194122,75.775879,44.508720,58.093967
150.697800,71.934074,44.999119,57.778713
154.566437,68.884773,44.852486,59.129593
155.507904,67.146904,44.519650,59.558563
156.401749,62.446850,46.383667,60.985855
157.307404,68.528976,46.873096,61.107605
154.780838,70.341393,47.359375,62.606209
151.066925,71.453590,47.701229,62.644608
152.597473,73.456863,46.454628,63.360001
150.149673,73.826790,46.605186,63.380417
141.794754,73.247566,48.906998,63.092342
139.994003,70.999916,49.293377,63.171631
135.516525,67.476265,50.596169,65.602951
131.313614,65.124725,51.639778,64.348335
131.991852,59.934315,50.608662,64.774933
134.582703,55.108028,50.592945,64.881714
136.871338,52.991280,50.529900,65.256767
137.446411,55.547485,50.747639,66.016182
138.569229,54.939190,49.564285,67.788071
139.760284,54.464954,48.902718,68.153091
139.649185,60.703892,48.385555,69.535225
139.432648,61.975132,48.095470,70.359390
139.369827,61.234795,48.451611,70.965897
139.475693,59.173904,47.608551,70.577065
139.704330,59.483295,47.941074,70.956993
140.013504,59.717403,47.904518,70.810181
143.114975,58.335339,47.849998,71.245537
147.654068,56.821243,45.947956,72.540146
153.138672,63.638428,46.006531,73.107124
159.504333,63.128227,46.095699,73.863449
166.579697,63.170952,45.949493,74.156128
172.315933,62.472481,46.963871,76.069725
177.028198,68.506485,46.631908,75.988640
182.210983,71.912102,46.329208,78.265182
