1
161.409073,174.717270,35.508621,87.951141
161.094849,175.443741,37.273731,87.964699
160.990875,175.342804,37.718441,88.113495
162.204727,169.956223,38.097885,91.010826
161.223587,172.315399,39.729912,89.382492
160.506332,173.741913,41.660641,85.952095
160.848862,175.010132,42.728493,85.382385
159.408875,175.272415,43.144428,85.331909
156.815170,179.882172,43.237213,83.440338
155.587112,180.035873,43.268898,82.530937
155.207153,180.421646,43.338970,82.516670
154.878174,182.639221,43.274666,80.779358
154.907730,182.667664,43.439835,80.864868
154.756302,183.323807,43.449467,79.786789
154.167023,184.100006,43.737053,77.833305
153.916412,184.148911,43.984612,77.845985
153.909012,184.199753,43.967106,77.873962
154.313065,185.231125,44.510841,74.925224
154.565536,185.263229,44.974674,74.973618
154.619232,185.609970,44.827682,74.351852
154.678070,185.779221,44.904369,74.333069
154.598206,187.028000,44.869404,74.289139
154.241348,190.722427,44.991112,71.889709
154.847488,191.453369,44.758289,69.487839
154.987671,191.465317,44.977345,69.476830
157.182190,196.544327,44.752785,65.252144
157.298843,196.639465,44.995087,65.305847
159.342651,196.194992,44.660835,71.729691
159.549011,196.307785,44.966717,74.552467
159.365204,196.671722,45.214428,75.001541
159.197983,195.754227,45.158722,79.028297
159.442459,196.250381,44.912567,81.666626
159.604202,195.599564,44.663059,81.455490
159.518127,195.906403,45.141663,85.345085
158.293579,193.632385,45.192135,81.513130
157.712097,194.678436,45.886562,79.056137
156.998947,194.173080,47.105869,80.294533
154.868164,196.759811,48.088600,77.479149
153.901901,195.169739,48.769520,74.669754
150.980042,195.020737,49.126083,73.030045
150.313690,194.052368,48.712730,72.739479
150.376724,194.873779,48.384434,72.232155
150.424454,195.010895,48.463940,72.473450
150.433533,194.992630,48.488091,72.431305
150.441727,195.051163,48.469582,72.435333
147.431961,196.513138,48.643291,75.653725
146.868927,197.685272,48.420006,77.216995
146.315460,197.312637,48.009411,78.610237
144.733444,197.837723,48.939266,78.385513
142.171814,195.650146,48.793499,78.553871
142.205399,195.680298,49.047745,78.825432
141.453827,195.186661,50.671219,77.603615
141.062302,196.077469,50.540676,77.703751
140.895874,196.982574,50.661961,78.539024
141.585312,196.459351,49.566372,79.907639
141.793152,196.505798,49.966549,79.972733
141.827118,196.499252,49.950191,79.884537
141.193939,192.625443,48.392647,81.865173
141.064636,187.555115,47.348141,85.398506
139.695358,184.150223,47.054008,86.235939
135.973602,181.238419,47.122204,87.606125
135.852676,181.437592,47.437325,88.131432
135.871460,181.955872,47.356838,88.396179
134.134155,182.144714,47.302853,85.900284
133.971786,182.105774,47.218342,87.526634
134.068283,182.344894,47.486931,87.951630
133.765945,183.294281,47.518112,86.651398
133.818665,183.158340,48.051678,87.675056
133.854736,183.157394,48.469433,87.238403
133.261459,180.653778,48.506134,86.246094
133.399078,180.535080,49.024635,86.329308
133.774094,180.139420,49.408108,86.577438
136.419815,181.485947,49.496777,95.026375
136.544693,183.765259,49.474651,92.749107
138.695572,181.360764,52.145462,94.365753
141.335541,182.886429,51.866512,95.316376
143.112976,180.865982,51.601036,95.568077
146.054886,176.771317,52.016708,93.866760
149.599121,177.589432,52.738228,94.829430
150.719040,175.763535,53.317669,95.145859
154.252823,177.225983,53.808281,91.947426
156.643478,181.454269,53.239971,91.076759
160.351578,182.194656,52.846607,91.173943
163.218002,184.881622,53.330006,90.583160
168.999619,187.294769,51.046051,92.105576
173.400269,187.750549,50.848557,94.843071
177.093277,187.756638,50.410130,94.577797
179.471191,186.743317,50.225273,94.133537
180.822906,180.490036,50.400379,94.349701
183.551727,178.861435,51.060219,94.661560
186.313263,176.962112,50.576496,94.885597
187.289719,176.298004,51.083820,94.716621
188.933578,179.577377,50.779716,91.621918
189.132721,180.927994,50.980038,89.372032
189.320526,181.031204,51.302937,88.292809
189.421127,181.250626,51.482899,88.411316
189.811264,181.366135,51.098598,87.176018
189.632706,182.066559,51.665428,87.165108
190.277435,183.307983,53.745964,86.806473
190.418793,183.085632,53.708344,87.770325
190.611862,183.015060,54.704960,88.467278
189.189270,182.293457,59.017422,88.157959
188.382278,181.196686,59.464668,88.286057
188.611557,181.191452,59.343460,88.524727
188.728104,183.936874,58.348392,89.582756
188.856171,183.853378,58.061928,90.060707
188.445282,182.945129,58.190933,90.662727
186.216965,180.773880,56.967426,92.181114
188.535736,178.500000,57.597172,92.178467
192.770920,173.886505,58.511078,92.055130
197.193405,172.894470,58.116692,93.229660
197.812866,170.225754,57.826157,93.825066
199.821930,168.394806,58.461666,94.219406
201.041763,166.500671,57.517597,94.339935
201.061279,165.255539,58.223099,94.102982
200.893661,163.258560,57.331741,94.481262
201.884079,162.959763,57.899673,94.223404
202.208221,161.548584,56.932026,96.295609
202.947266,159.286743,55.686493,99.663391
204.492203,159.275146,56.282127,99.976944
206.110046,158.724777,56.256702,100.150307
206.404221,158.729355,56.221256,100.537567
207.500473,158.916763,56.853531,100.683235
207.586700,159.314285,56.910137,100.534866
207.488998,160.343933,56.957386,100.835648
207.194809,161.197540,57.037479,100.470558
207.429779,161.191528,57.604248,100.439003
207.580917,161.440155,57.939293,100.471291
207.297760,161.920197,57.929901,100.383804
206.602951,162.132568,57.946281,100.641998
206.837082,162.622375,58.156979,101.008766
207.347153,163.146973,58.952873,100.952293
207.328842,163.824722,59.287796,100.521378
207.066177,165.332855,59.394550,100.175148
207.137695,165.564194,59.426403,100.515236
207.117310,166.162216,59.592556,100.971069
207.393982,166.584366,59.986122,100.583588
207.852310,167.758163,59.909939,100.271431
207.912888,167.929230,59.915890,100.620232
208.458466,167.735016,59.475494,101.747009
208.513397,167.916077,59.468071,101.930916
208.545471,167.907867,59.469448,101.962090
208.635284,167.660706,59.477306,102.004471
208.641266,167.727615,59.463566,102.441208
208.430008,167.121979,60.009190,102.710472
208.525986,166.822235,60.503960,102.979561
208.715622,166.725769,61.053787,102.887619
208.969727,165.123734,62.250069,103.580772
209.074371,165.271423,62.460297,104.033554
209.080551,165.472855,62.463573,104.491837
209.036667,165.351425,62.415295,105.101440
209.059647,165.496719,62.465748,105.453064
209.071716,165.516251,62.468269,105.453133
209.111420,165.537354,62.431465,105.454147
209.269821,166.395279,62.304569,105.576622
209.541809,166.471725,62.388634,106.013657
209.634277,166.896820,62.286430,106.614746
212.649353,168.389664,61.328362,106.808983
216.022018,167.258987,60.692280,107.860634
219.931946,166.233459,60.006252,109.383224
225.685379,160.228241,59.846729,110.095161
226.277161,160.096024,59.777393,110.822357
227.267105,156.888168,59.464619,114.347725
227.329865,154.970016,59.205070,115.521523
227.408554,152.755386,59.379307,116.575630
228.824570,149.711563,59.504444,114.968483
228.784180,146.392471,60.468838,119.501076
227.321533,145.115295,62.188396,117.049240
228.413956,142.722382,63.449738,115.614983
229.665680,142.631821,63.486839,116.588684
229.764206,142.901505,63.432404,116.968704
229.781570,143.180557,63.758377,116.903397
231.327713,143.598694,63.755596,117.999084
233.393402,143.661224,63.570045,119.686447
233.904312,143.704056,64.020332,120.022713
232.554138,143.719833,64.737656,122.015335
232.573425,144.702835,65.169876,122.043633
231.370880,144.647064,65.958504,123.288147
229.528458,145.368179,65.892853,122.387772
229.383255,148.517944,66.432693,117.445053
228.730606,152.222595,66.096283,116.753609
229.110565,158.068268,65.238503,116.423721
227.581253,156.859848,68.418152,116.291641
227.635910,156.156830,67.725388,120.156029
227.779190,152.747437,67.977142,122.607681
227.142609,153.565796,68.687462,124.233017
226.955521,155.298309,67.476440,124.984734
225.620056,154.129486,67.586540,124.297455
222.665298,154.281982,68.020599,123.822929
218.874359,155.906754,67.952553,122.929695
217.708008,155.348709,68.031052,122.767387
216.659531,155.522415,68.289909,122.723831
213.419785,156.376144,69.226288,117.829979
210.960541,157.299301,70.968895,114.874077
208.450409,159.435547,71.318130,111.779594
207.676025,159.975433,71.384964,112.029724
206.017868,158.458832,71.752693,109.623238
202.188034,157.474243,71.741791,107.887871
199.882553,154.720566,71.482162,108.164902
199.082321,156.398056,71.675972,107.816513
197.609955,156.847137,72.229187,106.459274
193.999725,158.435257,71.776413,103.304939
190.628296,165.193130,70.996361,103.984291
187.533157,168.361786,69.936958,102.202461
187.407333,168.603317,69.856155,102.213058
187.440704,168.305206,69.753746,102.698364
186.227310,166.536041,68.637749,103.829758
184.899094,167.693405,69.193962,103.411461
182.905640,170.440338,68.447708,104.068840
176.342636,168.422256,66.392845,103.564339
172.790665,172.931412,65.305717,105.456367
166.193512,177.127365,64.035187,106.678955
165.232208,177.182938,64.314606,106.824211
164.026428,177.475372,65.261940,107.310966
164.096680,172.957031,66.640579,106.632851
162.767593,172.578552,66.628899,108.512680
163.050079,172.706573,66.930817,109.130951
162.698380,172.902405,67.145035,109.672478
163.344330,172.712723,67.297127,110.178017
163.420425,172.967300,67.394493,110.487816
163.791000,172.509140,67.240822,110.592285
164.400513,172.072769,67.118164,111.141487
164.616074,172.063660,67.288918,111.615707
166.750336,168.192032,65.375351,116.354179
166.927368,168.648300,65.109230,116.469986
167.130722,173.736084,64.750633,116.891273
168.400620,173.291245,63.729877,117.193207
170.078995,172.630783,61.983826,118.020264
170.235992,172.673721,61.566563,118.459557
170.387314,173.283646,61.831993,117.993507
170.086914,170.749146,61.151924,116.593956
169.259064,171.105377,60.873005,116.992416
169.281647,170.931671,60.838287,116.825569
169.631760,170.605713,60.640472,116.941460
169.915436,170.041504,60.516399,116.775932
170.244904,169.707382,60.956871,114.616920
170.161087,168.807098,61.290604,113.709229
170.644241,166.329102,61.216030,113.215668
170.844238,164.012207,61.309128,112.395592
172.408478,162.369858,61.372189,111.950310
174.253387,160.062927,60.501957,118.066772
175.201828,157.476379,59.130566,115.584267
175.342194,158.401489,60.305473,115.026924
175.207611,158.668106,60.521748,114.960541
176.622360,151.862656,60.300159,117.893044
176.050690,151.295822,61.502716,118.351212
176.071274,150.083344,62.493206,121.310425
175.103500,148.226730,62.991634,119.370880
175.180481,148.063019,62.976723,119.334602
175.471024,145.593597,63.192665,118.341988
175.098679,138.776932,63.725307,131.929779
175.219833,129.702682,62.562050,145.127213
178.306458,130.211212,61.858269,143.946625
176.244659,125.118958,61.897835,136.413544
175.678726,125.198174,61.924690,136.368851
175.744843,125.116753,61.933697,136.555008
177.738937,124.856728,61.235043,136.701569
178.216949,129.647034,61.017162,133.154541
178.934204,133.408035,61.498260,129.830200
179.044266,133.520218,61.437588,130.010223
178.365524,135.119171,61.619453,127.873451
176.949921,141.519714,62.370613,116.066956
173.843170,140.764938,64.556488,110.312096
171.207352,137.074570,67.198357,106.467644
171.735504,137.249344,67.968399,107.546707
174.253647,126.557411,64.778275,110.027855
177.993561,126.842850,63.801167,107.861992
185.664673,127.636337,63.348804,108.463211
185.101562,129.497055,65.703445,107.551331
186.915848,132.672760,66.202698,107.344337
188.427475,137.037369,67.671318,104.508987
189.485229,137.449661,67.807587,104.055130
199.772232,143.406250,67.188446,102.258942
207.150879,142.393219,66.195053,104.416443
210.350723,147.789673,65.925964,101.322914
211.260361,149.587997,65.563454,101.338013
216.427780,159.540680,61.235279,107.028183
221.316910,160.637558,58.903904,118.674759
222.838226,163.106476,57.152084,120.825500
225.883118,171.171692,56.835384,116.030869
227.882675,179.351868,59.394272,110.984108
228.911377,182.884949,59.783833,108.260612
232.913681,186.716522,60.630333,105.519066
238.458389,192.145370,59.866756,109.555931
238.129364,193.057709,59.918510,110.064278
236.588699,193.070374,59.281326,109.339745
236.232407,188.055710,58.485874,110.436584
236.634048,187.053894,58.326309,109.998856
237.388199,176.700958,56.703594,110.370918
236.969223,175.751968,56.716251,110.814255
237.097641,176.309738,56.521557,111.711136
238.057999,180.480453,55.855087,114.130791
239.894653,170.953583,53.871635,116.891388
240.754395,170.752182,53.314800,119.268806
240.272888,165.258240,53.338428,122.090179
240.057144,163.747696,53.603195,120.564850
239.680557,162.696671,54.663002,121.633636
239.973984,162.935989,55.213551,121.689888
241.895264,156.971100,53.874027,126.731758
242.607864,152.130020,51.038460,131.502167
242.151245,154.113464,51.383602,129.306381
241.997116,152.238983,50.796875,129.636765
241.599091,155.394226,52.998142,127.571671
232.887299,154.953445,54.169727,121.214981
231.774277,156.340378,55.112564,117.370750
226.695709,162.481216,57.291172,109.926849
220.178284,172.309189,62.608250,103.816551
218.260941,183.510941,67.444786,94.548576
218.231171,186.206757,67.560089,93.899826
225.936752,188.628021,66.655472,95.488640
227.526428,192.395844,65.851212,93.611687
232.674240,192.999039,64.798012,94.884483
233.690811,193.014023,64.669067,94.426056
234.284241,194.310867,64.294983,94.288811
233.478607,193.645142,64.084198,94.047897
229.980957,193.363892,63.786808,93.862366
224.775986,187.980148,62.283485,97.389519
224.371674,186.400360,61.412418,97.737495
223.937637,186.598785,61.080406,98.330376
223.340439,187.372314,60.520008,100.913292
216.242447,182.693039,60.180378,101.553101
215.878784,187.098969,59.486732,102.079361
216.661758,183.726013,58.407551,104.458412
216.610916,178.602417,55.031094,109.518990
218.757111,165.568649,50.674503,117.294838
218.513351,163.845871,50.995312,115.840172
218.724380,158.399002,50.031380,115.973793
219.146271,149.854340,48.710434,116.941719
218.235031,151.232529,48.866070,109.219948
218.463959,151.241867,48.816216,107.349197
218.386536,152.136063,48.997776,105.802963
216.861847,160.221558,55.611477,100.844803
216.850143,162.212265,55.493893,97.469826
215.845642,164.608002,55.066204,93.350655
220.708328,166.448975,54.763042,92.420074
229.193420,165.662262,54.075932,90.107224
237.395248,164.790771,53.264599,89.010559
244.263580,163.549316,51.646675,92.002487
249.870148,164.631134,50.946983,94.599167
249.830460,164.527863,50.143353,95.651016
254.378250,172.082092,50.099072,96.979919
255.355515,174.376526,49.175156,97.580170
255.972733,177.734985,49.016998,98.337196
256.217255,177.306396,49.205128,99.362152
258.449310,183.053223,48.627251,99.865608
259.964294,181.759537,48.316471,100.719193
261.769287,192.761185,47.017746,100.550102
267.916168,194.912247,46.329998,103.982414
274.205750,194.446716,45.782379,103.720551
275.069244,192.587982,45.464966,102.762245
274.661072,190.475220,44.793270,103.936409
274.602570,195.266144,44.897007,102.206573
280.981476,208.585281,43.546951,101.381432
276.012695,202.180847,42.718979,103.317596
281.393005,204.996918,41.269707,106.707825
285.695251,207.495544,40.270428,107.920624
291.337708,207.523529,39.416435,109.692627
288.431458,208.134201,39.260635,107.885323
288.034241,211.166077,39.563244,108.321777
288.508179,216.296829,38.853699,109.541962
290.459198,226.286591,38.679295,115.133682
288.186890,226.399536,39.169773,113.877800
287.621674,229.120316,39.548717,111.636703
290.430756,230.908463,39.759247,111.116692
291.130280,228.111023,39.590393,110.869461
291.467285,225.781799,39.628384,109.508972
292.431122,222.534302,38.974606,110.304504
293.687836,223.420074,38.161449,110.295799
294.164795,224.200317,38.270229,109.675804
294.697418,224.902802,38.119591,109.060753
297.341370,221.856140,37.828060,108.214668
300.134552,222.228104,37.383522,106.657288
307.408264,220.119965,36.958031,104.296844
313.871399,220.274902,36.285831,101.823746
315.766266,227.922668,35.636009,100.128181
320.112854,230.119812,36.443344,94.677490
323.381744,239.534439,36.284157,93.711388
325.526642,251.595535,36.509174,90.313255
328.815125,250.728790,36.857151,90.008987
330.128387,247.712357,36.680923,89.752098
330.398499,251.870010,36.711960,87.103882
330.345947,252.333176,36.993126,87.194504
330.016083,252.165527,37.167736,86.619354
331.863953,250.762695,37.513828,86.497528
331.834656,248.634659,37.910049,85.762970
334.505768,247.539154,37.494488,88.418282
336.398010,244.144562,37.085461,90.285942
337.447327,242.010345,37.032986,92.102577
338.072388,245.263138,37.409187,92.090057
338.901337,246.742401,37.346657,92.517662
338.228058,252.717056,37.669205,91.504700
337.830719,253.469299,37.697979,92.119293
337.575623,257.334229,37.506756,92.185486
337.092621,259.226807,37.500645,92.618340
337.107788,259.453430,37.627651,92.878311
337.193390,259.038025,37.827675,92.881523
338.192657,260.156097,38.149109,90.187538
334.345520,261.541962,38.023533,89.775711
334.716034,261.514313,38.454330,89.830292
