1
110.680779,96.561615,26.685249,104.535126
110.256470,99.886864,27.272678,104.245529
110.169037,100.902847,27.506781,104.529945
107.572762,101.468323,27.956423,104.936165
107.565857,101.599922,28.014660,104.970032
105.314186,104.055481,28.828339,105.645844
102.865906,106.903473,31.555445,106.421211
98.346191,110.168327,32.088066,102.447830
97.464867,112.555183,32.394466,102.136429
92.187439,117.480614,33.368748,102.197594
91.458305,116.544212,32.424492,103.691040
89.437614,114.005135,32.142841,101.945251
85.810577,106.182472,32.794193,109.819580
84.497078,106.204315,31.474577,104.718384
85.397766,106.907600,32.053120,100.279449
85.251884,107.270554,32.210182,100.654129
85.422607,107.815407,32.466045,100.380348
86.481522,108.096115,32.167007,100.291779
88.144798,108.102501,32.557411,100.930733
90.275436,109.362923,32.123714,101.889282
91.464462,107.519608,32.374638,102.767776
94.674644,110.240532,32.292126,99.990677
94.836838,110.216148,32.592983,100.226784
95.481308,110.285553,33.163986,99.191368
97.001358,110.511887,33.292843,99.857521
97.275887,111.354088,33.383621,99.272171
98.498581,111.971756,33.652348,99.488411
101.294693,109.724709,33.295216,101.635605
101.971863,104.280121,33.232979,101.946472
102.869614,98.042061,32.000813,100.286720
101.744202,97.171974,32.787476,100.492317
100.907372,96.910652,31.266035,99.488792
100.944588,96.768677,31.516331,99.387077
101.250366,97.347015,32.007427,99.511932
101.517769,97.524277,32.521347,99.956566
101.688957,97.492111,32.879246,100.372261
101.852936,96.961365,33.256683,100.917274
100.322266,96.021149,32.547031,102.920944
100.573112,95.970352,32.881687,102.485855
98.232162,95.533028,33.510128,103.994659
97.625626,94.345314,33.992474,104.181297
96.516762,93.583656,34.130508,104.491043
94.813690,96.428040,34.861534,100.006325
91.780373,97.369377,35.331032,99.727432
88.454292,99.970749,35.893974,97.612663
84.338951,103.370102,36.260357,95.351807
81.214798,98.075623,36.352970,95.960327
78.625031,92.293121,34.489552,95.217567
77.922020,89.328857,34.647747,102.149162
77.566826,92.843025,32.307159,99.470642
76.934601,95.966507,33.276627,98.312126
77.769600,97.983597,32.098644,97.580788
78.847176,101.163048,32.426441,97.996964
78.795616,99.169502,31.768707,104.676109
81.728867,99.222260,32.912888,103.307358
83.641884,100.763443,32.542320,105.183754
89.933701,100.584251,31.903120,105.475067
92.475403,101.253342,31.913557,102.182266
94.386337,99.707420,37.518288,102.019432
95.275185,98.937447,37.280312,101.228104
95.894424,100.569809,37.494324,97.622253
96.409821,102.063156,36.503223,97.908051
97.866020,101.457397,36.724613,97.631172
102.364731,96.280701,35.346123,103.781097
108.378174,86.235725,33.638081,113.441765
108.414726,86.802628,33.762939,112.593918
108.273529,89.509964,34.014961,114.423149
107.667458,85.204514,32.414078,118.754066
107.156837,85.749657,32.729080,118.279137
106.355385,84.980423,32.817055,119.060219
104.118492,82.265053,33.233604,118.490288
100.493912,78.707901,33.594498,118.354836
99.051018,76.110634,33.982521,118.614639
98.347710,74.548119,34.154560,118.622635
97.732124,72.095047,34.606918,118.481590
96.933769,70.650299,35.614738,118.086662
89.060837,78.199860,42.103600,116.858017
72.238274,81.170158,44.500954,114.524559
68.446678,76.769852,41.006073,123.061340
62.956017,78.654671,49.798279,119.486519
59.601112,76.446587,49.509274,119.701843
58.513302,77.240540,49.138893,120.314865
56.139290,72.357452,48.916092,118.655502
2
0
0
0
0
1
119.342308,92.854393,29.199718,105.398064
122.913818,92.167908,30.366816,105.833298
125.213776,90.641464,29.051285,107.513542
125.912605,91.353943,30.067541,107.452049
124.677780,91.945221,33.203468,107.087067
125.322357,92.501137,34.117561,107.287018
123.543442,94.574394,35.293537,108.066475
121.728600,96.417862,35.922401,107.868263
121.806595,96.968658,35.936386,107.474129
120.078346,97.943863,36.215427,106.498772
121.865181,95.151009,33.379223,107.004593
120.535545,90.233917,33.104034,109.489838
120.304649,87.510208,33.287739,109.453644
118.961830,86.550972,33.974689,109.772614
119.118164,86.251328,33.599911,108.086311
118.952690,86.065643,33.892467,108.523956
119.839119,86.017670,32.830444,108.652901
116.718460,83.863052,33.472492,110.641060
116.211342,80.633080,32.793049,110.318451
116.141083,79.927620,32.950066,110.993134
112.885269,79.572220,33.397095,110.501816
107.339005,75.002335,35.579964,110.609207
103.372520,74.332924,37.106621,107.984390
99.145409,72.319771,38.304039,107.082397
94.100174,75.727051,38.464199,108.926239
93.162422,78.910660,38.737709,108.209396
92.843491,82.462708,38.015388,106.814682
90.665222,82.985924,39.224644,112.817047
88.315567,85.765312,37.792965,109.882736
87.534737,89.783394,35.787090,101.294235
89.196564,89.340637,35.586838,101.483063
93.758087,90.981270,36.031620,100.616158
94.362358,91.632866,36.376564,100.331940
97.778786,93.682983,38.215302,100.628876
103.534630,95.040298,35.282310,98.832001
106.504585,97.667961,36.321632,101.071846
111.647827,97.529388,33.142662,105.097755
112.325500,100.906540,34.465958,105.565254
112.879524,98.706779,36.641415,109.039246
114.407745,98.423157,37.341007,109.218727
114.890350,97.170723,37.888657,114.828697
116.314606,101.743820,39.166618,111.366020
116.378899,101.875168,39.506004,111.389786
116.756348,102.683167,39.915237,111.481483
118.240448,106.365471,39.090691,111.821075
118.552628,108.913513,39.150120,113.095314
123.470009,111.403931,37.500263,109.317322
124.028587,111.388641,37.245045,109.275475
123.534721,111.417770,37.419228,110.464096
123.311760,111.993950,37.481293,109.664253
121.238838,114.605568,37.196857,109.428284
121.352615,114.634552,37.501221,109.444458
122.037697,115.957611,37.387211,109.875977
122.047752,115.044525,37.376598,110.862656
122.142624,115.119843,37.457848,110.957962
122.176743,114.667908,37.493629,112.145973
121.479492,112.581772,37.967030,116.246017
121.318405,111.428535,40.710766,116.071777
122.410515,111.784607,40.962399,115.185593
122.270462,111.941917,41.169678,115.361610
122.405434,111.937340,41.466080,115.493881
123.089966,111.293373,41.646824,114.116280
125.161308,108.252838,39.236271,113.044434
126.025284,104.833702,36.789185,112.193581
127.292450,97.801270,33.724091,109.133736
124.735313,97.184036,36.188797,111.854057
124.356842,93.397385,35.321548,113.273117
124.069588,92.954422,35.350883,106.922043
123.249878,93.612038,35.409023,106.534805
123.168541,93.909859,34.416412,107.416275
125.387222,96.009933,34.060818,109.390327
129.767593,96.795403,34.603653,109.441452
133.431549,97.330032,33.612106,111.198921
133.687134,97.027168,34.131805,112.053352
133.420258,96.919304,36.595318,112.815933
133.386459,96.860596,37.533619,113.089264
133.240326,96.849228,38.046055,113.791985
133.153046,97.537247,38.524979,113.623100
133.409409,98.064270,38.874577,115.002625
133.625778,100.349167,38.929577,114.628418
132.411240,101.332901,38.689365,116.028374
133.012512,104.280449,37.322845,107.999680
132.481628,100.071632,37.109905,112.606926
130.535690,99.788559,37.576626,113.642090
127.805283,103.500641,38.496853,108.178108
125.331238,104.038109,37.580925,108.817894
126.064247,104.973846,37.414379,108.514252
125.644714,105.833267,37.503830,108.354729
125.000160,105.918442,37.928558,108.199707
124.660324,106.488731,37.401749,110.791283
124.775764,106.602905,37.414074,111.275223
124.800476,106.699638,37.494076,111.450508
124.362534,106.284157,38.565094,111.841759
115.845528,106.165955,45.775013,107.003464
107.779488,110.093987,44.949909,107.319679
107.813515,110.225784,44.966881,107.456154
103.615189,108.657410,44.649719,109.358253
103.900627,108.465431,44.258968,108.948219
104.825974,105.844284,41.203159,108.286446
104.604469,103.470772,41.325001,108.565613
104.385796,99.835732,42.118835,112.657494
106.945335,98.050621,42.274818,111.742889
112.338768,97.441727,40.210732,110.111336
112.713821,98.832069,40.100876,110.617004
116.349327,103.827713,39.687019,108.859619
121.537544,104.560081,38.514256,111.263382
125.182800,105.253944,37.622883,110.884468
129.472214,103.575180,36.797729,113.175171
129.438263,102.442314,36.816566,113.592209
127.260239,99.686836,38.114059,111.271469
125.004295,97.323387,39.185764,111.656868
125.266083,97.581589,39.623947,112.239609
129.738800,106.519707,41.130199,114.038742
134.597733,107.108101,40.957760,112.465981
134.424637,107.034752,40.952148,112.672844
135.507751,108.134239,40.394089,113.249855
136.847900,107.209175,38.716400,112.608047
137.039307,106.676773,38.238014,112.074905
137.218781,109.466110,38.142159,115.317009
137.491913,110.651047,38.421356,114.609802
137.923645,113.527374,38.944527,114.367691
141.855515,115.594971,38.172039,114.343987
140.487778,116.403313,37.983379,113.698883
139.760864,117.573471,38.272007,113.916779
138.608704,120.200272,38.976143,115.927101
132.142944,122.265068,40.783165,117.011955
128.902832,130.661224,41.031506,117.831650
125.638588,130.935608,43.165398,117.956406
119.049080,129.910370,43.103405,116.728333
117.585442,134.591812,44.907524,116.183617
116.566025,138.571579,44.879318,115.798393
116.760620,137.605392,44.869549,117.739754
116.830826,136.011642,43.308952,117.722015
117.305702,134.111801,41.798824,118.176689
117.351257,122.744423,38.756023,117.396416
117.380119,122.458122,38.822975,118.298943
115.220505,115.288094,38.908985,118.527130
110.518089,112.821686,38.604877,116.892441
110.437126,112.994164,38.753906,116.964104
108.947548,112.731583,39.035271,116.694099
108.140556,110.825943,39.701683,120.445076
104.679207,110.037476,38.357510,118.839912
104.793739,110.448067,38.388226,119.514473
104.899933,110.104637,38.474586,120.674408
104.915199,110.255180,38.491207,120.943726
101.234764,105.494995,39.721397,121.683952
96.234726,100.317093,39.403156,119.774216
92.291290,94.795753,39.586182,120.438454
91.926071,98.906097,43.923492,116.803917
100.733093,102.052940,42.299782,118.053421
103.752106,101.821625,40.609898,114.262581
110.780586,106.702904,40.474285,110.115402
114.920448,102.698784,38.174229,116.943672
114.928764,102.501556,38.663967,117.015343
114.703987,101.403328,38.754955,117.548775
114.396851,100.613647,38.444099,116.573006
114.055008,100.793076,38.599369,116.931717
115.353966,100.545464,37.309124,122.492645
115.383636,100.633026,37.434551,123.716919
119.951607,107.606277,37.408474,121.761040
120.138924,108.678528,37.383125,123.231949
119.839966,110.760475,40.203587,124.614670
124.416748,111.969475,41.032734,124.360962
124.385719,112.980461,42.554737,124.781395
123.728287,113.924599,43.980736,125.738609
121.573624,114.784470,43.850727,125.521858
122.154549,118.108467,44.140671,126.140503
121.967751,124.015182,44.736488,121.144012
127.936035,121.538155,41.509991,118.861099
131.003723,121.939644,39.576885,117.241478
131.229218,122.128632,39.952545,117.548042
131.157562,123.426651,40.090080,117.881195
131.359833,123.653206,40.481754,117.844376
126.433601,127.215271,41.616932,115.618851
116.321716,131.909286,43.397518,115.524704
115.024445,133.815033,39.251862,121.200806
115.178650,133.946503,39.389404,121.432671
115.151848,133.725723,39.462074,121.871719
114.616348,133.546616,40.578617,122.103035
112.146042,133.897141,43.204514,122.042061
109.784485,132.039291,45.544636,121.423325
108.891235,127.346748,46.829990,122.744827
107.552193,124.230415,46.105061,121.778854
107.347595,126.207069,47.383671,119.471352
104.879990,127.210983,47.527370,118.651939
103.101494,126.835571,45.191479,116.962257
104.674271,125.731621,42.806557,113.882248
104.028870,126.539169,43.332603,114.391632
103.110924,125.476807,42.734543,114.928078
101.066780,123.961143,43.308781,114.081573
99.316887,123.801506,43.252697,115.432442
98.204887,124.845093,44.855404,115.277657
99.104698,126.594780,44.326408,119.918793
100.992302,129.226608,43.579220,120.227493
102.472603,125.546837,42.843666,122.349213
102.625755,126.970169,44.054386,122.091026
106.707970,127.576195,44.472645,124.182312
104.300743,126.422913,50.989582,124.340492
100.251953,123.537506,51.463737,124.345963
98.519081,124.317474,51.642387,124.357941
98.696671,124.388847,51.974323,124.446358
98.619385,128.791824,52.072029,123.048080
99.879791,129.884613,51.716343,123.552643
100.001282,130.096130,51.940338,123.913719
100.350395,130.645782,50.915314,123.220573
97.720940,133.763672,50.784588,123.795288
97.646507,134.175049,51.008770,123.887009
98.278450,134.471573,51.369854,123.650475
98.991119,134.695602,51.310303,124.126892
99.136726,135.386887,51.436977,123.851929
99.157379,135.434052,51.403385,123.928497
99.088333,134.432556,51.213688,123.935837
98.832436,132.345764,51.435734,126.617096
98.445580,132.352829,51.759495,126.584312
91.012123,131.644424,51.095196,126.642220
86.928543,125.363396,51.994171,126.538452
77.631485,123.391098,58.215786,124.503761
