1
107.890152,88.662689,35.341976,111.300987
106.585625,94.487526,34.818806,108.808609
106.433846,98.262070,34.951313,106.932594
105.257103,98.624695,34.850838,107.604774
105.110481,99.979347,35.075493,107.531281
102.155891,105.630585,35.439140,106.419693
100.390228,107.850494,36.534866,103.506859
96.307663,111.079544,36.634602,101.077080
95.674042,113.882164,36.958092,99.965401
90.079109,117.684021,37.731438,100.378830
89.635811,116.716553,35.780167,100.944313
88.477806,114.826218,35.431122,98.128273
85.176262,109.584305,34.978130,103.443054
83.988853,108.566765,33.076694,100.282150
85.051666,110.117928,33.836105,92.934334
84.788094,110.223579,33.208839,93.870796
84.954788,110.161041,33.645267,94.040901
85.749275,110.373039,33.669643,94.657806
87.915901,110.675468,33.755421,95.637695
89.227127,111.929337,33.703106,96.329460
91.026802,109.733871,33.294628,99.329620
94.361069,111.378952,32.685677,97.910965
94.538208,111.396988,32.991100,98.053535
95.032562,111.845421,33.217674,97.118645
96.695366,111.302399,33.381157,98.163841
96.915070,111.819832,33.408806,98.211906
97.951965,112.481758,33.621769,98.366608
100.702103,110.670975,33.308083,100.683441
101.471458,105.864487,32.901520,100.362770
102.141220,100.876991,31.903131,98.673683
101.259689,99.087013,31.931078,99.662521
100.786804,98.383629,31.739933,100.168335
100.840248,98.196960,32.036175,98.466148
101.351883,99.005562,32.561619,98.571663
101.564766,98.957893,32.977467,98.970474
101.507980,98.781471,32.891479,99.527733
101.658119,98.727859,33.007317,100.172554
99.825798,98.384087,33.260422,101.231941
99.965385,98.224625,33.539314,101.234367
98.491562,96.475296,33.901459,103.887489
97.393089,94.143196,33.993393,105.312256
96.472023,93.933144,34.217113,105.070122
94.262466,97.404533,34.899734,100.871681
92.438988,97.706345,35.068996,100.209000
88.745247,100.185959,36.335381,98.243950
84.909790,102.653198,36.379246,96.242416
81.834007,97.316620,36.424839,96.493301
79.377121,92.591835,34.209202,94.742859
78.072380,90.236282,34.603264,101.312347
77.793015,92.602135,32.171455,99.918678
77.373787,95.805977,33.057198,98.939804
78.049149,97.716415,32.581139,98.414230
78.762360,99.665428,32.726360,99.048088
78.851753,97.914978,31.875628,105.209480
81.872620,98.192245,32.834572,103.782127
84.018791,99.934189,32.597050,106.911232
90.334457,100.455040,31.955599,106.063278
91.987915,98.815598,32.360008,105.546684
95.019730,96.797913,36.322819,105.505966
96.260956,94.605408,35.691154,105.287079
96.671471,95.828453,36.016579,104.130333
97.236778,98.167908,35.923302,103.055717
99.607773,98.565536,35.937996,101.955956
103.783813,93.712105,34.292233,106.307213
108.700584,87.092903,33.239357,110.407669
108.779587,87.184402,33.460163,110.456078
108.650101,87.938820,33.503086,111.028282
108.424736,89.505318,31.921589,113.312950
107.354294,90.301216,31.958200,112.495018
106.007576,89.190285,31.775286,113.757111
102.456749,85.780220,32.863518,112.304977
99.965073,83.299316,32.986591,112.433853
98.418968,81.950462,32.994865,112.204163
96.835258,78.799652,33.113037,112.270683
94.038139,73.104599,33.478107,112.382423
92.510368,69.088890,34.659851,112.218056
87.885605,72.902428,41.675655,108.783104
70.410828,72.689606,44.634022,106.991158
62.855297,66.854149,40.945774,111.917252
60.533619,67.521996,46.010788,108.355598
56.666988,65.898987,45.135685,108.226273
2
0
0
0
0
1
111.076775,84.552773,31.132177,106.335960
112.642654,86.849380,31.805992,105.545036
117.305702,90.059814,31.376553,108.318924
121.509995,91.481033,32.136204,107.220741
124.088341,91.302879,30.694561,107.863289
124.887955,91.253143,31.211992,108.345886
124.178108,91.035721,33.157719,108.698837
125.446777,91.719048,34.106575,108.921364
123.453987,94.165154,35.610477,110.311592
121.526016,95.872086,36.138878,109.870865
121.520683,97.088699,36.492760,108.820099
119.702255,98.947273,36.393021,106.158524
121.061279,96.095352,34.150024,107.179825
120.627373,92.071800,33.833160,109.854477
119.823494,87.537758,33.597218,109.890297
118.487396,85.537163,33.960251,110.525002
118.612106,85.816933,33.774940,109.259148
118.640732,85.825241,33.995502,109.420425
120.562881,85.078377,32.066319,109.774109
117.210777,81.507439,32.975998,113.022240
116.589920,77.418732,31.567369,112.230713
116.208260,76.525459,32.154583,113.504990
112.184631,74.420319,33.872837,116.418068
106.881531,70.758179,35.725922,114.462311
102.851120,71.396721,36.795841,110.624413
98.907440,70.584488,37.724163,109.270180
93.791740,73.376419,37.746510,111.449570
93.463020,75.940910,37.992630,110.844627
92.568718,81.967903,36.888096,108.490814
90.601334,83.472855,37.450798,112.882133
89.734039,84.930237,36.573029,111.191803
88.286781,89.867279,34.737000,102.293694
89.782173,89.494850,35.191486,103.057182
94.041092,90.910469,35.459038,102.836830
94.456413,91.653465,35.368523,102.082863
98.521942,93.223450,37.455204,102.202911
103.632904,95.128578,35.290001,100.124672
106.336258,96.090935,35.716675,102.186493
111.974457,95.875107,32.870346,109.111458
112.762695,99.351479,34.501640,110.616165
113.493889,96.962738,36.115517,113.146805
114.278076,97.173203,36.515400,112.922737
114.571342,97.016830,37.198349,113.685417
116.565414,101.610535,38.680279,110.775238
116.712097,101.776413,38.984016,110.944031
116.874336,102.780579,38.971291,110.933838
118.611542,107.388466,37.963371,112.543365
118.797226,109.336082,37.786827,113.440880
123.982536,111.674339,35.836491,110.252716
124.236794,111.647835,35.585117,109.890167
123.925407,111.511368,35.841076,110.964172
123.291962,112.059174,36.099419,109.893944
121.401535,114.808662,36.403435,109.261482
121.415871,114.914993,36.501091,109.447479
122.282463,115.794785,35.937798,110.059708
122.293167,115.427048,35.948204,110.853218
122.571823,115.536392,35.797375,111.228661
122.736267,115.228935,36.038353,112.133476
122.417419,113.752251,36.995258,114.674820
122.171799,112.369499,40.098854,115.043999
122.666466,112.555023,40.346539,114.920883
122.151123,112.466507,41.104725,114.721672
122.338326,112.591896,41.483356,114.954857
122.975296,112.217186,41.574295,113.342422
124.687981,109.487473,39.759468,111.228561
125.804306,106.007042,37.535431,110.480232
127.045052,98.618576,33.918255,107.672829
124.793831,98.505905,35.603516,110.100510
124.708496,94.494873,35.280098,112.051529
124.018433,94.907219,35.219761,105.076355
123.438484,95.102615,35.381676,105.340202
123.499367,95.365013,34.026554,105.918510
125.528183,95.100960,33.710674,112.242065
130.039948,95.332466,34.555038,112.513138
133.437485,97.030739,33.808907,114.575111
133.753586,96.365143,34.567326,115.559639
133.937729,96.297615,35.128441,115.977676
133.962463,96.380859,36.079742,115.764297
134.099838,96.502800,36.534550,115.931038
134.103760,97.700012,37.076195,114.973129
134.282288,97.781868,37.461651,115.726166
134.343628,99.637024,37.480743,115.395050
132.636810,101.501526,37.483929,118.039932
133.936752,103.278061,35.086258,110.067551
133.475571,99.622612,35.246902,114.050827
130.886353,98.995872,36.016552,116.610100
128.390854,103.150703,37.006008,110.181091
126.073891,103.739555,36.647587,110.909889
126.924446,105.411041,36.504181,110.010559
126.930939,105.630608,36.983204,110.359695
125.614830,105.678864,35.959305,109.640938
125.586891,106.456802,35.832588,111.261993
125.734718,106.596550,35.895390,112.099205
125.453560,106.547104,36.759956,112.854370
125.444054,106.561272,37.169884,112.885422
117.253349,105.714684,43.933868,107.583817
109.129860,110.439140,42.850224,107.372154
109.226212,110.614861,42.965324,107.440239
105.201263,109.005997,42.858734,109.030876
105.414436,108.165230,41.651146,109.304276
105.730553,105.491051,38.951954,109.153839
105.389557,103.712486,38.795902,109.011581
104.936569,97.384491,40.075115,117.900215
108.433784,95.847366,40.698742,113.926582
112.945389,96.122375,39.340370,109.487534
113.058510,96.566116,39.416130,109.535622
116.324684,102.658409,38.965221,105.880081
122.717819,104.448151,36.830379,108.918320
126.011482,104.704079,36.292118,107.821785
130.916046,102.572571,35.575428,113.991028
130.597672,101.412308,35.542675,113.878174
128.439789,99.288445,37.286491,110.559052
126.712151,98.367241,38.130112,111.274849
126.921951,98.511047,38.583927,111.887077
130.746262,107.761124,40.451080,110.603340
135.183029,109.321800,40.584095,107.894760
135.276840,109.441315,40.991470,108.009392
135.868637,109.965775,40.362930,108.990540
137.606110,108.561195,38.469280,108.619766
137.413345,107.238930,37.865353,108.607422
137.566208,108.949295,37.354969,114.231186
137.972366,110.820953,37.044483,113.355789
138.428864,113.664940,38.099113,113.906609
141.797379,115.427666,37.928070,113.149048
139.728897,118.202339,37.704967,113.573814
139.673965,118.793785,38.198090,114.017448
138.404648,121.596420,39.013950,116.232338
132.374527,123.371376,41.306210,117.919144
129.231110,128.388306,41.293423,117.308540
124.813652,129.813400,44.658333,116.823723
117.618347,130.250381,45.068558,115.863678
116.459389,134.977371,46.327221,115.324303
115.742859,139.024384,46.226902,114.386932
116.107941,138.785645,46.310814,115.200935
116.352249,135.489059,44.729565,116.040222
117.137642,134.374115,43.076698,116.837624
116.837074,123.771423,40.790928,115.426109
116.615585,122.874634,40.657898,116.987091
114.153351,115.046524,40.378746,117.057701
109.564377,113.479691,40.068562,114.530663
109.543762,113.982338,40.142387,114.843674
108.806503,113.755905,40.502430,114.761597
108.040466,112.590469,40.961674,116.544296
104.399841,110.196037,39.088451,115.667854
104.643532,110.823692,39.267014,117.338638
104.738647,108.398758,39.372841,122.032326
104.783829,108.619545,39.490662,122.447403
100.099205,105.889351,41.080093,121.384315
95.331596,99.711464,40.847805,119.582176
92.119774,96.216965,40.990482,119.379280
92.010307,102.540688,43.904739,113.305832
99.898674,107.374443,42.638371,112.467468
103.928787,107.310959,40.747715,108.830551
110.555283,108.778000,41.211044,106.774521
115.077332,103.485626,38.131023,114.619278
114.354065,102.473022,39.528885,116.237976
114.187050,101.232544,39.693233,116.460449
114.055702,100.731979,39.202957,113.595947
113.980965,100.960892,39.545082,113.933792
114.853180,98.766159,38.647194,121.631012
114.819397,97.798859,38.774044,127.068848
119.347916,107.253113,38.735046,123.909035
119.510262,107.515022,38.966503,123.904144
118.410713,111.536324,42.758049,124.918518
122.382576,113.371490,43.972866,124.175285
122.511864,113.621841,44.288940,124.716171
122.621948,114.235703,44.813118,125.307938
120.743568,115.314964,44.942863,125.378731
121.120079,117.131958,45.034210,125.833542
121.579247,120.159019,45.230309,123.990433
127.490936,118.624092,42.706310,121.478676
130.049377,119.983681,40.782867,120.089958
130.265686,122.191917,40.849331,120.649162
130.378952,123.859451,40.969143,120.032791
130.699875,125.607430,40.963428,118.815941
126.378197,126.415749,41.173737,116.838150
115.984596,131.169540,43.633949,116.601028
114.807007,132.409363,39.802494,122.422691
114.912773,132.443588,39.971367,122.450264
114.882225,132.273941,39.946098,122.912277
114.860970,132.420395,40.978500,122.308655
112.703407,132.821075,42.833832,121.964371
110.729927,129.861877,43.499199,121.778854
110.164673,127.631271,43.826168,123.802383
109.509232,123.667465,43.180462,123.915787
108.898430,125.798157,45.029850,120.673515
105.048309,128.290405,46.078274,119.391777
103.085564,126.904312,43.537060,117.506294
104.500359,125.602509,41.637539,115.993446
104.408539,126.276260,42.017651,115.971901
103.658394,125.353348,42.198444,115.432457
100.784187,124.147850,43.717400,113.264481
98.754082,125.022011,43.213726,114.061920
98.290802,125.791016,43.859097,114.250771
99.729530,127.646217,43.554127,120.327866
101.564705,128.035355,43.385551,120.888321
103.061310,125.743301,42.115646,122.276054
103.087837,127.071075,43.941643,122.236900
106.389992,128.046310,43.983002,123.753082
104.524788,126.178139,50.366169,124.116653
100.638420,123.434151,50.901958,123.916664
98.653046,123.555779,51.039860,123.677979
99.062042,123.909470,51.243340,123.902542
98.818810,132.833160,51.530128,121.959427
99.460297,132.782684,51.457493,121.990166
99.492645,132.791321,51.437428,121.936913
99.779610,132.572739,50.660484,121.827675
97.281303,135.969116,51.232719,121.312798
97.295387,136.000473,51.482731,121.506805
97.809502,136.770050,51.241451,121.685577
98.385834,137.107864,51.303013,121.854073
98.715195,137.903046,51.023987,120.990799
98.989388,137.852539,51.069088,120.856171
99.333336,136.374710,50.442451,121.354469
98.748871,134.076141,50.032616,124.276352
98.860947,134.203522,50.496330,124.394402
91.670204,130.728958,50.351566,125.712624
86.820831,126.216309,52.514389,124.200432
78.320335,125.012932,58.659679,120.813248
