1
106.979019,93.282356,33.842232,103.974495
106.799484,96.178482,33.652889,103.667053
106.891220,98.319771,33.890141,104.042770
105.580170,99.064674,34.179317,106.083832
105.301666,99.929291,34.532890,106.318863
102.454941,104.103828,34.747746,107.136856
99.683655,108.211212,36.836079,103.762558
96.273659,110.750725,36.295940,101.417747
95.034653,113.699074,36.537117,100.117432
90.983513,118.327995,37.729473,100.690407
89.536896,116.966019,36.308350,102.209511
87.730446,115.093216,35.869770,100.061531
84.610672,108.444794,36.075146,105.148666
83.553833,109.381073,34.026844,99.520287
84.649956,110.657761,35.136272,92.566055
84.245934,110.481018,34.494823,94.340569
84.425919,110.243446,34.730919,94.714088
85.160408,110.562271,34.595215,95.127945
87.177467,110.876755,35.171364,96.726440
88.679077,111.942833,34.875359,97.312019
89.682991,110.584473,34.552441,99.039513
93.205460,112.130318,34.322350,97.254555
93.489929,111.758682,34.525921,98.158325
94.124039,111.888695,34.982677,97.670807
96.126091,111.872704,34.864983,97.191711
96.361092,112.423737,34.886486,97.047440
97.871857,113.589699,34.848282,97.056427
101.184296,111.758759,33.386906,99.424896
101.750221,104.979073,32.956898,99.552582
102.608978,100.212654,31.698853,97.633865
101.680168,99.047363,31.870205,98.542351
101.216385,98.590645,31.874874,99.068054
100.890808,98.221840,32.166626,96.757835
101.272346,98.863297,32.526955,96.653633
101.489899,98.609734,33.066284,96.887756
101.702705,98.208809,32.813622,99.699066
102.093285,97.187950,33.022938,101.320854
100.676865,96.404045,32.732006,103.115837
100.877075,96.877083,32.834091,101.901314
98.829124,96.363243,33.471851,103.111420
97.034874,94.114738,33.639175,105.006111
96.290916,94.057762,34.217113,105.070122
94.081367,97.529144,34.899734,100.871681
91.662567,97.802773,35.091980,100.075256
87.957344,100.349258,36.335381,98.243950
84.841095,103.409927,36.069145,96.016754
81.132439,97.204071,37.370647,96.682518
78.461456,93.065163,35.268425,93.705078
77.708939,91.185303,35.793221,98.735657
77.322968,93.742317,33.526371,96.781601
76.750557,98.096481,34.438721,94.656097
77.234314,100.028023,33.611134,94.198723
77.718391,101.823601,33.921558,94.338501
77.780609,99.791832,33.445053,103.150635
80.152687,98.963676,34.759159,103.306427
82.846703,100.044250,34.428947,105.530128
89.526604,100.162476,33.202030,106.514282
91.259163,99.032066,33.232830,106.216042
94.390686,99.692291,37.004501,103.251419
95.762093,97.943878,36.549854,102.192436
96.268044,98.087143,36.935028,101.758965
96.961693,99.825462,36.246140,101.424492
99.185440,98.181252,36.131432,102.160339
103.318405,92.658173,34.789841,109.320061
109.066414,86.150620,33.419090,112.581451
108.756409,86.609802,33.293449,112.691933
108.586243,88.022156,33.491928,115.439812
108.566925,87.288429,31.489113,117.199921
108.011971,87.642220,31.603254,117.279060
106.434464,86.265694,31.891737,118.280182
104.239792,83.760239,32.202332,117.979309
100.967949,79.598030,32.554520,118.292549
98.866295,76.366745,32.995972,118.449471
97.674385,74.414764,33.145069,117.874039
95.924553,70.956253,33.565174,117.335854
95.338364,69.843758,34.399490,117.336273
88.357635,74.476135,39.477806,114.828362
71.600815,76.346504,41.749447,112.588783
65.023476,70.021919,38.690426,120.049324
63.614120,69.735428,43.174564,117.520020
59.714882,66.571892,42.491455,117.667938
2
0
0
0
0
1
111.955902,93.763832,33.560883,103.445580
112.196381,93.767014,33.977051,103.418335
116.108414,96.457092,33.750099,101.375618
120.241852,94.986732,34.759537,103.403282
123.629555,93.327728,32.057556,105.783806
123.951569,93.395958,32.511971,106.045456
124.087234,92.800659,33.351276,106.874870
125.231644,93.697166,34.860981,106.224831
123.416351,95.976158,35.982185,107.499725
121.199905,96.362572,35.890926,107.202553
121.230774,97.051476,35.989918,107.157669
119.475761,98.184914,36.215427,106.498772
121.262589,95.392059,33.379223,107.004593
120.651978,92.331543,32.854057,108.563705
119.873947,88.524788,32.869713,108.665092
119.120346,85.833817,32.696281,109.153282
119.325691,86.010406,32.896767,108.680817
119.248619,86.031296,32.959774,108.934570
120.701233,85.396523,31.840891,108.840004
117.168228,82.391960,33.484417,110.956764
116.607552,78.351059,31.877022,109.960899
115.980988,78.235573,32.302841,110.842606
113.029236,78.088799,33.157726,111.050415
107.726067,73.812157,35.017868,111.447739
103.382294,73.512505,36.872185,107.426208
99.111076,71.368927,37.907116,106.829742
93.555283,74.486801,38.394012,107.852356
92.800903,77.840988,38.580334,108.611366
92.363045,82.201599,37.946129,107.291763
90.320557,83.331726,38.439056,112.820473
89.015816,86.256477,36.969364,109.767876
88.755836,90.682312,33.696842,102.432068
90.522652,89.981689,34.365948,104.247345
94.813408,90.926353,34.868233,101.743729
95.202393,91.763039,34.795887,101.282143
99.182793,92.102196,36.752075,103.208405
104.036713,95.663490,34.482368,100.193047
106.659157,96.655289,34.794060,102.205231
111.883003,95.546371,32.419064,108.999977
113.032677,99.386169,33.978119,110.609177
113.585320,97.067902,35.532726,112.987999
115.196121,96.521225,36.846684,113.607422
115.343102,96.707977,37.260540,114.645409
116.476807,100.182449,38.539124,112.385689
116.700493,100.445709,38.974281,112.472328
116.937675,101.493317,38.921146,112.732056
118.954811,105.414627,37.644394,113.788834
119.248833,108.132385,37.653080,114.475479
123.776443,110.854996,36.574215,110.834114
124.197945,110.739586,36.449535,110.339195
123.835419,110.789139,36.322880,111.153709
123.563492,111.420197,36.492222,110.387299
121.568962,114.114784,36.360554,110.000458
121.597298,114.348015,36.509190,110.444878
122.727402,115.482132,35.397717,111.396851
122.748390,115.107254,35.458248,111.631798
122.798340,115.318642,35.473591,112.002716
122.846016,115.217972,35.568268,112.753471
122.226936,113.734055,36.593105,114.946198
122.182388,112.215614,40.098854,115.043999
122.677063,112.401138,40.346539,114.920883
122.594551,112.468544,40.603481,114.848091
122.779884,112.527267,40.985394,114.956322
123.062057,112.249405,41.202499,113.942108
125.134148,107.945366,39.132504,112.613327
126.345169,104.636192,36.681316,111.283882
127.211182,98.407318,33.216385,108.493294
125.275520,96.704132,34.952953,111.250130
124.943558,93.518944,34.315331,112.623642
124.690720,92.379463,34.360779,107.961372
123.819420,92.841568,34.366386,107.725990
123.474274,93.039581,33.911232,107.900047
125.372902,94.758347,33.619385,111.188202
129.826660,95.920944,34.775627,110.048752
133.399673,97.635681,34.020393,112.024780
133.641968,97.685829,34.505440,112.704834
133.725082,97.369011,35.686672,113.410965
133.683044,97.379990,36.843109,112.966568
133.351822,97.190529,37.055470,113.093971
133.354645,98.323769,37.571346,112.889702
133.593079,98.956062,37.877262,114.325081
133.924438,101.232376,37.822708,113.968201
132.606491,102.444038,37.760124,115.382042
133.804230,104.265221,35.702869,106.694572
133.754700,101.263374,35.397968,110.497047
129.971802,99.743568,36.549561,113.735413
127.684143,103.431442,37.423790,108.805000
125.789604,104.221649,36.632011,109.435623
126.739777,105.918243,36.388855,108.009644
126.514793,106.416214,36.494450,108.226707
125.236176,106.140091,36.095295,108.061485
125.307373,107.239815,36.320057,109.537857
125.421242,107.373932,36.421101,110.942886
125.420021,107.368599,36.523808,110.945274
125.517654,107.302383,37.289936,111.033264
116.763359,106.753044,44.733974,108.563766
108.915176,109.709755,43.310959,107.782402
109.010002,109.980293,43.479420,107.937759
104.281555,108.022682,43.572178,109.963074
104.599228,108.009155,43.050346,108.908173
104.947258,105.786743,40.008110,107.922638
105.107101,104.957695,40.409512,108.096413
104.675575,99.931122,41.186115,114.684044
107.261299,96.950012,41.712696,110.769257
112.341469,98.191559,39.807781,107.836334
112.514801,98.574478,39.889927,108.076630
116.458275,104.284096,39.324223,105.388336
122.090523,106.909828,38.160202,105.946823
125.277344,106.414543,37.457790,105.618172
129.826279,105.733658,36.846886,109.340134
129.903763,103.740685,36.837944,110.053383
127.805351,101.245544,38.029285,109.384727
125.658211,100.695854,39.371147,109.196381
125.991837,100.336037,40.135647,111.718216
130.083511,109.418274,41.306293,109.762024
135.172379,109.079086,41.054104,108.153961
135.303787,109.232285,41.499012,108.489128
135.453751,109.370522,41.303600,108.478668
136.956192,108.223473,39.631920,108.208931
136.864319,106.426094,38.794743,108.759674
136.982544,107.992401,38.463623,114.908508
137.184921,109.379471,38.316330,114.026779
137.490021,111.200981,38.842484,114.241470
141.308212,112.970116,38.269703,113.925949
138.994995,114.355965,38.189686,115.633537
138.708572,115.496651,38.871265,116.227097
137.634583,118.430428,39.437584,117.431374
132.736862,122.206245,40.464794,118.369781
129.294510,128.051315,40.652695,118.316689
125.649406,129.704407,43.323284,118.186340
118.645744,129.301407,44.052956,117.571007
116.537285,135.511627,46.455505,116.734940
115.686317,137.940018,46.332813,116.309090
115.891281,137.746246,46.353897,116.963394
116.124687,136.034592,44.839493,117.175095
116.949303,133.991791,42.604061,118.033516
116.776840,123.053993,39.986927,118.002625
116.747131,123.183083,39.915752,118.587502
114.666939,115.671890,39.768440,119.353027
109.897934,113.861084,39.472900,116.365616
109.675468,114.137558,39.228104,116.270882
108.809624,114.146584,39.425175,116.136490
108.299576,113.103798,39.416115,117.740768
104.853043,111.509285,38.368187,117.316940
105.090218,111.876991,38.206852,118.141876
105.250359,111.598740,38.524254,119.127403
105.489876,111.764641,38.981926,119.450691
101.881775,107.108154,39.978985,119.609093
96.966484,100.205681,39.523746,119.070404
92.609215,94.885033,39.857666,120.389977
92.108246,99.019608,43.923492,116.803917
100.090233,103.108681,42.364861,117.477486
103.805885,103.438629,40.478367,115.237877
110.506775,104.923569,39.766342,112.986710
114.938766,101.433891,38.070381,116.450584
115.060974,101.382858,38.538391,116.470871
114.871696,100.505119,38.726974,116.598518
114.452393,100.414520,38.531094,114.005569
114.237427,100.552696,39.025143,114.579414
115.342491,99.629951,38.052250,120.957909
115.222542,98.970428,38.292725,125.934525
119.157402,106.745773,38.442253,124.670708
119.320282,106.992317,38.424728,124.888428
119.235107,110.744759,40.736118,125.975945
123.851616,112.588432,41.579170,124.997696
123.904816,113.256882,42.585876,124.764206
123.547646,114.745529,43.923756,125.272003
121.257065,115.123413,43.679913,125.303291
121.852783,116.649193,43.930859,126.199371
122.154068,119.773872,43.718544,124.828079
128.190506,117.634193,40.710785,123.014740
131.553055,120.835480,39.063492,120.990448
131.764160,120.966835,39.480495,121.008263
131.758011,121.366547,39.493179,121.362961
131.749680,122.312340,39.495701,120.710648
126.986046,125.921028,40.548622,117.884262
115.555984,131.001053,43.912659,118.291573
115.110466,131.545120,39.359291,124.557693
115.182335,131.765823,39.475910,124.944763
115.106873,131.641479,39.473534,125.213203
114.906769,130.969147,40.113258,125.623947
112.820511,131.657364,42.830986,124.789650
110.608009,130.513138,43.758484,124.129211
109.810028,125.953522,44.991234,127.895958
109.216873,123.031799,44.304012,127.164185
108.893204,124.460220,45.073380,125.515717
105.132019,126.471268,46.416538,122.865517
102.809845,127.652000,44.010143,119.167648
104.544434,125.322311,41.730103,118.465645
103.934807,126.495728,42.490101,119.132011
103.205940,125.383316,42.396084,118.918739
101.170280,123.691864,43.060516,118.425308
99.780647,123.566933,43.248775,118.833069
98.101227,125.372314,44.946533,118.766975
98.807625,128.511414,44.251518,119.720459
101.488182,129.103668,43.773033,120.886444
102.934364,125.562782,43.069473,122.552284
102.791313,126.648590,44.486290,122.903084
106.003578,126.789886,44.489071,124.685951
104.049744,124.792595,50.252163,125.637886
100.380478,120.604027,51.366070,126.275368
99.685493,122.540787,51.641930,125.370537
99.945374,123.304985,51.895283,125.093193
99.201668,130.260757,51.799343,123.835419
99.801590,130.784775,51.624001,123.937256
99.981483,130.803192,51.912971,123.931824
100.344276,131.343796,50.915314,123.220573
97.714821,134.461700,50.784588,123.795288
97.654167,134.704453,50.998962,123.923355
98.362091,134.987778,50.879948,123.703743
99.876930,135.753159,50.657822,123.194153
100.222984,137.984619,50.486374,121.266014
100.198349,138.035736,50.395176,121.413193
100.149017,136.148590,49.325989,121.640945
99.409309,134.007401,48.920139,124.651016
98.801620,133.926529,49.115688,124.700531
92.004517,132.143753,49.425758,125.084290
87.620636,126.436172,50.235569,125.033401
78.843086,123.483170,56.760918,122.915451
