1
148.878754,92.425377,93.070595,237.747787
147.909454,93.818939,92.706612,236.776871
144.068771,95.713867,91.511749,235.630798
143.006973,88.428856,91.508286,234.764145
140.713409,85.446693,92.144875,235.233429
138.323303,76.674797,91.407585,234.194626
137.650986,69.808235,90.592751,239.627640
136.492981,66.991371,90.724670,241.071777
135.691055,66.303078,90.248672,241.271454
127.843842,72.632057,88.188980,243.280609
119.910782,74.260490,87.477814,245.743332
114.557335,85.223984,87.095741,244.886047
114.029228,89.967476,87.296585,242.417313
112.538078,92.494408,87.054382,239.759018
111.802246,93.283806,87.118690,239.504028
109.998451,93.806419,87.445976,239.181946
108.917557,94.184677,87.052498,238.918991
108.826454,95.096153,87.217827,238.944641
108.432129,96.124504,87.172012,238.808990
108.224899,96.921898,87.223946,239.216202
108.263252,97.089676,87.406891,239.522217
107.162140,97.704979,87.191856,239.991974
106.908257,98.909164,86.915207,239.490875
106.716797,99.419060,86.853104,239.384415
105.578255,101.381638,86.154869,239.777267
105.313911,102.496414,86.237030,239.767426
104.591484,103.722092,86.226250,239.641983
104.646446,104.214035,86.469788,239.769730
104.401772,104.656494,86.482300,239.761459
104.365395,104.940918,86.463669,239.886551
104.328163,105.132553,86.474251,239.853317
104.271278,105.217453,86.455818,239.905899
104.250443,105.368912,86.456512,239.927277
104.229424,105.427643,86.452156,239.893005
104.173302,105.623161,86.457504,239.930161
104.012245,105.997986,86.577446,239.738205
103.660324,106.845848,87.447487,239.235840
103.513321,107.324585,87.576492,239.274719
103.204018,108.594742,88.658951,238.784317
102.405495,110.878319,90.061478,237.174438
100.994347,113.551445,92.715187,235.498215
100.220825,117.092758,94.114807,231.385437
98.964546,120.528481,95.936630,227.891968
98.137489,122.860771,97.545166,225.272034
97.650932,124.245750,99.803169,224.598251
97.548050,128.917374,104.798981,220.119492
98.252266,134.951569,108.044060,206.625107
103.280991,137.485672,111.120064,197.670700
109.557747,141.198624,118.353401,195.204819
118.165169,146.135513,120.002182,191.475357
127.158775,150.590118,120.436493,188.593048
132.777664,151.649277,118.355919,187.845306
133.980087,158.410614,121.646347,185.683914
129.379044,163.301987,126.481415,184.436661
131.136093,183.096542,130.099472,179.661301
131.756866,183.202850,129.926712,180.831406
138.002762,193.159134,137.898468,188.469742
123.221970,186.505692,140.557831,186.705795
121.361633,186.107498,140.717621,186.653290
119.674088,185.983932,143.375092,186.873260
119.005997,185.833466,143.503860,185.812851
114.408524,182.616699,145.783783,184.721069
114.471779,181.496597,145.579956,183.900192
125.188782,176.446075,144.601028,183.723633
125.931206,175.717331,144.850449,184.208710
124.992607,174.533051,144.967484,184.358826
124.736656,174.208984,144.891525,184.420837
123.823456,168.587891,144.236893,184.564865
125.108215,164.770462,143.432663,184.922302
124.769821,163.922638,143.235840,184.685608
125.219978,164.697479,143.432480,184.511520
125.398331,165.167267,143.675720,184.874298
125.683899,165.450699,144.128220,184.876587
126.055222,165.617111,144.754562,184.809540
126.037300,165.504715,145.050217,184.939499
126.108414,165.549652,145.518326,184.892548
125.975616,166.741257,147.454910,184.673355
125.421730,168.039185,149.123810,184.393875
124.973885,169.526215,150.358032,183.748535
125.532837,169.777191,150.736298,183.844452
127.976723,171.993744,151.806656,183.859695
129.238647,169.414764,152.536438,184.475967
128.909485,168.940414,152.892807,183.986176
128.384476,169.844788,153.826157,183.466965
127.512253,170.362335,154.221603,182.670013
127.006088,171.299286,154.901413,182.156448
128.912247,179.335068,158.732651,180.828201
127.060303,179.306549,160.156982,181.346985
125.590492,181.357727,161.107620,180.655121
124.548576,180.745667,162.096725,180.763397
123.822517,181.417114,163.413925,179.851395
123.151596,180.728210,163.557312,179.336792
122.768265,183.380859,165.235031,178.298248
122.053780,184.107224,165.877838,177.675400
119.804184,185.924103,166.072006,176.144531
123.420181,194.758682,170.591873,176.474274
121.199348,192.228058,171.350967,175.406860
119.756607,192.584930,177.251511,176.668762
122.243431,192.239716,178.784454,177.358459
121.468788,204.828217,190.013000,182.223831
117.379654,199.629837,194.782486,193.859665
120.086449,196.393417,195.419937,199.248459
120.069771,190.662048,195.769363,201.512085
122.300262,186.180023,197.488144,208.159210
119.548981,182.265625,197.670715,207.891678
118.119347,181.972061,206.047409,207.507721
116.050278,179.671570,208.147522,205.623795
113.710716,175.279984,216.678009,210.459625
114.179047,172.002472,218.949356,213.292694
114.857101,170.317657,220.118439,216.187546
114.546448,170.635696,222.674072,216.555542
112.934181,170.458267,223.766678,216.609100
114.526466,171.103256,225.265778,217.440109
117.942772,170.657333,227.094498,218.831650
117.874336,169.132095,227.814514,219.608215
117.902176,169.467438,227.683365,220.198944
118.281166,170.972092,227.586868,221.339005
119.223068,173.263870,228.188034,223.161438
114.184486,172.862732,227.147354,223.469940
109.778740,171.344543,229.778061,225.691498
109.894981,171.910416,231.228516,226.014359
110.008644,172.164536,231.443924,226.401443
109.976624,172.183929,231.461304,226.450638
109.264282,172.694962,232.716904,226.636429
109.069611,173.026215,233.728439,226.874268
107.180679,172.914017,236.863998,226.507721
106.215652,173.286392,238.883453,226.774429
105.035072,173.452408,241.088730,226.906876
105.323753,173.680206,243.689850,226.681122
104.718773,173.255951,244.407196,226.638077
104.596230,173.317093,244.521317,226.691193
104.389870,173.489594,245.750031,226.863083
103.660149,173.228485,246.023926,226.874573
102.745522,172.800888,246.840622,226.779770
99.507172,172.337494,249.363556,227.260513
95.384140,172.054153,251.911499,226.938461
90.730217,172.667786,258.730774,226.211670
87.971001,172.831726,260.693878,225.851730
86.072441,173.473846,267.566528,225.943192
86.153770,173.292038,268.015808,225.959442
86.141167,172.166656,268.952728,226.733490
85.624527,172.058289,270.377563,227.184784
83.308304,174.821121,273.271759,225.120758
74.971626,174.256241,279.411774,226.607285
68.677299,174.047577,284.582733,226.889709
67.318680,174.312714,285.783325,226.529022
67.199585,174.640854,286.062134,226.837524
66.459167,174.670319,288.356018,226.915573
64.076248,174.829224,290.641724,226.619736
61.101856,175.033234,295.444885,226.876633
58.213333,174.448013,296.652191,227.046906
56.619118,174.706360,297.269592,227.072250
56.393257,174.912567,297.714966,227.343826
56.301537,175.068726,298.017151,227.330536
56.152058,175.414627,298.717926,227.074753
56.116478,175.692444,299.034973,227.361542
56.118912,176.001831,299.888123,227.314423
56.162342,176.100113,299.873901,227.400742
56.218391,176.150360,299.851868,227.401978
56.285454,176.200012,299.851868,227.401978
56.278614,176.264160,300.003021,227.387070
56.520077,176.321259,300.351624,227.401978
56.587250,176.370895,300.351624,227.401978
56.188763,176.657944,302.683563,227.102249
56.305691,176.732635,302.972687,227.298782
56.321339,176.857986,302.944855,227.365997
56.674782,176.728470,301.415649,227.610580
55.089073,179.614929,303.693268,229.169830
55.328968,180.909180,299.418579,228.943481
55.362686,180.938065,299.352112,228.901337
55.414898,181.021683,299.127289,229.000549
56.238827,181.647202,299.224579,229.726624
56.500004,181.525787,299.240845,229.990326
59.511600,182.344635,297.605225,229.752792
59.786152,182.291458,297.933472,229.985397
61.652958,182.312561,296.981720,229.865631
61.669727,182.370499,296.881897,229.878555
62.018600,181.454834,296.496246,229.255295
62.594917,181.856201,296.879181,228.420395
61.162231,174.504898,296.785034,227.663193
61.244492,174.661011,296.879486,227.897842
48.840824,183.171143,277.744537,215.091309
57.442123,170.491653,275.611572,214.169571
55.799866,162.714279,264.139038,208.360657
47.092953,161.397766,250.479233,207.485031
45.919384,161.688202,250.820877,206.738724
46.305145,160.911545,250.834641,207.880646
47.430660,152.161942,251.779907,216.690384
48.887062,150.848206,251.480606,218.271271
48.839096,150.803391,251.321655,218.456924
47.646004,152.416916,251.266083,217.984818
44.282127,148.005325,250.082230,218.108231
48.302086,145.672241,250.980591,218.270905
43.661484,129.199539,245.523758,220.640045
43.917984,126.462967,245.990845,222.896301
49.437424,114.149513,239.968353,232.325729
53.093140,125.017685,253.060394,230.683212
54.159863,124.770561,256.082886,230.172409
54.637833,124.558174,255.873383,229.891846
59.947449,129.710312,256.550781,228.379868
66.224007,139.522568,262.938477,223.123825
63.206177,140.688446,263.006134,221.020859
64.277008,137.099075,262.989258,220.150955
69.867447,141.193634,266.024963,216.880386
69.888443,142.349442,267.588715,213.957474
71.813675,146.666489,271.267517,210.058182
73.172829,151.450821,271.594574,207.844574
59.301636,141.298447,266.538849,207.454453
58.921932,140.899292,267.256317,206.852249
61.287468,154.665222,266.805603,205.055084
59.822151,163.751297,265.655304,204.405289
60.149212,159.497375,261.704590,205.177246
57.675766,163.364517,260.984558,204.827621
56.714504,162.909286,260.637512,201.506897
56.012173,171.707352,259.562866,196.320419
52.847443,174.042435,259.132019,196.459442
54.934856,174.043930,258.078003,196.145767
55.163761,172.466522,255.604568,193.959518
53.577297,172.325729,252.859833,193.083008
51.309513,168.278519,247.895676,190.012589
50.410641,167.810379,246.754669,190.130829
49.483639,166.196381,243.998978,189.247284
48.463741,163.894577,240.020966,187.633423
48.896286,161.138229,234.690643,187.105347
53.092579,157.239777,225.533493,185.620560
55.137627,154.667267,222.079330,184.270050
60.822506,148.380814,209.582458,178.268784
61.463314,148.651291,208.899734,177.410950
61.215412,143.612183,204.386795,173.300568
59.720757,137.420959,201.203705,170.038437
62.035664,127.039963,196.807343,168.031921
63.869595,124.412186,195.288925,166.677444
65.791931,123.113983,193.210724,166.089752
68.217812,119.227684,191.002792,164.500656
72.069923,117.982033,185.630203,163.184174
73.448364,117.534294,182.860336,162.153305
73.570580,117.664146,182.745575,162.129578
74.699844,116.975319,182.123962,161.948120
74.926994,116.999977,182.316757,161.832581
75.014359,117.084137,182.409882,161.930206
75.759972,118.299873,183.295151,161.643158
76.394211,124.774673,185.320923,157.545731
78.766075,130.447830,184.193375,152.024780
79.129417,135.679535,184.389893,147.802475
76.917305,139.648788,183.414490,145.496170
77.013313,139.807220,183.370209,145.381866
90.630814,148.260757,185.164795,141.974274
94.493347,156.917007,184.259811,134.634323
104.310394,167.918167,180.640411,129.917221
113.058533,170.760483,177.429535,130.047119
113.358315,169.548248,176.256866,131.357391
113.686050,169.608841,176.137039,131.905472
121.035866,165.996246,170.343521,133.241760
134.313843,162.555206,158.984818,133.837494
139.331161,162.599762,156.014755,134.100693
140.358658,164.717789,155.542053,137.307968
137.715363,161.188629,154.924591,138.732498
127.449509,158.091644,156.727798,137.494904
122.231133,149.429321,154.048798,136.064148
117.148956,140.150085,156.881500,139.456238
114.143387,140.631973,157.611496,138.645813
110.122971,138.522659,160.625168,140.998260
109.582748,138.487869,162.105270,140.947357
109.530800,138.526306,162.716934,140.885025
109.668579,138.581955,162.920105,140.935852
109.699524,138.590988,162.929871,140.939346
109.685410,138.599045,162.949203,140.867004
109.530899,137.146851,162.230408,141.741455
109.668404,137.265884,162.423462,141.939758
110.348907,136.981094,161.458572,141.740768
110.593597,136.984406,159.840073,141.912674
109.070229,133.970642,157.125107,145.011963
109.394035,134.146301,157.064240,145.440140
109.343315,133.284760,155.994858,146.308182
107.201752,131.172455,154.889343,147.188339
107.509308,131.268860,154.923645,147.487305
115.129623,132.522278,157.595886,148.629410
118.518654,132.206268,157.182236,149.335495
138.565628,147.200897,159.062332,149.963943
139.532928,147.630280,160.584610,149.544449
140.448563,148.111496,160.866074,149.852707
140.208847,148.437836,164.547226,149.348236
140.130859,148.745255,167.238510,148.010925
141.145813,148.453903,167.361267,148.501587
140.900803,151.171143,176.992371,155.169876
146.134293,146.325668,192.420425,164.050568
163.361206,153.101166,198.343414,161.093567
172.662338,159.994400,200.067963,157.882233
203.289078,167.907562,200.190933,153.583267
227.711517,168.037201,192.956482,159.384293
255.138458,174.865936,190.047470,157.870712
