1
147.170258,54.839844,65.414513,85.458260
147.412277,52.948753,62.932579,89.007515
147.570038,52.929184,60.428974,93.172340
150.581665,52.240055,58.888123,94.788513
151.641129,50.521858,58.934082,96.683121
152.365646,49.492722,60.153709,99.807312
155.462128,48.503933,59.974983,99.996132
157.066193,47.839153,61.052353,101.744530
159.207672,44.457497,65.210068,106.303635
159.559891,43.138821,64.846634,106.913040
159.418213,43.823551,65.209404,108.431831
160.100235,44.946095,65.803360,108.105499
160.655655,48.558292,65.522652,105.767303
164.423691,50.799343,65.306717,105.116150
168.487015,53.093113,64.568764,105.599876
169.336868,54.290253,64.733337,105.202759
172.991013,55.905357,64.046692,104.917809
177.766983,54.246178,64.207588,104.793457
181.388870,53.603954,65.799919,103.954292
181.964890,50.172657,66.026649,104.487297
183.586990,49.279125,67.260277,103.099586
187.302689,48.945221,67.511734,100.485672
187.539337,48.813683,67.840469,100.414520
189.771469,51.705906,67.076859,97.679138
190.932388,54.151054,66.862282,98.242027
190.735535,57.245461,63.998882,96.082352
190.737061,57.518826,61.837143,96.365341
189.530655,58.924698,62.666214,95.755508
186.749466,59.409500,63.252369,95.821617
181.835297,61.430725,64.032700,94.024300
177.935593,59.805683,65.308136,94.559486
175.165314,59.490768,64.227806,94.401596
171.179291,58.999443,64.436775,92.763062
167.193115,60.902607,64.379745,89.636520
161.145035,60.836773,62.392090,88.081390
159.664200,59.678013,59.407043,86.941528
159.186600,59.943745,57.669491,87.334122
153.881577,58.079517,57.379047,87.276550
151.953110,56.399796,56.997524,88.364655
151.461823,56.946739,57.012833,88.252434
152.360886,59.014687,56.921810,89.018341
151.871124,61.260639,57.449139,88.298843
148.257507,61.691200,58.443207,87.848412
148.376221,60.838486,58.437576,89.325096
147.173218,62.281258,56.257732,89.716789
144.210449,63.051292,57.071831,87.827362
143.285583,61.726265,57.110996,88.684166
145.305603,63.907078,55.281891,88.960899
145.693985,64.480476,54.573158,88.545395
145.174896,63.594707,51.066906,88.503052
146.277634,62.518570,50.442078,88.061607
147.855103,62.050354,50.720181,88.098602
148.282639,63.297791,50.615665,86.980217
149.924973,65.632149,50.512119,84.265800
152.268570,69.501465,49.585857,82.808960
151.666260,71.699081,49.064651,82.627357
151.158905,76.938232,48.992817,81.009300
151.680664,77.563835,48.982121,81.206177
152.217377,77.961258,48.019703,81.085274
153.326141,77.596970,48.268536,81.458847
156.122589,76.628311,46.565022,82.001465
158.616470,71.709259,48.725388,81.644646
163.146240,66.008728,48.379810,82.919899
164.623093,62.355564,48.758842,83.443352
165.576309,58.734314,51.770859,83.478836
170.653641,56.788094,49.484951,86.471733
172.797699,55.235001,50.226463,90.763451
172.758316,55.497139,50.424259,90.928856
175.568649,59.175255,49.572598,90.219414
176.672531,58.621189,49.948151,90.463264
180.492233,59.998650,49.285500,92.504295
181.010727,60.141449,49.508385,92.853714
181.092758,59.986652,49.876026,93.013954
182.251999,60.268814,49.495468,93.413513
183.661438,59.455627,49.449276,93.641624
183.621780,58.441898,49.437294,94.018539
180.993484,60.204235,49.321629,90.234779
182.653229,58.098145,49.848850,91.134308
181.411758,58.351017,49.632935,91.240028
179.260605,59.518936,50.133659,89.488945
178.280731,60.447777,50.160412,89.611412
176.748734,59.284294,49.937515,90.573082
173.874237,59.650543,49.855225,91.628342
173.599426,58.018028,49.858074,92.337418
172.002121,57.416012,49.568550,93.735313
170.388611,58.410122,48.635197,93.463135
169.538254,57.982323,48.770393,93.395447
166.178711,59.230000,49.750263,91.398674
165.534088,56.700325,49.776608,91.447830
163.924591,56.270054,49.660957,90.923149
158.902237,54.057396,50.056717,95.238831
154.442307,50.484879,50.761963,94.901634
153.176208,50.423355,50.962864,94.407082
153.053894,52.879658,50.709976,93.876396
153.349930,59.908852,49.858059,92.355957
154.234772,62.227730,50.284515,92.138283
154.778473,64.898636,50.018185,90.455994
155.144623,65.707451,50.314819,89.360550
153.825073,66.665840,50.317661,88.174316
153.915863,67.904846,50.360199,87.462837
154.102158,69.577820,50.634026,85.315598
154.760513,68.843445,50.244690,84.208771
155.304550,68.573326,50.099331,83.735100
156.854034,67.814789,49.554790,83.281151
157.895325,67.599701,49.103634,83.488335
158.843338,67.746292,48.758205,83.014877
166.159363,66.678894,48.909992,85.010651
167.733627,66.104294,48.919792,87.888527
171.821106,67.796478,47.678699,89.140228
174.502518,69.311371,47.822277,88.534790
175.888092,71.528595,47.837219,85.997551
175.170044,70.019150,47.272854,87.636475
175.260162,70.344688,47.369804,88.015205
176.603973,70.700508,47.175278,87.895233
179.336838,72.710716,47.004566,86.542664
184.589096,74.108231,49.167850,85.830719
185.291840,73.823463,49.629223,85.108414
185.712067,73.996750,49.765274,83.919312
186.575989,71.789772,49.580551,83.112358
186.671005,71.899254,49.863716,80.828323
187.298447,71.104851,49.795033,80.970673
188.893967,74.179329,49.625660,80.711830
188.939255,76.390846,50.287491,80.253952
192.124634,79.586746,49.050728,80.202637
192.061020,79.613731,49.529812,80.293266
192.827042,78.706604,48.953400,80.831917
190.248734,79.179276,48.924770,78.917320
186.123001,78.852341,48.455048,75.818100
184.426437,78.588722,47.416435,74.510704
182.105408,77.992233,47.454681,70.396591
180.458176,76.599411,46.541195,68.900780
179.538040,74.485138,46.112572,69.570961
175.779831,72.688904,48.431252,70.234894
171.001953,73.836029,47.426689,70.603065
168.279022,73.293869,47.217327,71.057930
164.003220,71.951004,47.361488,72.318413
163.592896,71.721458,46.701332,72.654327
161.002289,71.712082,45.867237,72.737877
161.124313,71.328171,45.624596,72.805725
161.219345,69.841072,45.883511,73.072220
161.297379,69.480080,45.816883,73.832047
161.079071,72.285164,45.688908,72.644630
161.102661,73.684341,45.142006,72.674088
162.313324,74.494492,44.853848,72.672035
164.877136,77.556427,43.850960,69.535522
169.003235,79.823898,44.366188,69.867722
168.912445,79.652603,44.742695,70.294106
169.602264,79.966331,44.567635,70.025650
174.012161,81.977180,45.002911,69.089684
174.683441,81.789505,45.607082,69.735344
178.310242,84.446503,45.130768,66.458984
182.070847,83.993546,45.452583,66.623398
183.640579,83.741722,45.939949,65.610649
183.534515,83.039253,46.112843,66.546036
185.368164,82.200630,46.853722,67.969376
185.924072,82.543213,46.837620,67.816635
185.943939,83.416489,47.277386,67.308601
185.280945,82.939430,46.568005,67.401413
186.319000,82.762291,47.095066,68.014137
185.789642,83.976166,47.656143,67.954941
186.328201,85.163017,46.978794,68.069672
183.058990,85.594376,46.034840,69.059448
181.295334,86.023277,47.528557,68.525848
181.281906,86.052689,47.345905,69.017677
180.136185,85.570648,47.543701,69.578697
180.219772,85.052536,47.916477,69.968536
181.198334,83.086349,47.586075,69.776375
181.518768,82.052582,46.292416,70.117355
178.658768,80.459633,46.050587,70.404549
175.407562,81.033524,46.435032,69.616333
173.867599,81.121025,46.031418,70.356209
171.800034,81.620598,46.657200,69.234680
169.223694,80.833786,46.179039,71.253838
166.823547,83.809151,46.387890,71.061974
163.477036,82.644150,47.774891,70.295624
156.828979,81.437675,49.017372,67.150124
154.936890,78.047928,47.647453,67.282898
153.994232,76.048836,46.212158,67.701355
155.018097,77.099281,45.108181,66.614937
155.020264,77.001213,44.364643,66.756920
155.515427,77.467377,43.711914,68.394608
157.389618,78.444710,43.911419,67.934692
161.633163,83.940361,43.119999,67.483360
161.499725,88.474991,44.434963,65.621872
162.129486,88.436943,44.093964,66.480179
164.061554,90.924934,43.256882,66.746498
167.661423,92.224556,44.032127,66.015869
171.710434,93.655685,44.571198,64.923889
173.885498,94.290131,42.887012,66.663757
177.401947,94.131119,42.193256,65.680534
179.269333,96.006134,42.312973,66.684525
184.281113,91.424683,42.403145,72.430252
191.588058,88.820396,42.105293,69.895668
190.275742,81.717133,43.638950,76.078056
191.249634,84.096245,50.814190,70.295357
196.019394,82.559677,48.157341,70.789513
199.948883,83.993073,49.431053,69.194199
203.987762,83.450294,50.107800,68.619209
206.615997,82.574753,53.071499,68.876434
207.280273,82.960464,52.407589,68.886078
213.664474,83.522743,51.371346,67.326759
217.611053,82.749298,50.128952,65.979378
216.947037,82.886673,50.487549,63.305771
217.738647,83.840912,49.251537,63.041916
217.888077,83.649994,49.414841,63.287975
216.020401,83.141998,46.279884,63.722054
215.540344,82.881897,45.189732,64.035179
216.500656,82.801666,44.128403,64.019012
216.871552,83.292091,43.990692,64.096977
215.825836,81.520676,42.666805,66.103020
213.643234,78.350105,42.856258,68.015533
214.363708,76.238106,41.660728,71.792946
211.508469,67.749008,42.786991,79.520096
208.268417,67.263893,44.428841,80.142609
206.972885,69.162086,45.982635,78.600342
206.779953,70.249245,45.273113,78.495392
206.114609,71.075089,45.393436,77.949844
203.562271,76.254593,45.654671,75.224648
203.873215,77.945648,44.750633,74.415649
203.669998,76.954437,43.596298,76.627243
199.077347,77.725044,46.325542,75.440582
198.130508,70.208847,45.163578,78.095329
197.987122,67.911369,45.583035,78.739624
197.299240,67.694145,46.053230,79.047409
199.322205,69.874153,46.705070,76.904305
201.543762,70.331085,46.644154,77.745438
203.931671,74.884727,47.771572,73.934875
207.085297,76.124603,45.814335,74.355003
204.018875,75.277557,47.230991,74.547615
204.486420,74.626572,47.637299,74.274231
209.083679,72.262009,44.041550,75.907028
212.704117,70.169876,44.167931,75.675056
213.066940,72.777100,44.357529,73.680809
217.475174,73.509155,43.132267,73.923630
223.068100,75.959801,43.707340,71.136353
225.710342,72.204124,45.092827,71.306374
225.277832,76.959877,50.042732,71.934357
230.926971,81.035355,49.656082,69.580620
234.372009,90.561150,49.597420,68.034302
233.207428,96.078522,48.130524,67.492340
233.942886,96.316620,47.628635,66.841438
232.037735,92.068916,47.459160,69.590942
231.443069,93.431145,45.826202,67.107468
231.539810,97.413742,45.822887,65.233009
233.368027,100.038383,46.901196,63.823334
234.840103,103.000122,53.095798,60.209999
233.736191,99.288597,51.945705,61.600708
233.540390,100.390007,52.007881,59.502045
231.234650,94.785599,51.099983,61.031376
231.108078,95.360878,51.110645,61.619766
229.429581,95.784462,50.628956,62.416946
226.746582,96.436760,49.115051,62.472855
221.585861,97.242218,50.888615,63.015522
218.086609,101.751862,52.368095,63.980106
216.325043,100.991058,55.120857,63.698608
215.671509,101.311234,55.254642,62.284561
208.812805,96.119438,55.658394,64.108582
211.395050,87.595230,55.578411,64.556404
213.316940,79.780975,55.647823,65.113518
220.123291,72.562134,55.798771,65.457397
225.263062,70.177078,55.049213,66.032936
229.311005,74.862106,54.947857,65.799484
235.049652,75.271645,56.096069,69.564461
237.551712,79.912086,56.730377,70.539673
240.004730,81.773506,61.010056,69.439186
245.333893,90.417549,60.072811,70.230438
249.267456,87.336830,61.237278,75.169098
251.930359,79.855934,59.989677,76.675751
251.890884,71.844215,59.728374,78.810715
258.417236,64.518501,58.132351,81.170181
262.761292,69.778160,57.238716,73.544098
263.799255,61.119572,56.200748,75.652977
265.551239,61.424747,54.448772,74.636551
266.228973,62.468693,53.771023,74.662537
267.969025,68.340851,51.568882,74.198357
265.104645,68.813072,54.199459,74.277489
263.995300,66.373329,54.392780,77.070244
262.905457,67.329918,54.476562,73.051926
263.173798,65.275665,53.880352,73.434624
262.886993,62.539135,54.134438,73.402306
262.457306,62.392097,54.834530,72.918831
263.691833,64.042755,55.237869,69.410263
263.921478,63.810307,55.313515,69.318474
264.015503,63.900986,55.476486,69.471085
264.202087,63.578957,55.257214,69.664078
262.671539,68.262482,55.864586,67.996208
264.020905,72.400055,55.936817,66.613098
263.870331,70.669670,55.746429,67.724815
263.476837,72.035599,55.068188,67.552643
261.421661,71.567589,54.922668,68.156860
260.302612,71.739532,55.329025,66.374924
261.668396,70.744774,55.186779,66.762527
263.363464,71.338234,54.269833,67.605064
263.045258,70.721382,55.219051,69.267776
262.775299,71.435097,55.642975,69.303833
259.468414,72.809654,56.181217,71.191216
252.303589,71.713409,56.371124,74.124084
242.555405,69.296402,60.160530,75.237930
233.900940,66.078468,61.473457,76.518532
227.189056,64.539650,62.881454,77.224907
216.768646,61.086319,64.652611,78.277702
213.673615,62.809574,65.083992,76.207253
207.297073,60.255547,64.816193,77.323128
205.806931,61.781765,63.147964,76.403511
205.925812,61.247074,62.438541,77.108231
204.960251,60.630085,60.272522,77.291451
204.264359,63.359932,60.236656,78.339714
201.069824,68.072243,57.235905,79.810059
200.740997,67.926208,57.372520,79.870621
194.869720,70.037521,57.610710,79.810234
187.564636,68.661751,58.151157,81.316330
183.212433,63.133556,57.910545,80.308662
180.763123,66.473518,55.025497,80.271904
170.804169,64.167686,58.138901,79.660126
161.298431,59.743122,57.645287,80.644356
154.757828,58.613209,56.765869,78.285278
147.184784,58.508652,54.728161,78.465767
143.247757,51.802521,55.226116,77.396675
139.558914,52.996845,53.227047,77.255386
135.810287,52.812557,53.371090,75.344543
131.026764,52.599041,53.763512,73.081703
127.359100,53.460087,56.347069,71.802925
128.586121,54.467758,55.157116,72.161789
130.981735,61.654099,51.043621,73.002014
130.236465,63.091331,51.374176,72.646233
129.658737,62.900681,51.341339,72.518929
130.304169,63.483250,51.059555,72.247581
132.293640,61.516964,51.132751,72.118912
138.324081,62.514584,51.563858,72.467926
138.977386,67.744156,51.119442,72.008255
140.364487,68.850159,51.396343,72.214287
146.560547,69.364204,47.542568,72.287613
151.145355,69.377541,45.943150,72.832329
153.559830,66.241623,48.108551,72.588257
159.864548,68.522255,48.778629,74.121605
163.537460,73.100327,46.458797,74.498573
164.914291,75.918465,45.969849,73.579895
167.060593,73.635994,47.043507,74.353661
167.845703,61.660820,48.004776,75.042557
167.475021,60.550526,49.949459,70.681282
168.735733,54.750690,48.943443,70.762970
169.041122,47.821312,49.091957,70.642334
166.983521,42.724529,52.163906,71.876381
167.590012,49.835464,53.184284,72.050316
169.177231,52.388809,53.703987,72.573792
168.337280,54.790691,61.082401,71.319366
172.196442,69.572319,58.760834,69.927231
179.499847,75.502647,59.228275,72.099121
186.705353,78.945267,59.591164,73.369919
193.821304,78.557793,58.487160,73.852921
194.296356,81.668915,59.803940,76.870224
195.551559,80.973595,60.949196,77.042847
201.664810,83.130943,59.417477,80.784424
202.385132,84.356323,61.618950,80.939735
203.063217,85.152603,61.812508,81.513359
201.566330,87.037674,61.352947,83.232307
195.115952,91.984100,57.777649,83.531631
195.559143,91.233246,57.047039,83.713219
195.160751,90.446770,57.194664,82.141632
190.101852,80.731239,58.570847,83.867706
185.644562,75.496017,58.915623,84.781563
178.886841,66.342041,59.343441,87.188911
173.890305,63.191986,58.751678,87.519577
174.723282,61.301258,56.630531,89.553360
171.202744,66.284126,57.046165,87.512299
169.284088,67.691521,56.081497,87.114128
167.350342,66.999100,53.870449,87.036789
167.829651,73.697632,53.338871,84.190361
169.571381,81.623024,50.914291,79.832611
167.679657,82.146027,48.855030,78.880447
169.210556,84.980858,47.883698,76.582466
167.312424,89.094666,47.209824,71.317535
167.706970,88.440620,47.477959,70.112770
169.011337,81.665665,46.243309,71.465118
168.731232,78.714577,46.195599,71.445198
169.520752,78.424454,46.637791,69.087776
166.817673,78.250465,47.144924,66.542389
169.835327,77.550545,46.727654,67.262779
171.004379,76.827316,46.868328,66.338028
174.053635,76.213951,46.545551,66.215836
185.356934,82.246155,47.000050,62.570637
188.106277,89.876381,46.978069,60.187939
193.895844,93.047562,45.081684,59.393341
199.796234,97.541977,44.413883,58.101780
206.249451,99.663025,43.719433,57.625988
209.023422,101.651787,45.434212,54.661522
210.039352,100.418663,45.505829,54.959000
213.028442,99.918877,46.195061,52.394772
215.970657,94.574051,44.000427,54.069515
212.431870,90.567436,45.025574,53.273544
207.624847,87.359016,44.395767,53.154903
207.653244,87.503555,44.608952,53.489624
206.174774,85.184456,45.607422,52.757992
207.097488,88.628563,46.627209,50.916451
206.531357,88.077423,45.549126,53.549549
206.986160,89.434166,45.961842,53.500751
206.009460,90.770630,46.164452,53.188850
205.124268,92.615990,46.519379,52.213799
200.956406,91.787628,46.238857,52.782852
198.112350,92.063950,45.313335,52.705624
191.738449,89.081322,43.733910,53.603020
191.090485,87.622643,43.446194,53.980129
189.425842,83.807961,42.720387,53.481579
189.540482,82.691048,42.884827,53.193390
189.764328,79.557594,42.281708,54.308723
190.149765,79.929619,42.651688,54.807583
190.005951,83.154449,43.275593,52.799183
192.050949,91.953041,43.961140,51.191380
192.734863,95.614098,43.929562,50.216091
192.903656,97.597847,43.216206,49.715622
193.099030,97.799309,43.425896,49.909687
193.025467,97.872452,43.405334,49.962162
192.166718,94.835716,43.536823,50.765121
193.158966,91.304787,44.021999,53.268074
194.587540,86.339073,45.089279,52.318970
193.751907,83.561050,44.773697,53.994896
193.625778,83.105934,44.876789,53.896965
195.755386,80.052162,45.998371,54.567650
198.707504,83.710274,45.271694,55.299561
206.285202,87.999657,45.615936,55.035355
208.793839,94.445000,50.497696,55.129856
211.492340,96.046402,49.021332,56.463558
212.956619,95.217957,49.409523,55.761600
210.876862,88.948708,49.057961,56.381500
212.835815,94.255821,49.785633,56.364754
212.501495,93.764244,49.868225,56.333233
206.425751,94.488304,48.965549,54.548344
197.145523,90.480255,48.956650,53.524902
191.582474,85.791603,47.391171,54.185257
185.754028,82.754433,46.891472,54.004768
184.768143,87.881836,46.346767,52.597572
183.543259,85.395714,47.333809,52.810413
181.096588,83.539673,54.766495,52.062897
183.372223,83.676537,57.697182,52.661007
186.838898,83.561913,58.362408,52.927822
192.243439,84.191620,56.373009,54.780323
192.628494,84.007111,56.487278,55.070393
194.263290,82.627724,55.518967,55.648819
196.342102,82.236549,56.027847,55.653236
195.618271,80.377167,54.502861,61.811985
193.336899,80.615471,53.348099,61.572258
188.873138,78.974251,52.467720,61.945179
188.233582,70.837257,51.295246,63.605461
180.665787,72.103134,51.127728,64.151924
178.140289,72.582260,51.478241,63.465221
178.423752,77.049889,51.103035,61.029072
174.430283,84.140350,51.762611,59.979355
171.658310,85.544525,52.386391,58.466713
171.229324,83.796463,52.038113,59.187386
167.924423,77.407043,52.675941,59.920818
165.045715,74.666016,52.087105,60.931995
164.544052,73.993515,51.213844,60.920959
167.817673,72.623314,46.309402,62.036884
168.463409,71.364807,44.078053,61.178333
171.469254,64.825943,42.609612,60.589729
175.539856,61.969379,42.662945,60.595997
177.761658,63.845051,42.040600,61.218937
177.948822,64.751778,42.495152,61.427536
178.016739,64.975800,42.585281,61.504166
177.998032,64.863785,43.331570,62.447998
174.475510,68.323730,42.584858,60.428505
168.124954,66.597801,41.309032,62.477558
161.514236,66.942276,40.788837,62.312775
152.876846,66.328537,40.942837,63.014595
146.104385,66.068497,40.341778,60.293659
142.192825,57.497501,40.186005,60.729507
137.624786,54.562408,40.179775,59.455177
136.391769,53.708107,40.542828,58.413368
135.187729,53.305912,41.261539,57.596001
135.940063,53.740589,40.797218,57.156315
137.255508,54.595776,40.558208,56.866138
139.595551,58.895779,39.592964,56.240135
140.610428,60.283707,39.860886,55.533451
144.301331,62.130001,39.353535,54.957493
150.638367,65.666687,42.043568,52.299015
153.004074,68.137558,41.809437,49.654175
153.095306,67.719963,41.388218,49.699261
154.085419,68.670189,41.089745,50.363861
154.048752,65.815094,41.124714,51.513035
156.223419,66.010277,42.267712,52.919334
157.027252,65.964363,42.212086,53.013943
158.258011,60.562145,47.830894,55.627460
158.374237,63.379528,47.368626,57.342297
158.372162,64.218201,47.463440,57.702065
158.895309,65.334549,47.338612,57.992390
161.025452,64.566162,47.946693,57.817276
162.278427,59.990002,48.149040,56.470879
165.679047,60.641117,46.096947,57.840275
166.150528,58.956326,46.305729,57.775333
166.933167,57.014347,45.884758,57.939293
171.203278,53.455132,44.917671,58.253952
169.929352,52.798058,45.041458,58.143906
167.117615,50.583691,44.779003,58.692825
166.676819,53.560783,43.984283,59.157028
165.876175,58.805016,43.668167,59.307648
163.771423,51.174564,43.720573,59.268311
163.491364,47.563732,43.268490,59.895615
165.527039,50.467724,43.719574,61.431152
165.595596,49.495216,43.801914,61.448151
170.511902,50.025135,41.506504,62.700649
175.528061,50.251793,41.696800,62.714977
179.377640,55.620438,41.361675,60.760273
185.012833,43.228222,44.018265,60.713989
187.267120,55.471622,41.940445,67.005676
190.874496,63.094032,43.941395,65.283920
193.292236,61.273167,43.693527,64.744095
191.090744,56.340065,45.709057,66.006355
189.229309,56.717926,44.631966,66.407600
184.538788,57.275024,44.582314,65.402092
185.683975,55.699150,43.326603,65.727821
188.420639,50.039478,41.307686,67.655014
188.424759,50.384956,41.831142,67.612289
192.781693,46.476643,41.362743,69.465576
192.347900,40.604843,42.332504,69.967415
199.953262,43.977787,40.873283,71.149704
200.183624,49.365852,40.761440,69.711777
195.775299,61.424339,42.582355,68.668190
194.787781,65.722717,42.451305,70.211037
185.126251,75.436531,43.068134,70.838486
173.833130,79.240959,44.458405,70.752159
163.108002,80.959747,44.737694,68.601570
153.425003,80.647095,45.392761,64.325447
145.455322,75.198380,46.457546,61.804321
141.830185,69.045349,43.845257,60.768185
138.479523,65.571121,45.065067,58.409332
136.818451,61.004646,44.390823,57.825375
137.972382,58.342014,43.937531,59.852383
136.991287,62.173374,43.674553,59.058556
142.093750,69.232002,43.637981,58.197029
142.502609,70.755157,43.888535,58.492153
142.771011,82.320267,43.167381,58.062954
141.563065,91.377838,42.795025,54.990192
141.505173,91.760651,43.034676,54.539555
146.523499,86.128609,43.274494,57.009895
148.756058,78.053436,43.284798,57.461414
149.761673,71.919067,44.211433,56.771885
155.227737,72.583305,45.963207,56.909130
156.154800,68.546730,45.129875,57.512985
156.686356,66.356125,46.128914,58.714100
158.225464,66.217041,47.981976,60.504677
156.468491,70.695511,47.203186,62.018776
152.583588,72.910400,47.734436,62.356152
153.187607,73.477989,46.775005,62.792950
150.766129,73.385674,47.188507,63.206375
143.120850,73.200500,48.550545,63.041496
141.024277,70.288246,49.029942,63.076504
134.534149,68.062431,50.633446,64.149460
130.825928,65.990608,51.264309,63.584637
130.977753,61.430950,50.086086,64.688240
134.322891,57.668274,50.151810,64.983704
137.115387,54.715717,49.579460,65.210266
137.837158,55.937283,50.070190,65.590515
139.223526,56.331291,49.501419,66.980591
140.276611,53.047535,48.971554,67.539070
139.873474,60.284794,48.539207,68.895615
140.572739,59.788525,48.689678,70.114662
140.058350,59.953693,48.529850,70.009232
140.312347,57.045715,47.931572,69.766220
140.193848,58.158249,47.924522,69.760422
140.714401,57.979279,47.822289,69.934052
145.198669,57.958504,47.226543,70.105202
151.054321,56.024601,44.932957,71.772301
154.722916,58.749996,44.707108,73.154869
160.802795,62.630978,45.036266,73.323692
168.095642,62.724552,45.203697,73.577660
172.469894,62.836166,45.517551,74.666107
178.397476,68.788353,45.822521,75.217216
183.202438,71.045876,45.893051,77.792053
