1
146.155167,57.369015,67.315208,87.869873
146.633118,51.981247,64.489830,93.362984
147.199234,50.178596,62.857410,95.894402
151.593323,48.293236,62.000095,100.888878
152.743591,45.083717,62.665047,103.441406
153.491959,45.350037,62.761478,105.716934
155.205505,46.123962,61.165756,104.609932
157.636749,46.889984,61.571735,105.838882
159.122437,44.728775,65.969589,109.555321
159.477509,43.971275,64.987701,110.322243
159.282898,44.195454,64.928429,110.361343
160.662735,46.040897,64.188377,109.597412
160.899719,46.868290,64.362312,109.247459
165.637314,50.866142,61.947952,107.702744
171.165100,53.042263,61.140400,106.123894
173.780090,55.020660,59.816181,106.079826
175.067902,55.981647,59.669777,105.877419
180.707016,55.412811,61.263470,104.536026
182.007141,54.136841,61.452988,105.465179
182.695648,52.894974,61.189903,103.839638
184.904984,49.299274,61.643494,103.817726
188.141205,48.341705,61.078510,102.473198
188.440491,48.102699,61.538609,102.312096
191.035645,51.069237,61.855362,99.358284
193.570465,55.650623,61.009163,98.334785
192.159317,56.373966,60.325668,97.523483
191.484360,57.091743,60.230659,97.545029
190.359344,58.879040,60.666813,96.576714
188.843399,59.316319,60.742893,96.646507
184.214005,60.610775,60.948898,94.782234
179.349640,58.478802,61.797729,94.582649
176.710968,58.848553,61.475910,93.729630
173.046814,57.807442,61.633904,94.417397
167.616516,59.685860,62.111153,90.840408
163.052124,58.459526,61.523472,89.741013
160.928207,57.656544,60.440571,89.937431
158.647781,58.493454,59.171295,91.270134
153.318832,58.275990,58.803604,90.061279
151.675827,56.807671,58.471592,90.890251
151.130341,57.995956,58.529675,90.875160
151.320602,58.875347,58.802055,90.635368
151.449982,59.940189,58.915730,90.383904
148.176208,61.762997,59.428936,89.451050
148.445847,59.452984,59.369553,91.012634
146.984940,61.520664,57.291222,92.059547
144.267471,62.568863,58.265343,89.285782
142.793579,61.441925,57.955215,89.976051
144.889114,63.340225,55.281204,89.595367
145.108322,64.224625,55.058266,89.431702
144.840042,63.073318,51.863235,89.313103
145.603195,61.914879,51.082817,89.035675
146.458069,61.760017,52.475235,88.495720
147.160385,62.251160,51.521603,87.714806
148.615463,64.070694,51.264061,85.808067
151.463837,69.452477,50.850807,84.168472
151.017288,70.786423,50.137592,84.378784
150.917877,76.157906,50.454494,82.298798
151.848114,77.576935,50.436050,81.369987
152.487427,77.712440,49.546078,81.080994
153.214722,76.673195,49.912392,81.535873
155.697266,76.275658,48.358395,82.020172
157.459473,72.619194,49.389839,80.909660
162.205994,66.025551,49.834953,81.816170
163.943176,61.907932,50.013355,82.890419
165.614105,57.710846,52.837608,84.163193
170.726242,56.283234,50.280449,85.667229
172.222198,55.385868,50.466309,88.353043
173.055374,55.921406,51.507561,88.423096
177.119583,58.951244,51.275772,88.930473
177.224380,58.996666,51.601360,88.980484
180.410126,60.066536,50.978939,92.434868
180.876419,59.076252,50.859558,93.243637
180.894623,58.993408,50.760132,93.192802
182.264175,59.329136,50.492176,93.464760
183.360199,59.768375,50.359352,93.072159
183.048035,59.165241,50.377232,93.269867
181.085785,58.856220,50.324066,91.770599
182.892410,55.610020,50.670559,94.769020
182.277359,55.960361,50.806767,94.817215
179.966965,56.496460,50.741749,94.108849
177.716980,58.605503,50.884666,93.718895
175.544312,58.705494,50.933422,93.781952
174.152985,59.284027,50.669888,94.036736
172.441055,55.618267,50.578655,95.643997
170.187607,55.096786,50.744194,97.618820
169.006760,56.109467,49.720116,96.658844
169.258194,55.630569,49.837345,96.976845
166.583984,56.412189,49.844624,95.757050
165.279709,55.657402,49.892811,95.402863
164.041534,53.695419,49.833408,95.449966
158.285995,53.297085,50.031857,97.485023
154.006775,49.117561,50.654305,97.977386
153.731247,49.380230,51.013210,96.825340
153.301849,52.894588,51.887852,94.801476
153.302338,56.802448,51.547558,93.858452
154.185318,59.249496,51.287594,92.756805
155.228790,63.939003,50.595390,90.638199
155.527374,64.612167,50.778702,90.414795
154.328110,66.511642,49.864414,89.282898
154.244629,67.617500,49.958485,88.532417
154.428192,68.716042,49.967472,87.308296
154.957245,67.679016,49.190910,86.762222
155.329819,67.244568,49.289486,85.825089
157.325439,66.613213,48.630817,85.509911
158.113266,66.732132,48.018883,85.858505
159.591797,67.329132,47.815727,84.902115
166.269516,67.554871,48.486691,84.878510
168.095840,67.256683,48.555088,86.983894
172.218521,69.364929,47.998798,87.204872
173.744415,69.205223,48.124393,87.272690
175.002838,74.615738,49.047161,82.496269
174.462799,73.659134,47.878540,83.425232
174.902802,73.909111,47.253746,83.787048
177.424438,73.641220,47.204224,83.265594
180.946213,74.846626,46.825634,82.807732
185.215851,74.888176,47.188972,84.837189
186.787308,74.774101,48.144203,83.932762
186.908493,74.950409,48.465263,81.570114
187.646912,72.380547,47.609547,82.032219
187.603516,72.634087,47.973373,81.312935
188.190308,72.384064,48.326607,81.017532
188.093658,75.782738,48.971344,79.718964
189.302353,79.952652,49.292381,77.658218
191.562164,80.724632,48.917999,78.188927
191.598587,80.929955,48.958496,78.414330
191.738770,80.294083,48.313114,78.940926
191.205566,79.783951,47.600605,77.464760
185.619888,78.732124,48.897911,75.173271
183.254364,79.451485,48.372704,73.214287
181.923355,77.908531,48.059090,71.011375
180.886810,75.328056,47.344872,70.931122
179.505997,74.018150,46.364258,70.955185
175.498383,71.914604,47.948952,70.886543
171.606415,73.258453,47.510799,71.416695
168.248886,73.010895,47.478733,71.296143
163.842377,71.548912,47.361488,72.318413
163.432053,71.319366,46.701332,72.654327
161.278107,71.152962,45.372482,73.089302
161.364655,71.425903,44.903793,73.286621
161.530411,70.185074,44.895313,73.974014
161.540771,69.654556,44.871784,74.325241
161.928467,71.876526,44.337540,72.628586
162.036652,73.612984,44.032280,72.636581
162.708344,74.126099,44.188454,73.050232
165.029739,77.782883,43.775494,69.899162
169.184067,82.471794,43.598843,68.575340
167.671173,82.732353,44.668591,69.530426
168.827744,83.545853,44.548935,68.611031
174.569107,85.096107,44.099743,66.879494
175.870743,83.540390,44.093895,67.407990
179.338608,84.684151,43.211971,66.207848
182.240967,84.979683,44.210915,65.876480
183.177811,82.605499,44.550968,67.121353
183.524734,81.315002,45.228333,68.575760
185.579926,79.907692,45.938015,70.215492
185.795593,79.915215,45.703915,70.880386
186.109070,79.933739,46.165066,70.987312
185.355545,81.400581,45.358288,68.414581
186.828598,82.221130,45.637180,69.659851
186.037766,83.532524,46.235615,69.131927
186.713303,85.164001,45.321117,69.579445
182.223801,86.237854,45.508793,69.878120
180.684891,85.828835,46.385548,70.072342
180.570282,86.007790,46.669121,70.670952
179.980392,85.759186,47.255680,70.644836
179.912460,85.090988,47.380520,71.059669
180.664810,83.916878,47.972145,71.163269
180.549026,81.954720,46.776325,72.308243
178.319611,79.775253,47.245735,72.231407
175.231094,80.369110,46.416744,71.974831
173.305634,80.493851,45.761368,72.496674
172.115677,80.894348,46.022457,71.258553
169.068344,80.379044,45.153790,72.972664
167.429733,84.167587,45.753674,71.379890
164.528366,82.821907,46.672977,70.593315
158.126801,81.961731,47.683758,67.169006
155.832870,78.167007,45.118263,66.645752
155.098892,76.381096,44.710442,67.214821
155.810730,76.470901,43.458889,67.117432
155.050354,76.228249,43.198242,67.365036
155.830765,76.401573,42.186867,69.660988
158.811554,78.699097,42.495537,68.815659
162.030319,82.637878,42.457626,68.176529
162.089859,87.083290,44.439751,66.910606
162.840515,86.891418,44.166405,67.423592
164.867310,91.249977,43.803181,67.903969
167.525894,91.822495,46.178131,67.414391
169.800690,92.027824,46.025372,66.969269
173.084061,92.506004,45.178581,67.853844
176.660843,92.865120,44.798412,66.426582
177.652252,92.919792,45.108982,68.479050
182.699005,91.678970,45.180061,69.017387
190.430252,89.697380,45.549217,66.513321
189.057404,83.002007,47.473480,72.537842
192.089828,81.650154,51.718464,71.881233
194.323441,80.162331,48.319637,72.676506
197.655212,82.027260,48.858364,70.798836
204.033173,83.231056,49.034298,70.450417
207.009491,81.920929,50.169083,69.308823
209.805862,81.540443,50.410645,69.173828
212.440369,83.534737,50.623642,68.138863
214.592667,84.296837,49.914089,65.957642
214.988922,83.843010,50.757183,63.513725
216.064240,84.802879,49.257236,63.720150
216.136856,84.010483,49.942589,63.897984
215.925919,81.638275,47.250370,63.747108
215.192993,82.103981,46.621857,63.618523
216.100540,82.424431,46.058487,63.246334
216.413086,82.743179,45.804722,63.240677
214.522308,79.615364,44.203041,65.661270
214.463058,77.323875,43.714806,65.867752
215.125717,73.536781,40.949390,69.526955
211.582596,62.571293,41.437359,78.307884
208.618073,61.283730,42.371010,78.741409
206.907684,63.767143,43.574421,78.086754
207.377548,66.146309,42.673595,80.752243
207.318283,69.845840,43.374783,78.519722
204.380966,77.252083,43.703232,74.780113
203.996674,78.132027,43.624825,74.644287
203.730392,78.286316,43.731777,75.011909
198.898453,77.563026,46.390251,74.843849
197.946274,69.907227,45.996098,77.891281
198.359726,68.328743,46.473572,77.185471
196.686203,69.030136,47.657063,77.011284
199.101791,70.933617,47.726116,76.166443
200.703568,72.076881,47.547314,76.261833
203.908951,73.214104,47.784435,75.862236
205.837646,76.026855,46.895367,75.815483
205.649872,75.363724,46.881321,75.979752
205.366425,75.056488,47.146320,75.476433
207.759476,72.850517,45.661381,75.492172
211.627457,72.170822,47.363586,71.691917
212.716385,75.945984,46.812626,69.817825
213.840744,75.146942,46.168598,69.812927
221.438187,78.743492,46.580544,67.025002
223.285324,73.805969,47.917690,67.949142
225.448029,75.567986,51.630283,68.279976
231.691483,78.449814,50.601692,68.688431
233.023727,90.026497,51.976181,66.419373
233.274658,95.124390,49.731987,66.689651
233.596863,96.453896,48.854996,65.974915
231.612701,90.101753,47.959087,71.228706
230.965240,91.654678,45.981689,69.301094
230.957306,97.077827,46.517548,65.614052
234.251022,100.145035,48.225708,63.224854
234.668259,102.738960,54.081135,58.867596
233.217545,98.863091,53.425491,60.481289
233.154297,100.396439,54.010124,55.885544
232.232162,96.345985,53.187843,56.491711
231.794678,96.321968,53.221745,56.840809
228.902191,94.899521,52.185577,60.081059
227.715210,95.708557,51.499493,60.497532
222.924454,94.943184,50.738205,62.006527
219.871979,99.268188,51.772331,62.929199
215.198883,98.754204,54.982430,62.503616
213.632950,99.066719,54.937145,62.481041
210.180756,99.294052,54.579437,60.266720
212.491699,91.222000,54.302219,60.486847
213.641083,82.286201,52.271080,62.579689
220.148895,74.606247,52.125866,63.273518
227.453476,72.818214,52.845486,63.776405
228.679916,75.790604,53.425285,64.298965
235.205063,77.990700,54.109371,65.962105
239.173904,79.914665,51.787098,69.394112
240.070786,81.747627,58.825275,67.618393
247.635696,92.234955,56.532539,68.767647
250.932755,92.595581,57.397022,70.599922
252.318665,86.460579,57.420486,70.172646
252.395126,80.520821,57.089245,70.189407
260.888092,76.323959,54.365105,71.776573
263.074646,74.983360,56.925362,67.004707
265.833740,60.171352,54.166275,74.278465
267.464478,59.847878,52.535534,73.869011
267.921814,60.698772,52.078171,74.109215
269.840302,65.885117,50.159706,73.032211
267.262024,68.916267,51.449684,76.613380
263.945831,66.235382,54.384804,79.777809
262.721985,68.223709,54.858524,74.489265
263.852936,66.857552,52.900375,74.062637
263.404877,66.379845,53.076591,73.423279
262.744141,67.163048,53.876850,69.972229
265.106445,68.202438,53.663605,67.046402
264.982880,65.973961,53.922329,68.853325
265.059906,66.156036,53.939102,68.848953
265.080170,65.282227,53.954067,69.470764
263.938263,67.320381,54.212620,68.183769
264.722809,69.685539,54.969593,68.444992
264.531738,71.379044,55.277908,67.635429
263.737732,70.991745,53.295689,68.553955
262.359985,71.059898,53.135113,69.043358
260.819702,71.135300,54.488186,67.719360
262.107697,69.647682,54.673851,68.171165
263.990814,72.132347,53.462788,68.358818
263.664886,71.642677,53.908924,70.340279
263.420715,71.567276,54.063419,70.599411
260.507568,71.572617,54.345047,71.653862
254.767319,74.925690,53.874123,72.915901
247.550049,73.501945,57.361389,72.658577
239.357101,72.265869,58.083271,73.775459
231.206711,69.617447,59.458767,74.572441
219.523026,65.416679,60.240574,76.891075
215.522278,65.980232,60.933853,75.154610
208.970978,62.372604,59.837593,77.281792
206.714218,61.481815,59.887066,76.836357
207.246140,61.887157,59.375877,77.208427
206.656189,61.329487,57.667469,76.912262
205.627686,66.908302,57.252441,77.615143
199.878738,70.605164,57.031277,77.584305
199.355087,71.881439,56.492344,76.310699
195.690231,73.574921,55.504379,76.066887
188.718552,68.465271,55.885540,78.670944
184.570053,63.154804,56.049877,77.438980
182.889587,68.156723,53.945847,75.243797
171.525558,65.333519,55.964645,76.014763
161.841629,57.076351,55.877907,79.184784
155.117355,58.019756,56.341602,74.772705
147.801376,55.558903,53.471756,74.669014
143.162140,52.565605,53.141735,72.877068
141.043869,51.269997,52.057362,72.951988
135.224548,53.792233,51.608109,71.639099
132.774857,55.082657,53.295456,69.870575
128.821274,56.736412,55.072269,67.121506
129.633621,57.476620,55.365192,67.454681
131.753906,62.426865,53.503513,67.402824
130.307236,64.194916,52.627602,67.067719
128.833221,59.723980,52.111748,67.282661
132.324402,60.572628,53.001797,66.333412
133.173553,60.544064,53.277657,66.458084
139.663513,58.160969,51.776421,69.397743
139.315903,65.243057,51.393135,67.746346
140.961029,67.406174,51.879917,66.672607
145.161240,68.724350,49.238792,67.046143
151.321213,67.499557,46.667271,70.517395
154.543610,68.151367,50.272099,69.297508
160.114914,66.377678,48.949627,72.514091
165.939301,75.142563,46.715446,73.167709
166.764999,75.548805,46.642540,73.294151
166.865128,69.918991,46.938831,74.584946
166.726608,61.716389,49.042896,73.766403
167.579697,57.807636,49.539558,71.639366
169.235382,53.223015,49.439396,71.912857
169.722046,42.189548,49.305515,74.923355
169.321671,37.961056,49.277905,76.188324
170.040710,44.060997,49.446499,76.541718
169.327057,54.724800,53.926571,75.260002
168.683731,57.316139,59.470428,76.349709
173.374359,66.910118,56.021942,75.904205
182.279968,69.869347,56.262718,79.093719
187.480377,73.841881,59.239052,78.155167
195.172775,74.641159,57.792164,79.694557
191.959686,76.622612,62.664223,81.161804
194.125626,75.442993,66.040771,80.870514
198.813782,80.414413,65.928490,80.769379
199.325287,80.522835,66.220428,81.253632
199.712418,81.647408,66.336990,81.642021
198.717087,83.363594,66.130493,82.142479
192.993744,85.569794,63.910919,85.574455
190.635269,84.958839,62.940281,86.189598
191.894882,81.086311,63.405468,86.824875
187.145493,71.598557,64.290283,88.188690
182.142929,67.587029,66.050262,89.144371
177.520508,61.591969,66.579475,91.677399
171.361069,57.881859,65.741028,92.735603
172.504791,57.539665,62.611904,94.189362
171.688782,68.634422,60.535099,92.115555
167.779068,67.875031,59.539726,91.835426
166.446259,67.142754,57.513241,91.887230
166.363159,70.532761,57.617085,87.755936
168.920090,77.691734,54.267715,85.826035
165.508835,79.252808,52.336922,84.294914
167.258179,80.065262,50.915443,82.851990
166.272034,82.468987,51.049469,80.015831
166.675903,81.808487,51.465813,76.763840
166.146530,75.181908,51.615356,77.106827
165.982468,74.353424,51.269367,76.094276
165.076859,76.158913,52.745457,70.665176
162.731491,76.408775,52.938484,68.511955
167.983398,75.345329,49.460442,70.578629
170.467087,71.261543,48.391438,70.968323
172.812347,72.955017,48.992252,69.201721
183.025421,77.705864,49.274387,66.902580
187.659378,86.093315,48.921936,63.755997
192.577789,90.734406,47.115578,60.900345
198.679886,95.174492,46.245586,59.078690
205.785980,98.025757,45.316364,58.312489
209.345856,99.247314,46.042278,56.332394
210.296677,98.438576,45.771805,56.542133
212.969208,98.211113,46.282032,53.949451
216.168243,95.063774,44.513672,54.255295
212.014130,90.719902,45.607094,53.652622
207.332504,87.320724,44.440659,53.637749
207.279678,86.978600,44.521168,54.142662
205.724731,84.380936,45.380482,54.092079
206.899689,88.030334,46.013802,52.287037
205.489197,87.638939,44.636311,53.702904
205.758362,90.027176,45.378132,53.042259
204.393829,91.310638,45.441769,52.707302
201.417282,93.229332,45.757729,51.232082
200.341278,93.035439,45.608215,51.946472
197.620529,93.240593,45.524693,51.851421
191.474503,92.222603,45.358036,52.026028
190.156342,87.550980,44.603561,53.618191
188.672195,83.707001,44.507076,53.709579
188.923645,83.644028,44.928864,53.670731
189.926880,79.350014,43.029411,55.547264
190.218109,78.784393,43.526009,56.984505
191.016541,82.918564,43.287239,55.572701
192.080002,89.587700,43.911430,54.504250
192.115326,91.179054,43.843719,53.630245
192.833527,92.775253,42.926971,53.771305
192.853256,92.139732,42.941696,53.256760
192.873901,92.999443,42.857800,53.498756
192.732758,92.622314,43.116558,53.467964
193.949326,88.816696,43.139565,53.947254
196.689117,84.973770,43.256020,52.813805
195.190506,80.926117,43.198143,57.533997
194.839828,78.204872,43.392467,57.566147
195.845734,77.892410,44.298687,57.827305
198.882523,77.741760,44.216499,58.873177
206.364456,79.613457,44.309711,59.460423
208.582047,85.903435,46.457485,59.486851
211.863861,90.339546,45.331005,59.974674
212.500229,91.116623,45.615524,58.925682
211.380310,90.220078,45.855560,58.803848
211.824051,93.718292,45.580666,58.518677
211.362381,93.410187,46.400444,57.687176
204.433212,93.361267,45.772213,56.868168
196.203949,92.321701,46.855541,55.771671
190.658600,89.492020,46.280537,56.571621
187.437561,85.005226,46.302429,57.484676
186.637360,85.788605,46.291580,56.711857
186.119415,85.980225,47.041973,56.327122
185.372849,86.159325,47.847588,56.230053
185.536987,83.725815,52.748306,58.579201
189.844528,85.970802,53.684433,58.356823
193.751724,86.778252,53.353565,58.856831
196.903366,85.690102,52.695511,60.005184
200.317841,81.999863,53.286316,60.566727
200.943329,82.025291,54.038784,60.861919
199.934814,78.296165,52.489784,64.332970
194.340805,77.290871,51.840794,64.929718
193.339127,77.296646,49.136513,63.201263
192.120300,77.280769,48.744209,63.281227
185.612656,75.245529,48.589787,64.736252
183.383179,74.233017,49.031284,64.549416
184.198257,81.072906,49.949398,60.534313
180.365921,80.661339,49.377193,60.965130
176.043610,80.447433,49.038345,60.068802
172.719299,85.617844,48.451355,60.774330
170.550903,78.188034,48.367252,61.244919
166.742874,76.158257,47.728912,61.914253
165.199295,73.648689,47.336246,61.311272
167.225769,73.329102,44.251884,60.536739
167.982910,70.713852,43.634689,58.827900
170.682236,63.226891,42.942375,59.487762
175.615036,61.250805,41.146790,60.047760
178.415588,64.773056,39.974758,60.859756
178.643845,64.998581,40.047264,61.148762
179.020157,65.323006,41.384998,61.751389
177.937729,65.298836,43.211624,62.867554
173.947403,68.101364,42.609470,61.265953
167.883881,67.411682,41.510586,62.077778
160.607697,67.907669,40.960915,62.639580
152.470581,66.137413,41.287758,62.404179
146.494324,66.938713,41.229656,58.950085
141.714081,59.591904,40.816311,59.841000
137.524796,56.582260,39.339149,58.991722
136.311279,53.536808,40.038673,58.336426
134.533356,52.223583,40.811741,57.814220
134.991989,52.388054,40.747532,57.321102
137.701813,55.968777,40.428822,56.001335
138.522964,59.451160,39.172012,55.354408
139.254272,60.130806,39.122135,54.682495
143.339722,61.823826,38.426228,54.059811
150.142639,64.471619,39.963570,52.497616
152.513672,65.390701,39.074596,51.996357
153.210480,63.886311,38.627647,51.787899
155.171906,62.657681,40.139606,53.301880
155.441803,61.823078,40.342438,53.719307
156.839035,63.279892,40.586788,54.482517
157.402664,63.223137,40.956268,54.388977
160.180435,63.331196,45.118999,53.836166
159.909149,62.638508,45.197815,54.257362
160.973709,67.005272,45.163971,55.043350
163.258621,75.150566,45.731705,53.644077
164.589920,74.959877,45.200878,54.059193
165.701401,70.085838,45.611755,53.688629
171.959610,74.163803,45.490246,54.005157
171.367844,70.768730,46.416199,53.732426
171.602203,70.031113,45.318592,54.045914
171.922195,68.728081,46.068188,53.840504
168.038193,64.398048,46.973801,52.991997
166.933731,63.328587,46.353756,52.969707
166.523254,64.664429,45.936729,52.891960
165.300430,68.216339,45.010490,52.956371
162.615234,63.287277,45.826710,53.019253
163.095703,64.130981,44.988049,53.885872
163.127975,64.466652,44.817879,54.066887
163.647980,61.665276,45.114079,53.875294
168.333969,62.345543,45.138760,54.443161
176.823410,59.914597,43.603477,54.435780
180.438629,62.854568,41.377701,55.978596
187.810669,40.207951,43.606564,57.041763
188.072662,53.557064,42.261795,61.360989
193.843536,60.210308,41.576450,60.855587
196.011734,59.941807,41.184559,60.335171
192.058060,58.080753,41.365185,62.233913
188.912827,59.845551,41.808258,61.463593
183.376892,58.866058,41.634289,61.783062
184.385193,58.327126,41.190308,61.665833
188.907990,52.398525,38.797718,66.272728
188.019775,54.106365,40.776051,63.608669
193.471054,49.597878,40.045750,66.441284
192.664032,44.115223,41.536724,66.227547
200.916748,44.836658,41.025349,68.510124
200.449768,46.052467,41.062313,69.050896
196.832184,57.724590,42.384537,68.747086
195.922058,61.505482,41.970184,70.212326
184.440811,71.910851,44.656456,68.597702
172.383926,79.057137,46.481979,68.937523
162.782745,79.518135,46.001476,67.371246
153.213364,79.764359,47.084969,63.668987
145.079330,73.905853,47.110703,63.450756
141.097519,66.756767,45.549278,62.709599
136.773178,63.292549,47.184879,61.006615
135.908310,61.021862,46.196651,59.441845
137.556503,59.180653,46.016830,59.772614
136.659897,66.174774,46.333912,57.267223
141.236664,69.347221,45.184910,56.290730
142.295822,69.692780,45.333996,57.642067
142.575256,78.841248,44.694302,57.223267
140.885696,90.592865,43.984600,55.083778
140.801254,90.612091,43.792652,55.310230
146.309204,83.739487,44.278294,58.643921
148.047379,74.376045,44.348991,59.031799
149.883270,70.709007,44.654037,58.231506
156.007767,71.235085,44.808556,58.007214
156.101654,67.659424,44.608845,58.823151
156.896454,63.742485,46.665649,60.105728
157.615387,68.722115,47.466457,60.219330
154.746628,71.506050,47.351952,62.263817
151.203568,71.802567,47.758736,62.115334
152.768433,73.673958,46.216000,63.642754
150.153992,74.090340,46.858532,63.946915
142.392609,73.426971,48.402290,63.364765
139.676682,71.420425,48.894058,63.186329
135.013885,68.602760,50.505447,65.091034
130.818283,65.597939,52.241081,63.867630
131.922012,60.616711,50.540581,64.762238
133.698196,57.137016,51.437405,65.108749
138.420486,53.726612,50.281742,66.106636
137.293106,52.939587,50.281670,67.994461
139.018982,51.650833,48.860764,70.994423
140.148468,52.080719,47.980404,70.615433
140.210297,60.176147,47.491844,71.874435
140.009109,60.499214,47.570293,73.737701
138.896500,61.187897,47.696316,73.679832
138.169037,58.763477,47.431274,73.357254
139.157852,60.802078,47.122967,72.727547
139.860168,61.768688,47.223957,72.652466
143.850327,57.634022,46.901012,74.808739
147.387100,54.003002,45.797531,77.941933
152.739014,61.166718,46.216286,77.034706
158.674896,62.537663,46.198364,77.373741
166.004807,63.200531,45.719616,77.440384
170.785690,62.687328,46.705273,77.767494
175.678680,68.184837,47.160397,78.247581
182.124954,70.227165,45.863464,80.558266
