1
144.994400,65.620239,65.282417,78.259979
144.718292,58.581791,63.339489,82.868385
145.413925,54.597313,61.908382,88.114746
149.342163,54.404758,60.982723,93.523827
151.647278,50.370888,60.771816,96.267838
152.612625,47.760715,61.580292,99.683678
156.559662,48.666561,60.482681,100.715271
157.494812,49.547600,60.203056,101.549294
159.184784,47.852760,63.960796,105.293327
159.738007,44.727310,63.501720,106.098000
159.606583,45.186378,64.493324,108.233658
160.388077,46.032059,64.027687,108.616531
160.710098,47.163441,64.376373,107.812408
164.978577,51.169411,62.582542,106.185059
169.814255,52.321045,62.183792,106.516991
172.970398,54.665550,59.472977,105.984169
175.650284,56.856850,59.118698,104.718208
180.277252,54.962296,60.148476,105.528236
183.030991,52.902451,60.679131,104.889839
183.835983,49.774849,61.043034,105.810394
185.254974,47.553638,61.773907,105.903603
187.491394,46.917049,62.069317,105.468025
187.721771,46.964012,62.524670,105.414444
189.979538,50.115292,63.099682,101.686363
191.060135,52.224777,64.281967,101.103508
192.105988,58.086205,60.907326,96.397850
191.647583,58.402828,59.859074,96.389679
191.060242,59.084808,59.903561,95.986229
188.468353,59.250366,59.794430,95.722839
184.491730,59.577923,60.082005,95.351387
178.807190,58.032654,62.011250,93.824776
176.685333,57.370090,61.889359,93.634430
172.179413,55.608456,63.603073,94.119408
165.952316,56.407032,65.163773,92.589195
161.371948,58.798485,63.120728,90.123367
159.656479,60.584145,61.382500,86.831223
158.096497,59.473957,59.959740,87.058922
152.912521,58.440559,59.762035,87.253517
151.625549,57.669010,59.204536,87.469559
150.878387,58.782341,58.979538,87.560745
150.809036,59.476208,58.708176,87.798447
151.041504,59.939972,58.884266,87.938347
147.960327,61.942013,59.820827,86.999161
147.697144,61.604477,60.071980,88.062141
146.847305,62.463768,57.758316,88.712524
145.031479,62.861111,57.907047,87.886292
142.940491,62.133774,57.238838,87.772240
145.024200,64.334946,54.592731,88.253082
145.741409,64.917473,54.707272,87.894020
144.878159,64.157928,51.634602,87.912865
145.425232,64.233223,51.837593,87.090187
146.371017,63.474541,52.592327,86.918602
147.487778,64.399582,51.173367,85.577782
150.077454,65.635635,50.214512,84.865639
153.128723,69.804031,48.687782,83.723717
151.779770,72.880959,48.745430,83.235748
151.859833,75.415642,48.517014,82.404732
152.500214,76.731438,48.855972,81.578659
152.604492,76.967453,48.876431,81.822472
152.943817,76.430176,48.922966,82.088676
155.855789,75.787354,47.213612,82.705307
157.804184,72.447960,48.104927,81.936348
162.767883,65.764496,48.416340,81.995193
164.145065,60.875896,48.940857,83.955475
167.028503,57.799557,49.665348,85.153908
170.692230,54.227798,49.913055,88.821381
172.890121,54.227989,50.317501,91.658997
172.952499,54.494823,50.459522,91.981140
177.423370,57.490032,49.418888,92.020538
177.489838,57.279228,49.674797,93.225433
181.294479,58.340340,49.202660,98.039757
181.477066,57.622971,49.679947,99.330589
181.646439,57.727249,49.911854,99.391960
182.186432,57.963985,49.626648,99.063400
183.016403,58.020618,49.799973,99.255409
183.001099,56.899048,49.932858,99.028687
181.396469,56.720547,49.702915,97.293228
182.790054,54.585827,50.001118,98.053360
182.370453,55.154762,50.279259,98.027618
178.374771,55.124691,51.265598,97.397545
177.298080,57.622799,50.865192,96.745331
175.588226,57.851364,50.974262,96.198845
173.294403,58.835789,50.834961,96.588463
172.182022,54.719456,50.695641,97.994766
170.242218,54.516197,50.970726,99.391724
169.011154,54.842331,50.243931,98.470810
169.172333,53.668056,50.467064,98.678467
167.128387,54.003944,50.303696,98.495064
165.104050,53.093246,50.554008,97.846458
162.890839,51.416740,50.753437,97.440605
157.796783,50.745701,51.124565,99.044930
153.442307,48.564926,51.228691,98.936974
153.167435,48.188416,51.617508,97.271179
152.583908,50.249321,52.359222,96.508476
153.313507,57.719501,51.080193,94.739105
153.714783,60.758724,51.468487,93.962990
154.362656,65.489265,50.402721,91.095734
154.229111,66.738197,50.016914,89.527885
152.501999,68.293732,50.322632,88.289772
152.579727,68.221756,50.297016,88.221420
153.216553,69.129227,50.265556,87.378990
153.949432,67.560295,50.026791,86.790482
154.465912,67.384422,50.427284,86.532021
156.672867,67.260300,49.996292,85.642250
157.537506,68.802788,48.892788,84.300209
160.371658,68.747154,47.768711,83.951126
165.660736,69.459167,48.686943,83.032562
167.629211,69.774628,48.640530,83.977707
170.542145,71.494347,48.008339,84.319962
173.384109,72.336868,48.574066,84.442413
173.734268,75.891693,49.040318,79.518806
174.781021,73.235542,47.125324,82.713509
175.064835,73.389091,47.264660,83.136337
177.372559,74.580879,47.149742,81.754723
181.267731,75.535889,46.825172,81.441330
185.525803,75.039185,47.476704,83.828224
187.288635,75.099709,47.906567,82.855873
187.489853,75.655067,47.785324,80.688942
187.733307,73.716148,47.638107,80.551903
187.728333,72.901466,47.887657,80.261856
188.468628,72.802483,48.365269,79.728851
188.970352,76.393974,48.827053,79.096481
189.042908,77.672607,49.040352,78.720497
191.487930,80.955658,48.694515,78.030495
191.636078,81.240196,48.958496,78.414330
192.027176,80.824173,48.618347,78.675682
191.508530,80.524963,48.765652,78.327583
185.261932,80.639801,48.958031,75.200005
184.848755,79.796928,47.580807,73.631348
182.690186,76.953987,47.110855,71.178429
180.886917,75.096741,46.385231,70.457939
178.488510,73.692879,45.788265,70.908913
175.773590,72.293152,47.246536,70.636147
172.037491,74.219666,46.292950,71.283165
168.672348,74.857277,46.485397,70.736633
163.388809,72.627777,47.164524,72.689407
163.201538,72.621254,47.282818,72.943092
160.555115,72.121185,46.337891,72.275307
160.723877,72.175758,45.930161,72.494957
160.848251,70.005898,46.182343,72.623253
160.979156,70.047050,46.406868,73.021957
161.372025,72.638298,45.839897,72.447365
161.716690,74.151421,44.443069,72.374649
163.375977,75.025230,44.052608,71.927704
165.139923,79.162552,43.044746,68.933990
169.105560,82.595604,43.422325,68.612648
168.008789,82.237976,44.801052,69.418076
169.023758,82.654793,44.653065,68.373665
174.380234,84.414032,44.385052,66.353966
175.677475,82.605492,44.101532,67.489830
178.198334,82.933548,44.221317,66.411873
182.032623,84.458069,45.915955,64.573540
183.696838,83.020020,44.209553,65.783127
183.801880,81.460678,44.700752,67.221481
185.630844,80.640038,44.871712,68.103348
185.651917,80.871529,45.189926,68.643150
185.915268,81.446861,45.382236,68.817337
185.730667,80.648415,44.509762,69.206993
187.457916,81.480766,44.939545,69.754814
186.298065,84.272911,45.396858,68.355377
187.351303,85.784782,43.251423,70.255768
183.396088,86.306015,43.521885,70.697968
182.197327,86.569641,44.615742,70.535362
182.205551,86.316383,45.086990,70.625557
179.917862,86.182487,46.767956,70.533379
180.019989,85.747643,47.030342,71.000725
181.495041,83.842331,47.196442,70.870956
181.082596,81.158501,46.170097,72.223511
178.174026,78.295113,47.370293,72.569107
175.398285,78.565300,46.022820,72.799843
174.035889,78.695709,46.086975,73.043243
172.718704,79.460411,46.483253,72.562973
170.049500,79.142365,44.861282,73.886261
167.894348,84.006020,45.728283,70.930077
164.142517,83.869934,46.607700,69.160965
157.980362,81.170174,48.072388,67.845772
155.893585,77.785812,45.919533,67.018555
154.987625,75.834328,44.632755,67.457283
155.738312,75.802895,43.458889,67.117432
154.977921,75.560249,43.198242,67.365036
155.685684,76.861946,42.656235,68.133965
158.418808,79.507515,42.859306,67.114563
162.317398,83.589905,42.565498,67.313919
161.233932,88.104805,44.813251,65.494064
162.627930,88.038155,44.181255,66.118423
164.623123,91.660408,43.812622,67.737099
167.276993,92.316368,46.178131,67.414391
169.551788,92.521698,46.025372,66.969269
173.044220,93.318542,45.196789,67.692520
177.153015,93.196159,44.486473,66.301270
178.943222,93.785927,44.250656,67.427132
184.153137,90.376656,44.181664,71.381676
191.170242,89.748566,44.224754,68.061378
189.215271,82.598091,46.319023,73.386024
192.160400,81.159813,50.761532,71.396133
195.440048,79.997414,48.678593,71.655838
198.278625,80.832626,49.611111,70.503609
203.589249,81.632248,49.705460,70.312309
205.981476,79.075996,51.610962,70.865967
209.867584,82.459854,51.429565,69.290497
215.005463,83.316437,50.536362,67.872070
216.778137,83.966621,49.156258,66.410721
216.868530,85.356506,49.646088,63.132748
217.450806,86.113754,48.981636,63.317837
216.825760,85.686378,49.131760,63.370361
216.005692,85.037811,46.921215,62.872631
214.856277,85.319481,45.722252,62.726326
216.562729,84.749374,44.196842,63.248680
216.600586,85.324829,44.516403,62.603409
214.431625,82.945824,44.268047,63.594120
213.724930,81.288391,44.000748,64.031769
213.643646,77.316895,42.085819,69.062981
211.172424,70.477997,43.793152,73.903793
207.420212,69.561096,45.308758,74.220009
204.485138,69.433441,46.289349,73.905304
204.112701,70.207497,46.343662,72.737900
204.522110,71.787491,46.459438,72.168396
202.511475,79.073051,48.234261,69.073471
201.796249,81.488815,46.487801,68.349121
203.307434,81.151283,45.319698,68.365883
198.126465,79.904228,48.320950,67.253098
198.762497,72.857605,47.798656,70.014000
198.499435,70.367607,48.100143,71.180367
198.254669,70.380516,48.631607,71.515930
198.611389,70.906387,48.989258,71.946342
199.680725,73.079758,49.135159,72.924583
201.575378,72.467735,50.038887,73.381889
202.424362,73.028587,49.715508,73.809738
203.015808,72.997208,49.605442,74.074768
204.482742,73.297302,49.900352,74.606560
207.357300,71.661499,48.212639,75.482368
211.087601,69.719627,49.592194,74.355499
211.813797,71.050163,49.477531,73.927666
215.053482,71.988510,48.200661,75.009964
220.693588,76.035782,48.845043,72.628822
224.167526,70.871078,47.600563,75.809273
225.743958,73.432037,50.711315,76.689850
230.427277,77.545166,49.661697,74.426170
234.678131,86.476166,49.364849,71.782112
234.989380,93.913773,48.098995,70.349678
234.498474,95.919380,47.993843,67.687126
232.514755,91.086845,47.485226,70.822754
231.944550,92.596680,45.621769,67.837692
231.568909,94.084373,45.485435,66.961205
231.790894,96.658829,46.991821,65.223679
234.891586,102.879326,51.583847,58.861088
233.591141,99.769135,50.639229,59.811535
233.560349,99.813049,51.132530,58.905884
232.185806,94.461205,50.256344,59.511448
231.612076,94.955040,49.826195,60.969917
230.053955,94.745087,49.741814,61.620663
228.942551,96.894356,49.249638,61.998581
224.054611,95.016830,48.867077,63.602531
222.630463,98.227356,49.124462,63.488174
219.726379,97.753471,50.586594,63.162369
216.889343,97.759888,51.151646,62.838413
213.554291,95.107727,51.762688,61.991760
213.724701,85.372894,51.145039,62.808315
217.476715,76.460091,51.441513,63.589245
223.161560,75.725693,51.327652,59.234550
228.029709,75.499588,51.766823,59.345623
230.163879,79.987656,51.702003,59.825157
235.491455,85.416298,50.712803,60.686466
240.341721,89.539215,49.150688,62.188759
244.126251,92.130264,52.907169,61.569752
248.543213,97.612839,52.112740,62.573231
254.451431,88.875572,54.613335,70.848740
255.768768,87.377235,54.592194,70.138115
256.152832,86.461258,54.791801,69.375954
263.206879,83.890770,52.453716,68.604004
266.830383,85.275436,52.149590,63.618809
266.638489,72.886703,53.361500,67.667297
267.691162,72.280510,52.308846,66.712212
269.631104,68.916893,50.368893,70.139297
269.653717,75.731400,49.726162,67.737617
268.603729,77.142288,49.704178,67.941231
267.157928,74.216202,50.663788,70.659142
266.645508,73.639549,50.960472,71.491676
266.190369,72.296944,50.847572,71.645126
265.159149,72.065018,51.343498,70.780441
264.126831,71.840958,51.904774,70.134872
264.612793,71.583443,51.865597,69.983269
264.089539,71.087563,52.020100,70.061897
264.165527,71.105606,52.461681,70.456070
264.274811,71.155602,52.421154,70.356583
263.225647,70.869141,52.171684,70.021606
264.295563,73.475571,52.892704,69.763000
263.126251,72.556648,53.899818,69.942520
261.952087,73.371109,53.971447,68.125336
260.301758,71.492493,53.971478,67.812012
259.510559,71.813828,54.314342,66.004997
261.148621,69.735420,54.182224,66.815079
263.179260,73.464897,53.082779,66.516747
263.056396,74.446701,54.325729,66.428192
262.997375,74.150986,54.992428,66.756706
260.594727,78.355820,54.235802,66.803429
254.187271,77.606453,53.574757,67.956619
246.543671,76.804420,57.916126,67.975670
238.961777,72.284416,58.466965,70.113663
230.458878,68.572418,59.204388,71.566994
219.223938,66.490845,60.783558,73.721420
215.757248,68.122902,60.388527,72.611496
208.925308,65.275993,61.308548,72.844696
206.863739,65.639389,60.242542,72.741409
207.981522,64.789177,58.209511,74.463547
206.285538,64.233742,58.282093,72.871735
204.693161,66.996460,58.111012,72.921570
199.998276,72.820343,56.974495,73.171951
197.558670,71.269775,56.759480,72.837654
196.098984,76.226051,55.384678,72.901031
189.814270,73.425262,54.878441,72.959839
187.526779,70.747757,54.408520,72.597885
183.186523,70.186363,53.050823,72.784027
170.989182,65.883064,55.864433,73.695633
161.350800,60.232857,55.762424,75.708191
154.282089,61.688831,55.665424,71.403000
146.634949,58.544334,53.355217,73.078041
142.498840,55.537449,53.873444,69.641296
139.750549,52.115059,52.663151,70.424034
133.910568,51.812801,53.330807,68.784172
131.640106,52.316082,54.070129,67.782867
126.522346,56.474075,61.258057,66.050041
127.015022,55.082897,61.104542,66.509529
130.258636,60.443813,56.565258,71.339981
129.163696,60.787403,56.486290,71.165901
128.247345,60.515820,55.775829,70.814171
128.623444,60.585796,55.890217,70.418091
131.429535,59.914944,53.998249,70.840797
137.242950,62.359169,53.621498,70.131454
137.776382,66.667419,53.034573,69.692032
138.928986,67.134056,53.323410,69.521904
143.814056,68.499763,49.745819,69.354805
150.759705,68.804428,48.652035,70.686592
154.193604,67.391106,49.563789,71.152084
159.248474,65.854622,49.372643,73.925842
164.475784,73.978073,47.035061,73.609596
166.794937,76.180862,46.923286,73.651268
167.204666,73.283485,46.458920,74.404472
168.645035,63.810867,46.736324,74.843178
169.336792,56.657280,47.912209,73.813499
169.506821,49.259560,49.126080,73.711220
171.709061,38.367065,48.164066,75.467003
170.923233,40.476326,47.989498,75.141357
170.803986,46.050594,49.850628,74.791069
171.605530,56.156528,52.293312,72.200340
169.494675,55.563534,59.172054,73.468880
172.744553,68.542458,57.062119,73.133026
180.870544,72.641937,57.855412,75.153320
188.784637,76.727791,59.164253,76.355347
195.238861,77.483421,56.739799,77.729103
193.685303,78.311783,61.382179,82.473343
193.316925,77.266426,63.694798,82.704483
199.537247,80.012878,62.680683,84.089630
200.692184,80.530029,63.643208,84.108078
201.278244,81.321854,63.976685,84.899193
199.999588,81.723801,63.580349,84.877930
193.305054,82.719475,61.588100,90.638321
193.474487,82.740219,62.013840,90.514626
193.559738,82.548340,62.549801,90.720627
190.089706,70.628059,63.312679,93.704948
184.608170,65.910988,63.765049,94.107635
178.403137,57.398716,63.909523,96.669601
172.342316,53.963802,63.892395,97.608948
173.084244,53.753777,61.335217,98.327477
170.540497,64.253983,59.928047,95.302635
168.527145,64.661461,59.315376,94.421051
168.146851,65.315018,57.630867,93.728485
167.242645,67.414009,57.269894,92.056892
168.263290,73.313522,53.946507,90.460915
167.032623,75.061417,51.856243,88.350807
167.631134,81.143715,50.894897,83.772728
166.711578,85.011383,50.923859,78.303337
166.172104,84.678551,51.558792,75.633095
165.676575,81.192039,53.273960,74.201729
165.413071,78.989784,52.247074,73.538589
165.604874,76.538216,51.951210,71.794151
163.920837,74.785324,52.394730,70.248947
165.586105,74.001472,51.244572,71.159561
169.665039,72.430649,50.691200,70.781921
170.775146,72.447594,50.979794,70.304848
181.729065,76.143364,51.014580,67.626030
185.865936,83.643105,50.518063,65.280174
191.008530,90.782486,48.814819,59.608444
198.273087,95.620094,46.282078,59.115753
205.163895,97.798485,45.240612,58.631779
208.290161,99.467392,45.487602,55.974621
210.099792,97.179192,44.295372,56.959312
213.920929,96.689133,44.690411,54.890442
215.555939,92.950798,43.337231,55.887970
211.772232,88.733803,44.083366,54.431499
207.938141,87.225685,44.202011,53.294407
208.063416,87.300476,44.608952,53.489624
206.584946,84.981377,45.607422,52.757992
207.507660,88.425484,46.627209,50.916451
204.611542,87.966530,46.201237,51.665813
205.184128,90.233101,46.639187,51.494061
203.814972,91.352859,46.420807,51.486279
201.380524,92.343330,46.563049,50.368275
199.408051,92.367157,47.184845,50.874611
197.147232,92.668205,46.627026,50.541546
192.007126,91.225845,45.965054,51.507812
189.291855,87.746391,45.120117,52.888988
188.686554,86.015900,45.514214,52.265900
188.934036,85.456512,45.963215,51.944035
189.312698,84.249733,45.675800,52.184658
189.876709,84.456886,46.188381,52.383228
190.741867,87.191826,45.936161,51.895397
190.957840,88.732513,45.806030,51.551517
191.508194,93.094688,45.501583,51.172001
193.021896,94.993874,45.028057,51.251255
193.257156,93.296707,44.915508,51.038616
192.538071,96.278069,44.739979,51.706562
191.654251,92.713326,45.416351,52.477947
193.562836,87.529953,45.763248,53.316608
196.249603,82.359337,44.528030,52.762310
195.330872,79.716690,44.384823,56.680977
194.414108,77.722893,44.273582,57.022961
195.405792,76.726639,45.399059,57.320827
197.815063,75.740349,45.367920,58.444408
203.536301,76.750069,45.830231,58.701946
205.183746,77.964325,48.714203,58.817574
207.145676,81.834671,48.609295,58.955784
207.473663,82.010139,48.928139,58.796955
207.528763,82.473885,49.001270,58.854279
207.658157,84.976059,49.050129,58.236958
207.376297,88.911011,49.865280,55.917374
200.558182,89.726082,48.532459,54.876232
196.510818,85.550987,50.665806,53.349190
193.301361,87.089401,48.459354,53.501198
186.931992,81.608330,45.452030,56.197712
184.971466,85.430260,44.758629,55.178249
183.098175,82.385010,47.626339,54.476311
181.937607,79.286781,52.036301,53.731781
184.932983,80.663643,55.206322,54.075436
186.981842,80.348579,55.482967,54.569283
192.973587,83.590889,53.639778,57.569454
196.490982,84.055649,53.449028,59.220745
198.758926,82.203796,53.860386,59.459194
200.250702,80.973717,54.451618,59.131641
198.382996,77.727028,52.762123,63.473953
195.024994,78.032524,52.141560,63.770180
193.298630,78.048271,50.644688,63.283733
191.861832,76.110519,50.135586,63.578835
185.086700,74.467987,49.859135,64.405655
180.816284,72.756760,50.044163,64.183174
181.775085,81.008789,49.537708,62.318913
176.283905,86.971092,50.996784,61.424343
174.300980,88.839455,50.878559,60.860653
174.084595,89.024796,51.173382,60.735825
171.654907,80.099564,50.624428,63.778702
168.045807,77.904739,50.251381,64.753166
167.613297,76.896820,49.460857,64.896790
168.194443,75.624947,46.636814,63.489174
168.925537,71.385780,45.452927,61.811779
170.277664,66.706207,44.703030,58.658401
175.212875,64.827377,42.453545,59.584549
178.130356,65.651649,41.542927,59.965775
178.085938,65.931381,41.871258,60.199486
178.164841,66.496025,42.170826,60.435005
177.758636,66.109825,43.254517,60.750301
174.148392,69.751923,42.901546,59.308315
167.567490,68.196259,41.215809,60.235237
161.899567,68.062035,40.939968,60.146591
152.586807,67.734512,41.230747,60.596569
146.759399,66.432686,41.145527,58.929993
141.225983,60.997086,41.282757,58.651600
137.703415,57.220936,39.290176,57.693272
135.561066,53.648216,39.305290,57.717113
134.574783,52.945065,39.716526,57.264576
135.405426,52.578011,39.699188,56.608116
138.424530,56.949577,39.775902,55.166191
138.918732,60.047413,39.216293,54.000103
139.272186,60.389107,39.344227,54.139595
143.002136,61.670341,38.699146,53.504936
150.194611,65.319656,40.633331,52.564739
153.707153,66.065529,38.983612,50.885960
154.159683,65.495872,37.865013,50.623505
155.241730,67.146729,38.345192,51.160023
155.467651,66.084274,38.013962,52.107822
156.146286,64.274399,39.020954,52.958916
154.556137,54.701366,39.899376,54.350269
158.615540,63.294727,40.301090,54.482452
161.571365,66.725128,40.720097,54.317612
164.515686,73.901390,41.432564,53.884064
165.833954,80.257195,41.926716,51.901669
167.124542,76.027596,42.218418,52.369587
168.474915,69.670486,42.577557,51.847763
172.608582,73.991570,43.314888,53.362892
172.407394,71.284698,44.176121,52.671787
172.720505,71.179626,44.382893,52.784092
173.016388,70.219383,44.370090,52.688297
169.560425,64.139816,44.954350,51.862137
166.952316,61.495777,44.395985,52.002228
166.724655,62.264011,44.240074,52.395164
166.614120,70.915642,43.051048,52.390320
164.526398,65.808640,43.250751,52.555016
163.961578,63.624226,43.305023,52.955490
164.272354,64.332062,43.032211,53.258087
163.578934,64.166801,43.545338,52.927849
165.497345,64.141678,43.493710,53.869404
172.518433,61.164680,44.236122,54.094517
178.989548,65.175522,41.614063,55.378326
184.675461,48.732674,44.960075,54.958736
187.031387,64.462746,43.278053,57.939964
189.229233,64.675919,45.222675,57.566853
190.552002,64.581749,45.036545,57.679646
189.897003,63.188568,45.287907,58.064270
187.197556,62.898888,44.600513,58.247940
182.940720,61.511860,44.841213,58.477783
183.560623,60.074131,44.411575,58.732246
188.015137,55.492985,42.679890,64.730339
187.576538,55.122623,43.515221,64.244965
192.383286,50.647430,42.762959,67.155022
192.267212,47.224056,44.933651,66.896721
200.043289,49.271988,42.832314,69.392097
199.988480,49.627205,42.988976,69.363449
195.402863,59.602291,44.620499,68.112862
194.733978,62.780910,44.135975,69.018250
182.140091,75.266937,47.918766,67.982605
172.679611,79.993210,47.340401,68.881477
161.765030,81.940941,46.791592,66.736694
152.565491,80.577705,46.788319,63.755154
144.317017,75.784004,47.929317,61.244816
141.333313,69.979774,45.779850,59.312225
137.917847,65.645432,46.598934,57.830181
136.045975,61.909161,45.409573,57.265785
136.684189,61.316090,45.250507,58.035419
136.111725,63.658958,45.714111,57.602726
140.826172,69.654938,44.807663,56.847000
141.722351,71.714157,44.451416,57.216202
143.283539,82.065262,43.918701,57.078712
141.875351,91.671349,43.026581,55.102558
142.410843,90.989754,43.368538,55.481468
146.268295,86.470512,43.133514,56.751896
148.991302,78.398773,43.159203,57.160591
150.059708,72.414810,44.211433,56.771885
154.610184,72.723244,44.845856,56.993366
155.325439,69.060036,44.297485,57.469532
155.460846,67.210365,47.080009,58.411926
156.623291,67.501816,48.713375,59.670288
154.991913,70.341904,48.186405,60.183586
152.946564,72.058510,48.062984,60.207314
153.339264,71.442856,47.901356,60.533909
149.774048,72.205360,48.299198,60.886425
143.156235,72.646172,48.277348,60.511890
139.066376,71.728210,49.162899,60.989639
132.613388,69.838226,51.217934,62.482853
131.303421,66.875496,51.418018,61.961067
131.562546,60.177116,50.051407,62.460133
133.788239,55.937256,50.826950,62.255959
136.861481,51.683903,49.789993,63.190170
139.122467,52.079758,49.550369,64.479759
140.410889,49.498566,48.648026,65.438789
141.434326,53.773724,48.283112,65.718964
140.725952,59.028339,48.457363,67.565109
141.016556,59.326912,48.033772,68.265152
140.959030,59.291393,48.221394,68.453918
140.622513,57.600513,47.542221,68.067101
140.879669,58.161411,48.021805,68.355659
141.240814,58.431465,48.481346,68.586540
144.065506,58.292110,47.602402,69.551842
149.643051,54.653881,45.604092,72.119392
152.915756,59.561382,45.688187,72.073174
159.155304,63.471279,45.868530,72.588013
165.948181,62.507816,45.653000,73.622925
170.316666,61.696953,47.029263,74.968422
177.584808,65.723114,47.137138,76.354744
184.154251,67.919998,46.158997,77.337669
