1
261.158630,136.093109,120.911156,82.316406
264.175903,144.106979,118.227959,84.644043
264.074921,145.214645,117.876472,84.927719
262.991058,143.675079,116.798431,84.988655
264.193390,143.062424,116.930840,84.952614
268.263031,145.810394,115.990906,85.492302
269.363098,146.062500,116.336716,85.397278
273.849731,145.066925,117.417130,85.281136
278.578827,143.336105,117.407349,85.357597
285.566650,145.494644,116.836090,85.551544
290.234741,144.476395,116.367043,86.567513
292.954926,144.479294,115.759018,87.199577
295.948578,144.927795,115.078476,86.733421
302.399902,145.593338,113.385689,86.853378
309.550812,142.184143,111.308334,87.527969
312.172546,140.931900,111.114052,88.259544
312.544281,140.875412,111.412384,88.456078
315.621124,140.472610,110.953339,88.218872
317.859894,140.095383,110.668419,88.143082
320.770508,139.620834,110.250603,87.341095
324.764343,139.357529,110.318779,86.103111
327.139404,135.810806,110.189972,85.556770
331.048126,130.903580,110.239021,85.344452
338.028168,123.040009,109.963554,84.622147
341.019196,118.632889,108.786110,85.087097
344.937531,113.549599,106.932297,83.845703
346.327759,112.369438,104.812134,84.014282
349.617310,111.425758,102.643723,83.810066
348.921295,111.475586,104.741249,83.802788
349.906982,111.599785,104.510513,84.200287
351.107849,112.229424,104.126663,84.583519
351.608215,112.657455,104.437981,84.856987
352.572418,114.105774,104.642891,84.581123
352.740326,114.332535,104.771301,84.875473
349.471222,115.575081,105.199860,84.367470
348.580566,111.834076,105.362541,83.813118
347.466705,106.049942,104.983765,83.575127
347.405609,106.152145,104.961479,83.979424
344.715393,101.116310,104.435303,83.891151
348.580444,95.476006,102.859222,82.964127
348.758881,94.515160,101.572227,81.792496
346.350342,88.838776,100.477753,82.584007
346.317993,88.236893,100.406288,83.150558
347.890533,87.125191,100.023277,83.590919
350.957489,86.624321,100.293907,83.161659
352.893860,85.962273,100.322159,83.291542
353.143646,85.943253,100.417068,83.501427
353.297424,86.094818,100.315193,83.951126
355.204803,86.675911,99.937309,84.265549
355.464386,86.842255,99.879944,84.426315
355.574158,86.859047,99.859787,84.435242
355.901123,87.932793,99.439156,84.330147
355.960022,88.087173,99.402130,84.288048
354.293488,86.813843,99.600845,83.835274
351.151794,85.257706,100.313553,84.213577
352.460571,85.846657,99.516525,84.534637
352.649292,83.196442,99.916626,84.100723
352.472656,82.787842,99.743759,84.290169
350.411438,82.767738,98.597031,85.341919
346.857208,69.045265,99.248886,85.084488
341.532837,66.750038,98.961967,84.685852
2
0
0
0
0
1
368.092255,148.483780,78.921349,60.586880
356.184082,148.382828,76.936234,59.768723
354.796692,145.736847,76.093880,60.178993
350.818207,147.318069,74.862335,60.346939
348.484283,146.479721,74.862442,60.560207
349.279266,146.384003,74.466309,61.000263
344.975006,143.885269,73.262787,62.207031
343.576996,143.295853,71.944374,62.543488
344.039520,139.548019,69.017708,62.983406
335.960693,138.057877,67.809906,62.105656
336.549194,137.688278,67.849731,62.496708
337.251953,135.586075,66.556786,64.133369
332.751404,133.358856,65.598427,63.903412
332.646088,132.832718,63.781284,63.913754
332.856171,131.772690,61.644905,63.908852
330.911133,129.942871,62.056179,63.196518
330.324890,124.159424,62.487137,62.663216
329.121582,124.654037,61.720818,63.023560
328.859772,125.336914,61.831478,63.233307
327.725250,125.536613,60.014851,63.305458
327.879272,124.867752,58.488575,63.396690
329.038300,122.275482,57.954494,63.261852
330.246674,121.307137,57.707539,63.601044
330.540039,120.963509,57.584866,64.056877
330.515228,120.821732,57.796387,64.407227
329.982910,120.269379,57.681973,64.518417
329.702606,119.288338,57.349926,65.250435
331.419983,119.135223,56.919205,65.679008
331.855255,119.554558,56.581097,66.260414
332.218048,120.342682,59.006435,65.709358
332.967041,120.161583,58.829048,65.759888
333.531769,118.338699,58.233871,66.458931
334.784912,116.244972,56.692974,68.979317
336.102692,114.703583,54.595745,71.364288
336.441711,115.004509,54.072495,71.640450
336.475769,115.171494,54.122887,71.957207
336.071869,115.748070,53.971382,72.095993
335.645355,116.876068,53.323532,72.093468
335.223236,117.927788,52.677891,71.848572
334.293091,118.338112,52.415016,71.864151
335.612122,117.234619,51.683128,72.689583
334.389130,117.559105,50.741524,72.863556
333.070435,116.228363,49.851677,73.528435
330.041626,117.293625,49.466728,72.081573
329.097351,120.240883,48.768887,72.320969
331.484833,121.697044,48.868111,72.190750
331.223999,121.068329,48.226105,72.750046
332.015289,121.836342,47.921082,72.880173
332.744080,120.959236,47.532413,73.102379
330.594971,121.777008,47.065723,73.059624
332.014099,118.920174,46.647991,74.211624
333.492432,118.355064,45.754345,74.188255
334.377350,117.428154,45.451939,74.237907
334.409729,117.902809,44.531498,75.803467
331.424103,116.518867,44.401745,75.153465
330.762177,116.269020,43.939739,75.179459
329.424988,117.955009,43.551228,74.645302
327.657928,119.136276,43.849354,74.240005
326.949371,123.021973,43.918877,73.710144
326.431976,122.768936,44.045616,73.779388
325.986969,122.895790,44.404903,73.643639
325.367645,122.770027,44.480236,73.589043
325.260437,123.003281,44.172428,73.933937
324.807617,122.763557,44.424126,73.834579
325.728210,120.737228,45.340519,72.635971
328.888031,116.156975,45.903809,71.814369
329.593658,115.862991,46.158066,71.133598
329.488403,116.153572,46.904423,71.137001
329.929504,117.703690,47.014229,70.782166
330.835144,116.782700,47.429340,70.031815
331.989044,117.758919,47.269234,69.197418
329.031586,115.454926,47.835236,68.241302
325.764740,114.132889,49.068512,66.021690
321.224396,114.031784,51.151062,63.747849
313.569122,110.198608,55.664078,63.364761
312.550995,109.742401,57.713490,62.767910
309.733704,108.372696,57.804852,61.102379
309.935974,107.693466,57.920601,61.026157
310.046844,107.910934,58.061039,61.200855
307.489380,107.139076,60.297161,59.291206
305.110809,106.560837,61.329330,59.256008
305.080688,106.715622,61.506184,59.351379
303.472015,106.564644,62.121075,59.067924
301.297668,106.432640,62.686321,58.912308
301.903351,106.873413,62.876583,58.755421
302.864471,108.565498,62.635742,58.779015
304.730865,109.065407,62.530693,59.170517
304.893097,109.452950,62.951260,59.383858
304.523773,109.534698,63.020386,59.388966
303.612762,111.633156,63.827564,58.468727
302.428101,111.311867,64.014130,58.328926
302.534210,111.890343,63.793461,58.263672
302.704712,112.029259,63.832245,58.206951
301.924622,112.158226,63.686852,58.496059
298.204132,112.872276,63.469257,58.358246
296.538269,111.158096,61.052708,58.863804
294.796875,113.640076,59.641678,60.112232
290.107147,111.792183,58.996189,60.271832
274.912903,116.728020,58.932163,58.822319
273.497833,117.108116,57.642197,58.968758
273.815704,117.610229,57.509487,58.610081
276.060822,115.295990,58.222965,58.444263
278.657410,116.278839,57.534855,57.484882
278.289032,114.275612,57.370159,57.198471
277.448486,113.267830,56.344234,57.063396
277.086334,116.903084,55.776745,55.871712
275.688049,117.539864,55.803535,55.624931
2
0
0
0
0
1
361.711426,117.492348,67.298531,28.999792
365.255280,117.264557,67.707733,28.803282
365.182526,116.636818,68.314552,28.848135
372.621918,112.763443,68.586205,29.364128
372.821960,112.688240,69.012146,29.479210
377.290375,111.672607,69.316498,29.589813
378.746429,111.439354,69.942146,30.333857
385.917267,109.793625,70.219788,30.789410
390.955780,109.361008,71.070923,31.900671
392.999634,107.856979,70.530434,31.939081
392.451752,105.759171,72.205696,31.992886
393.272278,105.061508,72.672333,32.576763
398.375000,104.410149,72.999649,33.252293
402.267487,102.633324,73.274406,33.355457
404.936035,100.132309,72.744316,33.728935
411.948700,99.471794,73.443810,33.965340
411.737183,98.076302,73.061333,34.065990
414.525543,97.360855,73.884605,35.739151
414.902710,96.919914,74.342491,36.383919
416.448547,97.029472,75.016670,36.218513
419.712250,97.866730,76.101936,36.307938
420.004517,98.137360,76.405029,36.021072
420.336365,98.154984,76.503029,36.283401
419.267517,98.506294,77.086823,36.242134
422.347778,99.241531,76.497925,36.413094
415.456696,99.233788,72.848190,36.304840
415.727631,99.331360,72.871223,36.477493
414.638245,102.117058,71.147720,36.109165
411.476471,103.399635,71.570396,36.093895
413.060516,104.591049,71.189217,36.454224
414.556610,104.668900,70.514687,36.179153
414.798279,104.836609,70.949883,36.482361
413.381104,106.162231,72.283981,36.074139
413.615753,106.987991,72.616798,36.307892
414.371979,108.282516,73.210480,36.812325
415.102051,109.190704,73.265579,36.769768
415.899597,110.348518,73.638474,37.435108
417.097107,113.772125,73.054977,38.265877
418.291199,114.555733,73.568848,38.079346
419.083954,115.931702,74.468338,37.515408
418.886566,117.815369,75.004585,38.395721
419.318909,118.536781,75.293434,38.332146
420.086182,118.974464,74.863815,39.448254
421.955658,121.102585,74.536346,39.948544
422.308868,121.894417,75.052132,39.933945
422.523682,121.997253,75.470818,39.970284
422.235474,122.405670,76.282532,39.966454
423.391113,122.433609,76.988426,39.792725
423.983368,122.677963,76.831436,40.040421
424.073151,122.910057,76.968018,40.477718
425.571167,123.073990,77.258949,40.782440
426.091919,122.986633,77.660217,40.961979
426.216064,122.957169,77.956062,41.016003
426.236908,123.197845,77.961151,41.481754
425.516876,122.007607,77.630249,41.742271
426.111328,121.437325,77.608269,42.197918
427.919769,120.611084,76.652237,47.310154
430.891022,123.984192,75.639084,48.141605
430.681091,124.122368,75.346535,50.211464
430.504303,124.336891,75.317230,50.433033
428.112915,123.829796,74.178795,53.097557
427.533051,125.571945,72.555130,53.655300
427.115448,127.403084,71.939415,54.186695
424.973145,129.639633,71.333961,54.652512
424.741730,129.825043,71.211220,55.095459
423.149445,131.908722,70.606026,55.801460
420.921967,136.200302,69.678642,55.604805
416.189575,137.113449,68.574867,55.702065
412.458008,139.385635,68.226181,55.892052
417.995880,140.148560,62.653633,57.539364
417.803894,139.626038,61.856171,58.424599
418.297028,141.250732,58.655579,62.808258
418.059723,141.592575,58.479027,63.227909
415.896637,141.596283,58.144939,63.824440
416.297546,140.274475,57.778580,64.676308
414.674713,137.074036,56.637554,65.620514
418.117065,134.742920,55.152580,67.162849
418.910339,133.334305,54.715389,67.983528
421.926514,136.000458,53.073711,68.594597
421.636902,140.546997,53.304668,69.033554
416.967651,146.485336,55.330215,66.486252
413.269135,152.207550,57.646576,63.182339
412.782501,154.995834,58.720303,61.688869
412.419495,156.164368,59.352749,61.137077
412.417511,157.333267,59.478050,59.649982
409.841217,157.619247,59.871540,57.751778
406.671234,158.789963,59.984352,55.631348
401.842255,159.871979,60.688751,53.681316
398.479370,158.583374,61.001816,52.779160
394.425507,157.607758,61.794418,52.283360
389.205505,158.965775,62.611206,51.509541
384.897430,157.198181,61.395565,54.713993
381.803314,157.429138,63.773159,54.603916
379.813751,157.096329,63.591591,55.496635
377.418488,156.894547,64.084183,56.065491
373.405212,158.442841,67.360474,56.269981
369.993500,157.452316,67.558273,57.025295
368.110840,157.953522,67.842995,57.272217
365.028748,158.205856,67.700287,57.237667
364.314697,158.159317,68.029419,57.683228
361.143372,160.523315,68.637970,59.101147
356.210602,163.331848,68.645523,61.830425
351.951416,166.520111,68.698502,62.241650
349.194519,168.057190,69.350105,61.932220
346.135956,167.986588,70.584244,60.938324
344.374817,167.229187,71.038513,59.555141
341.141571,166.191635,72.532196,60.731594
337.853088,166.097260,73.766533,60.889874
333.566101,167.232513,73.406586,60.869495
329.583771,166.589691,73.888206,61.657703
325.993866,159.635834,73.102989,62.167076
2
0
0
0
0
1
375.156921,192.757919,75.005783,87.821442
374.865845,193.084763,75.605270,87.468582
374.974121,192.763474,75.945930,87.315437
374.598389,192.769196,76.312729,86.526382
374.634430,192.170792,76.588028,85.729202
370.628296,188.070786,77.117439,85.408211
370.444183,186.499588,77.815666,85.269035
368.410156,180.344238,78.091972,84.358055
367.218750,173.481293,80.652756,84.648964
356.920746,169.195602,81.247292,84.515549
356.336121,169.900391,81.596107,82.033920
354.766663,173.413223,82.392204,79.402679
