1
271.692535,130.001450,106.291855,75.094315
274.311340,133.588440,104.271248,75.120415
275.430389,134.927856,103.763115,75.412277
279.584015,137.444672,103.041527,74.539856
283.513336,138.305206,102.206306,74.680763
284.300262,138.569260,102.409920,74.761673
288.632782,139.582047,101.307716,74.655388
291.383026,138.568939,100.766258,74.981651
295.259277,136.923172,100.426964,74.748253
296.231873,137.013947,100.347519,74.915688
298.327118,137.409714,100.043488,75.086647
298.967377,137.570145,100.350166,75.272514
303.839233,138.379623,100.032455,74.805527
311.011597,136.128036,99.305290,74.197266
313.120117,134.637772,98.630638,74.223122
315.165894,134.692154,98.590782,74.240837
315.832428,136.265427,100.323334,73.730202
322.344330,138.150253,99.663651,73.257851
324.986969,137.537064,99.294731,72.807320
328.198730,136.712357,99.996292,72.782677
334.472717,135.312393,101.671021,70.741898
336.117828,135.183670,102.555061,69.291733
342.120270,130.900238,102.727425,69.980827
347.857330,123.153519,101.510269,70.137177
349.122162,121.646355,101.169197,70.744118
350.952118,121.590309,100.833549,70.642242
354.086761,119.768448,97.254128,71.614677
354.613068,119.129623,97.564835,70.240471
353.811493,119.458565,100.242859,71.133530
353.986877,119.656380,100.476952,71.486107
354.380463,119.971687,99.301689,71.501106
355.649475,120.971169,99.095329,71.964027
355.797729,121.246658,99.458679,71.877060
355.817627,121.311119,99.445923,71.968063
354.720093,120.645973,99.323944,71.807762
353.198273,111.294579,98.753593,71.622993
351.299072,102.186371,98.413437,71.102798
351.505463,101.759491,98.117149,71.389435
351.742279,102.005180,97.697693,71.655464
352.702942,101.310493,99.070633,70.510727
353.710785,98.868279,99.294731,69.833267
353.509796,97.939445,99.378609,69.686325
349.342743,97.228195,98.511574,70.202118
349.623566,96.973907,98.707436,70.448784
352.628113,96.745438,97.927231,70.695770
355.225983,99.007736,97.314827,71.198921
356.789337,98.257484,97.021645,71.276352
365.467529,101.640526,97.491516,70.941193
368.408386,101.599106,97.312073,70.672119
372.890900,101.790741,96.771561,70.514359
374.639404,102.356781,96.915878,70.570015
371.273895,102.279068,95.808174,71.102974
370.912506,101.672913,95.718582,71.296341
368.066956,100.192841,95.738548,71.888062
367.408203,101.876160,96.921616,72.087624
366.307159,101.481178,96.963730,72.607735
366.306885,101.591019,96.919106,72.901550
365.870514,101.644882,96.880463,72.936752
361.894501,101.912788,95.856171,73.869774
361.202148,101.740700,95.696014,74.130791
361.386261,101.367638,95.939056,73.680290
362.635071,104.326958,97.769203,74.356438
366.120880,111.505798,99.551117,74.270546
365.786163,115.028641,99.459320,73.213112
362.935577,118.207207,99.618645,72.499756
359.312469,118.706879,98.352997,72.521355
353.499573,119.725128,98.569298,72.341110
352.574463,120.700127,97.010017,73.236221
351.611115,121.072418,96.826859,73.240417
354.455414,121.305069,93.827126,73.803711
353.749847,124.416428,92.513489,73.625458
354.291687,121.715279,91.009804,74.814507
353.409332,121.623940,90.645294,75.232521
353.207916,120.056084,88.700233,76.258575
352.808472,120.513603,88.373489,76.578690
350.718414,120.622101,88.138580,76.788177
343.882233,120.947937,86.554207,76.265259
339.224915,121.692017,85.236374,76.413116
342.289825,120.168930,83.913063,77.197098
329.146332,120.898453,80.941437,76.674339
338.891022,120.131721,78.407227,76.677986
338.740265,120.451302,77.819321,76.771042
338.299530,118.232376,77.216957,77.130669
335.052521,114.506172,76.128761,75.620720
330.567688,116.016167,75.472702,75.120354
329.394409,115.951248,74.762398,75.220970
331.215515,116.198479,74.223106,75.496979
337.077240,113.615265,73.725700,75.011986
337.408539,113.779671,73.885559,75.490288
339.095123,111.842056,73.141983,74.984718
339.237396,111.835045,73.445381,74.986702
340.269104,111.620377,73.194901,74.875130
342.049713,109.740425,72.853584,74.781075
341.544983,109.292473,72.553146,75.124168
341.566681,109.362259,72.676964,75.476357
339.272247,105.685760,72.859711,77.022255
338.938507,105.871758,72.841660,77.413231
338.953156,105.853210,72.898445,77.305740
338.994507,105.850357,72.940018,77.457138
339.327087,105.427338,72.838417,77.503349
340.767731,105.906021,72.726593,77.995522
342.050476,105.579659,72.728172,78.249298
342.226105,105.644531,72.953178,78.454712
341.985657,105.134819,73.919853,77.486763
342.630280,101.794685,73.894318,77.345772
341.565491,102.693993,74.079262,75.836609
341.707764,102.658936,74.557869,75.775833
342.424652,103.956284,75.008659,75.617462
341.918579,105.335587,75.552200,75.230911
342.272095,106.763222,75.291725,75.768211
342.176666,106.891052,75.422142,75.863556
341.689331,107.770195,75.358940,75.983879
344.600769,107.933006,75.544365,75.421295
346.716888,110.860344,76.255936,74.558151
2
0
0
0
0
1
333.254700,132.915985,31.565636,39.350174
333.424286,133.120468,31.945524,39.193501
333.146851,132.764297,32.226002,42.954227
333.405182,132.139191,32.754128,43.088562
332.376678,131.493317,32.803509,45.267342
331.932251,131.995590,32.840015,46.108570
331.737213,132.030884,33.077877,46.483471
331.279114,132.199326,33.581299,46.380711
330.987427,132.175079,34.032528,46.535316
331.225006,132.401886,34.482941,46.981438
331.180847,132.686234,34.646667,46.843704
331.754822,132.467392,35.837982,46.825912
334.266571,131.147522,36.614880,47.003204
334.623749,131.797714,37.135441,47.118263
335.260193,132.549103,37.673801,46.850723
335.366150,132.808228,38.051796,46.893112
335.397888,131.949280,38.530151,47.198994
334.228363,132.302277,39.311913,47.420559
332.124634,129.993958,41.263458,47.290253
330.771667,129.801590,43.304649,46.666744
326.975067,126.973351,45.330601,48.283707
319.174896,129.787109,47.099422,48.436131
316.734619,125.218094,51.232708,48.823101
313.156738,125.714180,52.038239,47.174236
313.036530,122.369850,54.104717,47.204834
313.997833,123.118996,54.641827,46.698997
313.177582,124.012291,56.264664,46.249409
311.084290,125.509308,58.132534,45.167286
311.583588,126.549286,59.007149,44.971272
311.441956,127.210426,59.748230,44.579762
311.062592,127.412605,60.154980,44.988003
311.922455,127.728333,60.485191,44.919552
314.121796,131.401627,59.625351,44.501781
314.800293,133.492599,59.866768,45.129669
314.686615,133.743286,60.016373,45.421535
312.039032,133.825577,62.496681,46.973125
309.341156,134.458786,62.488884,46.420490
309.063721,135.635300,62.402874,46.660210
307.333649,136.091431,61.578098,46.567318
307.435883,136.227524,61.972572,46.891804
304.423096,136.618576,61.913746,46.492535
304.229065,136.744263,61.854343,46.299786
305.269958,137.744446,60.017540,46.108074
307.810150,138.113052,57.382256,46.842438
302.781403,136.703674,54.644112,46.451500
290.386322,134.776062,53.509224,44.402550
285.332397,131.465073,52.399044,44.934002
284.562164,131.484177,51.932877,44.904236
285.000916,127.444557,52.027283,44.837505
285.236145,127.090851,52.343636,44.985161
284.739349,125.529839,52.204239,45.046940
284.083466,125.072067,52.158306,45.418484
282.246979,123.689644,51.881214,44.471474
281.380005,122.990982,51.920185,44.567169
2
0
0
0
0
1
355.018341,114.177406,76.720490,32.449234
356.555786,114.304718,77.023346,32.433983
356.778473,113.518852,77.796188,32.393398
363.445557,111.926346,78.779053,32.333912
364.376709,110.943436,78.875114,32.289677
366.236511,110.656044,78.750473,32.484768
368.120728,109.491531,79.422020,32.921078
376.168793,108.171318,78.193237,33.072441
380.715088,108.119545,78.153564,33.549660
384.686096,106.761688,78.139961,33.898335
386.263947,104.422638,79.220642,34.097672
387.824188,104.198036,79.746231,34.542183
390.719910,103.215309,80.130188,35.052971
395.230865,100.638580,80.745941,35.816311
396.999725,98.384476,80.773491,36.089092
402.257812,96.431465,81.955673,36.401180
402.809082,94.569336,82.639359,35.370548
404.085266,94.969406,83.016632,35.388027
404.673645,94.952446,83.384033,35.828674
406.387146,95.843391,83.100533,36.039871
408.522522,96.832489,83.618408,36.381054
410.192871,97.748230,84.227715,34.617149
410.139587,98.550957,84.690819,34.721622
410.294495,98.700722,84.944756,34.978977
414.650360,99.780075,82.784538,35.704819
415.726471,100.389359,79.253922,35.957066
415.114044,100.809639,78.903809,36.113785
412.473022,101.272560,77.224625,35.984695
410.409119,101.451424,75.324898,35.790413
411.216736,102.162430,75.102608,36.071960
412.402008,102.566460,74.924614,36.332611
412.737976,102.722054,74.764687,36.596413
412.126251,104.975014,75.980751,36.722019
412.424805,105.798691,75.936768,36.807526
413.542633,107.260017,75.851059,37.691677
413.991699,108.145157,75.617958,37.823902
414.920166,109.332466,76.203148,38.154205
415.334625,111.812569,76.338715,39.056004
416.645538,112.990891,76.443161,39.159294
417.139069,114.527084,77.384811,38.282860
417.639648,117.238182,77.408394,39.134418
418.155609,117.902199,77.432121,39.264706
418.268066,118.121521,77.287216,40.174862
419.932220,119.521667,77.138870,40.642796
420.612518,121.335869,77.662598,40.766048
420.775085,121.460556,77.961761,40.977783
420.688599,122.360168,78.706650,41.208920
421.221649,122.732986,79.391296,41.421425
421.282532,122.776176,79.457214,41.479290
421.367340,122.779144,79.509956,41.451897
422.034424,122.896057,80.021950,41.645130
422.288727,123.058258,80.464485,41.982315
422.482147,122.917923,80.462944,42.100250
422.500153,123.117882,80.461617,42.480770
422.569397,122.819221,80.243813,42.761806
423.006165,122.680458,80.291435,43.214405
424.598663,119.828827,78.197678,50.717976
427.710907,123.342773,77.349167,52.199329
427.630676,123.626289,77.274742,52.690132
427.726288,123.827553,77.412514,52.969814
426.858612,123.698639,77.167091,53.274586
425.079620,125.294441,76.155258,53.426403
425.377411,126.352425,74.961891,54.080532
421.518951,129.246353,74.833771,55.210995
421.612396,129.493866,74.430038,55.623024
418.081055,131.798737,74.500496,56.501583
414.865204,133.319946,73.369850,57.429455
412.146667,133.335007,71.112411,57.878555
411.027069,138.058472,71.724037,58.118786
417.337677,135.491501,63.572929,61.962955
417.798615,135.960358,63.028637,62.409565
416.845184,138.438980,61.648403,63.457874
414.037994,138.213013,61.462917,63.195744
412.635590,135.848022,60.255047,63.974522
410.022919,136.379868,60.140919,64.507080
409.382690,135.546112,59.356430,65.233429
414.284790,128.083954,57.071274,69.005363
412.323914,127.192734,56.840321,70.918854
415.136292,139.752350,55.302155,73.551407
414.830994,140.570236,55.397163,72.857170
414.185944,146.197083,55.775650,70.498726
412.535187,150.714508,57.539040,67.302963
412.246582,153.363846,58.736488,65.474419
412.318573,154.032806,59.009922,64.923393
412.687958,155.262253,59.253956,63.248760
410.093964,156.383530,61.157806,59.995171
405.339081,158.427322,61.801682,57.124153
399.721100,158.977753,62.900986,55.429489
396.650391,157.635773,64.020592,53.506557
393.888672,157.825562,65.625160,53.304867
388.160797,158.045776,67.252953,52.694035
382.391571,156.855057,67.524223,53.785530
378.732330,153.801178,69.683212,55.558273
376.460510,152.979568,70.374611,56.250504
375.192474,153.413544,70.494339,56.525574
372.332397,154.071854,70.966637,57.031391
366.994934,151.295670,73.938484,60.192081
364.496521,151.559647,74.450279,60.429695
362.048553,151.994766,74.569283,60.358376
361.623413,152.072067,74.661072,60.673409
359.519196,152.640411,75.951569,61.797112
354.747101,154.256912,75.588966,62.417130
349.591797,156.751511,75.169762,63.715897
346.658966,161.952881,75.979889,66.204903
344.033081,164.548065,74.979568,67.180107
340.786530,164.431808,76.487450,66.537270
335.888336,163.626297,77.482880,66.254318
331.891968,164.442368,78.132759,66.720139
326.730957,166.194275,78.203362,66.944580
324.543732,168.174530,77.151581,68.347900
321.974792,161.204025,76.236588,70.426537
321.505127,160.486343,76.101883,70.896454
320.270294,159.466614,75.977951,70.968140
319.216736,158.131088,75.178841,70.745857
316.609222,156.080338,75.624657,70.310593
2
0
0
0
0
1
365.389893,188.548050,86.758179,84.340111
364.517700,186.928268,86.786552,83.727913
363.376770,187.187820,87.281647,83.961090
358.950226,183.413895,89.092560,82.850243
349.875824,176.309326,88.898285,83.338623
342.006561,176.567902,89.826920,81.846306
335.646912,178.253021,90.380356,80.096840
322.384796,176.283112,90.667358,79.636253
