1
272.761902,124.928215,99.524117,80.473289
276.111359,133.288361,97.127846,80.423752
276.843842,133.993637,97.014488,80.177200
277.776001,136.202850,96.784752,79.967758
280.536835,137.058014,96.492271,79.559326
286.156616,138.535965,96.721466,79.265732
288.437622,138.677475,97.374359,78.819031
294.816864,137.664093,97.033813,78.123528
295.623352,137.543365,97.388786,78.414352
297.226868,137.523727,97.589890,78.345581
298.372467,137.643936,97.936386,78.435364
299.040894,137.942276,97.976059,78.341476
303.521332,138.911896,97.673271,77.998344
310.984619,134.180496,96.667336,78.046989
313.680176,132.502151,95.439034,78.096352
314.622681,132.508636,95.213593,78.303726
315.025238,132.785660,96.214844,78.267159
320.582825,135.568985,96.430122,77.224716
325.743195,134.713333,95.961380,75.875450
331.422699,133.700531,96.642441,75.568016
337.749451,133.174225,96.913643,73.807739
341.499268,132.887772,97.083115,71.337654
344.566345,125.262527,98.391792,71.499374
350.696991,118.679314,97.471359,72.351242
351.612427,118.134804,96.867683,72.463806
353.454529,117.704918,96.098152,72.527695
354.938232,117.669838,94.704811,73.042778
355.452148,116.684753,94.470634,73.289162
354.482239,116.432083,96.380646,74.080048
354.520538,116.584045,96.442276,74.527916
354.647125,116.800499,96.357574,75.075821
356.485199,118.484055,95.824997,75.389061
356.562164,118.562744,95.966385,75.457062
356.527435,118.570724,95.965836,75.374580
356.205200,118.787895,95.761124,75.448441
355.786346,111.832176,95.886276,74.637741
356.165588,102.451630,95.620636,73.466553
356.959778,102.394958,94.951965,73.681618
356.464783,100.508888,93.557167,74.238129
355.026306,97.420479,92.854874,73.524803
355.204620,97.072060,92.786362,73.684311
355.424561,97.009453,92.897064,73.978546
355.237213,96.921700,92.918900,73.971962
352.969086,96.020065,93.252052,73.341202
355.799042,96.293152,93.108032,72.555267
356.074310,96.581436,93.377510,72.991814
356.471436,96.280754,93.446510,72.728600
356.898010,96.361443,93.345917,72.965744
359.453247,96.692200,93.115196,72.644302
363.346222,97.281479,92.519814,72.469383
364.164642,97.731865,92.720131,72.308182
366.220428,98.799316,91.446106,72.242203
366.504120,98.426117,90.938469,72.366684
364.587494,97.766098,91.998543,72.539642
364.482208,98.070633,92.051147,72.916473
364.271606,98.451820,92.136681,73.111748
364.275635,98.260941,92.607658,73.034622
364.307007,98.708977,92.906029,73.357185
360.074615,97.003937,91.897972,74.705742
358.058197,90.966087,90.956345,74.473671
356.643158,82.627968,90.451416,73.250916
348.010284,83.149727,91.512154,73.582108
341.977844,79.201759,92.681259,72.849037
2
0
0
0
0
1
356.736847,146.700516,74.944931,55.251068
353.305389,147.851990,74.297661,55.137680
352.466248,147.641312,75.264946,56.086571
352.160919,147.702133,74.220749,56.692314
352.539246,147.260025,72.948845,57.656563
352.274231,146.519791,71.551750,58.114994
347.224609,141.429855,68.804359,59.318783
340.275177,140.507843,67.425911,59.257961
341.158142,139.554077,67.195396,59.710182
342.548553,137.207626,66.567589,61.176388
336.742981,136.110611,64.140488,61.160934
335.771484,135.923340,62.210896,60.821449
334.114929,135.564011,60.950153,60.614216
332.969147,133.384460,61.059658,60.289761
329.322205,129.507019,61.043583,59.671860
329.739929,129.045868,59.889603,60.390469
327.631195,128.889404,59.596977,59.051563
327.944061,128.909378,59.252728,59.400715
328.506531,126.813446,57.058002,59.268559
330.532227,124.567642,56.947647,59.521389
332.350677,123.179688,56.422054,59.966843
332.974518,122.044197,56.127441,60.130512
332.949677,121.438217,56.084087,60.466736
331.960297,119.681519,55.166958,60.886299
331.910004,118.313530,53.581821,61.936325
333.044861,118.915230,53.285248,62.176147
332.857086,119.850922,52.240860,63.428345
333.061615,120.221336,52.339474,63.313175
333.575043,120.253975,51.945526,63.444141
333.872253,119.546219,50.228306,64.038094
335.220001,116.686424,48.634396,65.898697
335.147766,116.142975,47.886826,66.765327
335.763672,116.743073,46.916100,67.307938
335.449219,117.275841,46.627399,67.223801
334.472626,117.200005,46.251930,67.888611
334.978821,117.405510,46.299206,67.634735
334.289246,118.600166,45.752697,67.558502
333.042908,118.102013,45.512569,68.312965
333.469849,117.511375,45.963211,68.441833
333.316528,117.935806,45.364693,68.646767
332.550568,118.122993,45.236610,68.733391
331.680542,119.812759,45.240616,67.540619
331.407043,120.177750,45.179893,68.020309
331.965149,120.566200,45.253143,68.471611
331.463593,121.788612,44.175896,68.457199
331.911713,121.998016,44.169014,68.347214
334.093658,120.619667,44.082306,68.273636
333.874451,119.518265,43.857475,68.873940
334.367004,118.132988,43.878948,68.895554
335.716888,117.378288,43.693813,68.679131
335.998474,117.229317,43.842022,68.842812
335.016907,116.893822,43.613647,68.919243
334.072174,116.391228,43.758121,68.531792
333.539246,116.231865,43.647110,68.793289
332.125519,119.375648,43.088417,68.041466
330.052979,121.471832,43.055462,67.975220
328.878754,123.645607,43.463261,67.525146
328.036591,123.798241,43.506718,67.884521
325.186707,124.242516,43.494087,67.272728
325.209381,124.379402,43.484135,67.359306
325.219666,124.469749,43.467083,67.460609
325.224304,124.372719,43.551136,67.284531
326.416351,122.326736,44.405792,66.181679
328.047089,120.294823,44.681061,65.617447
329.508820,120.923706,45.151440,65.159554
331.151489,122.082321,45.497494,64.972496
331.583282,123.263580,45.142963,64.268524
331.880249,122.673492,45.224354,63.529034
333.354248,125.200073,45.749294,61.738033
329.289581,122.881500,46.083096,61.004074
326.697327,122.256363,48.029243,60.141884
322.682159,122.684776,50.811447,58.227249
317.018646,121.375992,55.880913,57.141846
314.044891,118.061462,58.883347,57.605865
311.866425,117.544060,59.516773,56.707539
310.394226,116.399452,60.421547,55.844864
310.136993,116.152878,61.535152,54.802788
307.935974,114.953308,62.923988,54.252216
302.894165,115.830658,64.676895,53.844891
303.371704,116.364090,64.961136,53.640549
302.730225,116.506203,64.857155,53.632156
302.700256,116.746017,64.858604,53.897877
303.166718,117.163559,64.975632,53.335297
304.116699,118.758530,64.914803,53.072056
304.450134,120.466904,64.925407,53.536240
304.541840,121.653175,65.167419,53.654156
303.888916,121.861153,66.330597,53.312309
303.754791,121.985947,66.458038,53.370506
300.134583,122.011467,66.429970,53.253574
300.311127,122.137451,64.971169,53.242840
299.704773,122.096794,65.008636,52.610657
299.310638,121.895935,65.173386,52.647724
298.173798,121.626328,64.369370,52.788471
294.720459,118.899437,62.108612,53.188667
291.184998,118.584526,60.911442,54.539604
287.607330,116.669167,60.736523,54.566475
271.474579,118.492256,63.489052,52.257042
268.792175,118.342316,62.605461,52.411674
268.370911,120.789017,62.796009,51.278564
268.779480,119.920479,62.734348,51.120712
269.241150,119.498283,61.993256,51.251770
271.421875,120.999428,60.748230,51.316254
270.933472,120.751823,60.653099,51.084038
269.674866,120.882828,61.086315,51.052299
267.579468,120.990524,62.082260,51.007137
2
0
0
0
0
1
361.391815,113.841461,66.411873,32.381451
364.720337,113.403656,67.212738,32.165287
364.901520,113.518448,67.547134,32.398998
371.189423,110.156258,68.723724,32.174122
371.064056,110.037842,69.057022,32.417301
374.890076,109.470284,69.785973,32.406872
377.026154,108.353249,70.841423,32.635704
386.231781,107.027855,70.418716,33.215305
390.103668,107.164757,70.158600,33.801247
391.578430,106.265938,70.363426,33.805645
391.959045,104.310532,71.045242,34.002087
393.723206,103.170372,72.224579,34.458263
400.688904,102.606735,72.560074,34.272243
402.296204,100.179726,72.789429,34.471954
405.700012,98.681633,72.584946,34.668037
415.341370,97.407936,72.738594,35.153034
414.545929,95.572731,72.699814,35.138100
415.223969,95.711098,73.105530,35.361649
416.977509,95.664200,73.612801,35.742374
417.225342,97.193466,74.328491,35.912643
417.796295,98.379036,74.773170,35.870316
418.240784,98.968102,74.875671,35.082504
418.062317,98.870697,75.053848,35.264576
415.987610,98.985657,75.172417,35.353271
419.440857,99.818359,74.468582,35.592701
416.815338,101.032753,70.682381,35.724918
416.773438,101.355461,70.939651,35.878464
415.615784,102.530563,70.069389,35.503952
412.656189,103.309677,70.824486,35.850311
412.922211,103.535393,70.933998,35.952965
414.486237,103.782394,70.131348,35.814686
414.651703,103.893852,70.469124,35.976078
413.849854,106.086861,71.671768,35.981857
413.909271,107.545876,72.368248,35.624245
414.466614,109.129372,72.548332,36.216194
414.725891,109.736954,73.030006,36.436581
415.558563,111.046692,73.724312,36.816994
416.823395,113.185654,73.261581,37.985867
417.802521,114.007805,73.408882,37.697605
418.868835,115.729698,74.015182,36.877666
419.136414,118.493576,75.446503,37.365654
419.267334,118.630661,75.394951,37.481834
419.600861,119.812279,75.139877,37.744896
420.824554,122.235107,74.947716,38.076859
421.818176,125.241280,75.219170,38.122852
421.956848,125.429962,75.462715,38.483410
421.950745,125.441116,75.521194,38.500965
423.062805,125.435104,76.834648,38.751957
423.556732,125.577347,76.818596,39.217213
423.823273,125.539879,77.173607,39.274101
423.990723,125.637550,77.520950,39.563240
424.773529,125.413414,78.242538,39.999519
424.849731,125.084091,78.486526,40.113632
424.857239,125.273499,78.462555,40.482372
424.280579,122.170662,77.758530,41.136459
425.070496,122.186501,77.742584,41.577438
428.023407,120.582932,75.940231,50.321350
429.332794,122.783295,75.433136,51.013802
429.265778,123.432030,74.984009,51.751324
429.378632,123.687866,74.820480,51.946762
425.249817,123.378738,74.305595,53.127441
425.322205,124.869354,73.056404,53.457378
426.301300,126.200508,72.056610,54.312187
425.593903,129.665100,71.334053,55.050644
424.470154,129.409866,70.938423,55.663708
420.819519,131.644760,70.355858,56.324169
420.464264,134.337677,69.424576,56.467445
418.501740,134.867767,66.976265,56.598019
415.350769,139.723434,66.228111,56.686188
418.136047,140.238174,60.937500,58.181202
419.267303,139.515030,59.285927,59.750202
418.301453,140.647522,57.320953,63.704082
417.385284,140.761398,56.900536,64.416359
415.740997,140.146973,56.479591,65.119316
415.591248,140.000061,56.223034,65.821106
416.851105,140.202011,55.072140,66.810677
416.844086,138.355392,54.356239,68.163757
416.350067,142.309128,54.664383,67.341606
417.799988,149.742752,54.157379,65.375710
417.301392,150.600006,54.497841,64.832565
415.119171,152.175156,55.401920,63.986458
412.867920,155.284653,56.593468,61.793274
412.489929,156.953140,58.762722,60.588978
412.240479,157.550369,59.291309,60.414665
412.725922,159.045837,59.724258,58.404076
408.680939,158.294006,60.474518,56.599819
404.414276,160.599915,60.740261,53.548195
399.569946,162.507675,61.414677,51.777634
395.807526,160.740311,62.467110,49.993244
392.181488,159.808685,62.959023,49.858177
386.177612,159.201675,64.435341,50.949200
382.860626,158.805527,63.785721,51.202911
381.059052,158.717392,65.382156,51.721916
378.482605,157.095215,65.224968,53.863720
375.228180,156.837906,65.276787,55.071568
371.203918,157.815857,68.432091,55.264477
369.309265,156.818954,68.206123,55.924610
368.084198,157.274933,68.314682,56.064831
364.995117,157.704605,68.136070,56.510769
364.496399,157.936005,68.379906,57.194099
360.764557,159.919922,68.725075,58.204315
356.021912,161.581100,68.142265,59.886692
352.099792,164.467209,67.831177,61.693108
349.668427,167.476593,68.485077,61.955662
346.653015,169.208710,69.486122,61.142914
345.012970,169.612885,69.815277,61.675156
341.328400,165.920044,70.853447,63.268925
337.389618,167.042084,72.755737,63.677364
330.180359,167.739349,73.190041,64.234581
326.772095,167.186188,72.900238,65.701012
322.904846,159.539917,72.674904,66.871460
2
0
0
0
0
1
373.180573,188.789154,67.665504,81.849380
372.810547,189.621826,68.177734,81.994263
373.176605,189.607590,68.101501,82.500229
376.208527,191.597366,70.179886,81.187477
377.737244,189.142761,70.477135,80.905861
380.217102,185.738647,71.617935,80.410248
375.542480,184.836578,73.337936,80.630600
371.116821,179.299622,74.395386,80.732208
365.961670,170.045578,75.190178,81.616432
360.134125,169.630844,74.913841,80.401367
359.612030,167.793777,75.188866,78.845062
352.236023,169.298309,75.033142,76.735703
