1
262.352112,127.222107,114.346069,82.124153
265.976227,135.324890,112.507317,82.444046
268.078735,138.271408,112.625854,82.692017
269.049927,146.259537,111.230476,83.708679
269.375732,148.969849,110.570091,83.555305
269.809723,148.971069,110.572807,84.160271
273.439240,147.402710,111.456154,83.805138
276.402222,146.986801,112.111305,83.758141
283.703735,143.955688,112.672379,83.493729
290.957947,145.016098,112.095428,83.859459
293.403564,144.482910,111.889626,84.063980
297.793091,143.665329,110.074944,85.228317
301.736298,146.560791,109.242455,84.386574
308.336853,143.515686,107.275871,84.694832
310.707977,139.123291,107.178902,85.113434
311.260406,139.282730,107.290840,85.499855
311.898590,139.707825,107.667633,85.159065
314.665131,139.583908,107.259506,85.083282
318.522186,137.716049,106.578270,84.997337
320.930237,138.179367,107.532570,84.030510
328.160583,135.488892,108.645882,82.245903
330.570007,132.781815,108.495712,81.508217
335.132507,130.527527,107.774948,81.213715
341.408051,121.091209,106.948677,81.041557
343.014862,118.824173,106.417068,81.377571
344.684570,117.378952,105.177177,80.440063
347.548462,116.280029,102.485611,80.751244
350.854797,112.196327,100.131203,80.475601
349.997406,114.154541,104.833847,79.572769
350.615417,114.068954,104.574661,80.263611
352.044098,116.196655,103.506653,80.729256
352.440247,116.450897,103.967094,80.888748
353.297821,118.781418,105.208595,80.150490
353.464417,118.947807,105.406876,80.415634
351.969147,118.831100,105.572639,80.380173
350.616089,115.160095,105.362495,80.488640
348.498291,108.553703,104.442612,80.252815
347.488098,108.503036,104.363220,80.518639
347.281860,103.031204,103.166451,81.384552
350.777679,99.594849,102.186951,79.852402
352.571106,97.348648,102.574615,78.478333
351.262787,93.592270,103.105309,78.463280
350.749969,93.151703,103.178604,78.765884
351.374756,93.094467,103.398613,78.986038
353.425140,92.879166,103.063835,78.655296
353.900543,93.001839,103.308716,78.684082
354.572754,92.819984,103.400940,78.810211
357.444153,92.958267,103.418793,78.752449
357.678680,93.097977,103.465851,78.912331
357.710297,93.163925,103.428162,78.956825
363.055023,94.818512,102.751755,78.475677
363.397766,94.978157,102.186386,78.532753
363.161621,94.630829,102.125626,78.953766
362.555603,94.509460,102.511803,78.952461
361.807465,93.824463,103.587120,78.881065
361.449066,93.748283,103.703667,79.173813
361.307190,93.902191,104.220764,79.148239
361.081390,94.044952,104.338860,79.464157
360.179016,100.352325,103.221481,81.039551
359.825378,93.609154,103.043777,81.054970
357.920319,90.304688,103.129990,80.894043
355.068207,91.170990,103.582527,80.787872
360.628815,109.958572,103.112152,81.617996
361.426910,110.326378,103.159340,81.837158
361.104095,112.277153,103.605110,81.104782
358.546204,114.298035,103.643776,81.044449
357.858185,114.700554,103.882919,81.412758
358.792450,114.726845,102.584030,82.250755
356.848053,115.111557,100.072327,83.461235
358.588074,115.490036,97.702065,83.734161
355.191010,118.263428,97.319283,82.592041
352.623718,114.593925,96.038788,83.374619
354.623688,115.607071,95.085419,83.659416
353.498047,115.050049,93.194839,83.677284
347.614410,114.617142,91.920044,83.020706
348.896820,116.764015,89.057083,82.649445
344.066467,118.795403,87.420090,81.419212
343.280975,118.795326,86.232292,81.698517
339.677277,116.759949,84.496147,82.799377
328.561340,117.749847,81.517708,81.157127
340.891022,117.754097,79.728088,80.565186
339.764160,117.644402,79.016663,81.065430
336.961578,115.997200,78.223587,81.970146
333.840881,110.471947,77.476791,79.847275
330.867462,112.040092,76.955750,79.021873
328.751740,113.901253,76.462914,78.710297
331.450531,113.055626,76.153885,78.894447
333.161438,112.557495,75.561226,79.195107
333.016174,111.358139,75.541740,79.472542
333.745789,110.866646,75.726448,79.540817
337.447235,110.714485,75.826233,80.315399
337.523132,110.747673,75.913788,80.431274
337.708466,110.331406,75.892876,80.386574
337.750366,110.330704,75.935829,80.489174
338.032227,110.000244,75.870483,80.462616
338.119415,109.552048,75.891838,80.477760
337.568512,108.088623,75.694977,80.184441
337.631073,107.996590,75.902145,80.344460
337.631134,107.992393,75.964386,80.364479
337.571716,108.009697,75.926094,80.441063
338.034393,107.429832,75.665451,80.740273
338.158051,107.525467,75.937798,80.933502
338.126740,107.359573,75.971115,80.900909
338.422882,107.701714,75.867493,81.062775
341.753632,103.973869,75.865227,81.410431
341.943970,104.183815,75.921799,81.353928
341.846283,103.933441,75.991554,81.145279
341.168060,104.840401,75.678314,81.286118
337.185913,106.705330,75.842369,80.515747
336.319916,106.399315,76.180862,80.574242
335.292023,107.334747,76.841476,79.867577
335.914001,107.987778,76.976822,79.822052
340.284729,108.476822,77.063828,79.406021
339.377319,110.232635,77.518677,78.863823
343.326782,111.831924,78.098602,78.637321
346.184082,112.680901,78.462601,77.366867
345.530853,115.447945,80.242310,74.241920
352.290802,114.337151,81.141022,72.956825
352.235107,111.370972,81.207375,72.701218
353.798615,115.963730,81.291649,71.699432
356.500061,117.041229,81.614662,71.073853
353.729797,120.344139,81.669449,70.092926
355.174347,125.439430,82.059708,69.608856
344.725494,129.048294,82.486572,67.583572
346.342163,129.009262,82.234604,67.763161
344.580444,131.386551,82.383057,66.526863
345.638397,131.445084,82.398544,66.714638
345.459412,131.072113,82.376099,66.648727
349.656616,133.685074,81.946915,66.706230
352.935638,138.065430,81.242142,65.128883
360.457397,140.627777,80.319054,63.563213
361.163239,149.121033,79.054230,62.158146
359.980347,151.459824,78.280159,62.673489
363.557831,151.953323,76.568321,63.089745
367.224487,153.142426,77.217796,61.972717
369.982513,157.895050,76.506828,61.800209
2
0
0
0
0
1
309.205627,134.857544,64.941833,33.509083
307.295380,133.248978,66.376495,33.787769
304.415894,133.335754,66.666718,33.153683
304.551086,133.670029,67.028862,33.198288
304.290680,134.115417,68.042336,33.032719
303.642395,134.781769,68.749199,33.171940
304.024536,135.245056,68.558891,33.433086
304.407349,135.644424,69.014008,33.304794
304.975311,136.802368,68.335526,33.292072
305.506866,137.130737,67.573181,33.750656
307.065308,139.391846,66.702042,33.717358
310.499573,141.875092,66.247131,34.208046
310.883179,142.528915,66.012192,34.516525
307.176300,140.612488,67.907883,36.173927
306.405121,140.711655,67.248909,36.691471
305.754700,140.760437,67.136696,37.097500
303.996826,141.272949,64.411652,37.504051
303.978577,140.636093,63.846340,37.954777
307.786316,139.916702,63.756195,38.193638
307.635193,139.501511,62.059338,38.616760
310.142090,139.290802,58.594177,39.119347
312.541901,141.306427,54.753433,41.792908
315.915710,139.779037,52.515629,41.536995
312.639526,142.975571,59.360104,39.056931
313.330841,144.434586,57.909691,38.287437
316.896942,144.654999,57.249508,36.988728
325.586914,144.612274,56.924168,36.985622
327.602295,147.335159,57.869228,37.190079
329.720764,148.410614,57.719246,38.088608
327.465729,152.239471,57.413555,38.844303
319.415344,153.980316,57.150902,39.566303
2
0
0
0
0
1
354.566010,114.188446,74.173813,32.412750
361.528870,112.920860,73.652374,32.144405
362.696594,112.943527,73.836510,32.501308
362.684052,113.126709,74.029129,32.971321
370.190247,109.872986,75.712547,32.184513
370.276367,109.941612,76.002090,32.400246
372.251892,109.758110,76.751114,32.442287
373.043884,109.359322,77.816116,32.798885
381.020203,108.025108,76.820114,33.038349
386.023254,108.422638,75.833244,34.023945
388.645050,106.905464,75.597076,34.633556
389.568329,105.176758,76.065269,34.966248
391.605713,104.664284,76.757332,35.251568
402.141541,102.949631,76.502388,36.589626
405.399170,100.529930,76.581688,37.387306
408.440552,97.002029,76.279167,37.845398
415.991699,93.375740,76.400085,38.042732
414.715393,92.457664,76.921028,37.180782
414.754059,92.636673,77.089592,37.441723
416.043121,93.225571,77.114159,37.856113
415.991028,93.904991,77.877777,37.465233
416.302063,94.048477,77.951683,37.477779
415.667450,96.054573,78.074715,36.195431
415.894653,96.702255,78.840149,36.114422
415.896088,96.882065,78.909119,36.491638
418.713684,97.798424,77.771568,36.763142
418.376373,98.799385,75.653343,36.866112
417.437561,99.244957,75.046173,37.400967
414.607361,100.980652,74.389053,37.095497
409.533997,101.702599,74.318665,37.176762
410.347168,102.090309,74.210251,37.511166
412.342865,102.382950,73.689728,37.707962
412.493530,102.562668,73.949509,37.995468
411.968933,104.151657,75.547264,37.672577
412.271057,104.652092,76.064102,37.754436
415.172333,106.295883,75.959999,38.330978
415.563171,107.221497,76.076790,38.498825
415.612946,108.859734,77.401077,37.993317
415.643188,112.139587,76.915718,38.827370
416.887085,113.537361,76.829475,38.746407
417.378204,115.221123,78.069557,37.641254
417.367645,117.626877,78.695190,38.537781
417.546326,117.973122,78.952293,38.945045
418.040375,117.895081,78.638657,39.723660
419.257050,119.930901,79.133530,39.760101
419.710449,121.533295,79.586784,39.987637
419.915680,121.541397,79.959595,39.981583
419.855835,121.900650,80.195847,40.053482
420.350220,122.041290,80.670303,40.299511
420.519531,122.151405,80.952751,40.476971
421.345764,122.226463,81.050316,40.497494
421.735626,122.236916,81.484436,40.553284
421.940918,122.639565,81.500351,41.050774
422.218262,122.212624,81.908173,41.749271
422.262238,122.338104,81.959511,41.981903
422.306427,122.238342,81.898979,42.057064
422.614960,122.361023,81.886803,42.593250
422.958344,119.381821,78.530380,49.419533
425.923737,121.668739,77.691582,50.425373
426.100159,122.899620,77.666328,51.247414
426.332062,123.121956,77.880089,51.439728
419.849915,122.492950,77.168106,54.377712
420.243317,124.731522,76.828903,54.639515
421.211395,125.441666,76.667534,55.310181
419.426239,127.380562,76.587158,56.014416
419.921234,127.645332,75.853966,57.740696
418.499786,130.451843,75.266617,58.125618
417.150299,131.925125,74.812485,58.507343
411.447968,133.513580,73.584084,58.988689
410.367950,136.765793,73.271294,58.906811
415.092590,135.353577,66.364655,60.970356
414.401459,136.228943,65.386925,61.345650
413.699310,137.829254,63.979263,62.336472
410.432434,137.184296,63.809868,62.335945
408.322479,135.205627,62.786495,62.804573
407.513763,134.786102,62.696941,63.316292
406.076294,130.005737,61.634373,63.417019
405.332611,123.722527,60.986584,64.528824
399.973541,123.526024,61.352833,65.719521
398.920288,128.444901,60.753502,65.252754
398.428711,130.234024,62.475216,63.574284
399.863281,131.674103,62.648777,63.351292
403.715698,138.455963,62.403564,63.964626
406.680939,144.486359,63.974007,62.530968
406.866547,148.180695,64.380020,61.256134
407.787415,151.618179,65.099533,59.358326
407.321167,152.874771,65.391525,58.269329
403.915955,156.027039,65.614296,55.650951
400.535614,157.147339,66.939072,54.762825
399.011261,157.723709,67.677299,53.938583
396.838867,158.163025,69.210045,53.483650
390.856232,157.186050,70.706398,53.890808
387.149261,156.170609,70.513176,54.303791
384.273743,156.255081,71.159882,54.436443
381.163025,154.804916,71.043877,55.340881
378.054260,154.741501,71.373955,55.375957
374.341125,154.815720,71.618690,55.658836
370.539886,152.780319,72.964554,55.991734
368.679993,152.841003,72.947571,55.933811
366.852875,153.123322,73.010742,55.632420
366.722565,153.232849,73.515236,55.883640
363.814484,153.910477,74.364166,55.742428
359.837158,154.667313,74.416687,55.562405
356.214783,155.630905,73.733337,55.652821
352.931793,157.675507,74.657166,55.716602
350.694214,159.370972,74.658730,56.088375
348.114807,160.318604,74.782806,57.098259
345.944916,160.608124,74.653900,57.790890
343.255066,162.763153,75.038773,60.157902
337.637024,163.813766,75.982613,61.375847
331.288086,165.325394,76.135399,62.962318
325.284882,166.022079,75.611435,65.869751
322.101379,162.453339,74.785217,65.420692
320.277985,158.513168,74.022720,65.529808
2
0
0
0
0
1
368.113861,186.845963,75.880356,85.907112
372.953308,187.487823,75.989174,83.422401
374.134186,185.251785,76.162125,82.886414
367.733124,179.678787,76.580597,84.009842
364.731079,179.692444,77.793961,84.041313
355.594940,179.233368,79.284889,83.273933
355.460388,178.495880,79.725136,83.105072
351.533875,177.737610,80.318184,82.249451
343.546417,180.394363,80.511528,81.480644
339.533905,183.178253,80.062675,80.529633
