1
142.814178,72.758492,51.818512,54.825642
142.324036,73.527199,51.781273,54.847775
141.639252,74.563736,51.778706,54.834610
141.355713,75.802498,51.935024,54.995949
141.203705,78.930374,51.772705,55.005627
138.131622,81.211739,50.959476,56.413544
134.671478,81.155518,50.639404,56.608425
137.104309,81.071953,50.437748,57.083103
139.538834,79.088615,50.240002,57.580227
141.378128,84.186279,49.717674,57.814335
142.667175,84.714813,49.503456,57.132252
144.858002,84.747177,50.260899,57.362976
146.091019,86.868980,50.220596,57.780876
144.016098,87.961601,49.844177,57.548733
142.117859,91.367043,49.655907,56.320911
140.555161,92.775581,49.591187,55.570618
138.941788,94.580139,49.724323,53.634464
134.505173,93.625381,49.624821,51.529808
132.984299,92.354507,50.698151,50.521362
127.735023,92.198814,51.524086,49.613655
126.937973,92.262062,52.054474,49.692719
2
0
0
0
0
1
179.224960,74.012543,63.988846,65.542801
168.116547,76.200928,64.290466,66.777443
165.569351,77.513954,64.352737,66.069756
165.354675,78.027306,63.359676,66.103317
165.938156,78.852211,62.017460,66.004608
167.363373,79.631798,61.177830,65.826294
168.148514,79.838547,60.820637,65.955551
168.576141,79.697510,59.557144,66.123169
169.595306,79.662575,58.800270,66.493179
169.124054,79.755806,58.775913,66.400482
168.992767,79.327492,59.169395,66.785912
167.928665,78.647339,58.763794,67.901833
166.102356,77.712929,55.962811,70.423553
165.551651,77.880043,53.712395,71.023148
166.175674,78.675072,50.946457,69.827492
164.831818,80.293503,50.277565,68.081825
165.042953,81.248436,49.123100,67.927101
165.147354,81.692940,48.556286,67.700859
164.052612,82.061401,48.200554,66.785004
2
0
0
0
0
1
78.466957,38.558220,37.230389,42.366520
73.622688,37.656700,36.429436,42.259586
69.109169,37.070332,36.255714,44.310482
65.179581,37.603123,35.740959,45.823692
60.671280,36.130672,36.309036,49.567062
53.641132,38.227913,37.728710,50.545460
49.505516,42.779842,38.049438,51.222046
46.095356,46.415386,39.130241,51.913364
45.772182,50.759857,39.762814,51.177399
49.477322,56.683533,42.433300,53.043308
50.136353,56.371964,42.671272,52.758118
51.392593,56.078201,43.963806,49.990494
54.905239,53.558346,47.366539,48.409592
68.825768,54.157467,48.785946,47.236591
82.224670,57.963970,49.257404,47.101536
2
0
0
0
0
1
184.008545,75.264481,39.541004,69.640564
182.622177,76.525772,38.462170,69.085472
183.935760,80.137970,38.217533,67.326584
186.261566,81.488174,39.143391,68.155930
189.841690,81.859993,41.886665,69.803604
191.118774,80.760124,41.762672,74.221420
190.190094,78.984184,42.902294,77.565979
189.955704,77.755028,44.453434,77.069839
187.156723,77.186813,44.808346,77.414513
182.495300,75.739136,46.020023,78.102730
177.917969,77.452049,46.529934,75.923981
177.259903,78.337440,46.487782,75.304207
174.381622,79.866241,46.264275,73.914986
170.747589,81.371071,46.484550,71.041077
166.746201,82.896111,45.639061,70.307167
163.193115,82.835457,45.790241,70.232018
159.036591,82.764984,45.106361,69.762772
154.800369,81.679146,45.383156,69.894531
2
0
0
0
0
1
126.760056,49.383373,73.831619,78.049156
122.643898,59.465759,73.126373,76.002548
113.353539,65.871651,72.463501,76.005989
105.156998,69.726181,72.296883,73.446663
2
0
0
0
0
1
209.661667,97.466789,56.119049,53.738461
214.911255,100.237938,54.971348,53.909473
220.759613,101.748116,54.674068,53.091042
223.584152,105.327972,55.233723,52.871712
228.098053,111.986008,55.714718,53.003845
227.794525,115.269310,56.663643,53.118000
223.388596,118.114059,57.187988,53.615597
223.528259,118.032021,56.464306,55.173645
221.980591,118.531166,56.529667,55.564445
221.362335,118.574387,56.665993,56.079723
217.969879,118.200401,56.461620,56.460300
213.971054,121.058357,55.228584,55.628826
207.607101,117.312378,54.245247,56.712845
204.078857,119.178009,54.342514,54.578400
203.190369,114.624916,53.330349,53.038589
207.096832,117.613266,52.818878,51.997330
210.723236,116.868279,51.347858,51.021988
2
0
0
0
0
1
128.659973,60.579586,61.471409,85.500000
136.506363,65.317566,61.424644,84.597992
141.326324,72.297791,61.279427,79.976013
146.992630,77.804787,60.520134,76.026344
2
0
0
0
0
1
125.046028,74.232750,42.853409,68.763954
133.930557,80.477570,45.706268,69.395103
128.645981,88.330345,45.950974,61.391968
130.013275,86.714409,46.195187,60.335903
2
0
0
0
0
1
228.706467,115.921219,57.340931,51.445370
231.018280,115.489754,56.110947,52.049809
232.025208,116.304985,56.214672,52.465462
232.179550,116.821823,56.530224,52.114956
232.648422,117.368904,56.317284,54.221676
232.203461,118.744766,55.669323,54.642166
231.577713,117.643486,54.772694,57.605175
231.779694,117.421173,54.683842,57.980389
232.048965,116.136101,53.420490,57.674187
232.580826,117.099991,51.502914,55.110882
233.740387,116.706474,51.058781,54.339664
2
0
0
0
0
1
173.706024,55.551819,49.380013,57.885696
173.857956,53.493565,52.107960,61.073864
176.093719,55.263390,52.848541,65.288025
181.432114,58.606922,53.412598,67.709702
182.458099,58.481400,53.897903,67.577019
188.514679,58.697067,52.671116,70.256256
186.493546,69.141563,52.250954,69.107162
183.972778,75.151077,52.003479,71.854370
184.243607,75.586533,51.992165,72.406044
184.036774,75.676003,51.724350,72.457832
2
0
0
0
0
1
223.944016,54.993023,51.259537,49.055275
219.925842,55.069382,52.926483,48.853092
213.430786,53.249893,54.511990,48.324951
207.254501,52.188309,55.226490,47.810474
197.144211,49.965561,55.224419,47.951370
193.774933,50.059143,55.129639,47.685921
185.474213,53.394646,56.192215,49.620689
185.046814,57.912693,53.536137,52.144226
183.673798,67.899139,53.037292,52.689644
180.830322,73.029350,52.435158,53.507866
2
0
0
0
0
1
85.543335,37.273006,41.924583,47.469719
76.666939,36.345146,40.598492,46.908142
70.404625,36.091537,39.148346,45.728992
65.032127,37.139172,38.473534,45.664936
61.829300,40.206543,37.485321,46.761078
59.369881,44.451092,36.438560,48.810360
59.449131,48.099266,35.838299,49.377171
62.185448,55.150253,35.593212,49.584225
68.512466,66.473854,35.732277,50.203152
73.945396,80.627632,37.553741,48.842007
79.011841,89.228271,38.257710,47.761753
85.807785,94.924850,39.151035,49.875301
101.687820,110.295868,39.330551,50.137264
101.715500,118.218193,38.338787,49.521984
100.750885,130.758301,38.030632,49.173637
100.293930,135.005341,38.269974,47.859173
100.052467,135.845612,38.725658,47.458336
100.660645,133.636536,39.870457,47.523052
99.532288,130.919708,38.580456,48.210754
98.160950,128.665665,38.877342,48.859882
100.449928,124.608109,39.933418,49.306896
104.147705,126.382378,40.435940,48.427544
108.974167,127.703957,39.739788,48.396095
112.684891,130.419617,38.636749,48.224838
114.774567,131.417526,38.288311,47.591515
117.090523,131.460037,37.471985,47.625511
118.676010,131.194870,36.772800,48.000862
121.629860,123.107201,36.203903,50.065456
122.803894,117.988609,36.432961,54.602280
121.377731,114.842209,36.434425,57.794006
121.470047,110.590134,36.740440,61.357410
122.184433,107.526215,37.198906,64.099350
122.344856,102.031471,37.793812,65.609299
124.690834,101.025238,38.573238,64.525131
126.322449,99.955673,39.254662,64.567238
130.296448,97.585533,39.664486,64.437225
133.468796,98.500633,40.363186,64.420799
134.447357,99.062065,40.678673,64.705109
135.757751,99.724541,41.041344,65.643204
139.992462,98.669792,41.868011,67.771194
144.475662,94.905594,42.803173,68.836044
152.921310,88.300697,45.086170,71.368019
160.285507,84.920113,45.582188,71.494766
166.804382,82.407906,46.522560,71.420242
173.233780,79.238495,46.299950,70.944260
178.347794,78.173691,44.451469,70.682907
182.374756,78.199776,43.666260,71.938431
184.588699,80.286690,43.806862,71.380051
186.299500,83.011398,44.080677,68.567596
185.632980,83.947327,45.964325,65.995216
2
0
0
0
0
1
96.987114,68.070831,55.581181,62.405430
96.527702,68.289551,55.337624,62.568085
96.870140,69.122421,55.320152,63.038982
98.520554,69.896126,55.774231,63.867203
99.165901,70.252769,56.001015,64.051300
99.546097,70.509216,56.440197,64.564972
100.824257,71.911880,56.196960,65.193932
102.984863,71.708000,56.135284,65.948952
106.054832,73.171707,56.382202,66.060532
106.498222,73.594833,56.451450,66.722031
106.681770,73.834908,56.388641,67.097092
