1
148.033478,67.437469,48.368393,53.430649
148.079056,67.564354,48.380566,53.495361
147.951492,68.375084,48.368900,53.591255
146.528824,70.426773,48.777100,54.217739
145.874573,71.457138,48.597988,54.379486
145.310410,71.136757,48.728397,54.604736
144.672653,70.962051,48.766045,54.946785
144.664032,70.428665,48.783131,54.802086
145.858673,67.679932,49.255554,55.839638
146.767670,66.891891,50.452858,55.639374
147.884277,65.658997,50.423138,56.054634
153.598877,68.245659,52.337582,57.985939
162.155121,66.008537,51.533726,62.730816
176.619583,69.539185,52.914925,71.019096
180.277023,72.338379,51.340134,71.420067
182.091644,73.240921,50.145390,71.178535
182.413666,73.791466,49.996159,71.409126
181.912445,73.927414,49.323475,71.876945
177.872559,76.430946,48.361759,73.370102
178.144333,76.475967,47.786522,73.495613
175.952881,79.196404,47.973007,73.054840
175.528870,78.429207,47.636177,72.937050
174.809708,78.139587,47.361801,72.516006
173.203308,76.973656,47.107491,72.297386
172.729065,77.220131,47.479340,70.125107
172.518936,77.798820,47.425797,69.145439
171.406738,79.093658,47.312828,66.557899
171.241669,79.391853,47.756676,66.594566
170.880615,80.125481,48.042358,65.894142
170.970108,79.917656,48.384266,65.612579
2
0
0
0
0
1
202.720032,93.061424,55.149319,45.662323
196.618317,88.297020,54.319935,45.569550
187.639633,83.459785,52.724079,46.256321
174.994186,80.938988,51.966652,46.787785
169.762100,80.089447,50.886341,48.738503
168.459015,82.599464,48.745346,51.647770
165.706314,84.778038,47.789135,53.401917
166.162018,85.561356,45.578033,54.068005
166.355103,86.700371,45.988525,54.329060
166.031372,86.001709,44.733028,56.259556
2
0
0
0
0
1
78.387619,37.349056,39.902538,42.843052
73.448860,37.192963,38.323013,42.883099
68.640533,36.528294,38.193642,43.838745
64.413979,37.130020,37.461956,45.566578
60.376518,36.257835,37.596409,49.475983
54.555298,37.849480,38.809032,50.302200
49.549931,42.053921,39.149643,51.327564
46.594891,45.447571,40.000130,51.585266
46.142414,50.028542,40.947792,51.296974
48.458523,55.354656,42.193573,53.786373
48.737827,55.756584,42.710247,52.554237
47.963081,55.697311,43.604191,49.939232
47.216904,53.232563,45.585274,47.834915
2
0
0
0
0
1
175.817139,71.604507,43.424900,77.463142
176.623734,75.718513,42.735962,76.799767
178.681137,76.565094,42.538002,75.858871
180.559296,77.138794,42.056179,74.966995
182.624069,78.813293,42.087364,71.514832
185.057297,79.550430,42.296371,71.655594
189.568604,78.073143,43.727116,75.557571
190.137665,77.496155,43.400185,77.506966
189.910156,77.925835,43.660980,78.563080
189.431854,77.514969,44.804939,77.587296
186.404678,76.920219,44.976391,77.764503
183.502167,76.096001,45.291763,78.735229
178.975906,78.056076,45.996746,75.910034
177.906799,78.891388,45.586872,75.142532
175.672607,79.755966,44.689445,74.718727
171.504272,81.464233,44.696953,72.552231
167.555069,82.775406,44.017338,71.656418
163.573090,83.147652,44.372757,71.329674
159.482071,82.883171,43.547962,70.241615
155.595230,81.115341,44.252747,70.187683
2
0
0
0
0
1
125.390900,53.057880,64.701401,78.724380
121.137535,64.748444,65.881470,75.788849
110.273621,70.352364,66.454475,76.491844
106.263237,71.836327,66.164101,73.741875
2
0
0
0
0
1
200.449905,96.760529,58.236271,59.320675
186.620834,98.978622,57.814369,58.529369
178.098434,97.840813,56.596272,60.939789
176.154007,97.535698,54.803120,61.527111
175.478592,97.457268,54.148582,62.637363
174.812943,97.527069,54.002270,62.998737
174.831696,97.442955,54.133942,63.021378
174.618210,97.462082,53.883850,63.808380
174.036469,96.833015,53.795937,64.350143
173.484848,95.750687,53.384987,64.827835
171.589325,94.691788,55.362148,63.020828
170.922668,91.981209,55.635323,63.546715
169.163269,90.625671,55.294762,64.993774
165.076370,85.560738,55.033825,64.339226
161.807983,84.692650,55.073143,63.851425
153.061905,85.401718,54.610676,62.672882
137.004883,82.286301,61.349525,62.622185
128.340790,79.715103,60.046757,63.966259
129.136719,81.193611,60.210873,63.563309
129.918732,81.190208,58.812626,63.630791
130.980957,81.390656,57.363579,64.534370
132.002899,83.117035,57.199474,66.108818
136.220642,83.784836,55.985050,65.475510
141.501755,82.446068,53.743317,65.602234
144.990784,85.184227,53.856373,63.376572
150.960953,86.511581,51.167557,62.415947
2
0
0
0
0
1
114.889084,70.944038,38.143620,61.917461
124.816917,69.969582,38.601830,60.662117
130.123566,76.347427,39.904640,59.618427
127.794441,87.331238,39.455719,53.378967
130.078461,88.336266,39.580307,52.784615
2
0
0
0
0
1
209.284851,123.014580,58.286293,55.799278
213.600388,125.211456,57.103481,58.256485
216.398697,127.378181,56.342449,60.058685
219.064117,132.455643,56.754215,57.041836
219.349426,131.932480,56.745350,57.149662
219.710327,132.568039,57.967602,55.071716
219.318817,133.532257,57.898533,54.886364
216.356918,136.524918,57.860233,54.559574
210.849976,127.028587,57.312302,53.306160
207.253128,120.496620,54.028484,51.415787
210.139450,107.209473,50.436592,52.259426
204.278442,99.373238,48.723476,52.399097
194.158661,93.594627,47.397270,52.645226
188.194748,92.721489,45.683964,53.220619
188.201309,91.124275,42.738945,53.913551
188.401962,90.319397,42.888500,54.971287
188.405182,88.703880,43.282181,56.779900
188.323502,88.311836,43.738445,57.506577
188.195450,88.158791,43.939205,58.443714
2
0
0
0
0
1
222.993439,54.139141,48.389683,54.353951
221.868271,57.048870,47.369877,53.223362
218.450165,59.300686,47.638542,50.666313
214.416840,61.541515,47.051804,48.288715
212.770370,62.775517,45.829899,46.051548
207.222717,64.356201,45.731503,45.080887
197.747437,67.528702,47.295288,47.472977
195.333679,67.113686,47.286278,47.293053
194.050430,66.637726,47.355095,47.271927
193.280258,67.332993,47.745808,47.061504
195.245697,69.553207,47.489357,46.963505
195.388748,71.494911,46.751080,46.798550
193.673889,72.799324,45.893299,46.643654
194.107590,73.484436,45.196926,47.236748
194.283127,74.023514,44.445129,47.416748
187.505798,77.768723,44.413994,46.674332
185.405289,79.648323,44.431667,47.267345
182.840424,82.278580,44.162128,48.216492
2
0
0
0
0
1
86.731033,37.677979,37.591454,44.743340
78.137108,37.311924,37.113743,44.219913
72.146667,36.512970,35.615719,43.503674
66.917213,37.974537,35.273911,43.866417
62.903877,41.446823,35.330288,44.757122
60.280392,44.813057,34.598869,47.636345
60.293156,47.464363,34.612152,48.141441
62.463161,54.403412,34.665722,49.116165
67.538712,66.681091,35.076870,49.541519
73.809952,81.897621,37.634048,48.137482
79.650696,90.981819,37.950344,47.209282
87.407028,96.535797,38.652603,48.071571
100.849632,111.129272,38.455986,48.340305
101.317070,120.926910,37.695259,47.436390
100.349068,131.055435,37.160439,46.121487
99.865982,136.649948,37.297096,45.321880
99.681198,137.399933,37.914238,45.169884
99.752060,134.701523,38.472019,46.132332
98.139717,132.052521,37.933594,46.997898
98.054771,131.513336,38.019386,46.758442
100.393204,127.376526,40.070545,47.351021
102.259781,127.276634,40.648987,47.090389
107.721954,128.046661,40.081512,47.709160
110.829788,129.678680,39.535603,47.768127
113.928696,130.308212,39.000011,47.437469
116.215088,130.189011,38.094406,47.513214
119.411736,129.481918,37.056969,48.355709
123.308151,121.325027,36.581833,49.723106
123.055557,116.307846,36.583534,52.782982
121.540375,111.159462,36.253853,57.200996
121.994904,107.129982,36.523830,58.370872
122.812134,105.938141,37.015362,59.275921
122.491798,102.908638,36.821743,61.374744
125.613640,101.250854,37.613834,60.976665
128.050110,101.350807,38.546638,60.484406
130.102676,101.950424,39.013329,60.767876
133.248001,101.983948,40.175529,60.574905
135.126053,102.588669,40.563755,61.462963
137.011795,102.829384,40.675121,62.164848
141.732544,101.915123,41.533318,63.743790
143.479416,97.272301,42.090023,68.207809
151.339920,92.698181,44.606506,70.963219
159.050354,87.400436,45.815132,71.494514
165.538589,83.796074,46.667801,71.075897
172.519318,80.397217,46.799679,70.488182
177.999390,78.262314,44.320606,69.994270
181.163284,77.783188,44.219517,70.930237
183.783524,81.215073,44.907398,70.105461
185.611755,83.520531,45.590340,67.968948
186.236084,83.316154,47.147400,65.989677
2
0
0
0
0
1
97.771027,68.787003,54.855026,55.146469
97.659035,68.324577,54.172798,55.823944
97.827461,68.632645,54.537460,56.003658
99.750015,68.833206,55.539413,56.817825
99.894035,68.756615,56.157036,57.046394
100.097458,68.586143,56.643265,57.555195
100.831947,68.387482,56.908897,57.922314
101.796684,67.652863,56.545235,57.792698
102.629639,67.659973,57.414585,57.495335
102.704933,67.759415,57.477882,57.343521
103.265503,67.523651,57.459419,57.174545
