1
150.586487,69.594154,47.396133,50.025867
150.351425,69.845467,47.357597,50.521519
149.451996,70.398148,47.462936,50.809231
148.769714,70.757874,47.517673,50.917366
147.568024,71.107521,48.005981,50.710903
146.757202,71.638893,48.544003,50.870934
145.870255,71.045036,48.625877,50.889439
145.839859,71.027779,48.902050,50.941620
146.232529,70.708885,49.070393,50.685257
147.680878,70.173569,49.445938,50.781967
148.645477,69.781326,49.600548,50.821812
151.719620,69.422470,50.350510,53.487877
154.663422,69.256569,50.596428,54.981266
164.973099,68.679413,50.808762,59.593315
177.344513,73.751541,51.081898,66.081894
180.861176,76.113121,50.230301,67.098564
181.602524,77.473694,49.780651,67.745468
181.544510,77.601303,49.712246,68.167625
178.250732,76.618149,48.313007,70.991547
177.988876,76.547173,47.825352,71.606613
175.747772,79.197388,47.756355,72.211449
175.454041,78.310959,47.374985,72.149261
174.395279,77.584061,46.822479,72.053741
173.560318,76.669571,47.459686,71.098824
172.924622,76.349846,47.296082,69.528648
172.482559,79.569283,46.868332,67.019051
171.102554,80.102829,46.872414,65.122276
171.135208,80.184631,47.363197,65.092239
170.933472,80.797089,47.744259,64.094444
2
0
0
0
0
1
198.632126,94.152222,54.717094,50.941738
188.293884,89.401421,53.935516,50.379002
173.803101,84.998238,54.075016,50.324688
172.702972,82.080505,52.970463,51.385551
170.278000,81.581207,50.992947,52.670059
168.789368,80.802490,50.155716,55.994602
168.757309,82.460327,48.878590,57.874966
166.091965,84.530807,47.697330,57.559143
166.754074,85.922668,46.419327,58.015053
166.528992,86.638496,46.172825,58.371029
165.088760,85.217682,45.951401,59.674656
2
0
0
0
0
1
76.307991,33.471157,45.117115,49.878559
70.679909,33.930424,43.839394,49.174709
66.130226,33.616405,43.236980,49.845100
62.512657,34.757992,42.087837,50.745823
58.298763,33.587029,42.742779,53.852367
53.463341,35.553253,43.348217,54.960781
48.392117,38.787491,43.244785,55.355186
45.117313,41.768749,44.549477,54.098198
44.528667,45.581837,45.328350,53.528618
46.470913,48.982399,47.085167,54.481415
47.954990,50.517841,47.277603,54.464886
49.935535,50.793709,48.715942,52.580635
53.151855,52.570580,50.352398,51.438778
62.477207,51.720890,52.491440,49.447105
77.132088,54.196045,52.838760,49.064075
2
0
0
0
0
1
184.023483,80.769020,40.270309,63.275742
183.365021,81.242386,38.531296,63.065819
183.653931,82.466705,38.619701,62.779324
185.818451,82.532593,39.174309,64.036766
189.601624,82.199501,41.164368,66.197449
190.556320,81.450447,42.384403,69.304649
190.079437,80.691971,43.975464,74.792244
189.630600,80.554886,44.331051,74.517120
185.999542,78.068153,45.350094,75.638962
182.139938,75.669922,45.978954,77.591415
177.501114,77.497192,46.512970,75.976479
176.851547,78.356331,46.487782,75.304207
175.195938,79.262802,46.643417,74.324921
171.143250,80.718521,46.938622,71.254913
166.906326,81.920570,46.032223,70.726929
163.247192,81.791954,46.149555,70.973892
158.604813,81.964333,45.802921,70.012299
155.199265,81.653999,45.261868,70.301727
2
0
0
0
0
1
127.957718,55.355358,61.073288,74.550018
122.515236,67.836250,62.880661,72.609840
111.579849,72.672318,63.448494,73.420204
2
0
0
0
0
1
189.165604,94.794983,60.344692,58.289478
175.925125,94.372559,59.397633,59.881565
173.758896,94.167572,57.140068,61.052109
173.368820,94.467758,55.360073,62.503162
173.470947,94.175514,53.672523,64.259613
173.961746,92.724678,51.775475,67.818039
2
0
0
0
0
1
212.519638,122.906769,47.281216,37.088169
211.609451,122.995651,47.714729,37.056885
213.837769,117.712303,46.775291,35.977947
216.100189,111.323555,45.178223,36.178543
220.580246,113.277687,44.787128,36.160492
221.160110,113.581406,44.719521,36.487404
2
0
0
0
0
1
133.084198,60.916302,56.545284,71.906204
138.615417,70.966118,57.642166,71.353371
145.777313,77.592186,56.640415,70.093239
2
0
0
0
0
1
114.071457,71.627792,43.979877,69.964767
123.994339,73.881508,43.835495,68.852180
132.321976,78.950661,46.996197,69.908554
128.486328,85.944069,46.013420,60.376236
129.578064,85.673889,46.617287,60.091007
2
0
0
0
0
1
225.548996,111.317436,56.136993,55.009102
227.512650,111.241714,55.444866,55.844326
229.318359,114.140884,53.942284,57.112846
231.516693,116.266914,52.035290,57.643818
231.943680,117.201912,50.916691,62.019821
231.811691,118.203156,49.331974,61.154167
231.378632,115.757149,48.371281,62.600513
230.570633,115.686676,47.526329,62.532162
231.805069,113.968063,45.376507,61.255508
224.328323,115.153946,45.361706,57.033100
226.646942,113.020279,44.775215,56.663345
220.193619,111.738441,44.907112,53.531845
221.738571,109.849556,43.992073,53.736477
2
0
0
0
0
1
182.662994,43.284557,47.165813,49.157803
188.387817,44.363995,46.458324,52.050457
194.101456,45.547859,45.867649,53.631077
201.015045,46.106800,44.789356,53.749264
210.088455,50.501808,45.159500,54.222801
217.894867,56.687599,44.664696,55.478668
226.476425,55.490597,42.964706,54.231117
226.907806,60.536263,41.163109,54.601791
224.722153,62.260910,44.251347,51.452190
218.615341,64.249619,43.991707,49.806080
217.067047,64.888573,43.125206,48.786808
214.317352,63.435623,42.756668,48.988396
213.355545,62.570332,42.177071,49.700306
213.733704,62.106792,42.155655,49.586414
221.056046,60.101036,42.190533,49.159340
221.177551,56.618561,43.675381,48.850372
218.878693,54.123398,44.147541,48.430561
214.547180,51.552219,44.240551,47.514210
204.547089,50.147381,43.646538,47.231190
197.550171,50.178120,43.993732,46.407238
191.465973,50.795425,44.066456,45.976528
182.290054,53.486279,44.501297,45.918232
180.283356,60.781792,44.831062,47.118080
180.397766,65.062851,44.894894,49.988426
179.743149,67.317169,44.776814,50.601967
2
0
0
0
0
1
72.515060,35.140865,40.147953,44.518616
67.285461,35.922924,39.794605,44.717171
63.104561,37.002422,39.673706,44.788799
59.370922,40.175568,39.478466,45.690392
57.887066,44.119747,37.844891,48.515514
58.088055,47.636089,37.462845,49.344135
61.181801,54.222672,37.292397,49.763481
67.786789,65.844940,37.360012,49.692749
75.225464,80.684593,39.052574,47.933807
80.652138,88.835068,39.561588,47.054253
87.576508,96.579140,40.462429,49.337429
101.411835,109.764496,39.808804,48.415550
102.355789,119.368057,39.178684,47.611847
102.076210,130.205399,38.953674,46.807800
100.124260,135.762527,38.804234,45.803993
99.928543,136.597015,39.253613,45.668518
99.979530,133.864105,40.641994,45.880299
99.351212,131.859146,39.513905,46.564423
98.367516,130.542130,40.114044,47.314480
99.466080,127.157219,42.752972,47.225315
101.013420,126.697693,42.905891,47.200417
107.252228,127.673508,41.532990,47.540649
111.088402,130.192078,40.455711,47.280479
114.471352,130.542343,39.416958,46.713261
116.522469,130.554459,38.149830,46.783684
118.820747,130.139343,37.251266,47.012310
123.182251,121.590790,36.767471,49.556690
123.421791,116.810616,36.538147,52.248989
122.531715,110.536705,36.619274,57.085281
121.991119,106.721825,37.481392,59.867569
122.022720,106.722534,37.485107,59.932796
121.986794,104.285942,37.169262,61.532768
124.277863,102.124001,38.088661,60.970520
127.918068,100.916245,39.045513,60.533249
131.376770,102.502312,39.407784,61.307381
132.144257,103.325493,39.661209,61.728455
132.616577,102.973900,40.220146,62.664333
135.339172,101.936188,40.919113,63.936646
139.718506,101.145134,41.305557,65.618011
142.484741,97.781921,41.716560,67.217560
151.291260,93.726105,43.523117,70.764214
159.515381,89.358917,45.287395,71.260971
166.860565,86.008484,46.066319,70.323837
174.373734,82.939331,46.240108,69.361313
179.449783,77.927048,44.772457,70.028862
181.725388,78.315720,44.524227,69.834709
184.179657,81.711845,45.457771,68.295723
186.012085,84.487030,45.857597,66.430481
184.950333,84.284996,47.259068,63.290176
2
0
0
0
0
1
97.543831,68.771217,56.463360,62.645782
97.094025,67.914795,55.383629,63.460636
97.231194,68.462738,55.423641,63.566624
99.248985,69.309937,55.496082,64.347458
100.717308,70.760056,55.724442,64.396660
101.203171,70.921928,55.947094,64.577232
101.234924,71.733711,55.781975,64.991150
103.243492,72.160385,55.762592,65.040710
104.836990,73.822060,56.046768,65.458267
106.822327,74.749023,56.521576,65.527596
107.327469,75.093094,56.845028,66.167061
