1
146.188156,68.216606,49.319187,58.349545
145.855011,67.776779,49.362179,58.370621
145.425400,67.703262,49.455261,58.305717
145.143814,67.685631,49.402115,58.435890
144.982437,67.584816,49.364784,58.511433
144.830261,67.668877,49.387970,58.931477
144.039963,67.298996,49.667831,58.751732
143.693665,67.121063,50.662376,58.304218
145.526810,65.685066,52.773666,58.017426
151.022003,64.780243,53.970406,58.593140
151.349335,64.649902,54.038979,59.194141
154.939819,63.505001,55.442631,62.343521
169.247513,62.992535,56.053917,68.641731
174.951767,66.437805,55.791771,73.717094
177.434586,69.403267,53.938671,74.490479
178.398499,69.854958,53.066460,74.328468
178.950485,70.301987,53.109982,74.348503
179.076324,71.635460,52.378265,74.278641
175.995590,75.407921,50.828136,74.660965
176.637344,74.907074,49.613792,75.114708
175.398438,78.229538,50.246750,74.110451
173.954910,77.289574,49.152542,74.003021
173.162415,77.359818,49.239311,73.289642
172.419479,76.471237,49.303043,72.478050
171.582397,76.247185,49.373627,70.701546
171.483170,78.387077,49.260662,68.831413
170.696045,79.706795,49.541531,66.183022
170.511780,80.041664,50.308949,65.852676
170.563202,80.430389,50.406387,65.436775
170.450317,80.667198,50.439865,64.666985
2
0
0
0
0
1
186.787491,92.342880,52.597698,46.863903
175.449905,86.506378,52.770008,46.969448
173.567734,83.279907,51.963299,48.126869
170.749069,80.819817,50.246372,50.526398
169.348816,80.414124,49.777645,54.222710
169.195282,82.218307,48.086563,57.084171
166.615921,84.056824,47.193172,57.170330
166.976883,85.386322,45.741867,57.815163
167.039459,86.145279,45.274063,57.951012
165.444962,85.016167,45.003559,59.115116
2
0
0
0
0
1
78.999176,33.749775,40.254696,45.214237
73.182373,34.246544,39.305714,45.023121
68.444145,35.226643,39.025215,45.957546
64.676666,35.944580,38.294243,47.050850
60.224216,35.357040,38.607922,51.236446
54.736382,37.860504,39.697277,52.213390
50.184353,41.950539,40.172920,53.092983
46.750549,45.444180,41.727718,53.117764
46.111004,49.982445,42.760128,52.757278
49.237518,55.823032,44.866714,53.861526
49.143719,56.989998,45.259621,52.891590
50.717056,55.729511,46.831062,50.050835
56.643967,55.903671,49.066936,48.841923
75.593674,59.531815,51.103905,47.457756
84.251205,66.822960,50.732910,47.969330
2
0
0
0
0
1
182.578430,78.621880,39.285362,66.842674
182.766541,78.928444,39.348957,66.873779
183.051437,79.739784,39.136951,66.145615
184.674957,80.667290,39.533875,67.581116
190.081039,80.593620,41.853065,70.812210
190.281494,79.649811,41.830280,73.876457
189.960236,79.408348,43.193344,76.988739
189.651321,79.137421,44.266956,76.366867
186.973419,78.037285,45.154140,77.001106
181.493683,75.213531,46.872200,78.402824
176.993561,76.951317,47.101570,75.197121
176.876068,77.925514,46.970280,74.951126
174.699356,79.632973,46.665413,73.926399
170.756561,80.591408,46.826038,71.707176
166.651413,81.756073,45.802258,71.387039
163.212311,81.711746,45.887619,71.190498
159.036957,82.064171,45.175236,70.290756
155.055527,82.009163,45.200481,69.985039
2
0
0
0
0
1
125.153107,55.268196,69.256386,74.560547
121.053085,66.334053,69.329536,73.783958
109.898659,71.616318,69.028954,74.892845
105.182434,72.702011,68.864944,72.745010
2
0
0
0
0
1
211.646667,94.802818,55.936985,59.146927
214.840607,97.608742,54.834412,59.265102
217.790237,99.191689,54.663841,58.877010
221.101166,102.440964,54.648224,58.573502
225.340317,111.497093,55.196896,59.229618
223.162140,119.350624,55.582886,59.255688
223.659302,120.318726,54.392418,59.546371
223.831284,120.810120,53.932205,60.139088
222.175934,120.918297,53.995522,60.889580
221.377319,120.070930,53.683544,61.304916
218.880341,118.522781,53.113377,61.525921
218.087326,119.980461,52.023434,61.846764
214.407150,118.222107,51.923519,62.609524
214.621124,117.996742,50.594906,61.871716
213.556046,114.206680,49.092514,61.223537
217.437637,114.280998,49.270615,60.952480
215.379333,110.947304,47.032036,60.285786
215.877792,105.484497,43.328583,60.353497
2
0
0
0
0
1
122.971756,57.926994,66.846870,74.060066
133.987823,68.804108,65.617699,74.183968
141.763641,75.882111,65.387230,72.817230
2
0
0
0
0
1
124.493492,69.474831,39.118309,63.748749
129.546371,75.680710,42.085831,63.912796
126.757027,82.572861,41.221737,56.578747
127.956306,82.780296,41.526863,56.973885
2
0
0
0
0
1
221.049103,112.287544,58.248123,57.284859
223.559174,112.711670,54.486404,59.095463
224.386917,112.485573,51.673416,61.103294
223.639297,114.452438,49.709549,60.981255
223.383591,111.836624,48.075668,59.835030
219.856857,111.028267,46.986244,58.633282
215.735138,109.374336,45.449986,59.413731
213.577393,110.972626,44.361237,59.134132
213.423294,110.205772,42.812840,54.963276
201.688370,101.997162,43.151150,53.083870
191.108795,93.329597,44.169907,56.658382
187.352814,90.247681,46.012077,61.304024
187.424072,83.631088,45.480797,65.007988
187.336182,83.242783,45.819633,65.897903
187.543045,83.428139,44.951771,65.578957
187.640198,84.417671,44.971287,65.363884
187.409943,84.535988,45.109352,65.466797
187.552902,84.582039,45.593712,65.561485
187.605881,84.805336,45.979046,65.855209
2
0
0
0
0
1
223.769852,53.653774,45.640697,55.434795
222.216934,55.934891,44.632763,54.388535
217.646957,59.915649,44.895470,51.213657
215.531677,60.830944,44.107445,49.307346
214.266403,62.147026,43.489254,47.375538
212.099182,62.471416,42.766258,46.633358
205.052002,65.257889,42.500572,47.631161
204.351013,65.083122,42.971771,47.866978
208.687057,64.772255,42.575821,48.237617
212.393600,65.853104,44.344635,47.639610
212.330688,65.255829,43.709564,48.047546
208.462082,65.242577,43.403191,49.203819
203.707611,67.823753,41.734615,49.849724
202.466217,71.226013,40.521198,49.517330
196.976212,75.339752,40.671497,49.967796
190.227905,78.944382,42.529827,48.928162
185.141098,81.120621,44.348286,49.832268
183.267441,83.476074,43.870522,52.222424
2
0
0
0
0
1
86.392448,40.477833,37.281178,39.909714
76.632690,40.308079,36.655685,39.615353
70.820732,40.265835,35.311546,39.842220
66.015831,40.289932,34.734516,40.289276
62.557854,42.402607,34.931641,41.412575
60.475147,46.316818,34.279705,45.541973
60.468910,49.477539,33.803543,46.384048
62.104542,56.878498,33.576912,47.332798
67.685455,68.977570,33.978535,47.503693
73.714310,81.527283,36.391464,45.846218
79.915169,91.848175,37.173798,45.399300
86.965965,97.737373,39.207752,46.594856
100.607338,112.487801,39.091610,47.066048
101.994736,120.923828,38.445633,46.601490
100.782112,131.753891,38.063454,45.801456
100.030617,136.182587,38.257660,44.860531
99.841896,136.796188,38.700119,44.811489
100.254318,134.762726,40.149040,44.743065
99.237129,132.419800,39.515522,45.221966
98.253654,130.966873,39.985939,46.292252
100.108734,127.176254,41.801590,46.645470
102.377434,126.619232,41.947781,46.826454
107.961449,127.728836,40.835064,47.555317
111.691383,130.617416,39.626499,47.592381
114.752945,131.239853,39.008331,47.110004
117.147263,130.884995,38.202633,47.100563
118.238991,130.475311,37.989594,47.529446
122.616318,122.510597,37.125954,48.894798
124.079483,117.132233,37.100307,53.123596
122.460579,109.379784,37.222164,59.522572
122.711876,105.599678,37.411335,61.919056
122.431824,104.818611,37.657925,62.211929
122.281349,102.429329,37.763962,63.284973
125.238564,101.570168,38.710136,62.241508
128.037216,101.254044,39.209789,62.145832
131.328735,101.696579,39.744469,62.452209
133.886673,103.774101,40.312836,62.301708
134.577499,103.709305,40.455559,63.494877
135.249893,103.299774,40.339676,64.272881
137.754288,102.109535,41.093307,66.181007
139.819626,100.761284,42.206665,67.147453
143.779922,97.595795,43.007786,68.596863
153.430542,91.364937,44.895729,70.232445
163.032394,87.729805,45.373600,69.781731
169.987564,86.275269,45.475918,69.275497
177.449081,81.688576,43.939259,67.840408
182.117249,80.547859,43.289333,68.694405
185.238358,82.026596,44.718216,69.042648
186.779495,84.396858,45.377304,66.287140
185.272339,83.545631,46.893471,63.754715
2
0
0
0
0
1
98.883720,73.148178,52.318981,55.915527
99.236534,72.623924,51.422653,57.255844
101.464233,74.002258,51.740017,58.179485
104.588898,74.577576,52.226585,59.106750
105.629745,73.752335,52.538532,60.052971
105.986168,73.927040,52.884331,60.603104
106.386124,75.078873,52.457066,61.097824
107.321770,75.161987,51.459446,62.274055
107.852600,75.287209,51.362858,62.709908
108.398354,75.737083,51.382378,63.153412
111.808838,76.494194,50.779819,63.988369
