1
153.113190,63.619984,46.980801,57.248089
152.872360,63.685795,46.818981,57.493912
152.742523,64.129951,46.646862,57.559883
151.838608,64.307693,47.195473,58.075306
149.908066,65.951340,47.048592,59.811165
149.136780,66.525833,47.609234,59.927547
148.365356,66.345581,47.928867,59.751129
147.992722,67.043213,48.615917,58.830994
148.395477,65.562607,49.844196,58.680836
149.807297,64.388962,50.091473,59.027946
150.281067,62.617290,50.064980,60.734848
153.254654,61.667450,50.772007,62.177895
156.492691,59.364056,51.993992,64.566505
168.513519,59.886398,52.662285,72.208130
177.171829,66.083267,52.986637,76.341705
179.097580,68.689499,51.497959,76.564728
180.216705,69.625107,50.524784,76.837234
180.351028,70.321190,50.539261,77.001610
176.955429,72.066422,49.298386,77.762047
177.473663,72.040802,48.481644,77.800140
175.626144,75.357208,48.492355,77.646423
174.698196,75.656868,47.430592,77.109802
174.175034,75.964600,47.088165,76.731773
173.395538,75.734818,47.272926,75.303635
172.562714,75.663040,47.468376,72.701225
172.386124,77.830803,47.384182,70.438408
171.384155,79.025734,46.912041,67.434639
171.504089,79.173492,47.324051,66.882042
171.478256,79.806404,47.583519,65.634140
171.258453,80.247841,47.901424,65.163353
2
0
0
0
0
1
207.512558,91.302147,49.423744,45.417149
197.608307,86.225288,50.146389,45.013916
187.717407,81.890396,50.341896,45.541740
176.558289,81.748528,50.360031,46.034153
170.506302,81.115540,49.498413,48.481709
169.281250,83.895401,47.648769,51.119556
167.916748,85.883476,46.288063,53.197853
168.170425,87.147530,44.495029,53.975052
168.060425,87.677032,43.258995,54.654713
165.455109,86.117126,42.812130,56.854179
2
0
0
0
0
1
79.245728,36.212944,38.226402,46.195530
74.274971,34.974564,37.083672,45.608311
69.705452,35.047390,37.172527,46.295151
65.716377,36.024029,36.772934,47.587807
61.049282,34.751923,37.323662,51.830917
54.945515,37.464413,38.324829,52.569962
51.178516,41.825531,38.470737,53.184231
47.166397,46.582680,40.061562,53.360210
46.003563,50.657963,41.297314,52.673355
48.273731,56.527027,43.058548,53.655010
48.943958,56.636093,43.649086,52.779942
49.610733,55.412361,44.982861,49.896404
53.149456,53.407417,47.437439,48.345535
61.128571,51.129742,49.093895,46.841721
2
0
0
0
0
1
178.077087,77.798668,45.584011,67.573219
178.876816,78.732773,44.831745,67.057930
179.536362,79.050934,44.069122,66.999641
181.214417,80.347870,43.801521,65.040833
184.780685,80.104141,43.798843,66.947189
189.422577,76.995445,44.068268,74.700142
189.811462,76.693169,43.591801,77.955109
189.583359,76.887970,44.158119,80.686226
188.958694,76.887413,45.405418,79.319702
185.529343,75.947472,45.364292,79.447113
183.559341,76.014900,45.433422,79.664284
179.048279,77.707092,46.020573,76.837509
176.094482,78.567627,46.310722,74.713699
175.772690,79.080360,46.393608,74.032745
171.681580,81.062424,46.439919,71.268211
166.891205,82.202873,45.566307,70.767105
162.737457,81.989784,45.812576,71.074120
159.300766,82.705742,45.301556,70.147667
155.053391,80.928978,45.202579,70.448334
2
0
0
0
0
1
123.005539,53.132408,67.068726,82.281052
117.989273,63.514423,68.364906,79.889313
107.488777,68.427895,68.389572,78.366570
2
0
0
0
0
1
209.558090,98.908409,53.324844,55.099751
209.543579,100.744812,53.609627,55.675198
211.753510,103.191856,53.997597,55.683620
222.316223,105.337753,53.780865,55.351597
223.465256,106.572632,53.749866,55.340462
227.845139,112.054619,54.733627,55.717449
225.154068,118.050323,55.673229,55.041321
224.754303,119.422462,55.294487,55.623661
224.489288,119.227402,54.843987,56.288162
219.401337,119.530853,54.672386,56.663857
217.012650,119.088234,53.638405,57.367237
214.454742,117.590401,52.185303,57.843842
209.527069,121.675606,51.427181,58.429840
202.159882,119.442421,52.188488,58.956963
201.739029,120.321854,51.763092,56.093815
200.931580,118.788376,51.577682,53.570927
202.367691,118.944176,51.188877,52.683674
207.806000,116.903053,50.764378,51.940189
2
0
0
0
0
1
130.062790,61.020241,61.594326,79.764771
136.076981,68.378754,62.527718,77.991119
142.212646,74.595802,62.214199,75.897141
147.275909,80.188255,61.353092,71.992050
2
0
0
0
0
1
121.737190,71.042007,49.408943,73.795906
128.138260,77.435905,51.682533,74.218445
124.778259,90.771881,51.644291,67.282852
125.227547,88.396843,52.609264,65.211052
2
0
0
0
0
1
216.399048,117.387909,53.200764,60.014240
219.249893,118.701637,52.021786,59.673862
225.435638,121.653557,51.323521,58.826447
228.093170,123.020058,50.044189,56.540363
231.083359,118.879616,48.681149,58.335426
231.321991,119.357109,47.635212,57.448204
229.047043,116.564079,46.849140,59.182732
228.845764,115.822037,45.902309,57.999130
226.431381,112.082550,43.529518,56.416344
204.168640,106.854088,42.634178,55.854038
193.042267,98.356583,43.970726,56.439659
189.365158,94.111671,44.536648,58.980511
189.692749,87.774956,43.138737,61.087856
188.915924,87.718529,43.385548,61.087482
189.065582,87.644707,43.126030,61.338112
189.056976,88.266594,43.409714,61.110825
188.740189,86.811653,43.793186,62.697880
188.716461,86.182907,44.206112,63.233124
188.499557,86.009071,44.584110,63.570736
2
0
0
0
0
1
225.030914,55.852879,47.020912,50.266232
225.103210,60.639912,46.322868,48.852840
223.677887,63.403423,48.934071,45.809494
219.073135,65.500000,47.772633,43.922718
215.024933,67.609886,47.045280,42.753834
204.319809,68.173965,48.120510,42.753029
195.688187,70.662079,50.349575,46.130196
193.444473,69.785194,50.180916,46.712593
192.357590,69.717857,50.513992,46.956482
190.914490,70.704636,52.179466,46.263771
191.775604,72.615807,52.134090,46.499199
191.179138,73.458382,52.058872,46.263477
190.472290,73.811714,51.216801,46.519234
189.459305,75.190872,50.071892,46.876610
189.893951,75.688530,48.912502,47.081120
186.203842,78.532028,47.919113,47.204990
183.692627,79.509567,48.335705,47.504925
181.775589,81.816742,47.695889,49.605186
2
0
0
0
0
1
85.506378,40.581005,35.524994,42.001942
77.198997,40.130135,34.884438,42.252239
71.953445,38.669132,33.971035,42.153267
67.212173,39.377041,33.401623,42.446503
64.033890,42.152954,33.256294,43.169052
62.108562,45.555946,32.481548,47.516960
62.155827,48.348877,31.994143,48.413067
63.870621,57.214390,31.961222,49.752682
68.087646,68.582016,31.933117,48.946041
72.294403,82.117027,33.749050,47.782265
78.786003,91.189743,33.806286,46.686077
85.651535,96.669510,34.886044,47.325237
102.274170,112.248177,34.864246,47.973091
103.161507,121.296234,34.111462,47.073608
103.276962,132.325775,33.885052,46.260693
102.647552,134.678986,34.220680,44.892094
102.058022,135.480392,35.350452,44.460560
103.160652,132.836212,35.604691,44.862034
100.255226,130.118423,35.202190,47.140430
100.274498,128.697586,35.400887,47.737675
102.396088,125.525162,36.102242,48.469177
105.629684,125.384613,36.658909,48.676987
110.407356,127.674179,36.298374,49.595440
113.254158,131.428268,35.590832,49.785706
115.171898,131.546997,35.627811,49.385563
117.708038,131.138199,35.138531,49.012085
118.386864,131.058350,35.216694,49.404888
121.038475,123.831924,34.854156,50.436462
121.104156,119.100082,35.107159,54.740051
120.577354,113.345459,36.073627,58.667778
120.855919,110.214096,36.416264,61.186836
122.641296,107.053009,36.779198,62.972485
121.777397,102.663239,36.827541,64.265167
124.615166,100.300102,37.455269,63.406796
126.579002,99.333977,37.382217,63.019867
128.425339,97.705139,37.554558,64.790024
129.379990,96.541054,38.317837,64.327629
132.113785,95.127625,39.430965,64.511253
137.128448,95.380608,40.743942,65.815613
143.361649,95.570511,42.193218,67.342186
149.537415,91.472145,44.614796,69.886734
158.554428,86.004234,45.365849,71.590775
164.341064,83.540054,45.738686,71.386162
169.860794,81.136673,46.187336,70.585213
176.022766,79.899811,45.428947,70.630440
180.449646,78.405342,44.456211,70.442696
182.032135,78.180840,43.984001,70.724640
184.250107,81.563095,44.367699,69.693558
186.019257,84.405083,44.735069,66.787758
185.895493,83.152084,46.325150,65.452133
2
0
0
0
0
1
98.784775,67.159096,53.976070,64.235619
98.626427,67.263878,53.373772,64.832336
98.775497,67.666092,53.367893,65.020615
103.251183,70.054916,53.683029,65.883492
105.161911,70.720970,53.852932,66.632164
105.337990,70.882339,53.751789,67.100716
105.722466,72.002701,53.644527,67.436501
106.268898,72.236206,53.617943,67.825119
106.507362,72.375755,53.980217,67.998528
106.675514,72.512894,53.937710,68.012527
108.211357,73.134018,53.505863,68.594841
