1
146.090118,75.641167,47.429928,51.804001
146.061813,76.010422,47.391529,51.882927
146.271225,77.292160,47.261032,51.593319
146.118301,79.649376,47.150398,51.483131
146.322861,82.449104,47.205933,51.148766
146.571106,83.331123,47.147350,51.486168
147.785156,83.256317,46.753242,52.818924
149.561310,83.441330,47.426319,51.856617
154.440201,81.137726,46.345924,52.378422
175.049973,91.286652,46.570992,52.829514
185.214676,92.523811,46.873756,55.469437
191.025009,90.295242,46.266033,57.569183
191.198257,89.905312,46.237507,58.111446
189.348831,88.523819,45.949188,59.926922
188.448990,88.279701,46.193542,59.864845
187.385666,87.688423,45.146816,59.934677
187.106476,87.684685,45.020576,60.061687
186.149277,86.880676,45.223858,61.345047
182.516953,85.829697,43.767090,63.708614
179.800751,81.735565,43.456013,66.880836
177.697174,83.190315,45.299835,67.387512
176.216797,81.938171,44.684177,67.339088
175.211197,80.334526,44.517212,67.595711
174.619217,78.745346,44.732964,67.134888
173.778824,77.897591,44.844540,66.715317
173.528900,79.619812,44.082069,64.848053
172.277313,80.345833,44.645458,63.202030
172.334610,80.328079,45.238525,63.416019
172.003296,80.525970,45.708138,63.045036
2
0
0
0
0
1
200.530396,100.573723,54.519039,45.599075
198.772247,97.518364,52.250549,45.608242
182.316833,91.786926,53.237133,45.808949
176.461472,87.984932,51.359097,47.908779
172.899460,84.303955,50.039902,51.324654
170.532959,82.293137,49.708748,55.148022
169.663712,83.773895,48.302006,56.893475
166.699844,84.821632,46.476028,56.730656
167.446457,85.792221,44.157688,57.583954
167.000137,86.838112,43.106010,57.975300
166.335129,86.397636,42.466698,58.769909
2
0
0
0
0
1
79.282753,34.367397,40.123032,43.103092
73.074501,35.326015,39.110165,43.269207
68.617531,35.924133,39.042896,43.981831
65.189560,36.819847,38.485737,45.285088
60.713139,35.951736,38.665905,49.148445
54.974789,37.883320,39.426193,51.686672
49.810112,41.798882,39.483330,52.701546
46.684349,46.007347,40.594204,53.139088
45.903328,50.627914,41.624748,52.584312
48.530590,56.123131,43.977745,53.273022
48.367001,57.034897,44.271034,52.519650
47.814518,55.986740,45.440060,49.955456
48.762821,53.723537,48.068916,47.879814
2
0
0
0
0
1
175.335159,76.900993,44.333553,73.087311
176.522751,79.592667,43.600388,72.395378
178.650742,80.011871,43.520016,71.832741
181.020737,79.856979,43.015335,70.967690
181.848434,81.120338,43.102650,68.900391
185.161774,81.155968,43.280003,69.600067
189.269028,80.518730,44.869579,74.524681
189.391846,79.216965,44.402447,76.501579
188.932083,79.015579,44.763050,78.212135
188.419785,78.290382,46.079308,77.759537
185.398407,77.135948,46.265987,78.316994
181.810745,75.942780,46.796856,78.801926
177.396790,78.035591,47.102169,74.802498
177.285324,79.006821,47.023811,74.575348
174.825668,80.419533,47.464272,72.689766
170.191345,81.605583,46.982891,71.099785
166.671692,83.002388,46.360283,70.274384
162.631866,82.591705,46.332218,70.585083
158.719147,82.336700,45.438980,70.336243
155.364685,79.753365,45.037312,70.572563
2
0
0
0
0
1
131.536057,43.614174,67.645264,77.648865
126.849365,56.603947,70.387749,75.206024
115.776825,63.711277,70.249817,75.235481
107.189034,67.283516,70.647202,73.015915
2
0
0
0
0
1
207.305115,86.289932,55.899330,64.616051
211.526596,88.805290,55.452221,64.903053
217.742203,91.581413,54.851860,63.667545
220.493790,95.934105,54.528824,63.359169
225.598206,102.737877,54.351547,63.794121
223.425568,112.481972,53.889919,64.794830
223.633636,116.342728,53.395588,64.952881
223.662445,117.026909,53.184410,64.988251
222.574341,117.243759,53.627174,64.965172
222.485718,116.948235,53.715519,65.140221
219.715302,116.511742,53.512314,65.375046
219.191574,117.952736,52.723587,64.695587
215.825150,114.261169,52.031784,65.581741
213.886276,112.774902,51.201580,65.006584
212.975372,107.688080,49.823372,65.122421
216.762146,105.950485,49.723896,65.253265
216.810486,102.393440,48.967430,64.098091
216.265930,94.855682,45.500267,63.440044
2
0
0
0
0
1
125.587547,54.213692,65.126190,78.722359
135.039932,66.274857,64.283585,78.824226
141.794449,74.304527,65.024826,76.838844
2
0
0
0
0
1
125.748169,69.364929,39.405933,66.196281
130.069611,74.433022,43.451717,67.443886
127.162468,82.362770,42.041397,58.355762
128.631012,82.448578,42.630920,58.489151
2
0
0
0
0
1
205.437881,106.345192,60.393421,57.874615
196.697388,105.213379,59.733433,59.110050
191.898148,97.473572,58.467308,61.313137
189.919037,91.582466,55.007481,59.208942
189.016174,87.670235,51.250683,58.583279
188.879822,86.564835,49.030453,59.021912
189.898972,85.517365,47.529846,60.890137
189.686417,84.860504,47.882774,61.776981
190.052505,85.694771,47.958961,60.531628
189.731812,86.109612,47.628353,60.990662
185.560272,84.619522,47.434864,65.081795
187.199829,84.104416,49.436840,69.325172
186.199066,79.825050,47.293537,71.882736
186.145645,80.164764,47.253082,71.567909
186.604599,81.364075,46.211174,70.450722
186.866135,83.467552,46.181755,67.656517
186.990891,83.926476,46.478622,67.471649
186.892044,83.845543,46.571037,67.341141
186.957062,83.801346,46.910313,67.098030
186.702454,85.124649,46.642788,65.388245
2
0
0
0
0
1
225.965561,59.513134,47.594997,45.458984
227.675858,62.748737,48.754551,42.954636
228.044479,62.630108,47.476051,41.476593
225.496872,63.493961,47.501659,40.760448
223.304062,63.846142,48.393494,41.025970
227.547241,62.654518,47.267490,41.260788
229.206604,60.015656,46.020920,41.029339
229.526459,59.514538,45.842991,41.447636
224.251511,58.593361,47.145077,40.822430
220.380554,56.721966,47.565258,40.397934
213.572952,55.428986,47.837650,39.386269
204.127411,51.871571,46.587093,38.964146
196.967896,50.033813,45.392723,38.468372
189.560287,48.752235,44.091408,37.764145
181.308624,47.791386,43.530098,36.414471
169.286438,46.399456,46.598938,35.942024
155.119186,44.356312,45.770828,35.957554
141.711258,42.798519,44.425488,35.060478
137.495865,41.295055,39.120857,36.640690
130.549561,44.463169,41.731129,35.191784
125.281624,47.588661,42.712631,33.209625
122.722466,49.752483,45.373970,31.196339
124.498886,51.167118,45.635971,30.612158
2
0
0
0
0
1
58.389446,53.032001,40.621758,46.161098
62.576336,59.802990,40.049248,47.408051
69.371231,69.879112,39.491131,47.100876
73.471428,82.371750,41.461407,44.913303
79.235283,91.030479,41.354259,44.881748
85.703766,98.736176,42.259216,45.835960
97.987122,113.213371,42.259773,45.822044
99.099342,121.090347,41.546326,45.915096
98.090805,131.061279,41.602001,44.723106
97.749489,135.548981,41.617264,43.943031
97.652412,136.498016,42.245029,43.567375
97.348267,135.000122,44.302773,43.967239
97.473763,133.143066,43.464264,44.423424
97.115196,132.031494,43.135338,45.136177
98.879196,129.956619,45.195553,45.400154
101.570625,128.651398,45.557076,45.343876
106.916893,127.877884,44.397297,46.101788
109.208237,130.405960,42.746502,46.187389
112.419159,130.961578,41.622425,45.348629
114.865250,130.735611,40.565228,45.368393
118.200783,129.914093,38.993656,46.781914
122.305519,121.071671,37.838554,49.074829
123.048920,116.142586,37.776329,52.659096
122.305176,112.063248,37.462593,56.443470
121.986153,107.053978,37.532307,58.729362
122.420296,106.478424,38.037735,58.882359
122.673088,102.977036,38.046009,61.006626
124.635994,101.859505,39.046886,60.792034
127.862701,101.813370,40.017063,60.432384
131.349045,102.613708,40.432247,61.032845
132.774231,103.163010,40.612278,62.107334
133.285492,103.221062,40.989944,63.295944
136.646240,101.828545,41.261482,64.990746
141.141922,101.461288,41.417141,65.950790
143.501328,97.797806,41.449844,67.312965
151.881256,93.470879,42.601639,71.786873
159.575562,88.665497,44.588764,72.134407
166.597275,85.323288,45.829468,71.514870
173.347092,82.368362,46.054054,70.882492
178.864166,79.847572,44.633564,70.663551
182.939072,79.577934,43.837418,70.868011
184.227722,81.780441,44.057594,68.911209
186.039902,83.775383,44.808022,66.893089
186.241119,83.555626,46.994507,64.930748
2
0
0
0
0
1
95.728035,65.631615,54.781105,56.075977
95.548492,66.480949,54.395985,56.407711
96.143036,67.570122,54.215847,56.616444
98.738174,68.054871,55.482643,57.297031
99.991417,66.907379,56.281441,58.084454
100.014641,67.031647,56.485619,58.458931
100.172485,67.159836,56.463062,58.322971
100.528793,66.785423,56.408237,58.233627
100.905487,66.919785,58.227833,57.923183
101.053902,67.188927,58.667946,57.516171
101.738503,67.358055,59.180798,57.651066
