1
146.839294,67.746193,49.483852,60.041222
146.214783,67.795784,49.579655,60.032654
145.510101,68.398186,50.153957,59.837116
143.277176,69.510963,50.684261,59.633659
141.096756,71.013481,50.254467,60.063980
140.049362,71.952431,50.003761,60.057133
136.212326,72.980843,50.022770,60.082123
136.364731,72.855789,50.088799,60.337555
139.389221,71.342415,49.966492,60.607872
138.615509,73.261971,49.100506,60.770924
137.937866,72.660576,49.099186,61.047428
136.275040,71.467865,48.585621,65.647362
136.420242,73.802841,47.790997,66.741409
136.264114,74.471748,48.014214,66.910423
135.400543,76.030136,48.556801,66.458801
130.614960,79.296463,49.362553,65.208168
128.723785,85.490532,55.008724,61.664581
125.248024,84.471695,58.105412,59.563110
127.256165,83.982780,59.137245,58.805367
126.419235,82.006966,59.488564,58.610287
124.110672,82.084961,59.923550,58.905125
2
0
0
0
0
1
204.386780,73.971008,64.024208,55.876793
188.653076,75.857758,65.902359,56.088867
171.542007,77.883888,70.421829,58.555599
164.679092,78.977959,70.519630,59.643097
164.485626,79.334579,68.876595,60.163754
165.194519,79.850586,66.576996,60.518757
165.770584,80.185646,65.701622,61.287178
166.741272,80.577110,63.295826,61.592873
167.568527,80.884750,62.945896,61.837563
168.404007,81.318130,62.070251,62.333817
167.643234,80.083427,62.774548,62.896938
167.049591,79.723579,62.404736,64.037308
166.244095,79.556252,58.381729,67.071831
165.237991,78.833130,56.559658,68.350533
165.859818,79.777130,53.425663,67.692024
163.833572,80.799561,52.067287,66.545494
164.092667,81.913223,51.004383,66.604767
164.359055,82.330391,51.124954,66.854317
163.515411,82.129715,50.727985,66.505135
161.942078,81.528374,49.156990,66.647614
2
0
0
0
0
1
72.701096,35.695271,40.444996,46.916744
67.725380,35.086517,39.927876,47.066879
64.120987,36.283520,38.816441,48.253567
59.871021,35.137436,39.077141,51.924103
54.522861,37.659206,40.157547,53.367210
49.808578,41.511753,40.702255,53.804790
46.590668,44.645718,42.279488,53.532337
45.601318,49.342834,42.813694,53.316372
48.405590,55.332546,44.894325,54.101601
48.287746,56.839493,45.019039,53.168110
49.287685,54.826725,46.180965,50.494350
50.617233,52.638542,47.706108,48.943932
2
0
0
0
0
1
176.740585,75.833717,40.600117,68.932869
178.073639,78.741852,40.339333,69.277763
179.859589,79.435905,39.973125,68.509567
182.653152,80.405983,39.687935,67.269890
183.752762,81.598152,39.867149,66.156197
186.682587,81.600693,40.338234,67.405396
188.379684,81.829643,42.633076,68.966476
190.372375,80.750961,42.801445,72.813683
189.923752,79.367378,44.306820,76.286598
189.739578,79.132278,44.896942,75.743713
186.309204,77.621773,45.310463,76.464577
182.398636,76.100136,46.044930,77.745499
177.671539,78.326965,46.669857,74.871223
177.183609,79.172104,46.430309,74.640182
176.002090,80.284950,46.474884,73.786400
171.572281,82.252663,46.333714,70.745354
166.750809,83.370102,45.570351,70.505981
163.088135,82.955994,45.424118,70.454758
158.921341,82.803062,44.663982,69.549210
155.137680,80.978905,44.602497,69.768448
2
0
0
0
0
1
125.285507,53.822411,62.951496,81.086876
118.037628,65.118881,63.252598,77.428207
108.754791,69.827042,63.406891,76.761757
2
0
0
0
0
1
181.249207,93.753395,63.841660,59.880951
172.415390,94.361107,62.347107,62.656097
171.253555,94.073021,59.973274,63.935181
170.324371,94.151215,57.945408,65.151100
170.057312,94.479958,57.228786,65.472206
170.204620,93.041634,55.836185,69.386330
2
0
0
0
0
1
211.315231,121.368088,50.197105,45.236469
207.675217,120.567680,51.013618,44.790253
211.065567,118.814766,50.884682,42.683445
212.269135,111.969498,48.952068,43.027256
215.516159,114.891106,48.054066,43.075340
217.350037,114.002968,47.165100,42.683445
2
0
0
0
0
1
131.594131,59.256222,57.684860,81.811424
138.372040,66.306458,58.019474,79.796257
145.833603,73.931778,56.912724,77.907516
2
0
0
0
0
1
113.779129,69.103912,46.557575,63.768311
122.529266,71.808052,46.126942,63.583141
127.526604,75.208534,51.370384,65.640724
124.919800,82.925819,49.458477,58.698841
126.187187,83.050735,49.275764,58.789680
2
0
0
0
0
1
202.385574,111.058479,59.431976,61.014893
196.353470,109.751579,58.334328,60.758152
194.235718,106.160301,57.358879,60.547348
192.012970,98.955505,55.840721,60.143356
189.803696,92.003395,51.967190,59.732296
189.290604,88.548019,49.542126,59.149628
190.104309,87.232368,47.839008,60.346409
189.836807,85.916504,47.848572,61.326641
190.087784,85.988075,48.121197,60.550602
189.495285,86.555603,47.963654,60.902851
184.736740,85.045105,48.505920,64.122360
185.985352,85.103821,49.950207,69.265259
185.047226,80.281425,47.889511,71.564453
185.385513,80.516495,47.517376,71.568993
186.058121,80.911545,46.577518,71.328590
186.779953,83.099823,46.656967,68.360161
186.431915,83.574364,46.995567,67.621124
186.508148,83.753395,47.009941,67.907654
186.355148,84.112572,47.279976,67.346558
186.764572,84.864777,47.080257,65.789322
2
0
0
0
0
1
201.489487,59.800091,53.501892,49.229214
200.421021,62.747658,55.464333,47.982208
192.445694,65.002602,55.557709,46.444653
186.989365,68.387642,55.429169,45.377529
183.658371,70.061226,54.649139,46.128311
182.989151,70.663277,54.598152,46.601967
182.906342,70.325386,54.822838,47.285690
182.503769,69.704712,55.367847,47.618084
181.316223,69.553329,58.430283,47.832603
181.588486,70.076889,59.106606,47.842072
181.995575,70.457214,59.332954,47.856445
182.242279,70.638077,59.312126,48.025547
181.924988,70.950577,59.165314,48.663269
182.018433,72.047256,58.974590,49.185333
182.165787,76.328087,56.947784,49.540302
181.206375,77.401535,55.259865,50.080761
179.820572,80.244881,53.210403,51.914951
2
0
0
0
0
1
87.181740,39.497143,38.967690,45.546276
77.887688,38.508183,38.022511,45.263920
72.333168,37.343601,36.548038,44.519135
66.630104,37.850628,35.751381,44.719368
63.241901,41.103165,35.372215,46.342041
60.316769,45.353088,34.872345,48.192326
60.308945,47.718353,34.499504,48.472176
61.809429,54.614967,34.130508,48.915894
67.301498,66.280479,34.264130,49.027241
73.776337,82.416412,36.179489,47.738148
79.562332,91.778946,36.446991,46.876320
87.070946,96.744843,37.161629,47.337006
102.822052,112.429344,37.545982,47.949318
102.123718,119.541100,37.147354,47.131443
101.530464,131.531616,37.121071,46.470005
100.815880,135.316940,37.226833,45.385395
100.183289,136.194717,38.116901,45.114468
99.918411,134.153427,39.362152,45.327087
99.134285,131.094604,38.353722,46.569489
98.683372,130.331009,38.642731,46.882183
100.029892,127.302032,40.983871,46.928764
102.318573,127.319199,41.098923,46.464947
107.794418,127.859726,40.760120,46.952698
110.639816,130.013351,39.842049,46.647903
114.398941,130.182190,38.685242,46.363834
116.884872,129.991821,37.559792,46.445286
119.387703,129.844925,37.024292,47.470036
123.862694,121.067505,36.767471,49.556690
123.517281,116.133537,36.583534,52.782982
122.518608,110.597321,36.555992,56.915829
122.130241,107.235344,37.221035,59.183216
122.286644,107.135551,37.487415,59.469017
122.705994,103.355484,37.324028,61.474571
125.305199,101.387794,38.041729,60.789177
126.935776,101.836884,39.074829,60.465572
129.734039,101.450966,39.460068,61.165089
132.356384,102.019165,40.214275,61.370232
133.283844,101.780922,40.624897,61.823357
139.110458,101.731186,42.222271,63.714054
142.601196,101.261070,42.406883,65.368958
143.934021,96.919548,42.726078,68.619766
152.630096,92.773026,45.205498,70.493828
160.022949,86.942711,45.814777,70.015739
166.385895,83.903908,46.890587,70.340019
172.744461,81.040581,47.082886,69.693436
178.099670,78.302559,45.285969,69.467979
181.043488,78.179619,44.828636,69.747810
184.489120,81.616104,45.502697,69.235313
185.634171,83.963539,46.178593,67.137573
185.598099,83.493912,47.342869,64.777405
2
0
0
0
0
1
95.366844,66.419785,50.088493,65.583786
95.607704,66.501938,50.194202,66.449471
96.741020,66.587608,50.457779,67.164856
100.981934,67.992783,50.944653,68.508049
102.345863,69.275520,51.177227,69.516426
104.722717,69.929466,51.525505,70.254982
105.152245,70.497108,51.800571,70.485153
105.287048,70.580612,51.922585,70.508720
105.372292,70.907005,51.972916,70.969421
106.471519,71.382042,51.837757,70.972748
108.296242,71.568321,51.843750,71.029663
