1
200.577530,113.846169,45.455750,46.063637
200.598495,114.064346,45.477249,46.480057
200.608810,114.074448,45.477531,46.479965
200.591660,114.068771,45.430042,46.478054
200.625565,114.079872,45.477531,46.479965
200.611221,114.089561,45.474937,46.480728
200.594223,114.099319,45.450684,46.470833
200.588089,114.117439,45.501934,46.489948
200.125504,114.285866,45.901203,46.346012
199.000305,114.544037,46.308071,46.415699
198.780823,114.642365,46.248150,46.422928
198.657059,114.716957,46.306431,46.505833
198.070862,115.128517,46.643452,46.941372
197.590744,115.272415,47.151474,47.100716
196.898804,115.802010,47.223255,47.087318
196.442169,116.111900,47.267841,47.541245
196.519257,116.342720,47.473412,47.980595
196.116577,116.403526,47.417538,48.037621
195.561005,116.778442,47.413670,48.529125
195.594116,117.017036,47.462124,48.967392
195.562378,117.037064,47.466923,48.969883
195.307297,117.113144,47.433945,48.946865
194.631470,117.259712,47.668625,48.893391
194.080276,117.493103,48.085320,48.820694
193.170242,117.652534,48.360092,48.942570
193.021545,117.685776,48.379169,48.965557
192.950150,117.701462,48.406368,48.951984
192.582977,117.773834,48.613071,48.975910
191.565964,117.519226,48.758263,49.026443
191.031113,117.519348,48.983433,49.493820
190.611557,117.493393,49.057274,49.387352
189.583420,117.296829,49.673000,49.511822
189.538223,117.505394,49.875256,49.971214
189.364151,117.250488,49.939205,50.025455
189.307816,117.441544,49.906960,50.453552
188.970673,117.402603,50.075443,50.422314
189.076752,117.360626,50.307602,50.500168
189.091843,117.586098,50.450970,50.962547
189.060547,117.591331,50.448513,50.964645
189.060486,117.599106,50.425892,50.948368
189.063477,117.611267,50.460373,50.970833
189.068893,117.624260,50.479305,50.969131
189.032822,117.648987,50.514828,50.903614
189.252136,117.685204,50.916508,50.976387
189.217194,117.689789,50.983337,50.958519
188.729767,118.242195,50.951252,50.221012
188.241364,118.431503,50.644058,50.367455
188.317062,118.467590,50.692360,50.427021
188.166336,118.475365,50.727264,50.434372
188.149551,118.448013,50.879639,50.437077
187.932022,118.416100,50.768341,50.483521
187.766602,118.336121,50.736343,50.429947
186.823502,119.419815,50.497181,50.121986
186.247772,119.865784,50.368248,50.253250
186.098618,119.898483,50.363400,50.515682
185.853516,119.991814,50.410954,51.122570
185.767258,120.095551,50.309105,51.484638
185.706924,119.983528,50.656395,51.508369
185.436096,120.060822,51.070244,52.026806
182.997421,120.805054,50.963192,51.994080
180.175476,118.959709,50.988987,53.478844
177.169495,118.439308,52.087025,54.442055
172.888245,117.949562,51.853237,54.226078
167.897171,118.543877,52.474815,55.168762
161.824295,118.714256,52.895710,56.650070
159.157227,122.939384,49.482826,56.500595
155.297989,123.961349,49.715649,56.310825
152.054962,129.040894,48.335739,52.496662
148.429535,134.030106,47.979286,50.238693
145.955124,135.984283,47.719536,49.874538
141.751465,136.539215,48.624943,49.975525
137.299988,138.770355,48.785267,49.288925
133.930817,140.282867,48.360107,49.800232
129.386154,139.929977,48.714783,50.469193
125.627663,141.290390,50.762520,50.478378
123.095703,141.493820,51.032143,49.992607
122.257278,140.475189,51.635929,49.762768
123.203247,139.155075,51.044937,50.236122
123.003006,136.089737,50.809177,51.912376
123.004601,130.681961,50.315632,52.959839
123.755676,125.797073,51.321796,53.907120
126.981537,121.968155,51.645195,53.869156
128.655426,118.573563,51.510170,52.820862
132.634827,116.349846,52.209377,51.980553
134.145065,113.142075,54.451267,53.657604
134.294327,113.088188,54.437603,54.072433
135.530518,111.275246,55.592148,55.096741
135.761505,111.432472,55.980938,55.506271
136.614059,110.614609,56.407063,55.873631
137.989853,109.736214,56.262363,56.134865
138.869232,109.271477,56.742523,56.222977
139.018723,109.303886,56.981010,56.579044
139.027985,109.146721,56.919098,57.010208
139.995117,107.703979,57.071945,58.881187
140.207794,107.763550,57.471607,58.974579
140.220657,107.776428,57.471619,58.974583
140.233032,107.811867,57.470795,58.961647
139.462585,107.165154,58.196358,60.626987
139.305954,107.680008,58.457993,61.599014
139.283569,107.879417,58.477234,61.989529
136.237091,107.975052,62.178326,61.902012
133.057938,108.562859,66.328941,63.920635
132.811630,108.581375,66.768738,64.034309
132.925690,108.814400,66.966911,64.472206
132.791946,108.755852,66.798218,64.605820
132.485458,108.947495,66.949493,65.018150
132.312683,109.144859,66.877953,65.497925
130.617584,107.781189,67.005547,66.094368
130.532120,107.610191,67.352577,66.594650
130.596893,105.811684,67.748238,67.350189
130.087311,105.354759,68.313980,67.567383
130.205139,105.548515,68.522881,67.914398
131.255951,104.840179,68.903496,67.956314
132.103119,103.346878,69.026100,68.831886
133.837296,102.019791,69.674797,69.969101
134.862823,101.143059,69.858902,70.361534
136.125473,100.905701,69.570862,70.634254
139.503281,99.063805,70.206184,71.569099
140.816910,98.597488,71.626503,71.930969
140.955048,98.517296,72.068199,71.929054
141.824341,97.727249,72.580673,71.814377
142.402557,97.664108,72.958435,71.917747
142.514542,97.642677,72.913162,72.020439
142.604141,98.031113,72.999565,72.663216
142.582764,98.353470,72.918411,72.955383
142.565475,98.530830,72.787407,72.874237
142.637070,98.647972,73.000191,72.974663
142.005219,99.255226,74.986862,73.601562
142.003113,99.454140,74.934486,73.970802
141.613754,99.622871,74.910950,73.815948
139.560196,99.878120,77.327110,74.016777
139.465195,100.109947,77.453888,74.518959
138.595734,101.045395,77.731415,74.432877
137.316727,101.219658,78.681534,74.456688
135.771103,101.266205,78.697708,74.872162
135.432632,101.385490,78.973183,75.104568
133.570724,101.458145,79.250290,75.422440
132.436844,101.498672,79.380722,75.422874
132.494339,101.537346,79.460258,75.467422
132.177124,101.085770,79.387344,75.563423
129.748047,96.742683,78.334885,74.987656
125.578568,89.644180,75.505363,74.079941
121.825539,84.622253,76.618683,72.911346
118.642952,80.241890,76.015854,72.824722
115.440689,75.852814,74.764572,73.436188
110.704742,71.146744,73.518333,71.096909
106.495293,69.891830,72.896416,70.540085
103.667305,68.177475,73.493393,70.494850
101.053169,65.791100,74.083160,68.327644
97.885750,64.509422,74.072739,67.529091
94.109489,63.887104,73.460854,68.185867
93.241936,65.735664,72.419800,68.032959
92.767090,66.361801,71.273415,68.099007
90.883980,65.367416,71.628357,68.374382
90.466064,65.430870,71.756851,68.311310
89.312859,65.781296,71.800240,69.148972
88.223083,66.622864,71.395615,69.332001
85.692833,69.382469,70.713005,67.131874
83.754601,69.946640,72.626053,67.134621
83.110321,70.893379,73.153687,67.494034
82.157867,72.855270,74.055290,66.990845
82.324783,74.018379,74.367134,65.564423
82.145325,74.836288,74.275475,65.652710
81.929459,75.165993,74.156258,65.938934
82.174530,76.218903,73.417961,65.125061
82.280716,82.217888,72.112419,61.473335
81.998596,82.219887,72.212082,61.300777
82.248070,82.626389,71.881790,61.258846
82.089935,83.138649,71.493813,61.250526
82.045677,84.849442,70.619370,59.859783
80.685371,86.799019,70.263184,57.030384
79.119423,86.988564,69.529259,57.530685
78.448494,87.308136,69.877892,57.744678
77.772842,88.173271,69.598145,57.470089
74.496544,89.315842,69.598511,57.003036
72.389084,91.099388,69.505157,54.544270
69.361519,90.489967,68.988564,54.230335
67.923592,90.135635,64.563202,54.734486
64.740959,89.356125,63.833900,55.015171
63.435448,88.943520,62.935272,55.202686
68.030159,89.368713,63.897232,54.623081
74.965607,90.814148,64.763741,54.618160
87.758759,92.454712,66.339455,54.540562
101.402657,98.767975,71.159561,53.368988
119.692024,105.283356,72.168205,52.209824
134.355148,106.614525,67.656960,52.756111
163.564896,123.483978,67.022606,53.500099
164.719360,124.110771,66.708107,53.985203
166.008865,124.154594,66.346016,54.290379
165.970078,124.248055,66.450943,54.486122
166.061661,124.347168,66.401154,54.378460
168.337875,124.771645,65.284645,54.352077
168.171494,122.332405,65.872597,60.294022
168.256836,122.621124,65.959663,60.333305
170.967453,122.945000,66.329956,60.521038
171.480301,123.702423,66.259758,60.512653
172.167435,124.332817,66.399467,60.683464
176.791855,126.789528,65.037582,58.667488
178.893066,127.764854,64.744507,58.228153
180.658127,129.105408,64.093018,57.036003
181.056366,129.387329,64.361153,57.387062
181.579315,129.288071,64.222092,57.604584
182.376038,129.632614,64.361977,56.165257
182.858368,129.505325,64.272919,56.596348
183.751785,129.087219,63.898754,56.312023
183.850891,128.960022,64.011375,56.607269
184.134842,129.104965,64.426201,56.958733
184.450928,128.868591,64.410408,56.943394
186.048294,128.023987,63.876297,56.588894
186.524612,127.639282,63.929008,56.838409
187.596573,127.316704,63.414986,56.000664
189.969208,124.636467,63.042625,57.188831
193.729202,122.348167,60.439037,55.179646
194.324600,121.411163,60.415684,55.712109
197.786377,118.742477,59.369480,57.637558
196.926529,118.695930,59.422825,58.448849
192.103577,115.954605,56.938763,60.062336
185.662094,115.266617,58.779129,60.627197
181.462189,113.693306,55.983150,61.694798
176.529236,113.622887,54.492424,61.493343
172.105560,112.631355,53.307751,61.686134
168.394531,111.543983,51.857594,62.146221
165.270325,111.539299,51.963879,62.727287
162.433319,111.665695,51.644203,62.203465
160.704788,111.087357,51.136589,63.081470
160.445160,111.077423,51.236000,63.483433
160.225769,110.580940,50.659428,63.425793
160.363464,110.313210,50.845806,63.578064
160.377914,110.468460,50.935333,64.003372
160.058441,110.640312,51.099594,64.418945
160.081665,110.602852,51.483776,64.444153
159.716125,110.880402,51.693241,63.813797
159.779266,111.303604,51.944576,63.510307
159.182007,113.807404,52.122822,60.587505
159.390549,114.356735,52.409351,60.531845
159.334213,115.179504,52.761181,59.706715
159.526321,115.713982,52.900311,59.530205
159.512863,115.966286,52.974739,59.938194
159.519775,116.477554,52.924061,59.426327
159.568176,116.599312,52.952641,59.372066
157.603485,118.070854,53.659180,57.479744
154.026337,118.636375,54.683529,55.527710
151.725723,119.353294,54.438881,55.504169
146.341583,121.013901,53.641163,55.361195
141.140839,120.614342,54.701679,55.843613
136.431610,123.995483,53.779373,55.236462
131.774078,126.554871,53.397362,54.100449
129.571716,131.660263,50.874062,51.235966
126.733017,133.490204,49.961914,51.146706
123.677376,134.091858,51.004860,51.477592
119.915192,137.556366,50.717731,49.833923
116.432716,139.674850,51.852871,50.218117
116.187950,139.983109,51.947041,50.653446
116.180107,140.646286,51.567585,51.239399
116.377190,140.795319,52.008717,51.490551
116.527344,140.876678,52.195515,51.344662
118.951408,140.655624,52.341309,51.787804
122.440277,139.130585,51.648895,51.993271
126.052826,137.219864,53.040249,52.040146
132.169083,133.950439,54.013538,52.868153
132.776398,132.677948,54.762611,52.515205
134.789337,131.466751,54.171547,52.973488
141.028702,129.810806,54.310341,52.846657
142.465515,128.957794,54.606407,52.770802
145.244598,126.486298,54.519398,53.568073
149.775269,123.145767,55.476982,55.793560
149.583450,121.424271,56.309517,56.353828
149.906067,117.963280,56.698456,56.966293
150.152069,113.964325,56.677479,57.420029
150.101273,111.002426,56.664890,57.720032
148.344543,109.027611,56.409084,58.652477
146.735580,108.770630,56.939240,58.460220
142.206772,104.191467,60.503811,60.018616
141.585205,103.621193,60.724628,60.260593
138.439697,101.045525,60.636917,61.741875
136.136780,100.635269,60.282013,61.604904
132.265671,99.423485,60.508984,62.594822
128.750412,98.855843,60.701851,61.608894
128.841553,99.020424,60.973198,61.991058
125.220909,97.016930,62.090603,62.857845
123.484039,96.714554,62.652813,63.052685
121.933800,96.546539,62.948116,63.361279
121.033386,95.989960,62.870518,63.040455
120.939941,96.028168,62.938435,63.472694
121.093376,95.200363,62.895576,63.838303
121.112961,94.915367,62.661106,64.111671
121.392113,94.271965,62.811096,64.280426
121.751045,92.498756,62.725384,64.592789
121.667854,92.047218,63.201050,64.765274
121.810646,91.939980,63.591106,65.166733
122.147873,90.752853,64.480598,65.014679
125.024155,88.054588,65.154884,66.082985
126.892235,86.505096,66.245285,66.682327
128.313477,85.759026,66.144722,66.637604
131.486572,83.249611,66.257507,66.728294
131.942322,83.177864,66.435074,67.088921
131.959473,83.125572,66.417122,67.623390
132.187698,82.841042,66.236084,67.958267
132.346512,82.673721,66.594994,68.054535
132.496292,82.480087,66.988991,68.599907
130.321045,80.993660,69.592583,69.843155
128.104004,79.536690,70.407616,70.380920
124.692116,79.207123,69.591690,70.313644
123.267166,79.483261,70.652901,70.113350
123.289795,79.632088,70.844246,70.447540
120.818550,79.435806,70.476540,70.677238
116.518814,79.895622,71.890923,71.201645
114.769165,79.976387,72.009140,71.653069
114.018036,80.078239,72.624557,72.024216
113.503639,80.247444,73.264038,72.345139
113.100006,80.321106,73.591904,72.427452
112.990639,80.254318,73.740105,72.480240
113.074295,80.270653,73.979553,72.452736
113.068260,80.283630,73.937752,72.471992
112.218689,80.113129,74.085480,72.567284
112.426346,80.336594,74.462234,72.967979
111.154160,80.539200,75.409607,73.123726
109.766998,81.072311,76.623482,73.534157
108.680580,81.259109,77.465797,73.866386
108.676743,81.321335,77.452744,73.968277
108.028244,81.433640,77.729141,73.831802
107.905212,81.482399,77.816330,73.960052
107.399605,81.430351,78.047264,73.927307
106.323021,80.769638,77.906235,73.837830
105.348145,80.608749,77.594269,73.509789
105.256790,80.435165,77.941902,74.088753
103.854088,80.289474,77.297829,73.999100
101.061272,79.497398,77.585327,73.655548
97.850586,79.316055,77.664864,73.629852
92.130020,79.269127,78.282463,73.857712
88.723419,78.386421,75.703156,73.976601
85.281311,77.238541,74.221542,73.472404
91.899628,75.512199,75.543007,74.578560
105.768082,75.577545,75.154922,76.304596
114.798370,75.583397,76.549194,76.720261
122.856766,75.999237,75.923615,75.128441
123.032448,77.361336,76.258156,74.325081
123.987091,78.238342,76.738182,73.497070
119.548607,77.295052,75.282394,72.913002
112.890526,78.483055,73.477989,71.719322
103.964050,79.671387,73.610077,71.773087
94.407608,83.125618,73.450775,66.986885
83.292038,85.229408,74.318047,67.102341
73.522141,86.082741,74.135612,67.292358
68.769112,89.116653,72.958885,66.192070
65.038300,91.515244,72.164383,66.227516
63.178188,93.134697,71.231407,66.208107
62.917637,95.715630,71.431633,67.284218
62.826424,99.677292,72.239342,66.745949
64.209381,102.153816,71.377663,66.505882
68.306877,104.700905,70.597580,65.593674
70.373192,106.609993,70.407875,64.862732
74.254242,107.119720,69.239212,64.218002
79.434326,108.450867,67.752266,62.099258
83.570724,107.769562,66.579559,62.582787
86.873451,108.434547,67.519890,61.803421
89.411140,109.468056,66.856186,60.974178
93.020920,110.152580,65.452705,61.140289
96.537354,109.854881,64.710434,61.311790
100.846062,110.922752,64.082306,59.737682
103.226402,110.822403,63.267155,60.260010
104.707222,111.373375,63.083241,59.415974
105.578476,111.293457,63.378891,59.715931
109.113197,111.656883,62.047234,59.254391
111.185738,111.594307,61.720848,59.132275
112.920403,111.823715,61.618130,59.264114
113.424446,112.010757,62.079082,59.381222
116.641678,112.639198,61.334015,59.197685
120.393967,114.221382,59.717957,57.787357
120.625648,114.434433,60.144985,57.984245
121.779755,114.759026,59.990662,56.632633
122.031410,115.002998,59.982040,56.927299
122.846489,115.764961,59.359650,55.563839
123.416588,116.156357,59.420383,55.694618
124.072746,116.175980,59.284878,55.902893
127.467331,115.132637,58.131310,54.961040
130.192841,115.486328,57.617973,53.062859
133.600037,114.874283,57.306339,53.793373
134.239639,114.996719,57.276119,53.899620
135.950516,114.959183,56.796970,53.832588
138.670410,114.155800,57.198116,52.832138
143.023056,112.205109,56.893444,52.762535
147.792252,111.955559,56.245583,52.388569
150.856400,111.641479,55.282791,52.170853
153.762863,110.632111,54.920338,52.485401
158.071503,109.689728,54.273674,51.032421
163.141220,108.596169,52.740326,51.447151
168.461609,107.302048,51.968006,50.961491
173.405609,106.402817,51.031357,49.594048
175.982697,105.972305,50.752453,49.536186
181.034698,104.606041,51.013695,49.217152
186.171661,103.203003,50.618706,48.020935
189.147003,103.056488,50.130287,47.214420
192.171143,102.778786,49.720573,45.837666
196.553085,100.809662,49.855286,45.431847
199.298553,99.086395,49.375908,44.088226
201.274155,97.897301,48.289192,44.149399
203.666107,97.857712,48.179543,43.945934
206.269974,97.163895,48.515228,43.774834
211.456665,94.802414,45.714935,43.730869
212.542374,94.484184,45.285080,44.069271
214.004913,92.929138,45.537636,44.954445
211.025589,92.091827,45.754642,44.644966
204.925247,93.514641,46.619072,43.862301
200.240631,94.695511,47.892319,43.377800
195.567245,95.265602,47.028999,43.500893
190.525192,95.864265,48.163902,43.451977
186.131577,97.194962,48.088638,42.812141
181.933350,98.977516,49.124298,43.070675
179.148621,102.317421,49.206326,42.383575
175.817993,102.854225,49.024559,42.470638
170.377731,105.040245,50.849590,41.495438
167.495331,109.040062,50.470535,40.568405
166.696899,110.860291,47.626095,41.305016
166.914001,111.042763,47.943336,41.459534
167.068756,112.200935,46.700378,43.269321
164.328125,113.356621,47.402409,44.085152
161.263351,114.818008,46.818306,44.256283
158.669830,117.544167,47.516483,44.352077
155.257019,118.890884,47.742039,45.108097
152.759354,121.205399,46.333431,46.138424
150.426636,122.966492,48.237598,46.494030
148.628281,124.788803,47.440063,45.741226
148.489365,125.296318,47.384941,45.907856
145.911850,124.906258,48.059311,47.288349
140.153152,126.186935,50.732506,46.748035
137.885300,127.709679,51.596088,49.036846
137.757797,127.746727,51.605846,49.892609
137.520065,127.768509,51.943680,50.048515
134.488220,127.216370,52.214813,51.063934
134.928116,127.733200,52.494526,51.963058
133.591492,127.726700,52.937069,51.854149
133.584015,127.759018,52.961430,52.007275
132.224518,126.704033,54.531853,54.384815
130.431564,127.039322,54.794228,54.159912
125.540001,127.504318,55.447609,54.444168
120.111221,128.063736,58.703117,54.106625
115.820244,128.347885,58.789253,54.154350
112.557541,128.859818,59.481937,54.348618
109.333809,128.568542,58.890850,55.033604
105.377258,130.030640,57.352730,55.044392
101.794411,130.605316,58.004360,55.165169
102.040863,130.772888,58.471111,55.476086
102.417763,130.649902,58.419361,55.509026
103.579063,129.104691,58.251251,56.011837
110.938324,125.008255,56.960453,57.181126
113.400940,121.890762,56.907253,56.659328
114.295258,120.361786,58.164429,56.132675
119.764221,115.425346,57.816162,57.318195
119.899223,115.450310,57.932152,57.465080
119.832909,115.244438,58.013454,57.462608
119.682655,115.223801,59.043064,57.417416
118.487869,115.083961,59.114750,57.425201
117.346359,112.951431,58.048801,57.350624
117.469719,113.001205,58.481228,57.488308
117.215103,112.953682,58.467537,57.518948
116.912170,113.084312,58.452282,57.955742
117.380142,112.992393,58.512089,58.117382
117.190903,113.215073,59.043774,58.552578
117.598061,113.661911,60.346985,58.951057
121.124413,113.296181,60.599434,59.182072
122.128319,113.420067,60.793335,59.432388
124.714455,113.521568,60.864372,58.775093
126.555252,113.347748,60.922115,58.981560
127.739655,113.556938,60.978725,58.984062
133.204666,113.442894,59.675217,59.364731
137.338318,113.382378,59.816910,59.555523
137.486084,114.267273,60.081360,59.028156
137.639481,114.858170,60.564182,59.358410
137.774612,114.959412,61.046623,59.460476
137.690781,114.903000,61.512241,59.511742
137.113602,115.158852,62.647305,59.503078
137.206894,115.343430,63.001068,59.887337
136.845901,115.293060,63.359554,59.727242
136.134094,115.116577,62.936062,59.845322
134.561279,114.626503,62.132820,59.315403
133.908417,114.699188,63.044765,59.364693
131.251953,114.460022,63.619720,59.031647
127.208488,115.301476,63.437531,58.422375
120.247459,115.254395,67.152618,57.036922
116.289459,114.298492,67.708076,57.624710
115.729988,114.427361,67.858795,57.774055
114.196548,114.263138,67.295967,58.254967
112.692802,111.238289,65.945183,58.288097
110.036003,108.757805,65.010384,58.679893
110.261078,108.914726,65.456696,58.974422
108.699425,109.479797,65.756683,58.835682
105.793152,109.407631,65.418495,58.263824
104.514717,109.346970,64.762291,58.300491
103.615883,109.413757,64.846382,58.115116
103.669807,109.600861,64.984070,58.467155
103.187569,109.564468,64.951012,58.357109
102.580025,109.572632,65.008881,58.429703
101.344910,109.275215,64.813499,57.991158
101.165268,108.826279,64.538391,57.901436
100.877640,108.644981,65.018715,57.717876
101.023689,108.737518,65.386642,57.991539
100.948128,108.176735,65.070145,57.953663
100.617424,108.069901,64.922501,58.196873
99.505493,108.034233,64.374908,58.472965
99.465431,108.048073,64.476440,58.491199
98.097115,107.776833,62.625656,58.778530
97.857910,107.934723,63.033672,59.236366
97.962494,108.129051,63.212013,59.507145
96.205551,109.364296,64.368790,59.184753
96.269730,109.522697,64.466537,59.475052
94.985764,110.060753,65.111977,59.193176
95.361275,110.800186,65.337364,59.327339
95.524246,110.964813,65.429192,59.579525
95.597961,111.611595,65.311714,59.625622
100.481636,112.717690,64.536011,58.665562
111.113861,112.047050,75.128227,59.963467
126.882278,113.085335,77.939484,59.770016
145.852325,117.508667,76.946724,59.963104
167.897873,125.622383,74.519020,60.409328
180.634277,128.249954,71.793365,60.260696
186.667084,128.795029,70.981354,60.031731
188.644226,130.535278,69.203018,61.953636
190.127060,137.640900,70.394394,62.050907
191.049942,137.930588,70.915344,62.388992
191.077545,138.020584,70.974899,62.474083
187.671967,143.245636,69.870483,61.198021
187.821976,143.356750,69.902451,61.546837
181.252518,145.069977,72.192978,59.486839
181.982468,145.583130,71.848595,59.771778
182.374222,145.783188,71.618637,60.071335
182.563232,145.997681,71.964447,60.473934
182.582977,146.011261,71.962578,60.474888
182.600006,146.023987,71.964447,60.473934
182.471527,146.031357,71.599037,60.444828
181.903549,145.735413,71.810211,60.454353
179.118561,144.033386,71.146576,59.535614
178.837662,144.045090,71.350372,59.911251
179.712036,143.506027,70.939697,59.438328
175.092072,141.237015,71.274406,58.919632
175.220947,141.250854,71.444939,58.986023
175.535385,140.600418,70.976974,59.110367
171.127365,139.589386,72.084572,58.735527
169.876328,138.079407,70.855469,58.725048
169.315872,138.847046,70.686134,57.174526
167.105774,138.303543,70.005592,57.257050
165.683182,137.558044,64.841187,57.368107
164.314453,137.938843,63.029144,57.189831
161.528595,138.485855,63.565441,56.434708
159.229187,138.287628,63.919254,55.788849
157.502487,138.173294,63.589134,55.740070
155.613052,137.992157,63.703575,54.756924
154.232315,137.963104,63.656151,54.953445
154.113693,138.142990,64.077309,54.135815
155.504791,137.762939,64.019394,53.571980
155.756210,137.656647,63.903011,54.187649
156.609848,136.961273,63.995811,51.437004
156.985352,136.197800,63.523079,51.665291
161.488922,134.489655,59.724213,51.896191
161.665115,133.821304,59.501316,51.792267
162.354187,133.495056,59.682095,51.889565
163.072647,133.068558,59.545887,51.766956
163.974045,132.375244,58.705475,51.568436
164.220871,132.371017,58.873741,51.727348
164.821854,131.554031,58.176308,51.792068
165.465607,131.357162,58.345970,51.367531
167.025406,131.889572,58.751202,50.235592
167.896790,131.866043,58.576023,50.086964
168.212372,132.092941,58.969715,50.358543
168.428467,132.364853,59.585243,48.011139
168.748550,132.316727,59.866417,48.206585
171.258469,131.621277,57.186028,48.633747
171.698303,131.511917,57.596352,49.035038
172.444931,130.991806,57.850513,49.012543
172.948868,131.246841,57.043236,49.151371
173.267212,131.357773,57.327431,49.478619
173.303497,131.199097,57.135986,49.565178
171.966705,133.331924,57.837864,48.660923
170.081543,134.536804,57.542221,48.633492
167.754425,135.596359,57.058151,48.304722
165.542374,135.745377,56.491959,48.316898
162.780518,138.894852,57.385277,46.884598
160.083405,138.828659,55.935753,46.907135
157.787582,139.702972,53.915962,45.972797
157.057785,139.863358,54.039326,45.968800
154.436417,142.821625,53.642220,43.881599
151.947830,145.069489,54.214550,41.696571
150.674393,147.137802,54.099915,40.601547
148.530701,149.127594,51.736271,40.406395
145.927902,150.580093,49.692158,40.007645
144.362488,151.176056,48.396400,40.257481
142.940262,152.049103,46.679035,40.872597
143.026779,152.755295,45.167786,41.157856
140.429657,153.772400,44.281281,41.410618
140.294403,153.886856,44.317673,41.506096
139.747437,154.332214,44.355103,41.923100
138.170090,154.989929,44.570389,42.203423
137.964401,155.266144,44.671070,42.404327
137.629166,155.636414,44.579254,42.420570
137.581146,155.856064,44.877960,42.339706
137.241852,156.201843,44.583736,42.351326
136.169968,156.839264,44.416058,42.234558
135.829498,157.077209,44.501785,42.487103
135.567917,157.340927,43.976082,42.418606
132.495148,158.355667,43.300426,42.092453
131.930588,158.613693,43.380295,42.437714
