1
143.779999,68.803429,52.146420,57.425900
142.922455,68.777672,52.228504,57.362038
140.803635,69.806076,52.242599,57.160038
140.328537,70.632080,52.144394,57.441498
139.492416,70.895859,52.027046,57.506672
138.697830,71.295670,52.161556,57.786961
136.137009,72.008621,52.073536,57.621136
136.710754,70.442474,52.109882,57.661072
136.861969,69.404930,52.014233,57.629635
137.961258,68.024742,51.395580,57.932178
138.771667,66.644333,51.365723,57.496586
144.510742,64.979698,51.076820,58.335297
151.223160,62.192524,50.643433,61.799187
156.097870,64.495804,51.737473,63.810249
169.161636,69.055580,52.426884,68.445953
174.325104,71.710426,51.420692,71.491341
178.483444,74.885597,50.672596,71.797585
178.695770,75.123550,50.795383,72.007141
176.723877,75.812035,49.687794,73.338341
177.113403,75.698593,49.135483,73.502159
175.345352,78.542442,49.629650,73.186775
174.308762,79.007278,49.103771,72.260399
173.572769,78.893150,49.233368,71.585228
172.133041,76.745407,49.150974,71.394653
171.591385,75.616997,48.924240,70.164230
171.425217,78.557594,48.565498,68.005943
170.276688,80.001289,49.252750,65.473679
170.253372,80.107895,49.718788,64.876137
170.410004,80.390472,50.013470,64.480347
170.512619,80.574463,50.331367,63.712029
2
0
0
0
0
1
187.803757,86.737068,58.849895,54.649776
172.093475,83.216446,59.409023,55.310604
170.791885,79.894043,57.438519,57.896069
168.127991,79.571968,54.298542,61.719452
167.556503,80.112648,52.727360,64.047455
166.487640,81.367111,50.239620,64.005478
165.105423,82.862564,49.535522,63.473106
165.352966,83.532867,49.336708,63.282402
165.134735,84.247704,49.100098,63.346474
164.628159,83.657181,48.135605,63.571873
2
0
0
0
0
1
77.805260,37.910484,38.853973,46.412819
73.306877,36.276115,37.524437,45.964005
68.779495,35.496639,37.391472,47.099289
65.089142,36.563084,36.697937,47.936817
60.894272,35.526436,37.233303,51.256824
54.609291,38.250778,38.327579,51.843224
50.544006,42.186268,38.514824,52.040901
47.405296,45.754440,40.180508,52.772156
46.335442,49.762352,41.133724,52.381607
48.428791,55.517624,43.437534,53.367004
48.511505,56.422249,43.971748,52.217480
47.636715,55.076302,44.756012,49.599220
47.828609,53.297691,46.652615,47.886520
2
0
0
0
0
1
175.839844,73.650436,44.062386,74.382072
178.314590,77.228073,43.407246,74.071098
178.683533,77.808273,43.157661,73.869392
179.949646,78.113960,42.547279,72.985992
182.822571,79.340630,42.473148,70.223824
185.220016,79.636055,42.319275,70.804573
189.395660,79.315506,43.463696,74.917770
190.117569,78.082436,42.710548,77.634514
189.908081,78.464386,43.355053,78.835381
189.472504,77.894981,44.365189,77.960594
186.692581,77.374138,44.762306,77.840942
182.212860,75.762123,45.936424,78.455956
177.950150,77.203934,46.284359,76.565262
177.803528,78.066078,46.244415,76.507729
175.034851,79.551590,45.869099,75.524796
170.691040,81.338531,46.032585,72.965050
167.225845,82.661156,45.928215,71.611595
162.791595,82.545708,45.780132,71.744568
159.283508,83.155388,44.903610,70.595856
155.435989,81.479698,44.745064,70.625923
2
0
0
0
0
1
125.138374,48.282967,68.112434,71.103851
117.677780,63.147793,72.729942,69.030296
107.325081,69.303505,71.615135,69.280434
2
0
0
0
0
1
211.073395,92.086136,62.646797,55.052303
214.191406,96.777725,61.927078,54.844284
219.580627,100.813332,61.124153,53.813213
225.101151,104.065712,61.210598,52.551853
225.978958,104.616333,61.466946,52.809021
228.925201,108.570923,61.522682,52.596058
228.498093,113.337433,62.774006,51.552334
226.862015,114.115601,62.987488,51.575500
226.901688,114.276405,62.853775,52.034042
223.051041,114.567322,65.615028,51.770813
223.320969,114.453529,65.816353,51.794239
220.892273,114.126534,66.809082,50.877785
219.424683,114.328621,68.067062,50.666565
215.739243,112.207581,70.872383,50.072880
216.060684,113.170456,71.501602,48.398579
216.560410,109.326729,72.223541,48.676960
219.720169,109.144424,72.259811,48.601372
219.597061,109.441704,73.173668,48.724522
2
0
0
0
0
1
134.896942,64.130600,59.023571,75.898399
140.790894,71.847672,60.419735,73.485085
146.205353,78.408241,58.944210,71.148804
2
0
0
0
0
1
112.382248,67.808952,43.824615,73.098618
122.993179,71.237656,43.443825,72.601204
129.771011,76.245079,45.860867,74.189865
125.894859,83.730141,45.186218,65.507355
126.703636,83.568199,45.566578,65.478889
2
0
0
0
0
1
216.327377,121.569702,56.526646,56.254620
218.243393,121.817940,55.114120,56.519157
224.460495,123.456581,53.994171,56.576771
227.613831,123.540924,52.138161,55.695412
231.267120,118.695709,50.136040,58.542164
231.720901,118.832245,49.414673,58.041058
232.119736,115.661293,48.082848,59.927322
231.770767,115.445168,47.964211,59.633030
231.185593,113.086937,45.738613,58.059578
224.039749,115.383720,44.854694,55.993649
226.435120,112.474411,43.825947,55.498714
211.695892,110.696121,46.694115,54.121746
213.584198,110.118179,45.768570,52.471554
2
0
0
0
0
1
180.779510,41.315521,42.737133,45.658127
188.450317,42.778408,42.914139,47.764542
195.934402,44.858372,43.514969,49.893581
201.862411,45.719547,43.838539,49.189892
211.992783,47.405716,44.009525,48.972939
220.103531,51.121861,44.250019,50.059208
230.061172,53.652431,41.522202,50.782448
231.066681,56.772118,39.106453,49.218357
230.260605,59.371792,39.384388,46.920979
228.810440,60.093620,39.048943,44.646801
225.642258,60.831039,39.114681,43.746140
222.415588,60.880817,38.875080,43.845787
225.218033,61.300556,37.328812,44.980125
227.188095,59.591805,36.846184,44.369137
230.029449,56.432720,37.043056,43.092564
228.552307,56.468708,37.630062,41.690456
225.588684,53.706009,37.802601,40.327045
219.503448,53.143734,37.868473,38.365833
210.749557,50.781158,36.148842,38.732578
202.794876,49.151520,35.684895,37.662586
193.168091,46.191681,35.523285,36.950691
184.317383,45.229168,35.780155,35.665546
172.306030,46.020332,38.847630,34.975033
161.711609,42.866581,38.185261,35.739872
150.614670,40.648315,36.977013,34.713394
144.665421,40.168247,31.734482,32.990154
128.722290,39.664055,33.372936,31.135353
118.937744,40.084003,32.954277,30.319708
107.438202,38.808620,33.307583,30.080708
96.930969,37.474606,33.329361,30.940632
85.872383,36.860527,34.230556,30.577032
76.891510,37.976257,34.390072,30.883011
71.935989,39.326565,33.717186,31.314814
66.940529,41.356224,33.351650,32.428452
63.252090,43.809196,33.695248,33.947456
60.292187,48.439941,33.439537,39.887119
60.529163,51.437683,32.742371,43.929420
61.759933,58.797356,32.528111,44.689087
66.765015,71.698296,32.914349,44.766090
72.116966,84.453896,34.612335,43.312557
79.986542,92.982094,35.254459,42.967140
87.517113,98.632324,36.727085,43.389900
101.957283,114.384186,36.915047,43.417568
102.644875,123.272766,35.950596,42.984577
103.178169,132.571716,36.088036,42.209137
101.019539,136.308624,36.785000,41.599884
100.192177,137.370499,38.012081,41.879616
100.370430,134.986053,39.091282,42.203266
99.525574,132.583740,38.327045,43.476990
98.563789,130.456131,38.301743,44.742050
100.822655,126.705360,39.785664,45.372887
103.395592,126.854820,40.044373,45.132095
108.296814,128.228607,39.682537,45.830059
110.981697,129.581650,38.989494,46.004135
114.869827,130.391678,37.573696,45.928421
117.294502,130.495499,36.574226,46.096680
119.586594,130.391113,36.226913,47.085838
124.177208,122.030067,35.789032,50.141296
123.227661,117.556404,35.660984,53.464214
122.404671,110.647774,35.484200,58.540428
122.465347,107.170837,35.748497,60.511066
122.532379,106.703087,35.849606,61.848900
122.162041,102.840675,35.958939,63.836594
125.807175,99.694588,36.429436,63.786304
127.380966,99.678368,36.879238,63.696453
129.037048,97.243095,37.560764,65.202133
131.151596,96.746292,38.935242,65.144569
133.619934,96.587563,39.628517,65.878876
138.809937,97.613091,40.607903,66.583420
143.931335,96.423401,41.288784,68.698418
149.822754,92.093025,44.304203,73.195679
156.537552,86.353653,44.913357,73.705757
164.001816,82.464302,44.980484,74.200623
169.885483,79.586754,45.343769,73.391747
175.639603,79.474731,44.789459,72.524826
179.856232,77.391930,43.985622,72.239227
182.664612,77.925591,43.215382,72.832367
184.519775,81.032143,43.502377,70.698990
186.492279,84.341064,44.389839,67.561310
185.847015,83.732094,45.777390,65.659370
2
0
0
0
0
1
97.245476,69.293053,48.147781,66.195900
97.620544,69.635132,48.267670,66.778961
98.894264,70.585083,48.651512,67.527130
101.442665,72.094009,49.726482,69.498344
102.592407,72.889267,49.918114,70.051758
103.556732,73.134216,49.918064,71.112305
104.913826,72.868828,49.687183,71.875839
105.084679,72.973579,49.946865,71.983780
105.375130,73.115250,49.991764,71.996773
107.048515,73.378860,49.797508,72.082466
108.722145,74.099716,49.875702,72.315681
