1
148.212585,76.078575,47.867199,50.182987
148.103424,77.085464,47.911156,50.223907
147.576141,80.332787,47.763821,49.855637
146.986298,85.377945,48.545769,48.835739
146.961884,87.437805,48.616455,49.456398
147.957092,88.127739,48.832817,50.138184
151.538620,87.816315,49.384777,51.571938
153.991409,86.546989,48.803169,54.173851
168.964798,88.738892,48.394253,56.442101
180.224060,90.319443,48.136936,57.800560
188.483337,88.640442,47.805756,59.164738
190.590149,86.848343,48.092506,60.619499
190.361435,86.455460,47.686069,61.332249
189.342834,86.619606,47.557911,61.874355
187.353409,87.473358,47.713787,61.174583
185.967773,87.476128,46.441639,61.462120
185.839691,87.341049,46.291256,61.592068
185.193695,86.957184,46.070740,62.237610
181.273026,84.772377,44.591011,64.936508
179.887344,81.424515,44.197578,67.641312
178.616165,82.275505,45.228718,68.257492
176.154129,80.860634,44.106861,68.290009
175.075989,79.646095,43.936275,68.309029
174.412781,78.049202,44.025284,67.612511
173.906174,77.584366,44.571667,67.244240
173.586807,80.043686,44.553665,64.588646
172.311707,80.768593,45.075378,63.318829
171.958328,80.209915,45.845707,63.576035
171.287186,80.511627,46.250092,63.605156
2
0
0
0
0
1
204.087219,99.262047,57.382725,48.288136
201.828705,95.627808,57.098606,47.316551
191.959641,89.192665,57.944317,47.532234
180.418365,83.193512,55.659981,49.682053
171.449997,81.613609,54.641983,51.844898
167.915527,80.540733,54.093540,54.768459
167.377060,82.538483,52.021881,57.089031
165.202393,83.853134,50.726231,57.128006
166.055573,84.966125,48.404839,57.699646
166.048752,85.436829,47.857899,57.978775
164.961777,84.593437,46.731960,58.699306
2
0
0
0
0
1
76.523041,38.751884,39.748676,43.856457
72.373909,37.796844,38.651199,43.477966
67.903862,36.868393,38.559402,44.689869
64.108894,37.232754,38.082008,46.094296
59.571205,35.637012,38.353035,49.879280
53.433620,37.812950,39.394817,50.910564
49.292915,41.794926,39.572914,51.537201
46.351276,44.905464,41.006714,52.164627
46.000206,49.451984,41.841354,51.796482
48.719837,54.888748,43.352627,53.478233
49.035755,55.957016,44.061245,52.435852
49.932625,55.212318,45.713795,49.838852
54.712444,53.002926,47.815807,48.382538
66.684761,53.482155,49.272991,47.097435
80.755798,55.611481,49.607590,47.087543
2
0
0
0
0
1
181.647568,77.522102,41.606331,66.963860
182.035751,77.882500,40.945831,66.640457
182.592499,79.017540,40.625057,66.324203
185.397430,79.247498,40.747707,68.834816
188.662537,79.177948,41.448238,71.831520
191.526123,78.850044,41.447338,76.595543
190.675842,79.098557,42.888214,78.279938
189.427734,78.330650,44.703007,77.618431
186.135345,76.762314,44.905895,78.218498
183.586426,76.703491,45.173454,79.000458
178.812454,76.916199,46.120060,76.879044
177.489838,78.212814,46.237007,75.547897
174.935150,79.765694,45.685982,74.736168
170.800568,81.533142,45.896503,72.287605
167.799789,83.029480,45.223793,71.209419
163.052170,82.614632,45.148342,71.274994
159.147720,83.116203,44.848244,70.084312
155.410919,81.026459,44.582413,69.934212
2
0
0
0
0
1
128.999115,54.637974,61.865932,78.920097
126.506813,67.157776,63.043999,74.930626
114.427452,73.188133,64.532852,75.489540
2
0
0
0
0
1
207.710754,95.590546,59.391582,59.345390
205.470444,99.102600,58.611797,59.379345
205.336456,100.709839,58.082794,59.563366
203.738785,103.173706,57.890446,59.829525
186.971527,104.044891,57.925823,61.321545
179.524460,101.588982,56.712353,63.313473
175.636002,100.853294,56.012127,63.427841
174.995911,100.747780,55.975868,63.335777
173.881027,100.554459,55.499828,63.584183
172.918091,99.451202,54.878017,64.715431
171.407883,96.661110,54.064968,65.861427
170.236038,95.965187,55.795986,64.225937
169.726730,93.859634,56.346912,64.703407
168.560043,92.857056,55.385262,66.325516
166.126160,91.638832,56.016247,64.961121
164.792587,91.063675,57.180325,64.148270
163.579361,90.335289,57.645142,62.195763
161.208832,80.637207,62.536457,62.608612
143.222290,75.835106,64.438255,61.806564
137.179611,75.975243,62.844028,60.985939
131.933640,76.811249,59.616135,61.434513
130.742111,78.124893,56.938183,61.951244
131.534576,81.749191,56.342098,64.455956
136.563126,83.469261,55.836998,64.522934
142.845581,83.336357,53.739559,64.701843
145.749619,85.872551,54.238304,62.922886
151.202789,86.710907,51.735882,61.881672
2
0
0
0
0
1
115.738243,71.864761,44.885418,74.190804
124.714073,74.139519,44.413212,72.684586
132.000839,78.213882,47.786194,73.896202
129.592712,87.025520,50.171108,66.602448
129.160782,85.394180,51.055737,65.201843
130.846558,86.834717,51.039318,63.865978
2
0
0
0
0
1
210.089005,113.915382,54.085098,54.905304
210.292953,114.232285,54.193352,56.494576
209.752548,116.264519,53.482727,54.379765
203.847565,114.110535,52.032211,54.535297
195.788361,109.140030,51.839451,53.571747
192.700333,105.124313,49.764156,53.782070
191.557983,99.115433,48.756527,54.296993
190.565933,97.429741,49.151569,53.056370
190.856689,97.598518,48.064049,53.111294
183.914215,91.024155,50.895020,61.349899
184.546875,87.244308,51.394123,65.592735
184.383392,82.047157,50.093952,69.082695
184.466446,81.150024,50.170952,69.829384
185.284958,81.574394,48.588509,69.277153
186.388992,83.563202,47.783798,67.673828
186.113876,84.207779,47.888020,67.028282
185.857025,84.273766,47.961910,67.336731
186.135208,84.403931,47.826725,66.835564
2
0
0
0
0
1
225.619553,56.941986,48.795101,53.217434
229.068787,60.314716,47.554897,53.710213
231.449356,62.444004,49.281425,51.544495
229.540207,64.434990,48.458103,50.236671
228.138550,64.531891,48.013653,50.275528
226.556351,61.617203,47.904469,50.988018
227.154968,60.957745,47.258293,51.632332
226.592575,59.192856,46.112350,52.148132
226.132141,58.303028,46.231575,52.711693
223.270630,57.294144,47.017826,52.912189
215.597839,57.259502,48.270592,53.913097
209.942520,55.724293,48.489647,53.360752
201.846191,55.646210,46.537601,53.415359
194.934509,59.911522,45.607803,54.235550
193.673447,63.593304,45.314423,54.536526
189.946808,69.243950,45.463032,52.711926
185.943130,74.622765,46.511154,52.124893
183.416916,78.289986,46.767838,53.090435
2
0
0
0
0
1
85.776543,40.571377,36.868267,40.809593
76.826378,39.971058,36.038414,40.825699
71.101471,39.928761,35.053188,40.963943
66.258286,39.947159,34.647625,41.140430
63.018726,42.612076,34.788498,42.711033
61.025349,45.760448,33.914131,46.839130
61.039200,48.329391,33.304424,47.406864
62.516563,56.257786,33.115196,48.294575
67.933968,68.142738,33.243263,48.389839
74.243446,82.414589,35.112278,47.023235
80.746323,91.469971,35.788841,46.030800
88.553642,97.939178,37.053455,47.023529
100.961868,113.404434,37.465881,46.586884
101.326782,122.199219,36.610909,46.091553
101.295570,131.806473,36.644886,45.831188
100.649719,136.200150,36.891548,44.858177
100.101135,137.038666,37.418186,44.731133
99.780167,134.887375,38.188591,45.228912
98.277115,132.778397,37.656994,45.839523
98.332924,132.028702,38.187473,45.875633
100.537262,127.402641,40.433472,46.466904
102.775917,127.281807,40.683670,46.204021
107.729744,127.780060,40.540031,46.815014
110.685181,130.002518,39.842049,46.647903
114.444305,130.171356,38.685242,46.363834
116.737160,130.428223,37.749138,46.527988
119.717140,129.974976,36.803074,47.203938
123.511292,122.048744,36.274422,50.246372
123.328468,117.269073,36.029266,52.993599
122.151215,108.607277,36.125763,59.705116
121.827682,105.218819,36.485600,61.612740
121.839500,104.973839,36.489288,62.221130
121.430382,102.856384,36.282398,63.498821
125.476105,99.653656,36.904884,62.782761
126.229645,100.042557,37.241451,62.878967
128.223328,98.539169,37.610390,64.204849
128.922668,97.106934,38.449516,63.873268
132.768951,95.139664,39.535118,63.990269
138.368042,93.804497,41.186478,67.319809
143.412521,94.566299,42.544083,68.513878
147.729340,90.077904,44.277901,72.402954
158.912628,88.081070,45.402645,73.569855
165.681946,83.640198,45.207775,72.228035
169.762039,81.565010,45.642380,71.392914
175.176132,79.871040,45.894054,71.364624
179.273239,77.692612,44.549915,70.799591
182.601776,77.954773,44.266953,71.276581
183.872086,80.648575,44.588921,70.040558
185.777298,83.353004,45.072716,68.147514
185.641769,83.647491,46.466049,65.140747
2
0
0
0
0
1
96.672211,64.334969,48.179371,60.373703
96.797684,64.579170,48.153793,60.502930
97.730011,65.858459,48.686523,61.207764
101.052658,66.989929,49.674992,62.276436
102.752304,67.915886,50.500198,63.018955
106.210770,68.588898,51.035099,64.039215
106.616310,69.130539,51.119152,64.492950
107.339081,68.947784,50.573540,64.980209
108.086304,68.978561,50.826042,65.244507
108.827507,69.513733,51.044357,65.522835
109.707787,69.943016,51.045837,66.159256
