1
200.183975,116.049973,37.068180,100.724808
200.175034,114.807594,37.675240,100.175819
200.287964,113.911461,38.133770,100.142662
200.475952,113.752678,38.833447,99.958344
200.460052,113.264305,39.127884,98.966843
201.001877,112.399132,39.243908,98.040756
198.426407,109.758415,39.602646,96.559158
198.594681,109.513313,39.799210,96.916321
198.811234,109.430290,39.720779,96.983009
200.254684,109.320320,40.722439,97.646736
201.548401,109.993660,40.737190,97.430710
203.271011,110.902527,41.224163,96.045967
203.693771,111.489273,41.507076,96.424614
203.729660,111.271133,42.774872,97.064751
203.744705,110.680634,43.102379,97.892860
203.852692,110.529114,43.549305,97.893356
204.407883,109.204758,44.382957,97.497581
204.176117,106.952644,44.321861,96.984337
202.980087,106.915169,44.565613,96.556763
203.053238,106.664436,44.924301,96.876266
203.437134,103.564674,43.467880,95.648331
203.452850,103.276588,43.256649,95.812881
202.414856,102.824486,44.177002,97.221573
201.774323,103.013268,44.251427,99.540337
201.830811,102.336311,44.665382,100.212349
202.297913,100.849724,45.410900,98.863991
200.571411,100.382172,47.357521,98.668571
198.320023,96.993523,51.454983,98.916428
198.306732,95.492584,50.624683,99.185226
199.516037,94.248535,50.000481,98.906021
200.438492,90.825615,49.752876,101.875046
202.168671,89.324409,48.029835,102.249130
206.228348,89.249779,46.047195,100.708542
208.005630,91.880814,46.335793,99.272133
207.873108,94.434410,46.017281,100.298172
207.793686,95.999893,47.503185,99.592041
208.033737,96.262329,48.037174,99.973740
207.756851,96.543480,50.716549,100.837585
208.067215,96.476143,51.835381,102.298141
208.209152,96.569359,51.960407,102.427696
208.687531,99.621811,52.181335,100.464355
208.249466,103.631523,53.307110,102.346092
209.891617,105.080582,53.570393,102.712990
210.444275,106.951241,53.787457,101.894409
210.514526,107.040634,53.978802,102.008896
206.607941,108.084099,53.404503,102.049309
203.340500,111.509483,53.330883,100.747856
201.673172,111.504143,55.601608,101.018982
198.694275,112.752289,56.028389,99.633614
197.038330,112.697327,57.343014,99.557449
193.750793,112.889046,56.993950,98.449287
190.131516,109.881607,54.797268,98.718384
187.086136,108.424866,50.353943,96.464455
185.804581,105.438370,47.297489,96.301590
186.417770,100.467194,43.885788,97.914169
187.124374,100.475113,43.075951,97.933701
186.471786,99.618568,44.135967,101.734917
186.311035,104.729988,42.798298,98.734245
186.826614,105.326210,44.198658,99.627213
186.750778,106.116432,46.458958,101.333611
187.724655,105.767448,47.602379,104.095505
189.913742,107.276192,47.904823,104.216866
190.605240,107.888893,48.171074,104.401047
191.854874,108.001152,47.374264,103.950401
192.163330,107.972038,46.591587,103.605324
192.702911,107.164520,43.509365,101.028595
193.085129,107.754631,44.010429,100.015236
193.369232,107.838707,44.289917,100.903755
193.720505,107.843239,44.278248,100.880112
200.772415,112.357239,45.459423,95.718552
207.616730,110.165474,46.928585,95.517441
212.630615,102.927193,45.538254,93.670929
212.897537,102.545067,46.083492,94.092468
210.248474,102.702972,48.395931,92.781334
205.383041,101.758728,46.962387,91.361946
200.616867,101.178543,44.726608,90.953522
194.249084,102.626999,42.875118,88.791397
191.065887,97.148201,38.773293,91.633163
190.328171,97.603607,38.893211,91.402992
189.137665,94.090080,39.374630,90.769661
188.710449,90.638573,39.284637,90.319748
189.208221,86.966553,40.131439,88.152023
192.350754,83.591858,40.388573,87.977783
192.649734,80.236580,40.660522,88.036362
194.315262,74.526207,40.340908,94.125496
195.102737,73.703064,40.694294,93.259460
196.377396,73.929977,40.529099,91.720352
196.851059,73.858337,40.705315,93.462639
197.039230,77.636459,40.376118,92.473183
197.766724,79.709610,38.885181,96.037613
196.536041,87.730103,38.379147,98.348358
197.021469,93.990814,36.261982,95.586494
197.096832,94.979477,36.424561,95.876572
197.093658,96.883881,37.866215,96.973007
198.548492,100.549973,40.284603,98.888573
203.571136,101.190445,40.117332,102.067329
203.174820,107.404335,41.680908,102.042267
203.573380,114.612160,41.504562,99.912460
200.764984,123.215965,42.429214,94.719017
201.138077,124.405975,42.111885,93.324303
200.027466,126.581825,42.403248,93.055229
199.883865,128.820908,41.905918,91.033585
200.047302,130.773911,40.344963,93.484207
198.613129,133.936295,40.253716,96.173141
198.979263,134.254593,40.003830,96.333038
199.134521,134.479874,40.452724,97.326714
198.940826,134.051651,40.601337,100.604530
199.365738,133.879486,41.010647,101.575752
200.167465,133.889496,41.873234,105.764771
200.388123,132.704300,42.414600,108.088188
200.296646,132.141129,42.493786,110.098000
199.831436,131.256958,42.768013,112.054115
200.009918,131.522812,42.962772,112.497864
200.939819,133.216385,43.257217,111.829071
202.704300,132.167252,43.403942,112.599129
205.460205,134.317810,43.787796,111.992554
208.673401,138.654221,45.761883,109.723305
211.360291,141.155167,47.565784,111.196083
215.059189,145.837021,48.819313,109.963905
215.959869,149.970444,51.097404,110.857254
217.310120,154.232315,51.878658,106.806541
220.242798,159.575073,52.555126,101.875229
224.808136,164.292557,56.318729,100.992172
228.510208,171.281036,59.029205,97.745842
235.023361,175.353088,58.992256,96.248543
236.911407,178.646240,61.169956,96.599136
235.848480,179.939194,67.497719,96.238449
242.812424,181.102310,67.293068,94.881554
246.972626,181.954498,69.255058,95.346008
2
0
0
0
0
1
222.787003,129.198578,33.021721,97.713348
223.207306,131.698715,33.808346,98.099487
224.813400,131.754898,33.739079,97.987411
228.153564,133.384872,33.393780,97.824974
229.163956,133.462769,33.280769,97.155670
231.904053,131.851334,32.961109,97.406845
233.640503,130.347992,32.473034,97.107086
232.385117,124.115509,32.044186,96.420631
232.680054,123.900261,32.406422,96.727287
232.198807,121.403175,32.301205,97.001732
230.378799,121.680382,32.623528,97.822006
228.926010,121.627731,33.151184,98.099602
229.101440,121.366524,33.640846,98.531006
228.554459,120.572777,33.848183,99.975319
228.856522,119.731499,33.716217,100.445328
229.386948,116.881912,33.919014,100.178162
229.409637,115.237991,34.169712,100.274002
229.497116,115.149284,34.462109,100.564095
229.505707,115.376030,34.483055,100.957962
229.380020,115.329765,34.532883,100.958374
229.577301,115.184647,35.015465,100.917999
229.024826,114.218483,35.570229,100.821350
229.069336,113.856514,36.096630,100.656883
229.114853,113.202621,36.595673,99.500389
228.600113,112.740242,37.240467,99.369522
230.815384,110.668663,35.928505,96.676277
231.844986,108.838707,35.704021,95.401550
232.111984,103.603851,35.013821,95.104042
231.795898,102.024101,35.293293,94.391045
229.985672,106.431847,35.811661,92.816200
229.321793,106.880318,37.964058,94.056107
229.016678,108.337204,39.261055,93.945946
229.110764,108.557251,39.765469,93.713463
228.925140,107.995369,40.146255,92.496101
228.520187,108.443962,40.681297,91.547234
227.373032,108.051079,40.293564,91.444138
225.420746,107.834244,39.705761,90.153328
224.074722,107.552734,38.645042,90.522568
221.626160,107.004303,37.817379,89.246788
221.106049,106.808632,37.592075,89.511017
218.280548,106.725395,39.096066,88.885155
215.061783,107.930145,39.097126,86.871162
213.558945,107.317413,39.547791,87.616936
211.120712,106.921547,43.619522,88.013222
211.196304,107.172523,44.089394,88.291382
210.824112,106.374741,45.083736,88.010361
210.279861,105.626617,45.187775,89.417305
210.657425,105.690712,45.123013,89.982826
210.462463,105.584557,44.681126,90.138779
207.977005,105.572395,44.140129,90.859619
208.368851,103.968590,43.362003,90.014862
208.816010,104.390503,42.299511,92.074898
209.943573,106.324921,40.850746,92.240250
211.118958,105.984482,38.844986,93.059769
211.612076,106.604683,38.254345,94.670273
212.395355,108.129677,38.053547,97.202141
213.254395,107.984497,38.067436,98.374374
213.356812,110.871674,39.183640,98.568291
212.845123,110.376648,39.612537,98.971985
212.595612,111.038475,39.810104,99.911545
212.446762,109.075645,40.384438,102.039558
212.341827,108.210220,40.680733,102.857422
212.846756,107.350174,40.823181,104.503693
213.443848,107.687576,41.564285,109.269226
215.427017,110.218506,41.462471,111.757416
214.918121,115.675903,44.379791,114.274712
214.354019,120.793709,47.350796,113.618622
214.590790,122.113800,47.576420,113.569092
216.104919,123.222786,49.296631,114.427872
216.674744,125.543976,50.430546,114.161224
216.299973,126.565048,52.742386,113.949036
217.304794,135.526535,54.889111,107.794052
216.627640,139.432358,57.497055,103.886688
217.832336,146.178833,59.370522,104.491104
218.847549,147.510117,59.667950,105.113083
218.898849,155.792984,61.829144,99.881531
221.968124,161.301636,62.456196,97.878899
225.339569,169.773529,62.193455,92.555321
227.418991,172.989502,63.612759,90.584206
229.398636,178.639740,65.463074,86.987671
2
0
0
0
0
1
204.938446,130.741943,30.568810,96.618362
205.438538,134.195190,31.137501,96.462044
205.713379,134.226135,31.484131,96.490639
206.075821,134.390152,31.499060,96.292686
206.176910,134.242737,31.523209,96.284035
206.567810,133.954285,32.121902,96.479309
206.817017,134.808395,32.548973,95.807518
206.643173,137.661346,35.157677,94.282120
206.863235,137.764465,35.497791,94.570023
205.523697,137.430603,35.466461,95.063568
204.130798,136.327805,35.113689,95.622299
200.706223,135.799973,35.635265,95.782936
197.970444,137.146164,35.685684,94.078987
196.948654,136.904572,35.825680,92.542351
193.422577,138.712540,34.663681,91.637833
192.273056,139.494888,35.287914,92.202888
191.806335,139.318573,35.551216,92.372040
190.755051,140.168777,36.340061,91.814796
190.210892,141.751770,36.514591,89.822144
190.275604,141.978012,36.886486,89.649223
190.170303,142.214050,36.824238,89.667542
190.257904,142.374741,36.980618,89.960884
191.700272,141.841583,36.535603,89.131035
198.119095,145.653351,36.917873,88.477142
201.869156,144.432449,34.972542,90.482330
203.307846,143.484940,34.459694,91.249451
204.398682,140.254578,34.122181,90.237938
206.455872,139.561523,34.434074,90.347389
209.150513,139.001312,34.705379,90.312645
209.361008,138.822693,35.014164,90.203339
209.871124,136.812042,35.745205,90.332359
210.300110,133.756073,35.953789,89.927460
210.367111,133.714645,35.965206,89.971329
211.136398,131.426468,35.141640,89.054810
211.268112,131.296463,35.491493,89.456787
210.429581,132.005386,35.655823,88.465828
210.588623,130.809494,34.934254,87.788147
209.687790,130.056992,35.049442,88.139000
209.385895,129.811569,35.194885,88.102180
209.593933,130.127136,35.435055,87.950211
209.661194,130.040543,35.443428,88.017014
209.757965,128.851196,35.563725,88.343330
207.458923,128.931396,36.407101,87.312531
205.683426,131.734894,36.242249,85.071945
205.357071,132.251404,36.275806,84.476585
200.731659,138.973984,35.068069,81.865555
200.652237,138.865265,35.371857,81.400917
200.392105,139.112503,35.174393,81.171127
199.046280,135.200882,34.932575,82.655777
199.246994,135.397827,34.878986,82.138359
199.459152,133.992706,34.578979,81.412094
199.684586,134.921265,35.006161,80.089417
199.831253,134.882980,35.535637,79.910904
197.099640,134.554413,36.215824,78.797676
196.955017,134.245178,36.564083,76.974869
195.807419,132.528503,36.794968,74.352989
195.154892,131.740509,36.991043,73.442352
192.741348,130.885635,36.617008,70.523087
187.594940,128.781281,37.010441,68.865295
184.837891,126.416664,37.142372,67.717758
182.435059,124.164642,36.589893,68.859169
178.840027,121.088020,36.222710,70.216248
177.482132,120.302658,36.266369,70.781845
177.070755,118.222893,36.436939,72.341187
177.171906,117.871460,36.317093,72.794006
176.163666,117.186501,36.336155,73.237061
174.822739,114.591255,36.607212,74.667740
170.846893,114.190887,36.394596,73.789261
168.661285,107.112350,36.011662,76.175308
168.143204,102.783897,36.762398,74.798912
168.344986,100.432510,36.829704,73.925171
169.250702,96.885818,35.814426,72.992043
167.731110,94.996475,35.535156,72.110901
166.972839,94.062546,35.838940,70.827682
166.718430,93.476212,35.837944,70.852028
166.325439,92.495766,35.870876,70.684631
164.389923,92.635689,35.676071,69.968643
163.291260,92.167061,35.606842,68.939590
159.906204,90.678749,35.560505,68.622597
157.108276,90.042336,35.743698,68.206230
155.583328,89.317390,35.522419,68.587914
155.329391,89.337730,35.812428,68.917450
155.094162,89.143402,35.611012,69.055641
153.682541,89.632210,35.917953,69.047127
152.640915,89.139664,34.749229,68.157692
149.543823,89.266037,35.897251,67.622353
149.283386,90.462112,35.801556,67.559708
148.446655,92.922897,35.712845,67.656715
145.961182,95.096001,35.747246,67.100456
143.638687,97.953918,35.827747,66.626480
142.459991,98.451744,35.202583,68.052910
142.263290,98.884514,35.243477,68.688805
142.266724,99.007072,35.172050,69.086617
142.425354,99.162895,35.376450,69.492981
142.515366,99.070312,35.430466,69.629883
142.254700,99.480545,35.532272,69.792999
142.178696,99.380753,35.419964,69.991272
141.939835,99.463600,35.430527,69.901466
138.141418,98.773705,34.763584,70.213547
138.150955,99.131844,35.049934,70.327934
137.655075,99.235664,35.448463,70.365166
136.947723,99.324432,35.570358,70.431168
135.714386,99.112541,35.420139,70.424614
135.580414,98.284256,35.134754,71.759529
135.054855,98.266884,34.996811,71.780602
135.030655,98.338409,34.944855,71.988235
134.930771,98.242027,34.857182,72.049904
134.994812,98.361053,34.487652,72.545235
134.954254,96.760643,34.394417,76.578560
135.403580,102.081818,34.299690,77.832191
135.628525,103.919540,34.043522,78.070236
136.357285,103.373222,35.338295,82.846786
136.547180,105.324364,35.699856,83.249008
137.984955,109.312141,36.105343,83.562309
138.924683,109.576935,36.562702,84.379440
142.126617,109.994987,36.754635,84.972549
149.323944,105.427856,38.146034,84.731171
158.948547,106.933403,36.829075,84.436096
169.179581,105.055351,33.982464,86.342384
169.364944,105.639847,34.383846,86.351807
170.264923,105.483986,32.698837,86.344948
170.563492,107.015388,32.932873,86.932487
170.130417,106.673088,33.004414,87.276817
169.397491,106.370453,33.192261,87.337341
166.213730,107.234497,33.967976,87.333099
163.883911,107.285454,34.103184,86.729271
161.039795,106.562492,34.220959,86.733276
156.260574,108.523842,33.420959,86.437965
151.732559,109.371231,32.552052,85.072273
150.187073,109.792465,32.724503,85.235115
148.227829,110.498802,31.524538,85.327309
145.778107,110.359810,31.286304,86.254875
145.454132,109.677086,31.664980,87.655754
146.026306,109.769676,31.388098,88.212143
146.084900,109.925377,31.482220,88.464569
146.256531,109.667282,31.419725,89.224159
146.299255,109.782478,31.490421,89.454185
146.285889,108.299759,31.157547,89.838333
146.115128,103.306480,31.249567,95.124512
145.844223,103.558029,31.290340,96.222733
146.411575,104.823105,32.098019,96.848625
146.252457,103.042076,31.870659,96.570633
144.261963,105.711708,31.654163,96.508591
144.435532,104.451126,32.116467,96.722977
146.238266,94.757126,32.596443,97.558289
152.380447,89.530495,32.625778,93.655602
158.175735,87.637375,32.922287,93.536507
158.120377,88.876137,32.914978,92.587120
159.857056,92.332855,37.373226,90.780159
160.415756,95.149536,37.859413,90.727234
161.571106,97.476814,38.845509,87.395676
161.509659,97.817276,38.953819,87.265434
161.558990,98.430252,38.994957,87.271347
161.371552,102.702888,38.862316,86.995567
161.072418,104.487617,38.973087,86.274803
161.635010,111.531708,38.642952,85.214928
161.879929,113.615089,38.608284,85.227219
160.365067,113.444130,38.528469,85.359573
158.797150,114.929405,38.948399,84.589218
157.378143,118.900116,38.838448,84.907616
155.717255,120.581177,39.591320,83.471176
150.805176,119.586449,39.455887,84.950150
149.121857,118.837288,40.136051,83.259476
149.217499,117.620529,40.164612,80.669922
149.314499,111.817108,39.683529,80.508980
149.248718,107.989136,38.572838,78.034683
148.904724,101.151703,38.884094,77.068764
149.899887,98.574303,38.588943,77.193306
151.629837,94.210106,38.639931,76.190971
152.769897,89.647202,38.544319,73.201584
156.377594,88.733543,39.775913,73.051651
160.295807,86.410904,39.312103,72.424263
160.986465,86.006088,39.836922,72.384560
161.073914,86.073639,39.971783,72.484383
161.433182,88.535309,39.903755,71.275978
161.537537,89.194038,39.919647,71.504997
161.718048,90.260307,39.809326,72.443672
160.930161,96.332115,39.472954,72.249359
157.591843,98.818108,37.149982,73.683037
154.933502,99.924767,36.311176,75.252625
152.523010,102.232323,35.937366,75.204247
148.542847,104.449974,35.604393,75.317856
143.376099,111.230507,34.500885,75.843353
139.850327,119.450462,34.497471,75.609894
139.503128,120.369728,34.110405,76.261909
137.553970,123.123764,33.685024,76.988533
137.396729,123.932190,33.718102,78.102921
137.885117,124.351616,33.391945,80.506134
138.764221,124.450340,32.725658,82.219566
142.075943,126.957527,31.374975,82.416634
144.485504,128.550293,31.086609,82.276192
147.160629,124.567528,31.477251,86.218262
147.149109,124.631279,31.466106,86.471207
147.494095,122.573441,32.056248,86.769806
151.567886,118.479553,30.691849,86.009567
152.838547,116.660233,30.582539,87.366615
153.160324,116.528999,30.963953,87.489563
154.762619,115.524582,30.468216,87.446053
155.972305,111.701118,29.901506,87.580322
156.042953,111.870461,29.974735,87.980652
157.408142,111.088654,29.910065,87.639084
158.105652,109.727043,29.735020,87.963936
158.314606,108.643806,30.180510,88.424934
160.113815,105.929626,29.456373,89.449593
160.125839,105.691505,29.320635,89.633209
159.984940,105.252808,29.268450,89.912346
157.008347,98.873596,29.089201,92.620682
154.514069,94.759445,29.896570,93.316177
154.514053,94.840096,30.021402,93.459175
152.804977,94.283279,30.728750,93.440460
149.578445,91.223259,30.559439,95.197922
146.786469,90.180412,30.154613,96.240700
145.311539,88.356689,29.879374,97.893402
142.753708,90.071335,29.883314,97.770370
142.677902,90.040337,29.735703,97.788078
142.721375,90.093079,29.920456,98.007988
142.740677,90.212883,29.957592,97.906540
143.897964,86.611916,28.558573,99.879944
144.706879,85.220444,28.880957,94.205643
144.943344,82.545410,29.307228,92.607819
145.921738,82.807724,28.735264,92.208931
146.333237,82.672523,28.998793,91.948112
146.851608,82.044342,28.903143,91.773018
147.155029,81.592590,28.855122,92.479271
147.345947,82.041565,29.378807,89.861046
148.099838,81.097435,30.697807,89.698738
151.963028,78.499565,31.378166,90.248535
158.614365,73.646889,29.439655,90.600266
161.186920,70.640327,29.814617,98.396698
163.235168,79.855049,29.130005,97.384476
163.297684,81.712692,30.266951,97.015327
165.967636,84.430466,29.741604,98.479095
165.622330,86.523369,30.202335,97.310738
165.732986,86.904190,30.496721,97.239990
165.731491,87.411179,30.461878,97.333435
165.575180,87.225632,30.316721,100.080582
165.686966,87.541122,30.455608,100.424118
165.826065,89.206902,30.307852,100.185036
166.016861,91.682014,30.616682,100.004852
166.539413,93.125038,30.816269,101.260506
166.419754,94.823334,30.770622,100.603683
162.190262,94.671768,30.685266,99.567848
162.179535,96.566635,30.975620,98.831879
161.924927,96.344032,30.828999,99.176796
160.663177,97.985489,30.922750,99.326988
158.414917,101.566864,31.056843,98.844597
158.546951,101.699974,31.466146,99.126923
158.364441,101.998276,31.438227,99.303787
157.279266,102.707909,31.686405,99.167587
155.238373,105.033569,32.673496,97.225304
152.633072,109.254799,33.271206,96.778465
152.481033,109.310341,33.499840,96.692505
152.473953,109.453842,33.427589,96.971100
152.556564,109.625641,33.314926,96.877457
152.648315,109.687180,33.483456,96.958206
152.646820,109.772018,33.482620,96.851540
152.641373,109.898720,33.484047,96.944160
152.324020,110.216232,33.431614,96.767303
152.023895,111.488327,34.029892,95.664131
152.259018,111.654434,34.479290,95.939812
151.739532,111.387123,34.534760,94.833199
151.165756,111.163879,34.703720,93.563202
151.296280,110.829865,34.919037,92.847710
151.489639,107.268562,34.551926,92.045135
151.609589,107.184631,34.991077,92.119087
151.472946,105.393333,36.274899,90.776527
153.905701,101.927986,35.909668,88.405937
158.702576,101.207565,34.080280,85.173416
159.799576,101.085846,33.995132,85.030235
161.140610,98.784363,33.423454,84.373398
161.221954,98.814941,33.490128,84.422813
161.440125,98.521507,33.216557,84.407234
161.635834,98.530602,33.450420,84.456413
161.796799,98.104263,33.328430,84.272255
161.892181,98.073036,33.461063,84.646637
162.214142,97.327293,32.855545,84.835144
162.542969,96.601372,32.533531,84.915123
162.952881,96.431328,32.725933,85.004807
162.989883,96.800713,32.952057,85.280716
163.010071,96.854866,33.010643,85.414337
163.264832,96.876930,33.478146,85.427818
163.356369,96.820244,33.438507,85.307602
163.632767,96.879730,33.455585,85.078888
163.672165,97.067566,33.475441,85.396797
164.744492,95.169403,33.025944,84.954811
164.962631,95.195366,33.549889,84.902306
165.127655,95.120438,33.645901,84.519157
163.708557,94.318756,33.354767,83.312622
161.105911,93.683769,33.865639,81.946442
158.288864,93.810349,33.601460,79.875031
155.573318,93.854698,32.530411,78.506966
154.949799,94.356003,32.330708,78.494133
152.172318,94.982796,32.057125,76.621429
149.705566,95.079666,31.750938,77.062569
146.880844,96.579102,31.622509,76.571686
143.487396,97.006027,30.608835,76.342621
140.971359,96.359711,31.096130,75.414192
138.681412,93.341019,30.189379,77.413834
137.844131,93.299934,28.606937,77.874825
137.791153,93.192886,28.586632,77.376923
137.528381,93.207222,27.484324,77.843361
137.172394,92.976990,27.573002,77.804466
134.293900,90.672653,28.317194,79.456924
133.766586,90.003479,28.558018,79.847221
133.935303,90.065926,28.927105,79.954338
132.375031,89.288521,28.490931,80.188271
131.006363,88.113884,28.371490,81.415077
131.163147,88.756973,27.615583,81.042610
129.830856,89.377663,28.687212,81.372070
130.366623,89.465248,28.415504,81.587196
130.984146,90.404587,27.353083,82.870728
131.094742,97.139793,28.913994,80.379608
135.425491,100.527199,27.761847,81.208397
138.848999,107.826698,26.895350,82.178833
141.481735,113.016129,27.518068,80.332664
145.753204,121.362892,29.409807,76.015739
151.721375,122.988976,27.856762,75.665276
153.802536,125.697403,29.411295,75.179596
154.171509,125.452629,28.301325,76.136948
154.326691,125.557198,28.213816,76.451340
152.778717,121.776840,30.197001,75.531670
151.470840,117.967613,27.984430,75.205696
151.395950,116.382141,27.912985,76.557686
152.266876,113.460030,25.766119,76.941826
152.074722,108.087860,25.102715,75.925720
151.711578,103.326141,25.618748,75.641556
151.805923,103.364136,26.137453,76.004997
151.058167,97.781395,26.494385,77.121574
150.381653,96.826859,26.595293,77.277588
150.219193,95.908035,26.957476,77.479355
149.284821,94.186417,26.874674,78.407333
144.548553,95.998779,29.167866,78.091751
138.577896,96.112282,27.765989,77.152504
130.920715,91.871994,29.621889,83.660362
125.182655,89.082130,30.666748,85.326752
119.289307,86.894341,32.329437,87.257675
113.760521,81.421829,35.877804,94.270432
112.301407,79.912018,38.154877,94.325859
131.444824,74.761757,38.703354,94.877586
152.410690,68.127480,39.036095,94.876801
181.435257,59.849789,39.685253,96.212685
210.858444,50.538269,40.518478,95.619400
234.750473,47.112404,40.470516,96.822357
222.071182,45.087967,44.798187,94.138130
215.858612,49.446823,43.814827,96.999237
231.946167,45.398422,47.321568,96.869835
246.394623,39.324017,45.296059,101.233231
245.018234,36.255947,45.445858,104.361496
241.264252,45.884731,44.627022,106.411552
238.910370,44.766479,45.042507,106.539925
229.755432,46.076187,45.812813,111.101028
231.154587,62.639156,47.979237,105.662132
236.078720,61.454899,45.598675,105.951508
236.191528,67.404366,45.716423,109.565727
224.792099,82.874031,55.889210,109.170815
211.305771,103.703712,58.171352,106.995453
197.368240,109.573540,52.529968,107.347038
188.245255,118.021049,50.046955,111.345169
183.999817,121.003761,48.780479,113.719795
179.605255,122.278847,48.269875,111.804131
175.131958,119.429764,46.669315,116.821983
168.840302,119.167061,50.144413,115.083565
170.115433,116.706352,49.743317,114.350716
174.953339,111.840355,47.908405,121.081123
175.075317,110.203278,48.670700,119.391632
180.123917,106.286270,47.903114,121.777023
187.583496,104.852646,46.229858,124.185211
187.804367,105.838692,46.356747,122.432983
187.812485,105.623260,46.487667,122.395683
188.346146,101.846596,46.162609,132.520782
187.552704,108.385063,47.116257,127.148323
184.040436,112.375587,44.551628,127.084427
179.600327,114.324318,44.560413,126.935150
179.349289,114.013115,44.317772,126.946724
170.423157,121.124069,55.303288,122.268219
