1
198.606705,118.533447,38.512486,104.358276
198.001129,115.481651,39.592468,101.667099
198.347931,114.504333,40.051838,101.199265
198.610580,114.093719,41.138905,101.665794
197.861847,112.369858,42.031044,100.643188
198.026672,111.966911,42.484444,98.665588
195.998901,110.302887,42.313282,96.522377
196.388992,110.147461,42.258919,96.902260
197.008408,109.759186,41.541859,97.420853
198.793015,108.641258,41.740520,98.601486
201.109451,110.048859,41.846001,98.168320
202.517105,111.867950,42.340565,95.991325
202.774994,112.258080,42.715622,95.885262
202.435196,111.534233,44.304585,96.931351
202.221237,110.713646,44.615795,97.096275
202.468277,111.143127,45.118778,97.546303
203.104965,109.963562,46.120506,97.984459
203.220596,107.527351,46.221115,97.628532
202.096344,106.983238,46.210514,97.686729
202.061981,105.871910,46.242336,97.628853
202.554901,103.482368,44.910225,95.743683
202.619629,103.252510,44.608963,95.648361
200.923920,101.751205,46.264523,97.990211
200.617416,101.974297,46.167316,98.910172
200.594284,101.313324,46.489338,99.389992
200.633514,100.315689,46.830513,99.371445
198.895264,100.590965,48.395924,98.743301
197.479004,97.401497,51.600708,98.877449
197.808350,96.120888,51.033569,98.977951
199.338669,93.323418,49.275650,98.695244
200.759445,91.160194,49.285736,99.863235
202.758041,90.034081,46.982410,100.627983
206.891129,90.409126,44.216240,97.859291
208.684052,91.885651,45.176098,97.313690
208.278931,94.618271,44.940182,99.439415
208.304520,95.500488,45.190353,99.369095
208.525513,95.903702,45.785198,99.498703
208.976883,96.374115,47.519211,99.794807
209.467575,96.574806,48.679924,100.760490
209.736237,96.770088,49.023888,100.953651
210.277069,99.998116,49.651657,99.050766
210.099274,103.676926,50.044258,101.025795
210.860382,104.607582,51.300293,101.364471
211.403946,106.275383,51.151478,100.681168
211.531769,106.656967,51.466972,101.215530
207.809021,107.143196,51.071018,101.600494
204.147369,111.940002,50.673183,100.263069
202.752777,111.787010,53.080833,100.900558
198.672089,112.496887,53.445377,99.989456
198.372040,112.466805,53.547287,99.943581
195.882629,113.002167,53.690781,98.253807
191.466843,110.313217,52.796928,98.352226
187.306656,107.675468,49.859444,96.942200
185.879990,103.943581,46.752083,97.686356
186.780533,100.079834,43.405067,98.008316
187.032135,100.476852,43.210636,98.164978
185.840393,99.746765,44.567307,102.470932
186.558731,105.219261,42.652073,98.601906
187.010635,106.043533,43.603161,99.243973
186.712112,106.443008,46.066853,100.763023
188.346542,105.058411,47.059189,104.522377
189.768570,106.589287,47.460388,104.593155
190.490036,107.175217,47.527214,104.886993
191.804489,107.961670,47.414120,103.400963
191.913330,107.946724,47.148701,103.349258
192.508255,107.384277,43.550514,100.277702
192.838745,107.824867,43.953190,99.135986
193.011032,108.100800,43.880478,99.597702
193.599319,108.491417,43.576450,99.671722
200.487076,111.766129,45.521030,95.975342
208.348724,110.528496,46.945843,95.088699
212.884033,104.243675,46.087887,93.204567
213.153458,102.841232,46.530739,94.096184
210.441422,103.064873,48.920219,93.009911
205.645950,102.603767,47.930592,91.577995
200.014664,102.426010,45.999580,92.115120
192.719391,102.942810,44.300896,90.962303
189.602768,99.260193,40.499367,91.683495
188.481720,99.967369,40.463486,90.671303
187.514084,96.566406,40.233772,90.507774
187.717026,91.113831,39.946697,89.955231
188.498657,86.744141,40.682098,87.873207
191.996811,83.072655,40.985069,87.422180
192.497437,79.536095,40.922890,88.170792
193.721237,74.705032,40.553600,91.862770
194.529846,73.769302,41.079632,91.556908
195.302902,73.790466,41.378571,91.476494
195.969894,73.533096,41.164474,93.841232
196.585251,77.503799,40.809269,93.326538
197.266220,79.506424,39.485687,96.096992
196.171005,88.020515,38.779110,98.024086
197.311707,93.121643,36.193844,96.547417
197.340652,93.976799,36.532951,97.028427
196.888046,96.155724,38.052902,98.434555
198.124084,101.433960,41.429798,100.280388
202.947144,101.413681,40.710304,103.461647
202.635468,109.303589,43.130905,102.190247
203.039551,115.296173,43.132763,98.298759
199.942383,122.934380,44.570858,93.955528
200.364838,124.895172,44.574684,91.292572
200.741379,125.877258,43.549179,92.933891
199.692734,129.225739,42.754112,91.292458
199.878998,130.228745,41.840710,92.219688
198.643265,133.392273,41.072056,94.601303
199.206009,133.834656,40.687038,94.762131
199.185333,134.189529,41.067429,95.402245
199.198212,133.717926,41.458839,98.923111
199.098587,134.857895,41.624771,100.325027
198.707916,134.520905,43.458763,104.659653
199.395340,132.681641,43.885811,108.651360
199.710281,131.802795,43.872166,111.440300
199.190948,130.527130,44.261612,113.186455
199.347488,130.741898,44.459255,113.454758
199.501404,130.870026,44.522099,113.530510
201.169128,130.823135,45.150883,114.183632
204.689301,132.992599,45.663261,113.687325
207.342361,134.690460,46.274494,113.708015
211.078461,137.150772,46.197163,114.063690
213.795654,140.434113,48.558552,113.615303
215.655228,143.494034,49.427822,113.595985
220.575027,152.744843,50.621155,106.655952
223.103165,159.818359,52.025368,102.661842
223.359360,163.975784,56.777447,102.374031
227.997772,168.688690,60.220985,99.115417
233.413467,172.045486,60.213352,98.368172
236.703964,175.860596,61.360073,100.224709
238.469299,179.641327,66.337677,98.581039
240.593842,180.348938,67.653763,98.040504
246.712631,180.203445,69.646118,98.163017
2
0
0
0
0
1
223.837448,129.006882,32.978985,95.731583
224.287338,130.540527,33.278305,95.973709
225.395691,130.889420,33.286072,95.892418
227.520172,132.002548,32.953175,96.058708
229.769775,132.068985,32.415577,96.622223
231.502747,130.475998,32.032043,97.204849
234.150604,127.861839,31.768551,98.713509
233.194717,124.679276,31.840305,97.928413
233.444382,123.830856,31.847620,98.141762
233.152817,122.642586,31.881990,98.283333
231.571609,122.371559,31.909534,98.320671
229.752731,121.504486,32.250206,99.349808
229.917908,121.325874,32.550819,99.451714
230.246094,120.085716,32.924088,99.882759
230.094635,119.016251,32.753113,100.861687
230.193192,116.512383,32.738510,100.992287
230.348465,115.181763,33.050537,101.111038
230.548340,115.294472,33.469852,101.517418
230.681473,115.964790,33.491497,101.336906
230.129120,115.951561,33.670425,101.464226
230.295609,115.875771,33.992340,101.423927
229.761780,115.590714,34.127426,101.482285
229.917877,115.278221,34.482677,101.282379
230.208694,115.525574,34.647892,100.477448
230.566101,114.803398,35.013512,99.863434
231.561203,112.968109,34.633373,98.174019
232.747452,111.248131,34.681252,95.075272
232.627792,104.614471,33.862808,94.866837
232.455582,103.661346,33.954014,93.366364
230.291672,109.358757,35.199684,90.680473
229.756409,109.347992,37.882378,92.117950
229.729248,110.781502,39.283894,91.285164
229.799484,111.013405,39.584415,91.468025
229.408539,110.598289,40.411133,90.329346
228.214981,111.014038,40.526733,89.608261
227.977814,110.259155,40.562290,89.241714
226.184082,109.572273,40.044022,88.526337
223.915848,108.775871,39.395393,88.117775
220.942230,108.758492,39.095875,85.601685
220.045975,109.565636,38.721916,86.046272
217.875504,109.642113,40.235004,86.329895
215.069382,110.599564,39.488968,84.591286
213.279358,110.311913,39.627373,85.294067
211.585510,108.823090,42.590530,86.246773
211.750778,108.960228,43.004280,86.435265
211.537018,108.451950,43.876690,86.343460
211.474075,107.807953,43.785393,87.170700
211.661667,106.716972,43.331909,88.823776
211.532761,106.672569,42.962872,88.494728
208.041718,107.297981,42.698235,89.738213
208.404343,106.625381,42.065369,89.694504
208.862122,106.720009,41.888988,90.626465
209.978561,109.427032,40.146229,90.236465
211.461716,108.646858,37.940086,91.519821
211.784531,108.837646,37.560459,92.646164
212.005554,111.159523,38.162819,95.116371
213.028702,110.975121,38.043385,96.623108
213.342743,112.135231,38.635281,97.098923
212.902634,111.080536,39.102406,97.323311
212.981873,111.256989,39.434147,97.626656
212.786453,109.391846,39.684010,99.404037
212.975052,107.697540,40.072826,99.876381
214.283508,106.214363,39.973881,102.994194
214.659027,105.410934,40.426407,105.790039
215.841095,109.776024,40.904388,107.622589
215.745285,110.871452,41.292553,109.177292
214.830444,112.889435,42.706787,106.789864
214.759964,113.584015,42.871094,106.845474
216.609055,120.001511,43.408295,105.343315
216.562317,118.890305,44.111649,105.856262
216.946686,118.017509,46.330509,105.587540
218.744156,127.482048,50.362328,102.211266
216.449692,125.462280,54.269333,100.123375
217.625107,132.069595,57.865719,100.701141
217.921417,135.892731,58.319588,100.179131
219.685303,141.353897,61.629620,95.500084
223.580887,149.031677,63.732986,93.493843
226.162384,159.957321,64.179642,88.322365
227.648499,164.368713,64.502747,85.223991
229.763351,168.995346,65.576553,82.411858
2
0
0
0
0
1
201.493057,132.849701,37.882553,102.737343
201.766159,133.532837,37.933571,102.984924
201.760071,134.577957,38.004131,102.898369
202.051453,134.552475,38.481010,102.798218
202.340378,134.979477,38.958439,102.104057
203.357193,134.877731,39.142937,102.434242
203.652542,136.695419,39.458504,101.819023
203.272522,139.278992,40.074379,100.435425
203.485977,139.320999,40.478268,100.429581
203.235641,138.595978,40.320229,101.016350
202.221466,137.872650,40.226616,101.578331
200.267487,136.246475,40.236546,102.447357
198.244675,134.757172,40.414722,102.405846
197.792038,134.797913,40.416210,101.578979
196.503296,137.362671,40.340401,101.125458
193.747879,138.908905,40.689663,100.708099
189.976807,136.586594,40.710957,100.321800
189.109222,137.445648,41.455116,99.262321
187.985321,138.207458,41.707176,98.634109
186.976837,139.376022,41.469940,97.323204
186.996109,139.487000,41.429062,97.185616
187.126373,139.885071,41.319077,97.037193
188.676666,139.623260,40.854015,96.603615
194.810181,142.507477,40.598778,96.456772
199.232452,141.082291,38.816963,98.345940
200.706711,140.412262,38.227745,98.826668
201.789810,139.305374,37.972397,98.289757
204.535324,139.203842,38.319946,97.275749
206.226608,136.918213,38.921883,96.038300
206.276276,137.129837,38.982838,96.456329
207.019409,134.182892,39.297485,96.368690
207.199570,133.686539,39.673374,96.063927
207.599304,133.581497,39.877945,96.075897
207.994080,133.712952,39.540291,95.794609
207.534027,133.822357,40.016777,95.991287
207.463516,132.019806,40.011112,96.614670
207.710648,131.783600,39.736828,95.992104
207.756134,130.662643,39.867329,96.312592
208.038193,129.508728,39.580715,95.928627
208.252899,129.586853,39.891094,95.489746
208.222916,128.814224,39.654755,95.069290
208.333313,127.975037,39.855007,94.399475
205.965088,128.615311,39.907806,92.110565
203.887711,132.447144,39.848457,88.615654
202.613846,134.229034,39.273407,86.169533
200.567627,137.604538,38.753284,83.247810
199.418976,137.954758,38.502205,82.493034
197.826752,140.760117,38.346176,82.005951
197.132172,136.317459,37.455006,83.476357
198.225388,134.509537,36.524288,80.765350
198.846268,131.842896,36.370670,79.846718
198.958908,132.368454,36.424606,79.030510
199.002502,132.473251,36.562408,79.262535
198.050613,132.850830,36.985508,78.909752
197.483414,132.563721,36.829582,77.177261
195.390350,131.349274,36.520821,75.250526
194.838547,131.323502,36.943390,73.911865
191.744232,129.802292,36.598888,71.607376
187.813751,128.522690,36.866783,70.436226
184.873535,126.963432,36.702480,69.469238
182.471466,123.869568,36.576939,69.985023
179.135132,120.547768,36.105499,71.418640
176.687408,119.626778,36.142742,71.608780
176.860840,117.471657,36.276279,72.109497
177.018005,116.739403,36.258766,72.989578
177.074295,116.629372,36.443806,73.186707
175.052795,113.109558,36.374210,74.751480
171.129532,112.345612,36.152550,74.784935
167.805496,108.803978,35.659798,76.319298
167.915085,105.299469,36.014618,76.245148
168.264954,102.241135,36.754448,74.834229
168.790436,98.262596,36.304356,73.626633
168.150711,94.830238,35.700745,73.847656
166.818771,94.085808,36.198357,71.150238
166.841080,93.967987,36.401455,71.385902
166.318542,92.674965,36.363533,71.343727
163.803757,92.643890,36.317520,70.421822
163.081955,92.213531,36.249611,69.982933
159.628479,90.553802,36.064312,69.648819
157.258041,90.454659,36.370770,69.031738
154.794342,89.672516,36.205528,69.213722
154.637497,89.405594,36.179615,69.547745
154.407959,89.589104,36.170769,69.908035
153.523758,89.638550,36.374348,69.713737
152.170074,88.759644,35.285625,69.180336
149.278854,89.383064,36.496284,69.115753
148.719406,90.004738,36.265427,69.343536
148.416794,91.731926,36.321922,68.868034
145.003906,95.549332,35.996811,67.444931
143.507401,97.997643,35.869640,67.098953
142.430450,98.461319,35.101967,68.789101
142.382553,98.757713,35.281979,69.154129
142.402435,98.872795,35.108089,69.631844
142.575287,98.963120,35.260170,70.054741
142.702469,99.145325,35.464108,70.517410
142.398300,99.639168,35.635754,70.718582
142.281418,99.562790,35.649864,70.909279
141.494247,99.580925,35.843086,70.919830
137.912003,98.785133,35.206753,70.992203
137.242493,99.928017,35.837196,70.196289
137.124451,100.103378,35.914574,70.447334
135.800415,100.149277,35.882473,70.624626
135.828918,100.317406,35.964077,70.962013
135.489273,99.332581,35.736176,72.288109
135.204605,98.234383,34.762028,72.544106
135.308716,98.391159,34.862431,73.003151
135.298889,98.594238,34.905731,73.468811
135.333344,98.494652,34.555466,73.524071
135.466873,97.300797,34.810795,77.707207
136.008240,99.560272,34.566200,81.503906
136.197052,101.112709,34.905312,81.400429
136.532639,100.308975,35.449589,85.108360
136.566589,101.836678,35.666409,85.526031
137.718170,105.216187,35.875313,86.399002
138.532806,106.176949,36.431114,86.367867
142.097458,105.710609,36.263954,88.490448
149.544891,101.463234,37.820538,89.563965
158.832596,102.330383,36.744484,89.800873
169.073761,102.038536,34.225979,91.405022
169.565674,102.348824,36.144417,91.359993
170.347824,101.780647,34.274879,91.057564
170.532684,104.740868,34.339157,91.971535
170.415909,104.396988,34.483791,92.196198
169.417206,103.850624,34.314121,92.282204
166.636002,104.657112,34.948540,91.790894
164.390671,104.947701,34.983913,90.881149
161.182434,103.769089,34.712601,90.403824
157.614807,104.873833,34.149395,89.401619
152.556808,107.724373,33.207287,86.926376
149.762146,107.872322,33.171841,87.028336
147.564453,108.836555,31.873503,87.014778
146.499207,109.136505,30.336910,88.493217
145.293503,108.895432,32.294338,90.050392
146.375168,108.543343,30.994678,91.183052
146.407867,108.721848,30.973495,91.499458
146.525787,108.646797,30.946974,91.798019
146.557083,108.796547,30.983255,91.961319
146.449234,108.337799,30.918636,91.826088
145.399048,106.030861,31.479511,92.831268
144.929947,105.452789,31.395893,92.978096
145.169037,104.786148,32.132298,92.593422
145.506866,102.940300,31.787540,92.517044
144.501923,102.387772,31.703671,93.362206
144.740387,101.776352,32.130882,93.238892
145.892670,92.529160,32.812473,93.569725
152.363373,91.861931,32.734028,88.691673
157.749924,91.473808,33.015160,86.647697
158.021423,92.551773,33.493771,86.250725
158.265015,94.371422,36.067219,82.455498
158.597153,95.335938,36.555882,82.388817
158.887405,96.799477,37.538857,80.330383
159.195618,97.644424,37.976948,80.196815
159.183243,98.497452,37.957188,80.187904
160.896698,103.802177,37.777290,79.032425
160.833908,106.303619,37.920113,78.725113
161.895126,112.842712,37.270874,78.357803
162.200302,115.008904,36.981255,78.694725
161.936813,115.417847,36.775085,79.073524
158.716782,116.692459,37.258953,78.975616
157.049393,120.084297,37.267380,79.004425
154.425598,124.204285,37.743633,78.470825
151.125336,125.678329,37.834572,78.158806
148.739243,124.056664,38.563057,77.401588
149.547638,118.799042,37.997730,76.555862
149.958588,116.604362,37.444031,76.553368
149.444321,108.890144,36.631866,75.733978
149.155640,101.537308,36.828087,75.046944
150.867752,98.252487,36.444317,75.787483
152.265030,93.860252,36.524586,74.209618
154.936951,89.715981,36.576290,72.021179
159.237701,89.414337,37.421173,70.631157
163.331726,87.288345,36.908844,69.894157
163.252197,87.192345,38.322838,69.838760
163.383347,87.287415,38.447266,69.998581
163.703430,89.405197,38.244789,69.163185
163.796677,90.788139,38.351681,69.402512
163.835022,90.923866,38.404430,69.886093
162.249878,96.008026,37.884499,69.863213
158.544449,98.830132,35.944355,70.797684
156.296326,99.436584,34.352413,72.743607
153.467896,101.446793,33.469387,73.109001
149.503525,104.087021,32.840900,73.577148
144.819275,109.555008,31.493961,74.454094
141.506744,116.411011,31.237293,73.636795
141.095276,118.163582,31.422626,74.512291
139.157654,121.906639,30.917665,75.823334
138.865173,123.141685,30.495243,77.073830
139.417587,122.918350,29.889441,80.378937
140.852570,124.628349,29.398874,83.193237
143.355286,127.676903,28.431234,83.188667
145.157639,128.749191,28.505768,83.552483
148.614197,122.296265,29.001972,89.234657
148.803360,122.278725,29.413235,89.483299
148.490524,120.576576,30.667126,89.150009
152.184784,116.601692,29.669737,88.741760
153.634644,114.593506,29.668659,89.636169
154.406708,114.288918,29.789087,89.891388
155.451141,113.342796,29.661530,90.019814
156.346680,109.996582,29.660480,90.162041
156.621475,109.813248,29.918652,90.710083
157.738922,108.647789,29.892756,90.325058
158.359177,107.785362,29.877575,90.601189
158.464935,106.042587,30.161121,91.205925
159.978729,103.683090,29.788300,92.481606
160.112122,103.355766,29.733978,92.460541
159.889297,102.584648,29.674356,92.708199
156.955750,97.959312,29.690874,94.688354
154.292221,93.902275,30.276669,95.768425
154.293777,94.029999,30.548355,95.892204
152.246063,92.923691,30.924034,95.857506
149.351212,89.756767,30.395447,98.735168
147.883438,88.658356,30.137726,99.724388
144.937500,87.008636,29.997246,101.454704
143.410782,88.694656,30.098394,100.547249
142.888138,88.406715,29.664503,100.535393
142.743240,88.374489,29.854540,101.094879
142.824341,88.562927,29.958704,101.372345
143.407410,86.152161,29.295059,102.059837
144.049271,84.923340,29.384073,99.412636
144.331238,82.048698,29.924961,97.222198
145.911880,81.647919,29.065008,95.005203
146.551376,81.188309,29.390375,95.227379
146.902756,80.504616,29.459913,95.351387
147.038727,80.235794,29.414991,95.743576
146.755829,79.808876,30.499861,94.526611
147.461258,79.086769,30.785963,95.383919
150.982819,75.397392,31.577656,95.570335
157.609390,71.703117,30.526733,96.364799
160.209137,70.187408,30.501268,101.069420
162.431747,77.029350,29.342579,100.475479
162.645401,77.626266,29.565611,100.679276
165.260941,82.355881,29.519300,101.133156
165.292587,83.043221,30.109123,101.176041
165.382675,84.442726,30.601299,100.465012
165.385437,86.697075,30.942017,99.784103
165.421646,86.853668,30.912027,100.534248
165.482559,87.171806,30.967169,100.936195
165.795425,90.747032,30.663815,100.512482
165.953476,91.574875,31.003189,100.588753
166.367783,92.563530,31.357721,101.374168
166.064819,93.701752,31.174862,101.104691
162.251480,93.639427,31.011520,101.009827
162.258896,97.012123,31.484381,99.779297
161.287491,97.122124,31.280344,99.800140
160.720856,97.116837,31.385181,100.151680
158.382568,97.709824,31.507719,100.138535
158.612457,97.997566,31.955351,100.639069
158.634796,98.519318,31.989391,100.778664
157.193466,100.302757,31.997292,100.042923
154.156876,102.753113,32.085396,98.593842
150.830414,106.489182,32.887291,97.700851
150.887665,106.695587,32.981052,97.906082
150.886002,106.877174,32.955402,97.887611
151.185928,107.197914,32.577934,97.716156
151.391754,107.538658,33.091396,97.810234
151.601807,107.768677,33.477463,97.836929
151.613510,107.855972,33.485294,97.960556
151.614243,108.040276,33.491821,97.848373
151.531998,108.303154,33.604141,97.836380
151.729767,108.410629,33.981728,97.923828
151.612350,108.366295,33.977650,97.653954
151.450409,108.420418,33.977715,97.600357
151.353607,109.630844,34.581947,94.989510
151.504730,108.043518,34.815681,93.900810
151.299591,106.550217,34.950214,93.063057
151.613510,104.924644,35.311165,91.963860
154.796432,102.000816,33.954803,88.213051
159.321747,101.034943,32.322197,85.475189
160.190628,100.639999,31.882780,85.101471
161.547638,98.237686,31.092463,84.199982
161.934677,98.162750,31.474789,84.360825
162.008698,98.130585,31.440113,84.390884
162.071625,98.159584,31.467941,84.461021
162.462662,97.412292,30.944490,83.186096
162.628784,97.153633,30.934923,83.865089
163.112976,96.088852,30.128109,84.008224
163.523865,96.108688,29.914196,84.455818
163.923279,95.954697,29.509956,84.271225
164.171783,96.147301,29.971977,84.312149
164.192200,96.238174,30.002754,84.440361
164.435516,96.276917,30.501154,84.431267
164.711472,96.270355,30.960558,84.426224
164.804108,96.275818,31.013025,84.323891
165.105896,96.293686,31.407894,84.249237
165.455185,95.328903,31.382042,84.094406
165.542007,95.522781,31.629349,84.292191
165.730576,95.619705,31.970579,84.420746
164.445877,95.048569,31.536566,82.599648
162.423340,94.400589,31.781246,82.053055
159.494553,95.503212,31.598158,80.042809
156.827393,95.565521,31.367413,78.048660
155.964081,95.539207,30.830027,77.574989
152.873947,95.842224,30.281445,76.049698
150.531265,95.919502,30.280745,77.017159
147.595612,96.859016,30.157637,75.707474
144.697342,96.369881,28.967148,75.430771
141.643890,96.525620,29.110634,74.640778
139.366135,92.637054,28.397604,76.870544
138.191910,92.828712,26.901049,77.522057
138.296738,92.959869,26.748432,77.815666
138.051636,93.110901,25.692247,77.636215
137.378021,92.705635,26.288342,77.575073
135.024399,89.878563,27.440351,79.470787
134.200211,88.879211,27.631151,79.946037
134.245819,88.821800,27.954161,80.080002
133.160782,89.204063,27.670868,80.141907
132.288467,88.421303,27.914085,81.202972
132.004517,88.865990,26.624416,80.919235
131.149109,89.085258,27.457121,80.777351
131.588806,89.139999,26.868576,81.400658
132.007736,89.972664,26.189960,82.487892
132.165741,95.523079,27.732769,80.321777
136.001968,100.449203,26.606382,80.442863
139.575821,106.873398,25.854197,82.030441
142.333176,113.544731,26.385563,79.226524
146.524399,121.689240,27.709679,74.995567
152.508514,122.524353,26.887989,73.500839
152.917953,125.789223,30.701418,72.615608
153.428253,125.777863,30.030493,74.157997
153.841797,125.949547,29.885334,74.393242
152.302765,122.157753,31.761009,73.384377
150.397293,119.140221,28.908825,73.489555
150.949661,117.637009,28.634933,74.186501
152.220444,114.024559,26.049435,74.929283
151.984009,107.748550,25.280666,74.409134
151.054138,104.074059,25.646631,74.497055
151.154709,103.898842,26.119274,74.578659
150.162811,99.315544,26.529053,75.989296
150.357880,99.107407,26.998188,75.910789
150.356918,99.040939,26.988102,75.986130
149.422256,97.545380,27.128597,76.140556
144.543182,99.097595,28.709406,75.511604
137.962814,99.015083,27.721245,75.091339
130.132324,94.666344,30.064297,81.260429
124.684341,90.861580,31.111490,83.971542
118.643196,88.565918,33.492851,85.417847
113.338959,83.711960,36.121853,92.022530
111.759888,82.307625,38.489964,93.010231
132.741867,76.975632,38.768578,93.750816
153.324295,70.294502,39.064083,93.830414
182.066635,62.784969,39.600761,95.641777
211.401779,52.433857,40.286636,95.346565
234.779999,49.826340,39.993332,96.184906
220.725830,48.175499,45.524025,94.868393
215.875778,53.318329,43.714165,98.746536
233.889709,50.441441,46.577534,99.590103
247.179596,44.696266,45.005920,106.819580
245.690887,41.197056,45.212994,112.755814
241.504303,51.169296,45.181240,114.053749
238.786713,52.594620,46.532791,115.069611
230.626480,55.217842,46.694214,121.240013
230.243713,69.627251,49.506161,118.429108
233.542740,69.212341,48.992477,122.711647
235.178482,72.289062,48.836113,136.584320
222.210220,80.510437,53.741241,137.444199
210.980560,98.006523,56.040218,131.786896
198.081665,106.019745,52.434372,131.185654
188.509003,111.316788,51.152302,130.019104
183.455658,115.474205,49.160034,128.152481
178.673843,116.654778,50.045753,125.412453
173.342682,114.526237,49.859215,127.596863
167.543671,112.591003,51.159794,126.054810
168.199615,110.257706,50.792507,125.256836
173.639877,108.370712,49.045727,128.441360
174.459229,106.862556,49.648529,126.977470
179.305481,103.783333,49.660889,125.550934
187.313324,101.358963,47.783318,127.304764
188.076218,101.914017,47.766521,126.677956
187.763428,101.837624,47.948860,126.261421
188.027817,101.992416,47.765877,128.004135
186.494934,110.877968,49.602318,121.347542
183.722443,114.956779,45.870583,122.946686
179.212402,117.982872,45.886593,121.898727
179.177887,117.830765,45.689770,122.005226
169.344864,123.083427,58.078831,120.528107
