1
200.656281,110.791595,37.553909,110.299751
199.838425,110.612892,38.693638,108.076767
199.470490,109.980553,39.891624,106.412659
199.696045,110.093346,40.530659,105.449654
198.254471,109.345856,41.811234,103.523254
198.351059,110.226173,41.803772,100.022751
197.211456,109.109329,41.347424,98.005646
197.380051,107.792557,40.625427,98.688141
198.207611,107.184914,39.486942,99.021996
199.818863,106.998276,39.648186,100.137138
202.173187,109.317146,39.568489,99.740616
203.905777,110.659485,39.977814,97.605255
204.877609,112.155220,40.823315,97.065376
204.207748,111.399948,42.567142,97.735031
204.058319,110.315102,43.284290,98.362442
203.702438,110.253616,43.559132,98.240593
204.710617,108.642906,44.425411,98.130295
204.491119,107.385017,44.356567,97.765152
203.591751,107.329628,44.408169,97.513168
203.446823,106.602493,44.444695,97.614601
203.772476,103.423683,42.893326,96.589035
203.803116,102.924950,42.943405,96.485222
203.096741,102.939804,43.134163,96.957901
202.474365,103.048660,43.366127,99.412971
202.776047,102.204651,43.580166,99.678253
202.856033,100.785355,44.602840,97.547913
200.925049,100.427879,46.467220,97.571243
197.675735,96.134460,51.304085,98.431976
197.462921,95.247574,50.910847,98.666893
198.490311,93.828316,49.508232,99.408981
201.072235,91.781700,49.344189,100.118660
203.078598,90.536278,46.836201,100.743683
206.780228,89.919479,44.682404,99.301659
208.167282,90.907036,44.828339,98.551186
208.180084,95.521339,44.354317,99.737236
207.880875,95.950073,45.155159,99.927231
208.077972,96.428215,45.716232,99.939278
208.573242,96.365234,47.704300,100.970528
209.149048,96.460014,48.741943,101.395897
209.897308,96.423843,49.019466,101.651031
210.300919,99.779434,49.663891,100.468307
209.980331,103.420639,50.090340,103.290520
211.161774,104.442108,50.489162,103.349571
212.397690,106.788651,50.133133,102.380829
212.258270,107.021408,50.470997,102.367500
207.838150,108.108742,50.403824,102.307480
204.781830,112.458923,50.746777,99.745880
203.603561,112.300484,52.310738,100.289536
199.963516,113.008736,52.591351,99.454407
198.287949,112.835693,53.231342,98.919373
196.819046,113.147774,53.423122,97.765930
192.044250,109.121017,52.306870,98.760094
188.391266,108.177895,48.575363,96.530785
186.697617,103.646042,46.405834,98.178345
187.409653,99.720779,42.742306,98.816109
187.584167,99.840950,42.902534,98.905876
186.526596,99.058525,43.855923,102.862541
186.327850,105.160355,42.310806,98.916077
186.896286,105.963669,43.402065,99.367569
186.563019,106.435585,46.220154,101.162529
187.656296,106.172134,47.602379,104.095505
189.261505,107.653191,48.179604,104.218262
189.843765,108.101883,48.504448,104.370598
191.161423,108.816910,48.205772,103.040428
191.216003,109.070534,48.329414,103.265335
191.515610,108.144020,45.152691,101.005630
191.970764,109.165535,45.374359,98.204102
192.122406,109.323669,45.375698,98.969803
192.939590,109.380791,44.939896,98.807716
199.709595,113.373558,46.317425,94.961082
207.529770,111.520683,47.246407,93.768860
213.296188,103.942635,45.841644,92.071518
213.298553,102.727341,46.345600,93.359810
209.957016,102.684868,48.941730,91.844727
205.380829,102.801208,47.315662,90.064522
200.261230,102.486549,45.185783,90.702164
193.493683,102.064941,43.466835,89.774559
190.276413,97.961525,39.299931,90.986923
189.620590,99.269348,39.057877,89.999672
188.359665,95.452644,39.443760,90.018303
188.197754,92.600510,39.398804,89.408615
188.652283,87.557526,40.067150,87.489380
191.971085,83.696892,40.565567,86.888092
192.934769,80.380264,40.838272,87.760269
194.466858,75.260315,40.541401,92.155457
195.122299,74.420494,41.198151,91.900711
195.968063,74.298065,41.297665,91.150635
196.341782,74.082352,41.117474,92.609543
196.876419,78.441666,40.918983,92.317497
197.213394,80.118095,40.151188,93.799843
195.807129,88.036400,39.182613,97.316612
197.043533,94.294815,36.698956,94.786530
197.283997,95.601143,36.671459,95.182930
197.348419,98.995453,38.185333,96.268166
198.073273,103.011871,39.971100,97.578903
203.289825,100.163391,39.300842,104.928635
202.946732,106.649681,40.818348,103.980309
202.967209,113.251762,41.040218,101.493721
200.795654,121.924683,42.461617,96.201515
201.036270,124.656853,42.206745,93.070618
200.862610,126.239799,42.356602,93.201828
200.917175,128.791367,40.975506,91.823044
200.026245,130.772339,40.423687,93.293175
198.552689,134.030243,40.253716,96.173141
198.918823,134.348541,40.003830,96.333038
199.074097,134.573822,40.452724,97.326714
198.880402,134.145599,40.601337,100.604530
199.305313,133.973434,41.010647,101.575752
200.107040,133.983444,41.873234,105.764771
200.327698,132.798264,42.414600,108.088188
200.236221,132.235077,42.493786,110.098000
200.045197,132.198502,42.520027,110.849083
200.782944,132.318161,42.615040,111.177803
201.695068,131.758087,43.049355,112.438354
203.012146,132.584183,43.938080,112.609299
205.136536,134.114120,44.604454,112.288666
208.055710,137.029129,46.167351,111.402351
212.056656,139.983536,47.543743,113.547325
214.900177,145.104172,48.731075,111.875023
216.484344,150.186401,51.361664,111.686386
217.876572,154.398895,53.007816,108.951668
219.642822,158.747940,54.037708,104.461624
221.972015,163.360611,58.758736,103.565575
227.944626,169.178802,60.437401,98.403809
234.660614,173.971954,60.519890,97.355347
235.719315,176.271637,61.792347,98.163597
236.873566,178.659546,68.028976,96.555046
242.038956,179.625183,68.335503,95.261169
243.671646,181.539444,72.953957,95.757469
2
0
0
0
0
1
219.442810,121.804611,36.429497,88.309181
219.630600,125.991638,37.804317,86.758560
222.129700,126.822441,37.406109,86.230858
223.949570,128.374359,36.882202,86.019287
225.405182,128.022949,36.062119,86.105972
226.162430,125.933907,35.911594,85.969292
229.319412,125.709335,35.317673,86.471222
228.426117,120.873154,35.029701,87.364403
227.988739,121.203415,35.584206,87.480766
228.265030,120.154388,35.749828,88.108017
225.501587,124.326782,36.647621,90.814201
225.702057,124.710693,36.926758,91.581589
226.092712,123.581192,37.044384,93.540062
226.597488,122.416656,37.202309,95.056343
227.039154,121.706261,37.397026,95.557732
227.123199,118.207199,37.595795,95.666214
227.298630,116.225967,38.494610,95.725121
226.872299,114.434380,38.394566,96.603790
226.729004,114.311378,38.500149,96.722450
225.923874,112.588440,38.878437,97.075470
225.818207,112.113670,39.088406,97.342285
224.897293,111.245277,39.608044,96.596474
224.967850,111.125221,40.020420,96.977783
225.276016,111.881439,40.703838,93.912369
225.469849,110.323563,40.782818,93.549644
226.270630,109.227478,40.129993,91.072510
226.731171,106.180519,40.346809,90.482597
227.976181,103.576790,39.795525,89.191322
228.451263,103.372818,39.766476,87.987160
228.684479,105.119774,39.927837,87.389420
228.114746,105.870506,41.153370,87.669403
226.729523,109.547852,42.972576,87.644951
226.867676,110.644699,43.061016,87.314102
227.076675,110.733917,43.484089,87.462212
226.819504,111.123245,43.574120,86.847069
226.192307,111.102982,43.253448,86.844398
224.008850,110.516022,42.102043,86.887833
222.917542,109.449501,41.217800,86.585594
220.002991,109.701370,40.352386,84.756248
219.486053,109.592545,40.023567,85.219978
216.959015,110.062737,41.750767,84.941658
214.520218,110.334946,41.541000,83.702950
212.471497,109.180519,41.462936,84.908638
211.000473,108.499359,43.594063,85.193840
211.122849,108.701714,44.052174,85.348122
211.105453,108.422234,44.724323,85.499977
211.021484,107.786209,44.856831,86.137756
211.383820,107.404976,44.184841,87.880226
211.212326,107.279671,44.148014,87.885551
208.432434,106.599388,43.800385,89.431412
208.534546,105.928986,43.429314,88.669853
208.901001,106.016144,42.644779,89.939713
210.286057,107.057182,40.613327,89.963890
211.452148,106.973709,39.113495,89.771332
212.278763,107.438148,38.375065,92.472176
212.211807,109.036613,38.447895,94.459984
212.928955,108.779289,38.183273,95.338943
213.399445,110.015396,38.921093,95.536301
213.125732,109.554970,39.304642,95.661766
213.194916,109.427711,39.331001,96.128998
213.203186,107.943993,39.392696,97.029144
213.252670,105.218857,39.642151,97.209297
214.603729,103.796638,39.390152,98.206993
215.616714,103.664406,39.974213,101.555595
215.565750,104.186150,40.154022,102.011147
214.565353,107.609200,43.497990,107.781281
213.229797,110.493668,45.023010,105.668289
213.329315,110.524734,45.465336,105.835472
213.356995,110.439507,45.547642,106.303246
213.655457,107.143776,45.918358,107.121269
213.314453,103.405289,46.939774,106.195953
209.780273,103.423393,48.788891,109.431725
207.654327,99.634430,48.875534,112.473038
201.531265,95.300003,50.061371,119.741493
200.037094,97.095451,50.383377,117.793839
199.095505,99.455017,50.979294,115.456322
197.579559,97.304886,50.950596,116.704353
198.038895,100.742523,49.882038,116.857536
197.551147,104.159073,49.731953,116.577591
196.429947,107.556747,49.648193,117.640770
195.025665,108.343300,49.570915,116.980392
194.304932,111.447929,49.685879,115.924545
194.223892,115.350838,49.281223,113.814148
193.635422,118.691528,49.389690,112.840111
194.520523,123.315796,49.271805,110.686981
192.776108,129.938354,50.346085,108.238525
192.525681,131.510132,51.192783,105.900612
191.646072,132.618179,51.836609,105.376320
191.837997,132.160782,51.993351,105.667923
192.236267,131.165970,51.982285,105.492928
193.306137,130.601578,52.552467,104.320595
194.978119,130.961411,53.133816,104.241463
195.782166,135.727173,53.823685,102.297539
196.246719,138.146103,54.365330,101.831123
198.048355,138.557281,54.083607,101.355042
198.177933,137.996704,53.888008,103.447914
198.017319,138.190247,53.802017,103.533493
195.808838,135.014191,53.218147,107.431480
195.632858,134.655273,53.285969,107.638878
194.781281,128.911636,52.394085,108.618942
192.277313,129.170746,51.872711,109.290253
190.666824,129.739029,52.325462,109.172775
189.831024,130.303146,52.646160,109.214081
188.667526,131.176041,55.023232,108.124146
188.490067,131.811890,55.506599,108.043785
188.485367,135.023300,55.517899,106.765060
187.651001,138.404373,56.499241,105.770996
186.564301,139.019424,56.474884,105.679062
186.848938,139.483475,56.606010,105.611313
188.259583,140.851700,56.362629,104.996124
190.616943,141.417770,54.914837,104.237305
191.398224,141.362350,54.212383,103.731277
192.623642,140.925201,52.922943,103.153755
193.968063,140.764099,53.171165,101.786369
194.387558,140.604599,53.666786,100.309586
194.662231,140.824997,53.892124,100.015556
195.032745,140.977539,53.976646,100.019241
195.436554,141.243301,53.773510,99.896988
195.734634,141.347305,53.830490,99.784271
197.207596,141.791779,52.834198,97.638634
199.327591,139.710953,50.664074,96.364883
200.572769,139.052673,49.593880,95.761543
202.626038,135.319458,46.713181,93.558670
203.314301,129.336716,45.808155,93.011627
204.263504,127.499680,43.898857,93.590660
204.510880,127.612732,43.701454,93.606964
204.588181,127.542557,43.876648,93.860107
204.531082,127.348587,44.117424,93.609756
201.534149,127.894508,44.319126,90.171806
200.001846,131.270584,43.912918,88.821083
198.321167,133.602905,43.307335,86.091835
192.877441,143.129700,43.702839,81.658569
192.810638,141.464722,43.550831,81.232597
189.077744,143.453445,43.463749,81.204895
190.185944,137.512772,42.075516,84.001396
192.674637,136.458939,41.508160,82.045776
194.563507,133.084946,40.587509,82.018082
194.895767,135.354721,40.929756,80.308357
194.871002,134.924042,41.044586,80.136749
194.884430,135.386276,41.479980,79.204834
193.796295,133.215027,41.167412,78.986694
192.701324,132.673523,41.141281,77.496956
192.480835,131.206116,41.259644,76.128502
190.651337,130.844162,41.165936,74.132622
186.626633,129.501785,41.561623,72.277740
185.345535,127.826897,41.754040,71.239136
181.796143,123.918449,40.925301,72.826241
178.373764,118.447021,39.741943,73.556572
174.935776,117.399155,39.576576,74.298416
174.999496,116.581955,39.949821,74.689438
174.670914,115.839455,39.516361,75.907906
174.906616,115.810989,39.961369,76.035362
172.866409,112.980682,39.770947,78.637138
169.319550,112.259781,39.864220,78.401047
167.854401,108.412460,39.597908,80.197617
167.554276,105.766769,39.995068,80.840363
167.860977,99.700050,39.493073,82.061981
168.569382,96.941322,38.714661,81.903427
167.127701,93.133347,38.135536,81.955482
165.925568,92.540573,38.900986,80.323380
165.915924,92.601509,39.000908,80.442558
165.339203,91.879143,39.445541,80.677757
163.442245,91.931816,39.200844,80.723953
162.908173,91.878769,39.457138,80.511673
158.268814,89.119881,38.845863,80.254959
156.792831,88.628395,39.323586,79.446617
153.782715,86.631599,39.349232,77.972000
153.025131,86.428238,39.028614,76.122353
153.186844,86.538216,39.309170,76.409966
152.028275,86.774605,39.300236,76.050926
150.151016,86.791817,38.873856,74.178596
148.792236,87.647247,39.089478,73.776093
147.547546,88.611183,39.168190,73.287880
147.316101,90.056038,39.256809,73.473900
144.133347,93.532860,39.070488,72.353058
141.734711,95.293320,39.078129,72.317825
139.763733,96.907059,38.395348,73.312981
139.657623,96.964523,38.296700,73.683861
139.770996,96.828995,37.992474,74.296219
139.769806,96.926559,37.948597,74.463478
139.861725,96.891548,37.906864,74.527489
139.907410,97.128014,37.981236,74.967682
139.902924,97.128532,37.948345,74.936409
139.874954,97.155045,37.958298,74.929314
138.129791,96.489265,37.372177,74.743385
138.081253,96.642395,37.528217,74.945381
136.456802,96.392097,37.775558,74.548416
135.351730,96.776466,37.894508,74.805473
134.776108,96.906708,37.749428,74.742447
134.715515,96.660011,37.783169,75.330399
134.631622,96.773293,37.762001,75.343735
134.526657,96.329529,37.417217,75.712677
134.603516,96.443718,37.059853,75.869728
134.423981,96.390404,37.003811,75.964775
134.688919,94.594551,37.359116,80.205437
135.058319,96.626572,36.895844,81.753159
135.252899,100.208977,36.710594,80.927864
135.681717,101.841042,37.066498,82.850800
136.031113,104.542358,37.668587,82.721275
137.467072,108.470665,37.885288,83.437546
138.227432,108.437576,37.999531,83.908699
140.657242,107.981987,37.716766,85.782623
149.256104,105.255577,38.606274,85.609428
159.366776,106.008980,37.565361,86.009743
169.315445,105.753105,34.735897,87.006760
169.678040,105.716072,35.204559,87.567207
170.187576,104.544312,33.983521,87.976646
170.264633,107.760948,33.761555,87.902435
170.263336,107.622070,34.032513,88.058929
168.567902,106.884140,34.198326,87.865395
165.412796,107.555931,35.110165,87.203987
163.600037,108.224968,35.629219,86.711761
160.895325,107.067001,35.567291,86.497002
155.463882,108.777206,35.153534,85.942612
151.329498,109.895325,34.572186,85.270645
148.296295,109.730011,34.568607,85.891068
146.288315,110.419868,33.412605,85.874474
144.687195,110.260353,32.445271,86.804520
144.719772,110.315193,32.509804,87.032982
145.421677,109.393372,32.173649,89.137062
145.597107,109.618484,32.484032,89.471428
146.112839,108.807365,32.240395,91.634109
146.247818,108.972603,32.486153,91.954605
146.072739,108.471268,32.359898,91.983528
145.688675,107.407578,32.642162,91.729332
144.257996,106.539146,32.672192,93.105072
145.590012,106.158279,33.434292,94.465767
145.804733,104.952805,32.893589,94.161621
143.306030,109.306839,32.427334,94.034592
143.584412,104.651794,32.528671,94.422226
145.072952,96.600250,33.259529,93.787003
151.444092,92.341461,32.913212,89.490242
156.878433,90.969627,33.351219,86.451660
157.164169,93.355179,33.936592,82.560768
157.584457,96.025024,35.680561,78.742744
157.580505,96.983391,36.150414,78.737114
157.802917,98.103004,36.709782,77.784882
158.109726,99.037636,36.924492,77.713203
158.453842,102.114090,36.664936,78.196327
160.410492,109.278557,36.367874,77.841606
160.683319,110.235031,36.447781,77.680595
161.437759,117.400169,35.883289,77.679970
162.544876,120.988319,35.570011,77.552780
162.368713,120.690834,35.724297,78.020050
160.418213,121.324837,36.099392,78.131874
158.392029,124.146713,36.341305,80.558556
155.913818,124.871834,36.408733,80.912460
152.578873,123.374817,36.385532,82.178017
150.964066,121.829819,36.998405,81.129997
151.208313,119.613998,36.574924,79.753052
151.939407,116.192993,36.071873,79.290894
151.230865,106.945305,35.750992,78.580849
150.707413,101.999535,36.114384,77.003876
152.117325,98.494316,36.248798,76.690903
153.318359,92.929680,36.261490,75.613289
154.620346,90.160889,36.139858,73.557014
157.621094,89.081413,37.018139,73.888069
162.158066,85.103760,36.790661,73.255966
162.917252,85.171181,37.574055,73.496895
163.155075,85.189697,37.959446,73.495987
163.537796,87.868820,37.950130,71.523659
163.593796,89.409363,37.962387,71.801834
163.629547,90.132591,37.869221,72.410393
162.273727,95.711784,37.468021,72.231277
159.248718,97.698372,35.403114,73.007942
155.638168,99.372726,34.253975,75.007454
153.340637,101.958603,33.081947,75.527176
149.140396,104.592125,33.076439,76.223801
144.856140,110.587196,32.521744,76.342377
141.906189,116.417900,32.530960,75.669518
139.818069,118.538536,32.665333,77.496468
138.409531,121.474380,32.485527,78.106033
138.180588,122.424004,32.317730,79.212471
138.516144,122.707161,31.984077,80.817039
139.795258,123.680679,31.323383,82.530380
142.532745,125.531624,30.381054,83.247749
145.374969,127.214943,30.160034,83.524918
146.701965,125.005371,30.526258,86.513191
146.939560,124.932106,30.941891,87.217384
147.245926,121.714966,32.167389,86.795540
151.395309,117.467743,30.623980,87.139839
152.680130,115.896774,30.638889,88.109879
153.057419,115.809555,30.938229,88.437057
154.439224,114.987602,30.524431,88.577843
155.652588,111.879776,30.494394,88.310539
155.741104,111.733299,30.452446,88.590279
156.465500,111.186676,30.441282,88.475327
157.070023,110.754745,30.321512,88.387962
157.818130,108.628441,30.707731,89.227646
159.519104,105.176514,30.287434,92.416687
159.642075,105.171211,30.372911,92.450638
159.534622,104.179115,29.931324,91.911171
157.090057,100.805115,29.856188,92.229568
154.771469,97.193153,30.152555,92.246613
154.653259,96.791969,30.647331,92.658524
153.191986,96.203804,30.968847,93.040672
149.503540,93.213333,30.596861,95.149399
146.889969,90.934669,30.462860,97.586784
145.651108,90.831223,29.934858,97.092178
143.041290,91.293213,29.806627,97.275833
142.804123,91.674652,29.749882,97.230194
142.742844,91.778114,29.969460,97.329453
142.807724,91.814713,29.899902,97.336586
143.930176,86.835709,28.907799,99.465195
144.643036,86.230278,28.829638,94.796547
144.962845,83.843521,29.145205,92.476425
146.164764,84.553185,28.787205,90.992180
146.575943,84.151794,28.963379,90.640686
147.395676,83.299927,28.857983,91.060555
147.635010,82.985291,28.909912,91.942673
147.486893,82.121826,29.532497,91.256233
148.422058,81.052475,30.341719,91.781929
151.423981,78.259338,31.074770,92.438538
158.689621,73.696739,29.754025,91.982193
161.428986,70.289261,29.852051,100.087318
163.703537,78.515732,28.343086,98.882172
163.366562,79.717819,29.824354,99.215660
165.732590,83.805550,29.330572,100.458115
165.781494,84.656570,29.496658,100.156471
165.606491,85.817078,29.612644,99.687622
165.737854,87.509315,30.000559,99.182678
165.814316,86.873970,30.378885,101.270409
165.966171,87.462166,30.339222,101.349602
166.121887,88.820358,30.311459,101.506042
166.197418,91.478149,30.656773,101.404778
166.667236,92.769783,30.846983,102.016006
166.495560,94.538864,30.787746,101.524971
161.748764,94.365921,30.615368,101.146553
161.728867,98.229904,31.014500,99.033760
161.245361,98.672218,31.410532,99.364059
160.312790,99.011925,31.342230,99.380203
158.399460,100.670555,31.219055,99.466614
158.439957,100.725708,31.483252,99.455315
158.230652,101.140305,31.418991,99.406197
157.738129,101.751534,31.525999,99.210564
154.931183,104.704590,32.292389,96.981262
151.575699,108.687561,32.715351,95.973984
151.717270,108.705734,32.983650,95.953384
151.720230,108.767296,32.840115,95.950790
151.847260,109.056442,32.592087,95.744011
152.049377,109.204536,32.986973,95.934471
152.061981,109.407166,32.969559,95.843216
152.094330,109.588844,32.991543,95.989227
152.072372,109.665596,32.985050,95.930511
151.966751,110.018234,33.120140,95.627525
152.157135,110.201691,33.478256,95.931198
151.689407,109.895920,33.508869,95.727753
151.612839,109.779488,33.927551,95.033066
151.629257,109.950195,34.087685,94.246170
151.958466,107.658134,33.861107,93.580368
151.807388,107.359070,34.030842,92.745758
152.360596,105.849861,34.679909,91.499290
154.430420,101.462021,34.472485,88.167831
158.984512,100.949493,32.695469,85.250122
160.156143,100.803612,32.194782,84.844467
161.001572,99.439270,31.982063,84.386063
161.390213,99.156570,31.898685,84.750320
161.913712,98.521164,31.690992,84.854340
162.251938,98.410065,31.928007,84.661980
162.323380,98.464058,31.961302,84.858849
162.361725,98.426994,31.987461,84.993652
162.903381,97.324936,31.127598,84.930351
163.508072,97.009247,30.560965,84.883415
163.740417,97.032135,30.951609,84.983040
163.762512,97.154633,30.963697,84.757965
163.785782,97.255661,30.989807,84.955215
163.790817,97.277420,30.984272,84.961266
163.888290,97.220474,30.964233,84.865097
164.373718,96.981689,30.901892,84.710487
164.536514,96.978142,30.962957,84.599564
164.981995,95.634789,30.819754,84.279167
165.049606,95.789948,31.213140,84.233513
165.194962,95.917755,31.476381,84.438622
164.011948,95.564568,31.089314,82.269188
161.911514,95.283348,31.906506,81.483391
159.628876,95.266685,31.301479,80.088867
157.025513,94.902069,30.471594,77.536102
156.406082,95.125877,30.219444,77.558655
153.007507,96.228149,29.897856,74.906197
150.433487,96.003952,29.657013,75.501778
147.894150,96.592491,29.752680,75.221794
145.030090,97.187965,28.479702,74.584877
142.696121,97.086189,28.452168,74.175232
140.152252,93.214165,27.421881,76.428329
138.852646,93.196846,26.031246,77.208679
138.899704,93.080986,26.275381,77.321724
138.468842,93.126007,25.469782,77.873199
137.836548,92.572632,25.816587,77.940491
136.248810,91.535889,26.751955,78.391068
135.757416,90.937576,27.015285,79.010010
134.876724,90.836494,27.368780,79.406090
133.577164,90.492500,27.098402,79.401138
132.632919,89.625267,27.586544,80.439789
132.674026,89.087845,26.598965,80.339790
131.364685,90.897865,27.249762,79.445107
131.525757,90.838295,27.436790,79.582199
132.157318,91.555702,26.492935,80.785301
131.716171,97.808090,29.068115,78.168625
134.937042,102.270576,28.010475,79.245148
138.899490,108.580551,27.445633,80.373161
141.393402,113.501442,27.889944,79.641106
145.130646,121.941978,30.135841,74.239494
151.346878,123.515663,28.796677,74.089592
153.161606,124.943924,30.597837,74.730270
153.688370,125.077599,30.134579,75.445282
153.906998,125.079300,30.320276,75.468407
152.261322,120.759819,32.174797,74.620941
150.011124,117.735481,29.513220,74.996765
150.332642,116.573441,29.702301,75.689178
151.275589,113.735222,27.329874,76.261147
151.468521,106.379143,26.527838,76.783974
151.050018,103.166283,27.072128,76.171860
151.052078,102.760406,27.775761,76.828827
149.915237,97.889114,27.905334,78.043587
149.697723,97.311295,27.923983,78.552704
149.737900,97.459175,27.973576,78.977219
148.470413,94.448715,28.191141,79.902771
143.047607,96.051895,31.263836,80.065147
136.568405,96.329880,29.760704,78.561562
129.963593,93.484924,30.195320,81.332428
124.842407,91.460037,31.463648,82.582329
118.853638,89.800644,32.545135,83.518349
112.937393,84.427956,36.900570,89.160263
111.248352,82.501762,39.832970,89.601479
131.350845,76.973724,40.207016,89.981537
151.517960,71.702042,40.432575,90.119171
180.459763,65.191284,40.640247,92.022881
211.105286,55.440582,41.307159,92.081757
234.012222,51.148186,40.741741,93.532928
221.874161,51.676262,44.412819,91.001190
215.765076,55.675686,42.805737,95.334831
234.019958,51.395832,46.412445,95.887909
247.857513,45.993057,44.085819,104.492058
246.506210,39.986546,43.881992,111.806969
241.341156,49.970901,43.288723,112.196167
237.254318,51.046036,45.138725,113.350464
227.418594,47.460033,47.420620,126.158897
228.149048,64.257843,50.145702,121.090828
231.783401,65.681908,50.446915,122.681435
233.771530,68.144859,49.645210,133.670166
224.563126,78.278694,54.187344,134.045151
211.742783,95.204865,55.459698,132.487930
196.788681,103.256989,51.598507,132.372253
188.693542,109.471375,51.011051,130.018555
182.895523,113.190811,48.737103,127.005135
178.745621,114.130562,49.328060,125.358505
172.723221,112.287659,48.876549,127.192131
166.737671,112.815689,51.056717,125.790627
167.418152,110.409401,51.028980,124.988754
173.619019,108.119423,48.999325,128.255981
174.302063,107.190331,49.132355,127.250053
178.718781,104.049271,49.177162,125.797310
186.670212,101.972229,47.372921,126.826508
188.146393,103.180786,47.181557,122.704376
187.674210,102.666908,47.415443,122.176292
188.226822,101.429886,46.811790,133.043961
187.338867,106.799774,47.336075,128.789642
183.589493,111.177696,44.279282,127.514771
178.563339,113.382736,44.768433,127.864365
178.601700,113.364517,44.754719,127.911156
170.191269,118.536964,53.643818,124.882401
