1
206.370743,117.021782,29.863941,98.731239
206.508347,113.969566,30.011389,98.144402
206.719482,113.663605,30.511124,98.109978
206.512924,112.790466,31.999105,97.944984
206.098740,112.317062,32.330597,97.061089
205.832870,111.836029,32.571823,93.017227
204.559082,110.688103,32.763306,91.449059
203.306870,108.821594,32.269966,91.595810
203.357971,108.655533,32.375156,92.290131
204.089905,107.940407,32.665016,94.340759
205.106476,109.629997,33.856243,94.007332
208.042587,111.614204,34.363289,93.095657
209.796478,113.581497,36.001179,93.051346
209.690628,112.795990,37.097336,93.051430
208.982971,111.216949,39.051067,94.058159
208.541412,109.817482,39.382656,94.134369
207.997025,108.782921,40.026371,94.687523
207.691757,107.046631,40.553539,94.186569
206.292343,107.105667,41.184513,93.354073
206.385574,104.998619,41.602718,93.203369
206.827820,103.072815,41.086464,93.923843
206.813141,102.434341,41.031113,93.796173
204.912018,103.045189,41.580154,94.642380
203.896744,103.695641,41.581886,97.749313
204.214142,102.959221,42.046227,98.483109
204.336975,101.581032,42.617649,97.367928
202.000504,101.728683,44.521351,96.220947
200.080582,99.361725,47.202591,96.405540
200.220581,97.933952,47.057442,96.252319
200.662659,95.625374,47.209251,95.766548
202.297180,91.709679,46.437397,98.093452
204.215729,90.673187,44.729568,99.632057
208.451431,90.784492,41.700989,97.795929
210.350723,92.526932,42.487549,95.696678
209.204498,96.780838,42.070766,97.070663
209.279617,97.276810,42.670033,97.305222
209.592178,97.670723,43.169357,97.466690
209.847717,97.761429,45.369884,97.988144
209.801620,97.967300,46.555676,98.948402
210.285477,98.124641,47.487667,99.717636
210.454361,99.268723,47.331314,99.998749
210.264755,103.568695,48.267605,101.673325
210.760330,104.487991,48.770828,102.003685
212.951080,106.983780,47.978870,101.011070
212.820786,107.430382,47.585522,101.469902
208.759933,108.253647,47.607643,101.220581
205.896469,112.613434,48.497757,98.633118
204.801605,112.612137,49.901737,99.399361
201.287445,113.080467,49.844959,99.047340
199.338242,113.364235,50.272751,99.066940
195.724426,114.051682,50.981438,97.546974
192.445633,110.810524,49.946182,97.741150
188.499481,108.994987,46.992294,95.268837
187.725357,106.881821,43.238873,95.025612
188.091309,102.158371,40.374607,97.669472
188.767532,101.761169,39.630836,98.240181
187.789917,101.342529,41.270828,102.595253
187.637787,104.216469,40.531673,100.619995
187.555176,105.307976,42.644688,101.260101
187.720642,105.547195,43.810703,101.939919
188.839951,105.176392,44.384312,103.694786
191.797348,107.547676,44.807980,102.973526
192.426010,108.553268,45.162968,102.406647
193.383224,109.132256,45.069172,101.002594
193.527161,109.398415,45.374981,101.297623
193.692276,108.530739,42.067871,99.550079
194.290863,109.179909,41.997265,98.019432
194.436478,109.230179,41.949745,99.802589
195.217392,109.648834,41.465900,99.251869
201.383713,111.368927,42.578785,96.033051
209.291412,109.827705,44.574200,95.442749
214.131119,103.754089,43.501446,92.016182
214.076401,102.943527,44.759411,92.985260
209.811264,103.693642,48.970036,91.126961
205.231171,103.493401,47.331139,88.874222
200.400162,102.697861,44.640076,89.783409
193.468704,103.590553,42.836502,87.903290
190.377472,98.358078,38.670048,90.790131
189.650436,98.691193,38.885246,90.632820
188.695984,95.422928,38.652443,90.699753
188.191650,91.204971,39.155827,89.226738
188.994064,87.451111,40.137272,88.091270
191.625443,84.758781,40.670326,86.853630
192.663055,80.990379,41.047199,86.963028
194.008179,76.074898,40.853340,90.702446
194.804947,75.233276,41.091763,90.317665
195.747574,75.166901,41.496696,89.218224
196.845444,75.636032,40.771427,92.002747
197.090729,82.488663,40.040688,90.470566
197.074005,86.552307,40.004112,90.412659
195.759079,91.121407,39.116966,92.292259
196.224030,93.994324,37.433464,92.068939
196.171860,95.961349,37.358227,92.361969
196.090622,98.818069,38.951023,94.938774
198.328720,101.718781,39.875164,96.644157
204.063568,100.997284,39.360943,101.839676
203.352615,108.373032,40.674366,102.147842
203.483932,114.841972,40.825050,99.992126
199.930649,124.526306,41.795795,93.854362
200.288925,125.419205,41.659573,93.090431
200.048248,126.745598,42.171711,92.921883
200.424194,128.342636,41.436760,91.306351
200.419647,129.523697,40.874947,92.707047
199.359039,132.920013,40.167294,94.308647
199.929520,133.613876,39.606037,93.905594
199.862198,134.381851,39.992176,94.758018
199.642563,134.006393,39.860222,99.168922
199.835815,134.043961,40.042252,99.786270
200.305786,133.392853,41.073769,104.330231
199.794907,132.487976,43.180904,107.743652
199.835297,131.508316,43.606823,109.966606
198.957779,129.342133,44.308342,113.926109
200.121338,128.375046,43.951744,114.606834
201.399246,128.110260,43.685543,116.092621
202.587570,128.889435,44.463337,116.205025
205.734177,133.006805,45.112873,114.401634
208.197693,136.895523,46.816875,113.144142
210.757996,139.910065,48.332432,113.758942
214.293472,145.536621,49.303703,111.673744
215.865891,148.681671,51.236362,111.633698
217.527618,156.141800,54.042912,106.303085
218.298218,162.405060,56.211102,100.642067
221.872604,168.942490,59.561985,99.484833
225.071472,173.417862,62.903496,97.622696
232.075256,176.929153,63.816761,95.774559
232.845932,178.865448,65.007118,95.283081
235.728302,179.590424,69.680115,94.673157
241.922379,181.007278,69.660767,93.508949
244.357819,181.750397,70.413681,94.500839
2
0
0
0
0
1
216.915512,129.692322,40.393940,87.387596
217.909729,131.100098,40.605778,87.665840
220.712784,131.770248,40.313305,87.481926
224.183655,131.861359,39.443092,87.092506
225.326950,131.067276,38.805485,87.238609
227.491074,127.612930,38.142223,87.381943
228.804626,123.875679,36.981995,89.378540
227.114960,118.105080,36.077602,89.922623
224.484055,120.928070,38.216686,87.145348
225.132477,122.455124,38.425072,87.773956
224.407059,124.906807,38.708313,89.982452
224.339386,125.320457,39.035450,91.004829
224.932022,124.959267,39.663193,91.849976
225.248734,124.500595,39.876450,92.249008
225.845566,122.984184,39.998863,92.143196
225.721786,118.069466,39.925220,92.666237
225.638641,111.375778,40.122387,92.621620
225.142578,107.998306,40.060806,92.883987
225.859680,108.434906,40.503944,92.822952
224.873413,107.091202,41.139481,93.675903
225.059006,107.645287,41.585590,93.708855
223.374191,107.238106,41.560589,93.796509
223.249954,107.225273,42.077209,94.324036
223.478088,107.244629,42.436954,94.223778
223.648148,106.182671,42.263523,94.907120
224.710968,105.882439,42.076626,91.228760
224.895294,103.724030,42.155132,91.257454
226.605087,101.310883,41.852711,90.335167
227.533173,101.911774,41.786041,88.674400
227.855972,104.369629,41.683384,88.445290
227.864380,104.830124,42.069679,88.567169
227.055969,108.225624,43.351627,88.321396
227.149048,109.564484,43.597828,87.253311
227.344864,109.682869,43.977875,87.464714
226.051376,110.524101,44.211742,86.353012
225.809235,110.281883,43.845661,86.510864
223.782669,110.175125,42.733742,86.424095
222.173676,109.832535,41.382313,87.038635
219.908508,108.819977,40.740273,86.011475
218.984299,109.501671,40.665237,86.125374
216.296875,109.968529,42.820095,86.251251
214.167007,110.163490,42.420155,85.402481
212.365158,108.498154,42.312813,86.977066
209.908371,107.050758,45.511738,87.613304
210.022079,107.272995,46.077053,87.698204
210.117493,106.982162,46.515755,88.103745
209.811432,106.203423,46.741844,89.033569
209.863007,106.407722,46.854038,89.853554
209.720108,106.416809,46.804546,89.961693
207.940002,105.167465,45.783081,90.979347
207.820160,105.230270,45.727283,89.947754
208.235474,105.680519,44.283672,91.853737
209.996536,106.894157,41.463005,92.502502
211.021973,107.354057,39.117268,93.287262
211.563309,107.413177,39.026276,93.740562
211.563232,111.087769,39.550354,96.468414
212.581268,110.495956,39.426544,98.391281
212.695435,111.675323,39.594097,98.468384
212.567093,111.393227,40.117569,98.196724
212.677917,111.837296,40.465660,98.686020
212.652283,110.322136,40.562847,100.113419
212.279022,108.129379,41.510666,100.827225
212.834503,107.812782,41.882057,102.718109
213.457657,107.695320,43.043022,108.178764
214.923279,109.396294,43.079468,109.431503
214.929443,110.725029,43.897015,111.213486
213.981445,117.231522,45.507336,107.192322
214.280685,117.697685,46.052956,107.257309
215.017456,121.474297,46.568089,104.535797
214.962982,116.857147,47.415207,105.901466
215.633636,120.692139,48.759560,104.544357
216.925140,129.953888,52.168678,101.572899
216.923050,131.134384,54.357918,99.250366
219.795563,140.511017,56.760971,97.900497
221.141190,142.410568,57.343513,97.011322
222.777618,147.665710,58.619854,93.397789
224.882614,152.259613,60.518513,92.224731
225.545013,158.367447,61.415657,88.423958
227.887299,166.462021,62.641670,85.031654
229.858429,173.648697,64.270576,79.284424
2
0
0
0
0
1
204.675858,144.941437,32.498047,83.847328
204.644943,144.992355,32.430565,83.973663
204.740295,144.667831,32.426998,84.221870
204.963776,144.648071,32.449551,84.437347
206.271912,140.917740,32.585407,83.851357
206.891983,140.710541,33.186714,83.462357
206.966995,140.830627,33.501923,83.420715
206.584549,141.250793,34.445053,81.489220
206.612869,141.256958,34.483002,81.425629
203.653717,139.029510,34.253723,81.946617
203.092773,137.847473,33.945637,81.711441
200.408066,137.928604,34.115433,81.714249
197.020828,139.082748,34.506840,80.604027
195.661255,140.035568,35.065868,79.549805
193.706589,140.944778,35.289661,79.670837
191.179688,143.482742,35.672626,78.101448
189.874512,141.997528,35.862362,78.844284
189.449768,142.920288,36.446880,78.357796
189.465317,143.007675,36.486900,78.456528
189.239563,142.860107,36.408867,78.436317
189.306213,142.619629,36.418655,78.479630
189.391678,142.675125,36.483768,78.437515
191.511322,141.995193,36.091728,77.952934
197.533325,143.043381,35.992325,77.986298
201.844788,141.326538,33.821938,79.906174
204.568619,141.083084,33.405567,81.190491
205.269348,140.702972,33.299828,81.473297
207.281311,139.847183,33.377220,82.764145
209.020798,139.285431,33.889767,82.510941
209.077927,139.516312,34.000198,82.955856
209.392929,137.559875,34.910370,82.554024
209.927612,134.436905,34.931587,82.492500
210.374756,132.658112,34.899326,82.328186
210.901260,131.657425,34.737064,81.994690
211.098221,130.858994,34.887955,81.845177
211.129135,130.792114,34.986359,81.973717
210.999390,130.284012,33.900017,81.668938
210.037933,127.757866,34.256226,86.539185
210.014282,128.030197,34.439762,86.835411
210.129501,127.977699,34.411320,86.862076
210.172165,128.034134,34.481571,86.953506
209.963928,127.931290,34.934849,87.037590
206.551315,128.482834,35.948826,86.785034
205.170578,129.390244,35.968357,84.568596
203.717133,130.707458,35.414688,83.603676
201.200363,133.816727,34.787651,82.104965
200.800598,134.710373,34.890411,81.541870
200.702621,134.909988,34.850468,81.755219
200.155045,135.249451,34.706833,82.372681
200.373413,134.645950,34.835945,81.826866
200.496887,133.570236,34.803650,81.438889
200.473221,134.061874,34.966568,79.882774
200.463730,134.167740,35.002098,79.447830
198.503876,134.167465,35.506260,77.572601
197.518356,133.074234,35.967670,75.861259
195.891663,131.898071,35.773952,74.293007
195.206345,131.774307,36.131027,72.342751
191.356567,130.885162,36.075962,69.736221
187.141647,129.138397,36.331009,68.180542
185.748672,126.302299,36.034939,67.854347
183.336578,123.951698,35.765526,68.572647
179.363495,121.811790,35.174873,70.295235
177.325851,120.832527,35.454044,70.585777
177.460648,118.142616,35.265087,71.682816
177.601639,118.080040,35.437969,72.046806
177.209717,117.158607,35.408974,73.160004
175.401474,113.432060,35.320057,74.933487
171.398743,112.122765,35.162308,75.030441
168.995239,107.142326,34.796021,76.208702
168.484818,102.351952,35.135963,75.005348
168.512848,100.712753,35.474762,74.124443
169.207108,97.830406,34.715622,73.177460
168.346176,95.084717,34.208286,73.291695
167.636093,94.213371,34.726662,70.396599
167.339050,93.287346,34.808254,70.442650
166.999725,92.445732,34.889484,70.419708
164.892441,92.478867,34.585556,69.573509
163.889374,92.262039,34.848755,69.335686
160.919495,90.749718,34.494328,69.067009
158.005280,90.017159,34.586285,68.633644
156.457367,89.712860,34.890106,68.836525
154.958786,89.406464,34.843529,68.888329
154.914062,89.383774,34.742630,68.947884
154.549286,89.381927,34.840038,69.063187
153.046219,88.650963,33.334751,67.925476
150.434647,90.060577,34.639828,66.924828
150.208511,90.386108,34.673664,67.092621
149.851089,91.352867,34.757023,67.710091
146.861923,95.128532,34.339977,66.630714
144.603424,99.305542,34.557343,66.291176
142.167755,100.056190,34.084366,67.136375
141.855927,100.707397,34.420464,67.411720
141.936066,100.586327,34.270611,67.582916
142.151993,100.723335,34.117138,68.120506
142.456406,100.810837,34.181854,68.513046
142.246658,101.209343,34.725986,68.829697
142.372238,101.095253,34.359650,69.010925
141.538528,101.230347,34.395054,69.689484
138.145813,99.135864,33.625862,70.142616
137.822815,99.669052,34.460323,70.125160
137.758743,99.905762,34.446251,70.450691
136.563400,99.902344,34.590183,70.394867
136.431808,99.955139,34.862022,70.448906
136.338821,99.531036,34.805477,70.993202
135.676712,98.796227,34.228085,70.478088
135.759109,98.671097,34.209637,70.575943
135.527878,98.507538,34.081329,71.207016
135.661499,98.628181,34.261303,71.612816
135.643631,97.179153,34.227535,78.455688
136.388550,100.988838,33.935432,80.398857
136.404526,101.671082,33.876713,80.378731
136.902481,101.618279,35.007412,83.696228
137.149826,105.343262,35.910591,84.021408
137.588272,107.767632,35.933819,84.581200
138.303055,108.262001,36.115738,84.878479
141.298416,108.330444,36.442284,86.051659
148.693130,105.084702,37.768948,86.076973
159.189880,103.544380,36.745117,86.892609
169.308182,103.437836,34.105213,88.225113
169.568085,103.526848,34.558182,88.512665
170.126282,102.307098,33.390388,88.910751
170.675644,104.834846,33.266502,89.569969
170.139420,104.233643,33.451412,90.309814
169.648163,103.904350,33.309933,90.561172
167.200180,104.565544,33.729832,90.793404
164.996017,104.714096,34.032139,89.918045
162.651169,104.096733,34.694778,89.142029
157.505859,105.331833,34.094685,88.861122
152.620880,108.058708,32.939091,86.675133
149.385986,108.561211,32.596275,87.287491
147.655731,109.531548,31.637838,86.911057
146.901733,109.523605,30.595215,88.141182
146.288666,108.922180,31.352848,89.742599
146.683212,108.737251,30.880230,90.231461
146.756805,108.962570,30.975033,90.541039
146.793472,108.888199,30.949621,91.360413
146.821533,108.967888,30.982218,91.464485
146.749054,108.402924,30.899683,91.306824
145.904160,105.901649,30.804014,92.642128
144.947052,105.139534,30.748205,92.891899
144.903015,105.388359,31.376657,93.023407
144.996521,104.805443,31.224915,93.083481
144.368683,105.072304,31.169563,93.477821
144.587646,104.166634,31.956512,93.063316
146.453659,97.599007,32.692265,92.911911
151.760513,90.671364,32.477989,90.467529
157.739243,91.627014,32.732376,88.343849
157.734314,92.447678,32.972656,87.098763
158.021317,94.784615,35.851608,84.766777
158.274811,95.100723,36.079647,84.983727
158.560837,96.155266,36.790478,84.246376
159.165497,97.061188,36.762703,84.941406
159.570831,104.538574,36.772148,83.925018
159.624481,105.217934,36.967484,83.841957
159.852249,107.547775,37.063694,83.116135
161.003693,114.544945,36.983612,82.776672
161.124680,116.112068,36.960014,82.601837
160.727997,116.183655,36.819431,83.120956
158.583893,118.723206,37.448315,82.720901
157.949753,120.301445,37.651489,82.854111
155.389328,123.077316,37.977245,82.550476
151.995636,122.079979,37.695137,83.295174
149.957855,121.025993,38.619900,81.876503
150.433182,118.305489,38.673462,80.416008
150.419418,111.987869,38.019203,79.990479
150.094009,109.601593,37.717079,76.730255
148.864532,102.821426,38.316063,74.683075
150.172943,98.434464,37.895294,75.140350
151.964966,93.954895,37.743809,74.429634
154.011246,89.729919,37.558376,72.349289
158.729721,88.842056,38.408173,71.611931
161.787857,87.214539,38.088585,69.921669
162.121796,87.148788,38.739021,69.954559
162.343491,87.259880,38.931396,69.977196
162.694290,88.998703,38.850304,69.367676
162.832245,91.097038,38.854359,69.256531
162.926865,91.343315,38.867516,70.056595
161.606369,96.807343,38.541447,70.115929
157.750870,99.457382,36.791061,71.589653
155.458328,99.924828,35.500225,73.489182
153.222839,101.788940,35.152515,73.728668
148.664398,104.619652,34.410637,74.344063
143.912231,110.217125,33.245174,75.389496
139.962646,116.530563,33.342884,75.122803
139.224136,117.973000,33.338600,77.467606
137.900497,119.899460,33.209290,78.063057
137.704941,121.938347,33.157822,79.444267
138.186920,122.136002,32.850758,81.130234
139.547348,122.640045,32.195023,83.583481
142.419540,124.091774,30.933102,84.845284
145.478760,126.662590,30.788765,83.709175
145.846359,126.469917,30.920319,84.299355
146.528763,123.731140,30.178665,86.144264
146.889725,119.667824,32.647850,86.634415
151.091583,117.269974,31.353622,87.424042
152.603470,115.153793,31.035267,88.087326
153.022659,115.140755,31.430372,88.390678
154.095047,114.355408,31.159744,88.599884
155.166214,112.208664,31.121971,88.177490
155.687363,111.428581,31.376238,88.550659
156.203278,111.243294,31.439060,88.726547
156.540741,110.796852,31.387926,88.902802
157.148804,109.541985,31.751583,89.458832
159.200851,105.938499,31.019464,92.500267
159.563797,105.537788,31.114740,93.187851
159.020248,104.296120,30.858040,92.882698
156.389679,100.347008,30.624233,93.284790
154.299545,97.708900,31.299541,93.041550
154.082489,97.552307,31.752071,93.604950
152.156143,95.751419,31.886251,94.721390
148.583954,94.248154,31.357836,94.983994
146.699066,91.639641,31.231655,97.388786
144.261902,90.417961,30.129469,97.463989
142.418610,91.598297,30.249615,96.856033
142.448959,91.604683,30.272558,96.951057
142.108932,91.599823,30.419142,96.771225
142.153549,91.678177,30.473169,96.910240
143.663361,88.761215,29.020958,97.953835
144.420044,88.397484,29.106670,93.839149
144.773468,83.754402,29.705414,91.244888
146.558792,84.570679,29.134859,89.206421
146.840057,84.681770,29.421240,89.390762
147.528564,83.754951,29.298819,89.807648
147.792984,83.564034,29.407621,90.295593
147.263733,82.909149,30.421169,89.684464
147.581451,82.173836,30.650478,90.093925
151.171860,79.545372,31.371384,90.624176
158.714462,75.922302,29.691187,90.604691
161.968964,76.441551,29.847481,93.227539
163.589355,84.201698,28.749464,93.716164
163.747345,85.106819,29.279043,93.866852
166.234070,89.343819,28.925026,94.626396
166.233322,89.613831,28.982841,94.960144
166.228745,89.671547,28.990053,94.944427
166.229111,89.748978,28.981075,94.927719
166.261169,89.339249,28.902195,96.091255
166.316299,89.688011,28.978334,96.364540
166.420212,90.818115,28.850164,96.324341
166.648178,95.284950,29.154181,96.247795
166.861389,95.705429,29.442858,96.609566
166.180008,97.133537,29.117161,95.861900
163.484924,95.456284,28.675306,97.727409
163.378403,96.363220,29.002426,97.418144
162.776550,95.748360,29.234621,97.935089
161.255432,99.388634,29.436552,97.923561
158.685608,102.299591,29.585686,97.518486
158.685654,102.639160,29.928459,98.150085
158.453476,102.847816,29.866089,98.444145
157.549438,103.879044,30.504597,98.066109
155.595688,105.985184,31.255665,96.948105
152.721909,109.121117,31.656815,96.375145
152.871445,109.180649,31.992586,96.463081
152.860031,109.189056,31.921839,96.435844
152.900650,109.228966,31.976473,96.457405
152.911850,109.249458,31.983547,96.453789
152.917313,109.354362,31.987530,96.363235
152.920914,109.448166,31.987017,96.457329
152.789398,109.834564,31.995047,96.447044
152.629272,110.098160,32.197666,96.256180
152.780487,110.218285,32.480568,96.439934
152.366409,110.119804,32.608227,95.884438
151.954010,109.612572,32.777111,95.311378
151.796783,109.511230,33.374588,94.312263
151.831680,107.496101,33.052353,93.851234
151.749313,106.374908,33.559509,92.576187
152.293900,104.755081,34.012039,91.739632
154.720291,102.128761,33.455257,88.174484
159.093307,101.351807,32.016232,85.041855
160.115189,101.173531,31.882780,85.101471
161.472198,98.771210,31.092463,84.199982
162.170380,98.715218,31.470104,84.586052
162.368164,98.480179,31.311886,84.897339
162.796417,98.199181,31.369802,84.532394
162.892715,98.070305,31.412306,84.624954
162.931229,98.175804,31.487978,84.947182
163.228836,97.323769,30.939697,84.797981
163.584869,97.358330,30.476053,84.632851
163.648331,97.522034,30.385607,84.931412
163.704819,97.556564,30.484940,84.963379
163.715195,97.560158,30.487951,84.956825
163.723282,97.574455,30.486494,84.955269
163.829254,97.560448,30.471001,84.789169
164.449448,97.390411,30.438162,84.485275
164.516052,97.349632,30.465282,84.323769
165.152100,96.085388,30.273283,83.563080
165.247604,96.242584,30.619656,83.874298
165.471512,96.185471,30.918772,83.935921
164.048386,95.154121,30.576927,81.744850
162.682877,94.762329,31.153002,81.121696
160.060181,95.102913,31.277540,79.745148
156.968567,94.669991,30.686008,78.029320
156.145294,94.938843,30.643763,77.813065
153.148300,95.122833,30.281445,76.049698
150.331680,95.052643,30.110172,77.111366
147.551773,96.419014,30.330103,76.747452
144.547791,96.684731,29.008568,75.821541
140.903030,95.978760,30.014738,74.750793
139.671646,93.124855,29.218847,76.652885
137.928375,93.626137,27.668144,77.562897
137.758331,93.500473,27.734644,77.606056
137.468002,93.420052,26.606855,77.822220
137.007690,93.053726,27.073799,77.795616
134.411118,89.714096,27.785227,79.426796
134.276855,89.542267,28.002806,79.626534
133.876846,89.522224,28.343508,80.025703
132.637619,89.313080,27.865620,80.151482
131.829254,88.870453,28.221287,81.170151
132.296524,89.611885,27.293934,80.669121
131.089935,89.406227,27.559826,81.236252
131.392273,89.596260,27.730469,81.403671
131.797348,90.409447,27.338371,83.031357
131.699615,95.461540,28.902033,82.290619
135.419250,101.917747,27.674662,81.527962
138.379562,109.306190,27.401096,81.472565
141.090820,113.785034,28.335949,78.835533
145.161697,121.676125,30.662903,73.384750
151.446136,123.443176,29.201368,72.593269
152.449188,125.344894,32.386841,73.284843
152.968140,125.468033,30.951838,74.959816
153.214951,125.437393,30.602268,75.024368
151.621628,121.167709,32.847851,74.523033
149.855789,118.384850,29.886723,75.025253
150.181259,117.875557,29.725636,75.912720
151.205215,114.066620,27.326344,76.365227
151.399918,106.658501,26.527838,76.783974
150.894760,102.333893,26.810907,76.926155
150.982544,102.298233,26.997997,77.045387
149.966583,98.593201,27.256098,77.834717
149.646774,97.122665,27.548241,77.482338
149.870667,96.881477,27.955227,77.487991
148.838837,94.374847,28.104015,78.058945
143.411789,94.889404,31.112967,79.450546
137.571411,95.120728,29.458023,78.472473
129.749573,92.357895,31.368324,81.768227
124.128967,90.207603,31.672384,83.958458
118.201523,88.276802,33.924519,85.342400
112.814140,83.245392,37.014057,91.128258
110.980988,81.073387,40.278130,91.536537
131.777542,75.694046,40.733528,92.303276
150.952759,70.354721,40.859234,92.728645
180.327866,64.423233,41.191315,94.231880
210.694199,54.436741,41.840485,94.113403
233.476273,49.700161,41.325523,95.415230
222.194717,50.148170,43.519909,92.742195
216.833618,53.549339,41.766068,97.848000
235.470673,49.556152,45.072586,99.286163
248.113907,43.646965,43.904804,107.187614
246.140381,40.074852,43.519325,114.185104
240.929413,48.070229,43.633900,115.499214
237.739929,49.587921,44.818325,115.806656
228.595703,48.813980,46.125717,123.374214
228.163483,66.290932,50.359825,118.632393
230.757294,67.082649,50.608295,120.042519
232.662476,68.566620,50.408081,132.239532
224.473236,79.588806,54.547787,133.954498
211.564590,94.769951,56.243290,132.302841
196.893417,102.763771,52.581467,132.655029
187.970535,111.440376,51.276295,129.443024
182.870499,115.791321,49.103416,125.971832
178.803635,116.976509,49.428795,124.056709
172.522614,113.763748,49.324726,126.746582
166.841415,113.967468,51.097416,125.291016
167.900146,111.626038,50.613342,124.280609
173.059647,109.268753,49.010395,128.012238
174.362335,108.756744,49.798706,126.683540
178.781021,105.326157,50.604065,124.229897
185.871933,103.397842,48.844433,125.831482
186.069336,103.540878,49.125488,124.201065
186.133698,103.242905,49.310062,124.048088
186.524780,102.049278,49.143700,131.164429
185.908768,108.337669,49.817257,126.488869
182.703796,113.550858,46.281059,126.155670
178.591202,115.828529,46.143223,125.755775
178.792862,115.839630,46.260830,125.968498
169.569183,120.408409,56.197681,123.576286
