1
142.123672,59.820015,68.549622,91.827522
143.008621,53.635468,67.950264,96.791733
145.286682,50.734676,66.114319,101.866852
148.128357,48.852810,64.750198,103.180603
149.214691,47.362278,64.285629,103.700432
149.998932,46.157944,65.076752,105.584251
155.963745,47.856464,63.402336,105.242767
156.583679,47.361008,63.140766,105.439987
157.416275,42.354919,66.883888,109.908081
157.641998,41.432255,67.004395,109.810486
157.712311,43.842037,67.550110,109.125374
158.603043,45.697708,67.814598,108.650597
158.948578,48.491894,67.410652,105.876709
163.463135,51.072170,66.690742,104.448051
168.098618,53.648552,65.647362,103.456848
170.282120,55.187302,64.691620,103.277657
172.512314,56.545738,64.449455,103.115211
177.008408,56.113335,63.873512,102.678741
180.251648,54.158867,64.557549,102.634361
181.122116,52.246292,66.722710,102.249214
182.622498,50.319618,67.050613,102.216713
185.930344,47.716763,67.558296,101.139488
186.650009,48.729038,66.742294,100.377502
189.550293,51.053604,66.460976,98.131088
190.721359,54.312511,66.173134,98.768227
191.131226,57.207443,64.268745,96.955193
190.726120,57.284668,64.406471,96.681725
189.606033,59.021805,65.272346,96.328781
186.652954,60.564159,64.650414,95.918030
182.060226,61.540356,63.928593,95.544395
176.962463,60.282837,64.461227,94.813400
175.819305,59.985828,63.546383,95.017349
171.612534,59.093758,63.428043,94.000366
166.771606,59.661434,64.000809,91.906166
161.331726,59.177567,63.411022,90.846703
159.530334,59.117939,60.184734,89.118729
158.478134,58.832069,57.452950,90.675705
154.230560,56.574570,57.034492,91.048340
152.748505,55.053333,57.076729,92.017334
152.072357,56.388374,57.431198,92.672997
151.937302,58.405064,57.047058,92.383682
151.122879,59.773163,58.373543,91.245674
148.239609,60.487667,59.117638,90.856331
148.656998,60.464279,59.133442,91.233498
146.463531,62.136658,57.594917,90.340889
143.517227,64.777901,58.419407,86.332642
141.499008,64.509087,58.536430,86.258873
144.458359,66.501518,55.517696,86.809341
145.426331,66.861832,54.305447,86.470779
145.162582,65.829811,51.417915,86.572937
145.807800,64.227905,50.962997,86.389130
146.984818,63.653610,51.012386,85.949669
147.739609,64.467087,50.862427,85.175941
149.478745,65.923569,49.839722,84.158470
151.361557,70.372314,49.464794,82.486855
151.147003,71.365639,49.228401,82.479904
150.969131,76.637672,49.747322,79.931610
151.763275,78.768036,49.863449,79.197189
152.193253,78.314659,49.233059,79.497162
153.005890,77.167183,49.132050,80.467834
155.590729,76.524605,47.782040,80.567009
158.033539,71.919205,48.992386,80.294060
162.934616,66.335640,48.388016,80.952522
164.354996,61.112576,48.566624,82.814590
165.452591,57.277699,50.741142,85.091072
170.718567,54.995182,49.099014,88.503357
172.025269,54.829559,50.460659,90.150421
172.887390,56.062767,50.620964,90.045929
176.240219,59.868752,50.303211,88.902191
176.721222,60.312489,50.499020,88.613800
179.837982,61.741299,49.588314,90.531662
180.454468,61.081814,49.916313,91.524117
180.653610,61.042381,49.828407,91.924011
181.824554,61.152653,49.377705,91.816200
183.650955,60.472198,49.267159,91.676521
182.904755,60.105167,50.018204,90.855171
181.712646,59.673466,50.360661,88.838463
183.049759,58.493790,50.267101,89.309540
181.307495,59.435993,50.321602,88.581360
178.852112,59.654266,50.388924,87.114098
177.771255,61.310074,50.669044,86.660370
176.779449,61.562325,50.555820,86.556168
174.618057,61.943775,50.597633,88.183350
172.087585,60.214790,50.456272,89.262283
171.573502,60.343117,50.080147,89.748596
171.431046,60.101734,48.477169,89.602409
170.589767,57.974609,48.498344,91.343948
167.052795,58.445488,48.966484,90.863068
165.866409,56.729023,49.141075,90.906174
164.185379,55.637981,49.218502,90.527626
159.137268,54.202248,49.838966,94.149483
153.474457,49.810181,51.080151,95.152733
153.485413,49.994232,51.442551,95.112816
153.007126,52.360275,51.261169,94.745895
152.917221,59.691189,50.606140,92.149384
154.423691,62.977459,51.639893,91.587120
155.036194,65.237671,50.892796,90.132408
155.106033,65.423492,50.146454,90.126335
153.041443,67.582748,50.318531,87.840736
153.496338,68.184509,50.008476,87.381279
153.858505,69.898262,50.634026,85.315598
154.395248,69.476051,50.380363,84.048965
155.007278,69.082680,49.693691,83.224518
155.916107,68.860329,49.713699,83.047348
157.381302,69.200935,48.635132,83.240738
160.207062,69.041054,47.779453,83.126083
165.791412,68.751259,48.551006,83.123024
167.827850,69.021492,48.640530,83.977707
170.740784,70.741211,48.008339,84.319962
174.323349,70.786179,48.545532,85.044632
174.737717,72.697777,48.649178,83.844238
174.695084,70.870285,47.539513,86.657852
175.011749,71.528305,47.700100,87.024971
176.662628,69.323898,47.745804,88.649147
180.875229,72.108124,47.040794,86.935593
184.753204,72.270760,48.062458,88.015907
185.910461,72.901093,50.191898,85.697823
186.314041,73.403473,50.198875,83.714355
187.407104,69.702728,48.732384,84.231819
186.244141,71.282463,49.403847,81.679611
187.348892,70.749870,49.174568,81.413895
188.594940,73.167351,49.245800,80.863136
190.160324,77.337189,48.943054,78.664162
192.197678,81.383781,48.249077,77.847954
192.087097,81.491905,48.696640,77.809311
192.981796,80.433823,47.634834,78.775604
191.263519,80.272011,47.731480,77.592468
185.911270,79.379509,48.603943,75.888115
183.536072,79.597542,48.607380,72.995453
181.458069,77.764351,48.805408,70.393600
179.930939,75.918610,47.801003,69.830162
179.220016,73.730446,46.808895,70.244141
175.636871,71.486649,48.382595,70.839111
171.844360,72.629028,47.353619,71.589447
166.991837,72.802589,47.391293,71.550835
163.183212,71.952461,47.127434,72.651085
162.732407,72.705742,47.420765,72.092880
160.534103,72.442818,46.425163,72.021614
160.992310,72.402634,45.483521,72.094093
161.359589,67.026619,45.245544,74.762100
161.464233,67.346596,45.473667,74.835312
161.653091,68.402626,45.167431,74.326225
160.625961,69.788002,44.936134,74.017380
163.398102,71.646820,44.216503,74.258881
164.712967,76.036026,43.631287,71.494659
168.486008,78.299385,44.276901,71.248039
167.921906,77.386841,45.391262,72.628922
168.745102,78.314690,45.019402,72.262955
173.434875,80.116577,45.353165,70.689934
173.939499,81.181732,45.884071,69.301590
178.163055,82.957298,45.032505,67.681259
182.436966,82.481339,44.893116,68.064697
183.606232,81.061523,45.806286,68.499977
183.412903,79.478554,46.459698,69.594894
184.950607,79.363632,47.163773,69.890533
185.226822,79.145264,47.545555,70.467346
185.881012,82.587540,47.506432,68.856026
185.631424,82.430817,46.440636,67.981567
186.315125,82.728500,46.438210,68.011551
185.032043,84.662750,47.087551,67.761810
186.491196,85.044205,45.398758,69.242058
183.409592,86.253883,45.789673,69.527451
181.498581,86.808769,46.622955,68.647575
180.954697,86.584328,46.667492,68.859215
179.994125,85.436684,47.288090,69.132950
180.025482,85.121384,47.533009,69.586807
181.195786,83.346062,47.586075,69.776375
181.516205,82.312294,46.292416,70.117355
179.142212,80.379570,45.859924,70.286629
174.911194,81.120224,45.901779,69.682655
174.269409,82.040665,46.083817,69.849075
171.381989,82.368805,45.907463,69.281860
169.507797,81.855919,45.525414,71.666664
167.773727,84.242447,46.705887,70.072342
164.127213,83.844490,47.365192,67.486229
157.577499,83.596695,48.538673,64.095039
156.039749,79.698158,46.317192,64.398926
154.914078,77.436050,44.732197,64.421852
155.726120,76.529648,42.438259,64.668510
155.668884,76.756592,41.297585,65.438438
156.529602,74.840759,39.900856,70.091751
160.229599,80.732735,40.784958,68.086800
162.780731,83.744186,41.015022,68.144958
162.674011,88.841286,42.954777,65.458832
162.869522,88.441353,42.966537,65.846184
165.279922,90.855011,42.596565,67.492455
168.095352,91.487289,44.208149,67.285683
171.115967,92.600014,44.950420,66.051231
174.614853,93.076340,43.405502,67.825829
178.729095,92.898415,42.393402,65.989799
179.366806,94.046402,41.879860,67.782120
184.377533,90.331543,42.548496,72.627396
192.005508,89.161011,43.496433,68.188950
190.190125,82.595276,45.831348,72.001625
192.816101,82.077011,50.081532,69.422562
194.615982,81.921974,49.472340,68.903450
199.540909,84.030258,49.320072,67.370880
205.715286,83.296242,48.892300,67.742836
205.877823,82.719650,51.075462,67.486465
209.610397,84.525520,49.741962,66.908058
214.844864,84.740761,49.036678,65.855507
216.676193,85.701294,49.309460,63.965851
216.412399,85.745857,49.593052,61.616070
217.573608,86.033203,48.454014,61.612972
217.414810,85.815804,48.383305,61.944508
215.685135,85.103020,45.406796,61.748543
215.578094,85.119057,45.133572,61.827579
216.306076,84.890839,44.662998,61.935909
217.417114,86.090790,45.229534,60.719090
215.486282,83.532478,44.079697,62.232826
214.395752,79.260788,43.716702,63.986515
214.615692,74.720276,42.565163,68.339035
211.631516,64.005379,42.739147,78.129791
208.653702,63.551704,43.941059,77.797462
204.990906,66.473221,46.132095,76.883530
204.380325,69.072090,46.054890,75.102905
205.000656,75.252274,46.529514,73.524002
203.093658,79.702515,47.458477,71.513283
202.807846,80.501694,45.936615,71.552116
203.673248,78.590538,45.411694,71.741112
199.102585,78.828583,46.443077,70.572578
197.653610,70.601654,46.199627,74.192017
198.184143,69.247505,46.463581,74.072098
197.789246,69.163330,46.555748,74.406128
199.588867,70.405540,46.937420,73.940552
201.883255,72.504860,46.610676,73.634247
204.356369,74.796326,47.239128,72.660759
207.123398,75.420822,45.749966,73.981316
204.252502,73.930779,48.015244,75.145241
204.533340,74.085159,48.520538,75.405617
208.567032,69.339966,45.312199,77.045799
212.739212,70.929314,47.700069,73.976631
213.512787,73.854523,47.703053,71.436577
215.246307,73.877983,47.129532,72.043564
220.410385,77.714012,47.481590,69.731720
224.637924,74.331032,47.456921,69.459900
226.113205,77.979248,48.947014,69.834122
232.193481,81.678078,48.047436,67.615891
234.352173,92.451416,48.864738,65.364136
234.007050,98.447258,48.287315,64.040802
233.657394,100.035019,47.233810,64.118050
233.072784,93.143799,47.660095,68.913086
232.993393,94.102531,45.555046,66.774666
232.354584,96.495842,44.369564,65.638878
233.832550,100.782700,47.117142,63.333817
234.229797,101.123695,52.474911,60.643593
233.071259,99.900955,52.249714,60.791538
232.789459,100.374443,52.535168,59.442474
231.850861,95.535736,51.313885,59.963177
231.646942,95.539589,51.304390,60.331760
229.446228,95.116653,50.437748,62.769096
227.557434,96.104286,49.496853,62.540001
222.370056,96.467461,50.647797,64.757591
220.123169,100.236839,51.885353,64.853271
213.247253,100.266113,56.175980,64.609749
213.130005,100.100952,56.501022,64.612946
209.358566,98.897026,57.039356,63.405998
211.719666,91.254433,56.657063,63.684643
212.753571,82.255287,55.632236,65.154854
219.256241,75.629715,55.251759,64.577499
224.098343,73.145576,55.913322,65.979561
228.689407,75.274261,56.078476,66.092049
232.417419,75.694550,57.186333,69.215317
236.875992,76.651947,56.910404,72.343391
239.016800,77.706772,57.559650,72.762810
247.085480,88.330513,56.006939,73.321686
252.222427,83.654297,56.472450,80.245384
253.188049,79.018646,55.929646,80.288002
252.674728,71.733353,56.398373,81.239243
257.862091,67.309090,56.038933,81.504929
262.088257,65.638481,56.222713,80.458191
263.969238,53.761181,56.030746,85.624718
266.386414,54.590855,53.613579,85.305534
266.840515,58.295418,53.159470,82.638206
267.952911,64.720474,52.047077,79.697510
262.889496,65.996521,56.724403,79.114883
262.258759,60.350151,56.914486,82.516533
262.021454,60.523029,56.999874,81.925621
261.770630,58.297909,56.025684,83.204353
261.865417,58.375717,56.478699,83.378662
260.939545,57.895435,56.957436,82.662132
263.594055,59.112225,55.665581,79.143898
263.945435,57.253586,55.148579,80.412842
263.451324,56.722893,56.068405,80.502319
263.743958,56.621532,56.256039,81.315384
262.901398,60.288754,55.859600,78.831345
264.329651,61.719540,55.670338,79.255875
262.878296,64.707085,56.375465,76.305214
263.398743,67.722916,54.903488,75.218437
260.288269,67.876312,54.883095,75.153603
259.539795,65.180794,55.219669,75.038116
261.576935,65.172050,55.642899,75.152824
263.045776,67.837982,54.730991,74.796791
263.119751,67.851082,54.992947,74.976685
263.044464,68.083488,55.102966,74.681389
261.713287,68.875786,55.052582,75.913559
250.311356,68.790634,58.837673,78.473137
238.608734,67.652779,66.530174,78.120964
233.277390,63.561943,66.586441,79.139534
224.695801,59.389099,70.493256,81.539581
214.559723,58.549343,71.974846,82.860573
212.048813,58.405502,70.841187,82.620239
205.158707,56.444023,70.068878,83.406837
203.994339,56.545383,69.510071,83.024246
205.878082,54.788162,63.951019,86.333176
204.456512,55.203892,63.848694,85.228447
203.553894,61.415482,61.753090,85.171646
200.037430,65.350716,61.140575,85.339645
198.145874,65.213142,60.896164,85.471558
194.438690,65.855156,62.015701,85.055565
186.158630,66.717262,62.267719,86.766457
180.848389,62.218544,62.379559,86.039513
179.319107,62.817081,60.087318,85.687218
170.422134,62.663918,59.551590,86.027550
161.506790,58.667095,58.375484,85.793785
153.522919,57.428600,57.457512,83.083740
147.209045,56.733959,55.178680,81.884460
141.761292,50.065567,56.172153,79.616226
140.567307,50.593792,55.078758,80.034782
136.051971,50.887089,55.156445,78.570457
131.091400,49.474403,55.588581,78.597771
128.866150,49.664421,55.638588,78.236900
129.236252,49.670429,55.526348,78.102333
131.988358,56.438435,52.949150,77.886650
129.703506,58.364235,52.828907,76.660896
129.104462,57.321472,52.764824,76.077194
130.387573,58.629246,52.617886,75.344292
132.140121,55.785122,51.834908,75.061531
138.365234,61.615887,50.525723,74.565659
138.762604,66.298859,50.612743,73.214142
140.330795,65.737778,51.000584,73.328392
146.015259,67.602890,48.734333,72.283905
150.693604,67.469177,46.240372,74.201057
153.490524,66.926971,48.625404,73.157692
159.617767,66.526009,48.178204,74.533020
165.102783,72.103584,45.890114,75.161499
165.871323,73.638077,45.748516,74.585732
166.263062,70.670830,46.438538,74.931335
167.282227,61.694130,47.316051,74.491310
167.844147,55.250916,50.344536,71.889763
169.139008,51.291561,49.836052,71.684746
170.376114,39.810173,48.221035,73.078438
170.187485,38.063793,48.470657,73.715698
168.326996,47.915371,49.870186,74.347435
169.925812,56.466579,49.909943,73.544380
169.502426,57.584599,56.273315,73.841469
173.012634,67.131554,54.592789,74.256157
181.762909,75.637604,53.918385,77.910057
187.847885,80.229889,59.350815,78.897560
195.100586,82.467781,57.074379,79.837769
193.186157,84.762146,59.194523,83.238670
193.802963,85.153526,61.040848,83.505974
200.113831,91.169289,60.300407,85.474968
201.673065,90.521843,60.953564,86.209152
201.705704,90.708649,60.953846,86.547638
202.002350,90.375755,60.253414,87.546028
196.612808,91.262497,59.406364,89.591980
194.268738,87.068436,59.638027,89.294418
194.365524,86.525902,60.156357,88.788193
189.749588,76.008202,61.022331,89.343689
185.171509,68.598724,61.468277,90.541275
178.750656,60.699715,61.216248,93.545479
173.342316,58.364727,61.870251,93.346008
173.318573,57.911972,61.258003,93.638504
171.985306,67.402542,59.868343,92.228676
167.115341,66.566574,58.739441,91.474030
166.586044,66.622543,56.475281,91.228882
166.350067,68.940216,56.171902,89.345001
168.301682,73.906670,53.835003,87.913307
166.119125,78.218010,52.067303,84.347549
166.518463,80.949455,51.565411,81.295235
165.999695,82.111992,51.571960,79.332443
164.736145,80.004616,52.112022,78.066208
165.444870,69.692612,50.257084,83.829422
165.842422,69.158058,49.227741,83.653145
166.850616,72.355316,50.523373,75.761345
164.020935,71.394508,51.720226,74.877045
166.612778,67.870155,50.166786,77.055222
169.730728,65.643013,50.362827,77.160782
172.045425,67.167503,51.541603,75.479164
182.436417,74.208733,51.783653,71.183640
185.872711,82.326317,51.415005,67.698273
190.093338,86.001640,49.623547,65.278740
197.091995,90.354004,47.726437,63.682724
203.308655,92.970726,46.745941,62.424900
207.679092,94.280045,46.219810,60.757812
209.428238,93.419258,45.842205,60.909988
212.670883,93.298988,46.054359,58.836418
214.604263,88.890533,44.083534,59.328125
210.853073,86.128334,44.441269,56.668736
208.349258,85.833031,44.216869,56.150276
207.162216,85.459259,45.282528,55.443459
206.447586,84.835205,45.513847,54.602215
207.211868,87.744904,46.193325,52.521572
205.470917,85.994431,44.745960,55.408833
205.946655,88.517273,45.378578,54.054321
202.812332,89.854050,44.985538,53.498951
200.172501,91.308678,44.964664,51.930813
199.104630,90.791557,44.885223,52.453365
196.567520,90.304192,44.137497,52.304409
191.327637,86.860672,42.553593,54.059734
189.959625,80.224129,41.074837,56.395115
190.342621,78.546921,41.130539,55.460079
190.548752,78.696182,41.473019,55.398998
190.550812,76.678780,41.376694,55.416462
190.743668,77.161110,41.252598,56.139996
191.222122,83.959846,40.909298,55.393520
191.787155,90.111000,41.984200,53.251755
193.385681,96.112358,42.539223,49.474659
193.898193,97.915169,41.861027,49.076176
193.921402,98.348122,41.907742,49.218929
193.947281,98.518623,41.978340,49.474869
192.139618,94.684700,42.211609,50.726868
193.078278,93.248985,42.761356,52.064304
194.972000,90.000488,43.650753,52.294746
194.544952,82.077858,43.363884,55.431095
194.575333,82.051071,43.458580,55.460365
195.884644,81.676826,44.404823,55.184391
201.050537,81.837318,44.645943,55.934631
207.019379,84.683578,45.155899,57.220745
209.161285,90.102898,46.760578,59.187653
210.539200,91.241798,46.579865,59.603004
210.940613,91.335632,46.927673,59.756863
210.407669,89.249084,46.667835,59.933762
210.325760,94.015152,46.832829,58.405136
210.346313,93.473503,47.222084,57.959465
204.084351,92.087311,47.129471,57.286747
197.737701,89.005310,48.661823,57.602833
193.912125,88.704903,48.032784,58.088898
189.720734,85.389275,47.109665,60.254845
187.800232,85.646896,46.975140,60.041309
184.470856,82.209801,47.578773,60.713940
183.641983,79.579742,50.673988,61.505390
184.176346,79.072311,55.310501,62.531227
188.361206,78.473099,55.912788,62.536510
193.342712,77.924522,55.094059,64.296158
195.886841,79.014214,54.925919,64.559319
198.417923,79.196526,54.799507,64.899567
198.759674,79.165009,54.948689,64.966606
197.170746,78.008171,54.875931,65.960968
194.958298,77.630928,54.146286,66.122032
194.021515,76.887108,52.992077,66.252899
191.426544,75.479744,51.435139,65.555321
183.162415,75.175194,51.082333,66.684013
179.818939,74.174660,51.287994,66.309135
180.971008,83.040276,51.384914,61.847233
177.471176,83.217133,51.125759,61.943741
173.386780,85.940735,51.689526,60.418324
173.626587,87.758934,51.223942,60.558525
171.793732,80.505417,51.008255,62.505882
169.125366,79.857109,50.937649,63.305347
166.685898,75.372063,49.881630,63.068947
168.366653,73.187851,46.991238,62.678234
168.647949,71.520142,45.141243,61.333416
170.525162,67.135872,44.614494,58.439903
174.708557,65.353828,43.431065,58.689217
177.877075,65.091141,42.119350,59.380222
178.629562,65.578354,41.580830,59.848518
179.080460,66.855797,41.974705,60.127338
178.202515,65.745918,42.702354,60.948544
175.158661,69.469032,42.618549,58.676899
168.532761,67.425850,41.475498,60.232903
161.084656,68.544235,40.331741,61.014572
153.420715,66.274773,40.810593,61.569504
146.680054,65.842018,40.245216,59.923100
141.653595,58.664993,39.761131,60.785713
138.129883,55.329884,39.328690,59.987495
136.669922,53.058300,40.011581,58.638390
134.918930,52.647568,40.618732,58.174664
135.600510,53.003643,40.727222,57.550392
136.910385,53.848049,40.516602,57.344692
138.850327,57.330105,39.828350,56.819714
139.555359,58.906536,39.614502,56.389713
145.159958,61.098907,38.203659,56.066051
151.055313,65.331497,40.452522,53.788879
155.169769,66.152397,40.243073,51.086159
156.215607,66.972672,38.590820,51.070107
156.469559,67.268219,38.954041,51.548126
156.697067,66.096001,38.574398,52.606155
158.173553,66.448029,39.837353,53.110901
159.864731,66.411446,39.817059,53.041740
162.350327,70.734985,43.428368,53.517799
163.790833,72.903610,42.167767,54.318657
163.735825,72.000244,43.526112,54.719425
164.406570,75.087471,43.865379,53.969654
166.103973,66.251503,43.701134,55.682110
166.477402,60.790977,44.104553,55.122540
170.166580,62.667999,43.676842,56.814690
169.663940,59.177929,45.220535,56.550392
169.883438,58.863525,44.910210,56.862000
171.325699,55.228180,44.249638,56.845020
170.191727,54.897972,44.243683,56.957321
168.156448,53.519505,44.023689,56.574299
167.764908,54.221058,43.918835,57.132740
167.285446,62.628948,42.604061,58.207287
167.357452,56.641590,42.510098,57.952221
167.416489,56.320580,42.870567,57.973305
168.160919,58.119125,42.436031,58.500854
164.963333,49.863579,42.140244,58.699940
168.432068,49.828976,41.993996,58.759392
171.916428,49.081207,41.912971,59.798931
176.620987,55.820084,41.321697,59.114513
182.531586,44.949028,43.403469,59.568928
186.338409,59.879822,42.210205,62.747475
188.768356,66.453461,45.481071,60.385956
191.900650,62.380142,45.143955,59.984669
188.207901,58.907627,44.805019,62.496536
187.097931,63.108524,45.299473,61.472584
184.497559,60.377865,45.085190,61.437397
184.907791,59.717670,45.124298,61.396244
188.149597,50.287537,43.199051,67.765121
187.979126,50.555176,43.959526,67.716705
192.423889,46.599041,43.277481,69.115051
192.212723,41.801479,45.115189,69.785950
200.388565,44.609882,43.018711,72.242882
200.741455,48.449856,43.131798,72.364677
196.765915,58.949978,44.076000,70.471512
196.621918,62.014427,43.915234,70.342499
184.162811,69.522156,46.560410,69.831947
173.122192,76.735359,47.006565,71.948982
163.189285,79.566154,47.030659,69.531944
153.430450,78.579491,47.906029,66.507248
144.745453,71.339409,47.840996,66.296753
141.989243,63.901070,46.278019,65.850372
138.076462,63.973568,47.042244,61.139454
136.713806,61.013775,45.949852,60.568699
137.294418,60.479774,45.833012,60.859543
135.851105,64.743080,45.903297,59.576992
139.309509,73.100250,45.384842,56.883125
140.330414,74.989952,48.876198,57.112976
140.990341,81.249786,47.606884,56.957062
141.135941,89.206734,45.433048,55.395706
141.389572,90.546692,45.305565,53.991932
147.248047,85.808578,44.552166,57.349491
149.825562,77.629700,44.770313,57.537392
150.847427,70.966827,45.862488,57.883160
155.610016,68.468399,46.417362,58.831097
156.265213,67.568924,46.168549,58.660397
156.400330,65.214432,48.294155,59.618149
155.989502,66.598137,49.443871,61.588470
155.599533,69.504066,48.411938,62.995338
151.961746,70.992073,48.153458,62.484940
152.449432,71.982613,47.845291,62.603134
149.373199,73.566727,48.346043,63.066353
142.128494,73.200439,48.720638,62.967533
140.995712,71.006149,49.149166,62.745678
135.211655,68.455185,50.596127,63.740948
131.557816,66.125381,51.426201,62.891914
131.655045,60.439556,50.024113,63.318142
133.806931,56.156017,50.302059,63.003300
136.853439,55.111176,49.799648,63.773838
138.553726,55.765186,50.256977,64.270348
139.773056,55.272453,49.045326,66.268593
141.325287,52.721584,47.992596,66.705551
141.133713,59.355900,47.835850,68.001442
141.259399,58.689617,47.635292,68.824203
141.414520,58.550697,47.746437,68.942314
141.114365,56.723862,47.146561,68.514969
141.216385,57.101055,47.435810,68.822334
141.263885,58.517292,47.407040,69.025223
144.949554,58.076809,46.843788,69.857361
150.503540,56.844238,44.940800,71.332382
153.790009,60.288090,44.730690,72.354538
158.651642,60.880688,44.754463,72.730148
165.865753,64.201431,45.239902,72.476410
170.281082,64.305542,45.875622,73.742439
177.536240,66.869102,46.063942,75.161987
184.078384,68.348488,45.410793,76.763641
