1
142.867310,56.404816,70.821960,86.993820
144.490875,52.708439,68.371849,93.229874
145.651947,52.572311,64.717102,96.176491
147.235687,52.478424,63.507317,97.836205
151.384186,46.189888,63.881897,101.194061
152.488968,45.823807,63.610188,103.548576
154.857239,46.558838,61.693497,102.742294
156.491470,48.849632,61.975914,103.804451
159.139267,46.536972,64.829193,107.196503
159.254623,43.325668,64.513458,109.707176
159.027344,43.472229,65.187019,110.230164
159.542831,44.503971,65.824448,110.211983
160.258865,47.832245,65.475670,107.511467
164.223969,51.190647,63.336456,106.422600
170.526154,55.423538,62.192356,105.316246
171.907669,56.807148,62.149078,103.646004
173.071838,56.838905,61.520515,104.121742
179.403671,57.030869,61.773220,103.703384
182.810608,55.331390,62.751339,102.853180
183.568100,51.685078,62.592144,102.830498
184.619965,48.898647,63.171597,103.525726
187.850815,47.470100,62.964130,103.307213
187.894684,47.485786,63.044098,103.533844
189.599335,49.401768,63.874294,102.572792
190.978271,51.667294,64.683884,102.661499
191.404984,56.540424,61.854153,98.354004
190.124130,56.617817,61.797859,98.526756
189.027512,58.207752,62.740341,98.288109
186.356125,59.163876,63.049675,97.293152
182.810776,59.886833,63.986469,96.234184
177.558044,58.814159,64.658966,94.787514
175.803040,58.979031,64.660141,94.116234
170.802689,58.767521,64.855980,93.076874
165.583115,60.134251,64.628090,90.671661
161.372009,60.342293,64.655014,89.298386
158.646530,58.861111,60.246552,88.064133
158.095688,59.535950,59.972477,88.342545
153.210739,57.332687,59.665195,88.161491
151.948044,56.447388,59.092560,88.640755
151.392273,57.659485,59.330830,88.604156
151.043533,58.754322,59.405472,88.515305
151.061996,59.725899,59.583672,88.801018
147.585022,60.598469,60.112331,88.065094
147.145584,61.557095,61.013317,88.912415
146.280472,61.840885,59.839458,89.113892
142.838501,62.249344,60.068680,88.116249
142.246033,62.386467,60.219017,88.208122
144.338120,64.867073,56.978111,88.261757
144.541733,65.801605,56.656712,87.323784
144.014145,64.263458,53.862236,87.561211
144.631088,64.527222,53.744568,86.533218
146.275314,63.396687,53.159161,86.887772
147.751541,64.087601,51.485378,86.198875
148.859528,65.764786,50.892380,84.225616
150.681900,70.460709,50.250042,82.391541
150.660126,71.826149,50.198872,82.391907
150.585358,77.282364,50.423927,79.926384
151.323868,78.347305,50.098358,79.946762
151.792587,78.318359,50.044838,79.756989
152.474167,76.775581,50.266163,80.519348
155.741776,75.210815,49.057007,81.781944
158.466034,72.513512,49.836170,80.005554
163.240280,65.156357,49.287601,82.202049
164.569702,60.764843,50.025734,83.650764
165.788422,57.191490,51.097027,86.378548
170.846329,55.025455,49.775188,87.981537
173.468933,55.280624,50.581215,89.450562
173.124985,55.579487,50.966057,89.248268
177.390121,59.860695,50.170380,89.814339
177.497025,59.788506,50.579876,90.050591
181.302826,62.291706,49.801701,92.369125
181.334305,60.667660,50.352413,93.186592
180.836578,60.402382,50.380398,93.155838
181.717056,60.544746,50.123169,93.479248
183.811661,59.371807,50.456448,93.716003
183.459503,57.253521,50.425941,93.867844
180.497833,57.767723,50.047802,91.785202
182.716736,57.313980,50.362854,92.103096
182.442215,57.421005,50.409382,92.376656
179.248703,57.145733,50.296051,92.382362
177.470749,59.325668,50.468391,92.088669
175.585312,59.732822,50.091492,91.468384
173.883102,60.336040,50.302959,90.772736
173.369934,58.929962,50.186272,91.103485
170.946091,57.580227,50.078259,93.679489
170.550812,57.946163,49.137768,93.568382
170.039459,56.989506,49.553406,94.548164
166.947678,57.547508,50.669056,94.400185
164.710709,53.715652,51.047306,95.751534
162.281067,52.746998,51.469570,94.972855
156.215790,50.273937,52.450386,99.079300
152.618484,47.660908,52.432869,98.611221
152.116989,48.668812,52.457623,95.711693
152.276184,52.177605,51.988686,94.058701
152.846252,60.205078,50.524757,91.857513
153.885437,64.719147,51.159077,89.372047
155.116028,67.697418,49.555122,87.832512
154.964417,67.500000,49.421333,88.011871
152.567902,68.317680,48.982380,87.205582
153.252258,68.546570,48.272427,86.969757
154.774368,69.612007,48.357624,85.288132
155.354294,69.029533,48.409393,84.130783
155.537048,69.457390,48.445267,83.238655
156.350311,68.876457,48.244110,83.140266
157.594666,68.964203,47.713764,83.544174
160.656693,68.797134,47.498970,83.012047
166.649689,68.724808,48.103985,83.378624
169.047897,68.504227,48.213837,84.710045
172.125031,70.091377,47.712318,85.829552
173.157761,70.237404,48.252392,85.514587
174.557861,75.198311,48.457821,81.438934
175.213440,73.314346,46.458050,83.659264
176.082108,74.069664,45.296722,83.952591
178.612656,72.420441,46.059029,84.646339
181.862671,74.525764,45.890720,83.089622
185.532013,75.508705,47.023380,83.851555
187.065811,75.350670,48.162060,81.736664
187.254990,75.830917,48.429996,79.647263
187.289230,74.413910,48.029549,79.083618
187.305542,74.273979,48.553894,78.443596
188.347061,72.524864,49.216633,78.309357
188.944977,75.834846,49.574234,78.773788
188.999603,78.139999,50.081795,78.344170
192.664352,80.270981,48.841148,79.706726
191.557434,80.363754,49.870438,79.232895
191.842163,78.994080,49.377365,80.588531
190.084076,79.326462,49.084953,79.573463
186.067993,77.291054,49.116150,79.207397
182.702454,77.607758,48.780975,76.753357
181.774811,75.794189,48.411385,74.018028
180.061691,74.270454,47.202274,72.350418
179.831589,73.036690,47.160465,72.485329
176.265060,72.513580,47.893990,71.253395
171.701401,74.098946,46.496693,71.564270
167.468643,74.747688,46.606888,71.163589
162.470551,73.029625,47.765682,72.491486
162.693665,73.076057,47.383972,72.547668
159.996674,72.773697,46.337891,72.275307
161.488266,72.698433,45.174763,72.291847
162.009918,67.223541,45.245544,74.762100
161.824570,67.555153,45.406898,74.793175
161.789078,69.766083,45.202618,73.497978
160.460464,72.477852,45.354408,71.030983
162.656052,73.481117,44.911308,71.321335
164.628891,77.712746,43.943172,68.781235
168.562439,79.843163,43.944763,69.268906
167.874557,78.889145,45.107124,70.719162
168.915268,80.585266,44.800182,69.363991
174.059174,82.229012,44.805836,68.142708
174.508194,82.259407,45.511978,67.962662
178.092285,83.533562,45.169434,65.965454
182.062622,83.719673,45.760391,65.338051
183.791580,82.378105,45.159378,66.106750
183.807144,81.787491,45.656826,66.676079
186.062057,80.652130,46.115135,67.960754
186.032898,79.942780,47.100517,70.194321
186.141983,80.140999,47.454891,70.447388
185.362564,81.707649,46.296856,68.763847
186.123428,81.886253,46.479511,69.195877
185.830368,84.141853,46.469410,68.986374
186.970886,85.375252,44.132439,70.134743
182.964645,85.871239,44.372360,70.959404
180.858017,86.261139,46.700115,70.520012
180.383179,86.159973,46.986538,70.548439
180.242142,86.252350,47.007050,70.904724
180.298538,85.454208,47.380520,71.059669
181.050873,84.280098,47.972145,71.163269
180.371262,82.771400,47.033981,71.306847
178.650574,80.163193,47.300205,71.747292
174.337448,81.231895,47.572708,70.145424
173.149612,81.649307,47.768276,70.521370
171.053452,82.009033,46.509003,70.920349
169.168076,80.978355,46.557270,73.009010
167.433243,83.419518,46.868244,72.393867
165.000244,83.034271,47.339279,70.956314
158.396301,81.733223,47.891186,67.932869
155.787079,78.555435,45.414913,66.216164
154.358246,76.925018,45.137241,66.308395
154.965225,77.358116,44.171295,65.885056
155.397034,75.746429,43.372906,66.828224
155.996368,76.212021,42.561199,68.239021
158.777008,78.805054,42.859306,67.114563
161.347534,82.960861,42.241024,66.833214
161.393250,86.511253,44.583221,66.021332
161.949524,86.286453,44.887070,66.886543
165.196533,89.644058,43.477448,68.690193
166.978882,91.742874,43.488819,68.297539
171.291809,93.717087,43.566704,65.553955
174.208115,93.278282,43.293812,68.441124
178.898056,93.494804,41.693546,65.664612
178.661545,94.028236,41.963387,67.801170
184.617783,91.855446,42.600151,70.336403
192.167328,90.066826,42.787025,66.873177
190.889160,83.299355,45.737759,71.061996
192.332321,82.705841,49.834457,69.916496
194.129135,83.015480,48.909023,68.956337
198.229630,83.812759,49.366421,68.267365
205.146194,83.741753,47.964249,68.834213
205.836090,82.119255,48.623768,69.613228
208.904709,82.467796,49.560810,69.750275
215.037064,84.075211,50.173069,67.883163
216.149429,84.888474,49.556805,65.923828
215.658752,86.470108,50.275539,61.473183
218.403793,85.998734,47.842724,61.598244
218.390167,86.123901,48.015182,61.853729
216.786453,84.567451,45.507561,61.969776
215.003815,84.249939,45.147820,61.805687
216.099899,84.245430,43.828907,61.800613
216.568008,85.271759,44.430172,60.763653
214.937515,82.835907,43.297871,63.370117
214.404434,79.845467,42.373875,64.234695
214.157104,76.979469,41.352974,67.013397
212.233032,69.061806,41.790649,75.494026
210.056686,67.522316,42.470631,75.481728
206.442154,70.070312,45.364796,72.924049
206.191452,71.023628,45.253807,72.608131
206.283295,72.051590,45.377026,72.634277
203.323563,78.048897,46.013863,69.957268
203.639252,80.060318,43.761578,69.547630
204.446411,78.741753,43.614571,70.916084
199.483047,77.353668,45.757465,69.416588
197.965820,69.968689,46.444221,72.361679
197.954025,69.617966,46.486626,72.317245
197.539825,69.443085,47.171768,72.366600
198.858521,70.219185,47.478115,72.507500
200.582855,71.667320,46.840092,73.464417
203.751694,72.911606,46.713413,72.750160
205.156433,73.612350,46.268410,73.350914
205.442001,73.632507,46.259369,73.521530
205.260681,73.816643,46.845715,73.744804
209.046661,70.180397,45.399658,75.306786
212.703018,68.323082,46.432613,74.360085
213.511841,70.243492,46.656181,73.487518
216.081589,70.713394,44.903351,73.862541
222.279144,75.571861,45.400616,71.397194
224.988602,70.342545,45.457363,72.672737
226.879028,74.561821,48.947449,72.411057
231.200577,78.946877,49.034130,69.651520
235.076324,90.118179,49.591301,67.542892
233.946747,96.150070,48.645657,66.109489
234.324814,97.652740,47.811821,65.608727
232.327057,92.037514,46.652111,70.811813
231.984055,94.288536,45.648598,67.160728
231.607773,95.022118,45.540588,66.522774
234.547745,101.165695,46.786980,61.993896
235.092575,102.571877,51.755516,58.437305
233.153030,100.445061,51.075222,59.106564
232.587311,101.343506,51.772163,57.163635
231.444473,96.989494,50.975346,57.812450
231.179672,97.433769,50.786713,58.080170
230.359116,96.824715,50.172569,59.870953
228.273071,98.176582,48.163960,61.469360
224.776199,97.258934,49.213860,61.851215
223.629730,99.197845,49.419609,62.099934
219.035141,98.501396,51.569920,61.909321
215.922043,98.102974,52.205906,61.518719
212.191055,96.187912,52.665791,60.310814
212.524399,86.336838,52.814049,61.481560
216.144485,78.082893,51.656422,61.767624
223.018051,77.675446,51.739784,57.680374
227.071594,77.288261,52.353821,57.820518
230.866959,80.500778,52.852142,59.063583
235.411636,85.330666,51.732555,61.013973
240.333191,88.386711,50.053745,62.592224
243.155182,91.409767,51.731091,61.580303
249.965469,93.188332,51.564739,66.059494
254.313126,89.285286,52.998547,71.506744
255.892822,84.779884,52.377449,71.647026
255.163345,78.583717,53.437725,70.942886
261.457977,73.730484,51.568069,71.167755
265.575104,75.661697,52.143131,67.182518
267.259399,58.344788,52.740604,75.464714
269.528137,59.628834,50.471848,73.298477
269.950836,60.093643,50.049164,73.980003
269.584625,67.406235,50.415390,72.131279
266.781128,70.326653,51.975704,73.404434
263.864258,66.519814,54.046963,76.427155
262.931976,66.026413,54.619038,73.795425
263.107666,63.482750,54.299477,74.145477
262.762634,63.047138,54.922474,73.136475
260.954559,62.045399,57.297821,71.410706
263.027954,62.616341,56.544228,70.055824
264.483582,60.947582,54.557831,71.855400
264.441772,60.010868,55.230148,72.377777
264.697937,59.595387,55.165958,72.690239
262.737457,65.128662,56.260235,70.166046
264.518341,68.402779,55.481663,69.656654
263.090668,69.755798,56.909325,68.614388
262.249664,71.458748,56.343849,68.841003
260.671265,70.351524,55.832775,69.701256
259.523529,69.746605,56.250668,69.521751
261.835663,68.470924,56.181133,69.929443
263.321228,71.124435,55.053429,69.681786
263.395599,72.088631,55.620293,69.556740
263.315704,72.426537,56.055313,69.765762
259.831726,74.310623,56.765923,71.391945
251.041763,72.343483,58.167183,75.220642
241.678024,70.190399,62.238827,75.596069
234.234268,69.091743,63.507141,75.079414
227.467987,67.340500,64.525543,76.063560
217.415665,63.818638,65.736511,78.306068
213.363861,64.554588,65.483261,76.545616
208.217331,60.532951,64.005386,78.411392
206.488815,59.383488,61.589802,78.896698
207.785934,59.230518,60.024715,80.133339
206.546280,59.653931,58.196480,80.033485
205.277802,63.363735,58.851120,79.899597
201.833618,65.018898,57.619946,81.838181
199.850845,66.666588,58.028507,79.906471
197.142822,69.022797,57.682018,80.456825
188.713303,68.090485,57.224979,80.940933
182.632309,62.891582,58.823025,77.789856
181.394211,66.115425,56.071621,78.015732
170.849289,61.828587,57.428074,80.458420
161.621780,60.090763,56.108593,79.940788
154.655731,57.810188,56.301670,77.326920
148.290054,58.151451,53.608040,77.883446
144.269974,55.990780,54.250996,74.752632
140.570450,56.138779,54.259075,73.660767
136.226471,53.613140,54.285248,73.670242
132.533142,52.800755,54.507629,72.687569
127.768166,52.396790,55.368988,71.277985
129.163086,56.084808,54.471909,70.584488
132.356277,59.183533,50.169868,74.019020
130.649292,61.326542,50.496010,73.378334
130.441162,61.507072,50.366913,72.852196
132.011353,63.529480,50.071869,71.309532
134.007614,63.213493,49.827896,71.154037
140.130280,65.089333,48.172352,71.153587
140.363602,67.756264,48.829155,70.181244
144.224121,69.765152,48.685760,69.840637
146.661163,70.525299,47.920319,69.847931
151.066360,69.288109,46.016281,71.576698
154.146942,65.843735,47.337395,71.716591
160.699417,70.591484,46.983360,72.865593
165.704941,77.553314,44.018116,71.783661
168.343353,77.438011,44.395023,71.748604
168.592667,75.712128,44.672668,72.296791
168.125565,68.000221,46.507431,71.489929
167.745926,59.446045,47.078594,70.587173
170.584122,54.171661,47.241352,71.026253
171.938889,42.413052,47.372177,73.654480
171.254654,41.408989,47.187496,74.371231
171.079987,46.377197,48.406796,73.442184
171.231079,58.425552,50.114616,71.678627
169.283524,61.728428,57.446922,71.830116
173.811722,72.162117,55.633297,72.160637
181.821136,74.178917,54.594887,76.093239
188.345612,79.515480,57.736526,77.215622
196.374756,81.022430,56.184910,78.970612
192.819092,80.391090,59.955486,81.678238
193.284271,80.264114,61.348969,81.873352
199.914627,84.560036,60.890961,86.740585
201.006317,82.999306,61.492779,90.480850
201.702393,83.900436,61.261074,90.370506
201.032104,85.305412,58.857487,91.037941
194.328079,91.684685,57.111782,90.029877
194.081863,91.191528,57.287670,89.050446
193.113541,85.715591,56.613659,89.398232
189.477325,78.147346,58.272038,90.053795
185.511887,72.174774,58.360100,91.530159
179.360001,63.789257,58.964695,93.539818
173.659134,60.288815,59.045799,92.844841
174.070236,59.318394,58.245338,93.581139
171.593384,64.389091,58.235023,92.870026
169.209625,65.062149,57.250340,92.171600
167.682968,66.928062,55.717300,91.307457
167.268173,72.354805,54.950005,86.779289
170.192963,77.683685,52.027092,85.210403
167.129395,80.003021,49.833595,84.091614
168.721725,83.597198,48.633327,79.969986
167.167343,85.518494,48.678005,75.803787
166.328186,85.108665,50.702911,72.445107
166.525314,78.429573,49.544357,74.275955
166.617966,78.731209,49.419456,72.049820
167.427032,77.674469,49.433815,69.414955
166.005264,77.543228,48.615345,68.190804
168.764862,76.596725,47.723763,68.836594
171.346939,74.935989,47.404465,68.419373
173.355988,74.671555,47.181873,68.293053
184.419998,79.445679,46.869377,65.014877
188.588425,87.549294,45.632488,63.158352
194.264984,91.146355,44.988388,62.195744
200.325027,96.490089,45.045792,60.576347
206.919052,98.141449,44.800713,59.704193
209.423859,100.768562,45.813000,55.667171
210.359680,99.584358,45.596325,56.128536
212.905624,99.263138,46.225014,52.751987
215.610260,95.935631,44.620384,53.961132
211.939499,91.493111,45.198204,52.754505
207.776505,89.418831,44.871689,51.934326
207.295105,87.652786,44.936607,52.346176
206.929062,86.972672,45.254467,51.915581
208.300751,89.126114,46.093517,50.891380
206.610611,88.939972,45.541798,51.732723
207.360611,90.397781,45.909664,51.672127
206.508469,92.273254,45.854446,51.141777
203.798431,93.319069,45.836811,50.694618
202.119949,95.574280,45.736408,50.640648
198.536530,95.677429,44.336113,51.480385
192.819473,92.378593,43.371162,51.986038
190.781937,87.069313,42.541374,53.756828
189.180695,82.938263,42.292179,53.834930
189.109406,82.487839,42.451958,53.697994
189.595520,81.632080,42.520283,53.825565
189.823654,81.635895,42.861881,54.123306
189.923782,82.901024,43.060215,53.784710
190.954361,90.566208,44.106907,52.442383
192.029434,92.558311,44.003006,51.014111
193.171967,94.391235,43.229946,51.462173
193.207962,94.107834,43.046410,50.899113
193.193329,95.807571,42.698307,51.249786
192.063278,93.027748,43.662949,51.613037
193.467850,88.512871,44.636574,53.273117
195.442154,87.301620,44.259518,53.058727
195.072937,86.543686,44.290970,54.022408
194.732910,84.848732,44.321072,54.315643
195.738770,83.925064,45.526638,54.854031
199.115494,86.521065,45.199257,54.910652
207.805130,88.692871,44.419434,54.984619
211.739594,95.209175,48.277020,53.802856
213.279007,97.819115,47.276192,54.343895
213.691101,97.481110,47.505825,54.242748
210.682922,88.404434,47.269711,56.288025
212.029816,94.329765,47.443016,55.280621
211.344269,95.541931,47.694008,54.402729
205.371338,93.981697,47.464077,53.485947
198.248413,89.023285,48.311325,51.948124
194.212631,90.411339,46.531231,51.881348
187.722382,87.113876,46.121075,52.736660
186.681000,87.648445,46.215828,52.572079
186.172653,87.848083,46.616901,52.716923
183.794220,85.706161,50.369965,52.952213
183.891251,87.771568,54.875523,52.773609
187.667450,87.598137,55.550430,52.657871
194.140244,87.229202,55.396000,53.414417
194.407562,89.914330,55.108582,53.824310
198.574219,86.128357,54.936924,54.674278
199.013977,84.999443,54.869728,55.006893
197.547379,78.330894,52.687717,57.741558
194.052155,77.916374,51.514809,59.400272
191.876389,77.545387,49.094490,59.272713
191.770523,77.687286,49.162411,59.341763
185.379013,76.417175,48.349342,59.715538
181.143646,75.346153,48.860638,59.890816
181.708862,83.897377,48.119564,58.242832
179.163910,83.859116,47.902027,59.933685
176.133026,85.749390,47.759808,59.849205
175.162704,85.586273,47.903957,61.382698
172.842865,81.264000,47.744972,62.136684
168.901901,76.710976,47.404526,63.140125
167.442871,75.470734,47.048988,61.637215
168.653610,75.265747,46.138119,60.839130
168.335388,71.246368,44.583271,60.327953
170.256744,65.261292,43.787323,59.190311
175.426636,63.348183,42.459526,59.759537
177.634796,63.537643,41.064781,61.405937
177.770035,65.840958,41.501984,62.356575
177.871719,65.835922,42.132904,62.461018
177.614578,65.486809,43.334972,62.871601
174.517197,70.874107,42.692509,61.424488
167.443329,68.372604,41.425430,62.116592
161.534119,68.867920,41.066292,61.796780
152.704468,68.578819,41.755360,61.686275
146.424957,66.793854,41.800346,59.275043
141.781830,60.526951,41.554214,59.410141
137.444153,57.322311,40.402504,58.395000
135.514160,53.685871,40.478519,58.206398
134.275391,51.756775,40.611446,57.742451
135.626511,52.509636,40.622112,56.872112
136.831604,55.747307,40.951294,55.121292
137.949951,58.583359,39.746475,55.022430
138.664474,59.545460,39.598560,55.104607
144.421143,62.068199,38.840431,54.459541
149.687698,65.640800,40.814056,52.124435
152.485092,67.000168,39.805241,51.200794
153.508423,66.699806,38.861130,51.314960
154.111481,67.607201,38.871681,51.528446
153.998138,66.123230,38.834949,52.428757
154.885880,66.039795,40.184093,53.164669
157.594788,66.392540,40.401184,53.601826
158.747498,67.926964,42.715328,53.931870
161.833328,70.810486,42.180859,54.476585
163.698212,74.203072,43.058769,53.543251
163.348511,75.598351,44.418434,52.826035
166.143295,73.212311,43.281319,54.296741
167.463852,68.629379,43.305847,54.018162
171.592880,71.678757,43.233128,54.688431
170.651428,65.899124,43.799919,54.374294
171.210876,60.682205,43.510429,54.138859
174.005585,58.200878,42.757866,54.619686
170.048904,53.836857,43.067963,54.557053
169.242249,52.637115,42.981339,54.962315
168.847916,60.226025,42.291092,56.294968
168.248047,63.780228,41.408504,56.347282
168.256760,61.124008,41.306221,56.159760
168.107254,61.361153,41.544846,56.281368
167.912094,61.377323,41.847832,56.536854
167.262466,54.679768,41.633495,56.846947
168.757446,58.613182,40.282940,58.741199
174.016968,55.752457,40.450073,58.632355
179.663651,58.203209,38.684429,60.622112
184.005829,43.371597,42.982231,60.768730
186.908646,56.217781,41.113461,64.829987
190.999619,62.467911,42.958313,62.934330
195.985138,57.534695,42.069798,62.485336
191.287628,57.537445,42.894382,63.413616
188.561203,62.530128,43.210915,62.550716
184.276337,58.960289,43.254704,63.209686
185.157181,59.294933,41.912868,62.703281
188.474365,54.289684,40.697121,66.192543
188.058655,55.086040,41.415375,65.255363
192.561417,50.534241,40.323185,68.185570
191.732529,46.598763,45.004150,67.304985
199.312363,47.695827,43.653202,69.377617
198.153183,51.555462,45.195736,67.872292
195.194443,59.611950,46.379490,66.834450
195.628159,62.055077,44.259274,68.936279
184.032928,69.532562,46.575798,68.986511
173.291046,76.554565,47.064232,71.028519
163.392242,79.064224,46.737968,69.624802
153.484833,78.241547,47.219334,66.558792
145.571533,73.055359,47.352196,65.753098
141.551620,66.435242,45.611134,64.567177
136.664124,63.559296,48.509064,61.402424
135.689026,61.646523,47.355225,59.260403
136.100342,61.367809,46.899380,59.404392
136.522903,66.977272,46.065857,57.874886
141.297806,69.984001,45.734680,57.268867
142.441223,69.755806,45.536606,58.444580
142.661865,79.736053,44.870628,57.880016
141.033325,90.403587,44.007717,55.952641
141.193497,91.052307,44.520527,54.829437
146.335159,86.524635,44.555347,56.610165
149.322754,77.349930,44.796848,57.184437
150.917389,71.337082,45.021454,56.901821
156.296417,69.103363,44.398903,58.596092
156.633255,68.643639,44.272469,59.117599
157.845322,63.472431,45.387226,60.511837
156.107040,68.761620,47.044930,61.725128
154.838089,69.898911,47.756947,63.225658
152.111893,72.463997,47.997143,63.309288
152.342743,72.823326,46.928196,63.752575
150.048477,74.943375,47.099895,63.563335
142.285645,75.734406,48.175472,63.754688
138.763657,73.744736,49.232014,64.054749
133.237778,68.917366,50.761208,65.018829
132.918427,67.719017,51.896858,64.421967
132.035492,62.873367,50.591057,65.020027
134.540863,58.900238,50.643940,65.439896
136.380112,56.168468,50.555954,65.649750
137.353745,53.682617,50.426189,66.307198
139.882751,53.009609,48.777481,68.476860
140.673950,52.743515,48.150909,68.154770
140.639191,60.467701,48.161003,69.752098
140.394409,60.673119,47.822475,70.051216
140.140366,59.845333,47.851589,70.566887
140.171646,57.746605,46.485619,69.887741
140.877777,59.145973,46.210682,69.369148
141.834198,59.739849,46.499500,69.825684
144.693024,59.459866,46.004948,69.940933
150.640701,57.471066,44.685444,71.780205
155.066925,61.612534,44.701302,72.506645
161.056778,62.518089,45.113987,74.013878
167.750961,62.351898,45.001308,74.674675
171.272369,62.776199,45.508526,75.440536
178.381531,67.302765,45.432911,75.411652
184.214172,69.427269,44.437893,76.463692
