1
142.039963,61.745388,71.877541,88.640701
143.044159,53.144844,69.023209,98.217079
144.577835,51.644905,67.060776,102.115837
147.175446,49.932865,65.617332,105.251656
148.148651,47.921303,64.995010,104.960594
151.561707,47.555477,66.408287,106.477005
153.307861,47.871883,63.819752,105.442001
155.464752,48.836369,63.154251,105.456497
157.132858,45.056473,65.134735,107.409004
157.964523,43.165543,65.445717,108.093918
157.976929,44.335850,65.626480,108.402138
159.164612,45.793419,65.634918,107.237312
159.799850,48.747604,65.473572,104.790154
163.585510,50.895138,64.409676,104.092216
170.143143,54.570488,63.642960,103.193329
171.055954,54.851604,63.478134,104.090019
173.005142,56.230450,63.244755,104.107285
177.774460,55.779411,63.441444,103.745888
181.036972,54.730099,63.602306,102.600334
181.610626,52.312466,63.749416,103.407227
183.932175,49.487839,64.419067,102.434601
188.042343,47.752525,63.924461,101.493301
188.131638,47.806187,63.893379,101.323776
189.738266,49.092560,63.793659,100.481483
192.081940,54.328503,63.452633,99.627388
190.905823,56.667301,61.390453,97.862053
189.736115,57.168503,61.274006,97.404396
189.557190,58.734482,61.590244,96.986900
187.172180,59.522297,62.232391,96.482735
182.403305,60.843536,62.287060,94.961967
177.518845,59.183140,63.983227,94.121132
176.730484,58.706406,62.799572,94.371536
172.015823,57.649021,62.894611,93.728821
167.288239,59.911789,62.956249,90.370445
161.487228,59.320866,62.660645,89.127312
159.635010,59.854774,61.051250,86.794991
157.640579,60.272957,59.900440,87.932022
153.559769,57.267948,59.321598,88.360397
152.088821,56.481216,58.485950,88.845314
151.366364,57.240143,58.824669,88.763222
151.735260,59.587181,58.046211,89.275177
151.619446,60.052395,58.615936,89.301979
148.490936,60.937958,59.020172,88.391136
148.771454,61.651554,59.449417,88.899475
147.346207,61.514179,57.526215,88.826767
144.715805,62.854740,58.248283,86.735718
143.237732,62.037155,58.379826,87.123474
144.679901,64.376755,56.015343,88.115562
145.367828,64.989037,55.799229,87.982582
144.140991,63.681065,52.587906,87.752670
145.010925,63.433643,52.423054,87.443909
147.183823,63.166512,51.775429,87.486176
148.068680,64.005524,50.859013,86.355576
149.525177,65.920052,50.385323,83.952019
152.093887,70.432877,49.572845,82.504440
151.824524,70.833946,49.612190,83.345367
150.069550,76.810165,50.667286,79.425392
151.470810,78.112793,50.305782,79.344810
151.764450,78.233490,50.184334,79.238640
152.932602,77.354881,49.748333,80.319084
155.289566,75.946304,48.556648,81.040161
157.397522,72.733543,49.801773,79.790733
162.578827,66.144287,48.718178,81.779411
164.280930,61.314892,49.363743,83.387321
166.464539,58.316616,50.929089,83.883949
171.920044,57.437157,49.027836,85.419159
171.891403,56.633041,49.994946,86.497765
171.675354,56.611965,53.131401,87.512192
174.382401,59.005249,52.264523,86.986443
175.606857,58.227135,52.838806,88.099228
179.758774,60.341217,51.322430,90.653427
180.366730,59.140194,51.350819,92.077164
180.558182,59.287937,51.335560,92.220032
181.676743,59.409920,51.023746,92.531654
182.836990,59.530922,51.336689,92.880211
182.753769,57.737877,51.506420,92.668556
180.640671,58.089043,51.232193,90.886635
182.074707,56.703953,51.299725,91.598022
180.965958,56.704956,51.282528,92.035439
177.939178,58.508297,51.213272,90.148453
176.994263,59.810680,51.158241,90.064667
176.018692,59.813831,50.900753,90.274681
174.806122,60.278564,50.354053,90.456223
172.964783,58.545624,50.067276,91.025597
171.738541,57.638836,50.373913,92.503479
170.533554,57.559338,49.103512,92.885635
170.107727,56.362511,49.396023,93.647049
167.911880,56.400490,49.344421,93.940842
164.918121,55.841415,49.397045,93.613800
163.906143,54.606823,49.402531,94.094620
158.960724,54.553955,49.116413,94.912094
153.477463,50.341248,50.578396,95.607185
153.256302,50.473606,50.867783,95.406273
153.184097,52.985909,50.589893,94.792480
153.532242,58.646919,49.964684,93.892845
153.949982,61.243950,50.071198,93.083351
154.775772,64.891617,49.833134,91.446518
154.844910,65.961113,49.760052,89.777153
153.339569,67.152229,49.640888,89.043236
153.563675,67.872116,49.837379,88.855736
154.118225,68.903625,49.880264,87.751305
154.721664,67.403900,49.523026,87.173859
155.282455,67.253304,49.800461,86.828583
156.669418,66.584160,49.361103,86.640686
157.745926,67.506187,48.589077,85.769196
159.473846,67.090065,48.189182,85.432495
165.622696,66.913307,48.712112,84.981003
167.405426,65.255875,49.200420,88.791473
171.715622,68.002594,49.143238,88.727135
173.120560,70.108780,49.563904,87.012581
174.172409,74.148758,49.050095,83.118332
175.111053,71.369827,47.152496,86.457726
175.279053,71.582191,47.455845,86.372475
177.122742,72.031395,47.069191,85.602135
180.387192,73.781349,47.036774,84.442780
185.889236,74.846069,47.522507,85.130135
186.451569,74.295853,48.847301,83.680672
186.451859,74.864670,48.930931,82.047852
187.798538,71.607147,47.727356,82.650558
187.728058,71.807938,48.092865,81.930656
188.083832,71.519585,48.452904,81.337646
189.346069,73.876862,48.621471,81.206398
189.104187,76.724716,49.542107,80.109779
192.103622,80.123474,49.174915,79.822586
192.075256,80.074898,49.623451,79.729675
192.934662,78.372643,48.402439,80.772766
191.224762,78.118027,48.270576,80.212196
185.108444,77.933067,48.454151,77.443428
183.464676,78.192871,47.978027,75.253685
182.070831,76.662697,48.073284,72.471008
180.173721,75.278976,47.376232,72.069420
179.340973,73.470543,47.212032,72.619789
175.553833,70.779472,48.323540,73.179405
171.449905,70.806473,47.270195,74.351562
168.183685,70.984467,46.816826,74.418472
163.638046,70.292221,47.202885,74.749222
162.947754,70.383446,46.434803,74.688774
161.020706,69.757156,45.014389,74.291954
161.716110,68.264999,45.005100,75.457115
161.842773,67.671516,45.090618,75.467789
161.799408,68.034119,45.349003,75.149529
161.659897,71.402061,45.226097,73.322823
160.781021,72.632919,45.130840,72.974541
163.265228,73.536804,44.143703,72.537125
165.785629,77.930367,43.001648,69.485336
169.109940,81.994812,42.482704,68.560493
168.713898,82.821297,42.744762,69.604950
169.587875,82.879005,42.742016,69.670593
174.994492,85.419708,42.232586,67.166626
175.762360,85.131142,42.697109,67.323128
178.615509,85.550377,43.244308,66.316811
182.661346,87.028748,43.875874,64.456116
183.992630,84.924561,43.712559,64.823868
183.554230,81.781448,45.279835,66.566223
185.835770,80.147736,45.615341,68.052010
185.991409,80.461311,46.126160,68.578621
186.293137,81.540123,46.400436,68.702408
186.004700,80.958565,44.904282,69.042046
187.534683,81.873383,44.939545,69.754814
185.352707,84.674088,45.992680,67.217705
186.857162,86.182404,43.585167,68.008614
182.846527,87.294067,44.099667,68.353981
181.292938,87.326424,45.729221,68.557678
180.663406,86.517052,45.455444,69.231766
180.539627,86.613953,45.679024,69.543930
180.613235,86.251038,46.145290,69.952751
181.650177,84.735970,46.550571,69.734497
181.505127,82.729172,45.715149,70.487373
179.288269,81.016724,45.779255,70.256348
175.097580,81.772514,45.901779,69.682655
173.759842,82.041382,45.462807,70.064087
172.316223,82.291107,45.230125,69.946442
169.870667,82.031403,45.285912,71.468399
167.492050,84.731560,45.962051,69.945862
163.230057,83.859375,47.554688,67.589645
156.422989,81.202194,49.466553,66.496140
154.702148,77.636497,46.757008,66.550301
154.106018,76.087112,46.229786,66.585930
154.975830,75.793350,45.253613,66.758392
155.022781,76.362076,44.108273,66.273796
155.853226,76.811035,43.184132,67.763718
158.566193,78.832901,42.510033,67.503677
161.375610,82.549049,42.610859,67.292252
161.349915,84.685852,43.983658,67.931175
162.023590,84.728424,43.903938,68.188950
163.547623,88.821877,43.544388,68.990715
166.886932,89.459038,44.838337,68.345543
171.635254,91.044624,45.803196,66.502960
174.233887,93.480186,43.712681,67.672501
178.546158,94.921227,42.797176,65.185524
178.714096,96.042496,42.736843,65.390663
184.331329,91.279228,44.092678,70.902100
191.376007,89.619835,44.174179,67.739738
189.115891,81.742905,46.733135,73.901390
191.466278,79.741524,52.710766,71.616753
192.567322,80.361420,52.062782,71.778770
196.634735,81.953094,52.345333,69.479530
203.396729,81.639664,51.698338,70.239136
205.845398,77.647781,53.976269,71.374596
208.488388,79.886452,52.311470,70.466179
213.089050,83.356949,51.607586,69.268387
215.974075,83.125626,49.917076,67.981903
215.501099,83.865044,50.511318,63.508789
216.472244,84.669716,49.911800,63.813801
216.608871,84.225616,49.702106,64.100700
216.244675,81.556824,46.996613,64.578537
214.478912,82.500099,45.598278,64.964241
215.855148,82.206207,44.698406,64.652084
216.377960,83.048470,44.740028,63.981236
213.940353,80.508545,43.702126,65.810303
212.948990,77.640450,43.392231,67.338425
213.308472,74.145645,40.962246,70.292778
211.909515,65.758621,40.043152,76.682510
208.115707,65.302589,43.503685,78.308220
205.589706,66.970139,44.926491,77.186218
204.167770,71.346298,44.869869,74.858765
204.683762,74.216461,44.895714,73.193619
202.970367,79.001633,44.513653,73.431381
203.015015,79.579170,44.600060,72.961754
203.478912,78.725670,44.669445,72.448273
198.610764,79.086372,46.084259,70.148384
197.914612,71.740189,46.307529,72.131294
197.978546,71.028069,46.487812,72.353928
197.789169,71.029144,46.578770,72.450920
199.807022,71.422112,47.252853,71.909462
200.719360,71.805916,47.239868,72.460526
202.943542,72.145538,47.603050,71.654778
205.441406,74.038795,46.002762,72.503769
205.719208,74.126366,46.383755,72.968452
205.396591,74.096428,46.810337,72.843773
209.943893,71.318451,44.682442,74.550056
213.130402,66.290359,45.523415,76.176125
213.939392,69.563293,45.590446,75.352684
216.307831,69.899704,45.416008,75.306259
222.424225,74.531334,45.157051,72.548851
226.362610,69.495491,45.650768,73.380165
228.028656,72.465561,50.746326,73.169952
233.377365,81.006317,49.787666,69.478455
233.695572,90.680939,48.917099,66.840042
233.318405,97.406631,48.748665,63.891685
234.843262,96.936722,47.006504,64.122864
232.624298,93.106705,46.818050,68.400391
231.770187,95.634735,45.534752,64.800133
231.649994,97.898865,45.279968,63.394325
233.813278,101.516243,46.560410,60.866566
237.710190,103.676521,49.190132,56.863529
235.112473,100.582977,48.603931,58.253059
235.127777,100.615837,49.280842,56.719749
233.226166,94.925697,48.075760,58.318954
232.918182,94.726257,48.126984,60.331367
229.163940,95.661621,47.837799,62.740330
228.368011,97.028198,47.844784,62.559486
225.355789,96.943741,48.210716,63.574070
223.140488,100.254982,48.530125,63.818184
219.042099,98.230469,51.658382,63.893536
216.031998,97.685226,52.025162,63.241432
212.917557,95.991821,52.557697,61.719593
211.714661,85.941689,52.017170,63.424236
214.976105,78.957108,52.038391,63.114998
222.410233,76.627441,51.906982,59.539589
226.520706,75.685585,53.144936,60.383495
230.944458,78.275795,53.603127,61.041332
235.369171,84.177826,53.127895,62.127205
239.998199,86.165329,51.899212,63.884624
243.445633,89.051743,53.119247,62.369965
249.441528,93.442993,52.631134,65.570297
254.143539,94.002998,54.147587,67.877701
256.685364,93.509575,53.500416,66.485519
256.891174,87.622444,53.754993,65.631973
263.196014,84.531097,52.013767,65.637955
265.081177,83.317146,52.853260,63.924698
264.222656,64.505249,55.777340,69.582924
266.373352,65.488960,53.626663,68.021439
267.055237,65.558380,52.944763,69.206161
268.394104,71.562683,50.884045,68.175117
267.042542,73.519691,52.241158,67.907715
266.298737,72.360878,53.118237,68.999146
263.621918,72.480965,54.513748,67.764122
263.957764,68.150978,53.732319,69.511566
261.849670,65.273071,55.864674,71.261162
260.917145,64.068405,56.448257,71.811966
263.863953,64.255280,55.322842,71.215149
263.968506,64.192368,55.391155,71.449448
264.050964,64.210182,55.482433,71.463676
264.046478,63.798943,55.195694,71.779846
263.171112,68.480263,55.070827,69.733818
265.259552,71.830978,54.421455,69.591721
264.058136,72.938690,55.242619,68.968048
262.915497,72.837517,54.973293,68.970497
260.606171,71.623955,54.622177,69.067032
259.521942,71.073402,55.283638,66.939812
261.321289,70.296112,55.137581,66.920441
263.416809,73.969193,53.818764,66.519897
263.301208,74.793091,54.653076,66.545128
263.165405,74.569908,55.105244,67.263535
261.292297,77.464005,55.073437,67.222679
254.521530,79.671181,55.100410,67.401413
246.701889,77.848289,57.074242,67.545616
240.182175,74.396469,58.252697,69.734818
232.501358,71.831436,60.332817,70.378510
220.818970,68.230385,62.046139,71.564423
216.592865,68.213127,60.856541,71.258293
208.682465,66.308983,60.262482,72.032890
206.898117,66.002113,59.215065,71.974907
207.588699,65.685516,58.122658,72.547302
206.099152,65.753647,57.823544,71.548874
203.952347,67.795380,57.428478,71.739906
201.657120,71.242722,55.485939,71.944626
200.993073,71.722870,55.419933,71.598373
197.448456,73.229645,54.366337,72.788940
190.025284,73.831291,54.396862,72.766502
187.325912,69.997673,54.116104,71.597412
183.040192,71.064423,52.896263,69.871437
171.450653,63.631889,55.046036,72.418495
161.555054,63.169384,54.961403,69.857025
154.432373,64.301331,54.985527,67.275871
146.937592,57.752850,52.727299,69.802353
142.662140,56.857803,54.231884,68.983109
139.929611,55.484512,52.615948,69.784126
135.845245,54.865784,53.805336,68.681862
133.897934,55.920792,53.670017,67.988251
129.887314,53.212093,53.900299,67.964401
130.208801,53.158634,54.191517,68.488579
131.525391,61.426220,52.615669,68.588989
130.041794,63.004154,52.207493,68.532913
128.693848,60.301392,52.114246,68.420586
130.665527,61.368240,51.999138,67.936310
131.896561,59.249016,51.629436,67.854828
137.588013,62.064888,50.810555,68.897301
137.460953,65.265694,51.206150,68.243065
139.864471,65.429138,51.841820,68.038727
143.664490,66.240875,49.662266,68.830933
152.172394,66.381897,47.647766,70.287407
154.882706,66.023125,49.661072,69.055389
157.814133,63.925228,49.948231,71.340767
163.648758,69.088547,46.174294,71.163330
165.059677,72.138161,46.582005,70.921654
166.506592,68.084686,46.942177,71.747795
168.022964,65.099236,47.145248,70.711243
167.845398,61.724445,48.527000,69.730774
168.450607,56.333347,49.070419,69.683701
169.856003,47.878323,48.554558,70.861015
167.874466,42.671886,52.143715,71.334938
165.643738,61.415482,54.249920,70.146042
167.743500,64.117027,52.443405,70.728592
169.656708,65.084396,55.814404,71.258591
174.738327,70.838219,53.981365,72.260132
181.261047,74.025497,53.775597,76.280243
187.279602,80.863068,58.419209,76.074783
194.168579,81.916801,57.265778,77.768112
191.969543,81.248177,61.638023,82.642609
192.557724,81.203033,63.792095,82.348030
198.171936,85.276566,62.584663,86.034096
198.790512,83.654121,63.135864,88.867500
199.744568,84.334099,63.741596,89.461464
199.674118,85.111038,62.998966,89.777145
194.562973,88.314232,59.606602,90.167313
194.913300,88.210457,59.556351,89.442696
194.630310,86.909996,59.971951,88.139763
189.495178,77.416206,60.390518,89.311394
184.314911,71.172371,61.175411,89.416344
177.899353,60.609787,61.492504,92.901695
172.526398,58.625713,61.569481,91.997963
172.838867,57.937817,60.637184,92.614731
172.035873,67.374550,58.472504,91.507927
168.828751,67.890854,57.650482,91.057587
166.523209,68.861603,55.637516,90.620888
166.459930,69.578880,55.876869,89.795807
168.849045,75.381401,53.688122,87.715660
166.353989,78.751144,52.200497,84.459099
166.686722,81.426819,51.565411,81.295235
166.167953,82.589355,51.571960,79.332443
164.904419,80.481979,52.112022,78.066208
165.885849,69.604759,50.132610,84.478996
166.098450,69.891190,49.703320,82.917511
166.319809,72.606575,50.826206,75.786476
163.684601,67.311249,52.819347,76.394562
167.150330,65.284454,50.229088,78.114594
170.302750,64.221542,48.981594,78.079117
173.464035,66.204964,48.776184,76.111755
183.192108,74.817650,48.598999,71.071495
188.048828,82.950401,48.409149,67.230370
192.651520,88.767899,47.369675,63.264984
199.447021,92.619408,45.844265,62.406910
205.810928,95.668968,45.355808,60.510490
208.752396,96.595062,45.755417,58.866859
209.651672,95.874123,45.747925,58.923424
212.499863,96.060318,46.289387,56.039997
215.285095,91.469109,44.315308,57.043648
210.538788,89.053589,44.996655,54.814148
206.371597,86.324272,45.117088,54.132904
206.833267,85.665726,45.262058,54.952698
205.982147,85.195480,45.972336,53.982559
208.831055,89.444580,46.970375,51.322407
206.367920,87.745285,45.152237,53.151325
206.408813,89.216866,45.836956,52.789280
204.343155,91.389191,46.093014,51.699627
202.885574,95.141724,46.908577,49.630783
199.815369,95.993027,45.755611,50.288250
196.715881,95.842514,45.548275,50.314037
193.022110,91.910728,44.432976,52.671844
190.287140,84.826408,43.386509,55.102676
188.955246,81.400757,42.893791,54.942089
188.992416,81.216286,42.976246,54.769356
189.913071,80.456627,43.014977,54.598206
190.471710,80.448021,43.333969,55.227051
190.498550,83.369095,43.543678,54.172745
191.419800,88.595222,44.682522,53.844627
192.336990,92.226013,44.265987,52.830566
192.922089,93.378517,43.521618,52.701893
193.218048,93.262543,43.372036,52.594948
193.049088,94.213692,43.111176,53.204865
192.479126,91.483681,43.680504,54.051640
193.859589,88.784019,43.861992,55.107525
196.711731,82.048828,44.631771,54.702782
196.121765,80.329811,44.540806,56.743114
195.774307,80.262100,44.983009,56.833675
196.906357,79.189964,44.902382,57.212933
199.024780,81.704514,45.069794,56.767582
205.578903,85.140594,46.427967,56.897060
207.991119,91.466118,49.601437,59.417175
210.884445,93.929443,49.755428,59.530621
211.614868,93.428879,49.962605,59.764458
210.742188,87.249687,48.879795,61.315235
211.666702,91.509041,48.941849,60.518463
211.672638,92.451012,49.166077,59.454399
205.817902,94.964745,47.891674,57.975876
196.740982,91.862526,47.742630,56.720634
192.904480,88.751541,46.886509,57.811554
187.460205,87.106079,46.344112,58.372150
186.623413,87.183426,46.428143,58.076141
183.663147,84.648254,48.763420,58.931320
181.671783,81.610741,51.724815,59.965885
182.348755,83.306320,54.137119,59.177917
185.305878,83.388565,54.356850,59.400562
188.772385,85.527344,52.623425,59.607906
193.806335,86.153000,52.146595,60.319756
199.235336,81.559807,52.216469,60.971745
201.491226,78.699707,53.509697,60.621086
200.037643,73.943192,51.466797,67.835602
195.879486,76.180107,51.003998,67.580788
193.755081,75.615883,49.735104,67.390144
193.212296,74.137260,49.098488,67.167580
185.534927,75.151573,49.296982,66.568306
182.691757,75.116913,49.585079,66.341164
183.845673,80.231331,49.831444,63.260273
177.504517,83.936035,50.313141,64.435318
176.232864,83.939301,50.342560,64.283463
175.012573,84.510536,50.126122,64.247810
173.847702,77.643570,49.994240,66.256737
170.219925,76.556313,48.715508,67.417320
168.665161,73.688629,47.875347,66.935532
169.382614,72.745506,45.624565,65.611404
169.616241,71.369438,44.407543,63.087124
171.105957,66.553741,43.941826,60.146679
174.975342,65.979767,43.479813,59.802597
176.689911,67.432457,41.453388,59.586262
177.982254,66.848145,41.105465,60.995071
178.161850,67.991707,41.983952,60.707233
177.672836,67.402473,42.368198,61.080715
175.093643,71.808670,41.393303,58.956089
168.260513,69.203659,39.842777,59.530518
161.400177,69.540955,39.561226,59.542801
152.490204,69.114151,40.083107,60.446899
146.574539,67.164864,39.569763,59.334946
142.188660,59.846901,39.530128,59.376900
138.163162,55.943859,38.631233,58.950611
136.459167,54.461197,40.057560,57.100334
134.770233,52.956715,40.760731,56.740356
135.132645,53.292542,40.620907,56.301483
137.701172,56.949764,39.983360,55.442833
138.706833,58.081078,39.183079,54.686768
139.190659,59.136600,39.402660,54.509037
144.285751,62.089626,38.324661,53.665260
150.334961,65.643456,41.583736,51.022770
152.906967,68.512985,41.586300,49.202549
153.217712,68.100998,40.726654,49.187469
154.071930,68.452324,40.542393,49.759571
154.141800,65.594872,40.415665,50.949684
156.851852,65.636711,41.505219,52.455448
157.209641,65.545280,41.971554,52.387520
158.128983,65.138916,47.122383,53.651180
160.547745,63.199883,47.380638,55.348980
159.862503,64.042458,48.507126,55.509319
160.246552,67.722702,49.027084,55.753075
161.223953,63.437630,49.620644,55.726547
162.540466,62.025833,49.999939,55.407356
164.194901,60.707684,49.653641,55.945957
165.086929,56.064999,50.436043,55.769203
167.029953,52.330757,48.516121,55.772087
170.045532,46.753307,47.414051,56.645683
168.946442,44.982544,47.402378,56.864437
165.863693,43.573193,46.535885,58.354702
166.082458,46.867943,44.955223,61.243496
164.927139,53.121357,43.318855,61.704826
163.612488,44.992805,43.005077,61.634457
163.837128,42.347923,43.021225,61.919403
164.318451,44.791275,43.074978,62.833527
164.626114,43.239517,43.189838,63.071835
170.701843,49.682652,41.460747,65.662964
173.743225,49.629726,41.632732,65.428154
179.905670,54.683491,40.194530,65.148003
186.510254,43.688084,41.270313,65.434975
189.531372,56.975521,40.641560,66.921806
193.468353,65.827568,43.598064,64.301193
195.417938,64.662155,43.371384,64.232010
191.687393,65.464264,47.343616,62.448765
188.279236,65.270370,47.215576,62.117477
182.728943,60.567768,47.203594,63.221355
184.415833,58.410992,45.795795,62.958160
188.326294,51.670959,42.148693,67.568993
188.187271,51.502949,42.726170,67.473854
191.883621,48.332767,42.760830,67.954132
191.894974,44.824963,43.542267,67.793144
199.145660,46.069862,42.300144,71.123558
198.762955,51.946415,43.365543,69.406235
194.670837,59.786190,45.250748,67.649254
193.890213,62.849937,44.295216,69.890869
182.336594,72.283218,47.024582,68.874100
171.312195,78.400436,48.213173,69.465408
161.496033,79.453644,47.805691,67.041862
152.029587,80.274857,47.836834,63.554115
144.686508,74.088997,48.332436,62.500999
140.790344,66.830032,46.398075,62.262615
136.745529,63.214348,49.534351,60.593922
135.484619,60.798222,48.000755,59.132450
137.043198,58.146606,47.488941,60.427650
136.604034,61.622444,46.712627,59.533398
141.342407,66.084991,45.774063,59.203239
143.199036,70.270302,45.668816,60.768635
142.282455,79.912155,44.971226,60.464287
141.994614,91.110298,44.319473,57.596798
142.432251,91.244644,44.453140,57.394245
146.403122,86.231163,44.298824,58.486519
149.152374,78.348816,44.058605,58.283031
150.694107,73.289932,44.882713,57.437099
153.657166,70.666794,44.656242,58.405560
155.359634,67.296822,44.127373,58.955544
157.480698,62.494781,46.636204,60.355995
156.941681,68.217972,47.613117,61.099712
154.550568,71.559029,47.408573,62.412853
152.326294,72.374649,47.622246,62.125366
152.986420,73.057640,46.775005,62.792950
150.363754,73.599304,47.393467,62.838402
142.369263,74.541740,48.628689,62.440937
139.803177,71.913048,48.769650,62.618431
135.151550,67.805573,50.686253,65.515327
130.248901,64.855995,52.389107,63.625748
131.278595,59.995716,50.540581,64.762238
133.903488,55.175774,50.592945,64.881714
136.416824,51.389385,50.277809,65.665253
137.347260,51.448460,50.058247,66.906570
139.593369,49.008919,48.984940,69.338158
140.673126,52.095940,48.113464,69.608124
140.731369,59.107742,47.957451,70.822472
140.872711,61.251091,47.378674,70.825516
140.427063,59.854832,47.215389,71.279015
140.795059,57.821121,46.589954,71.020660
140.737808,59.637817,46.806709,71.454811
140.921692,59.841160,46.913567,71.408600
143.263901,57.772106,46.957367,71.702187
149.269272,57.520821,44.674667,73.328918
153.609222,63.674194,44.727108,73.163498
159.744446,63.744625,44.907356,73.687164
166.730148,65.204796,44.513519,73.709908
171.365875,64.083809,45.396454,74.476051
178.747360,68.048103,45.220928,75.578247
182.732697,73.442169,45.356510,77.235321
