1
142.778412,62.974766,67.072762,80.990433
143.876419,56.831223,64.434502,88.091972
144.781418,52.457314,62.911411,94.683716
151.166550,51.569862,61.706650,99.036118
152.067657,50.090832,60.527660,99.496933
153.384781,47.904884,61.722858,101.747742
156.565033,48.287292,60.017189,101.343208
157.620483,48.966515,60.442307,102.281319
158.998947,47.047108,63.321716,105.159569
159.746811,44.480934,64.557472,105.407982
159.226639,45.221607,66.075920,108.064117
159.838699,46.308060,66.328499,108.233208
160.052856,47.715446,66.263275,106.952354
163.411179,50.404263,65.506020,104.416954
169.679230,54.275223,64.487564,102.461182
170.148300,54.505962,64.268982,102.454536
171.949005,56.412926,63.872021,101.668900
178.161469,56.346272,62.627068,100.438858
181.820221,55.611908,63.347252,97.710602
181.787811,50.937035,63.064606,99.300064
183.607956,48.942116,64.382324,99.029778
188.284363,48.255501,64.025734,98.321251
188.594986,48.544827,64.040604,98.332916
190.598541,49.985844,63.920223,97.573357
192.246689,54.841438,65.201035,96.359657
191.963776,57.651745,64.073845,94.541199
191.397964,58.303570,64.309128,94.486313
190.114487,59.482159,64.913902,93.654900
186.487106,61.222500,64.667015,93.434227
182.161774,62.167408,64.338409,93.093994
178.389389,61.176151,65.706383,92.632416
176.020172,61.289696,62.879208,92.651665
172.516190,60.749355,62.048740,91.448479
166.916489,60.844021,61.867050,89.387436
161.489914,59.659607,62.869751,88.103073
159.995941,59.429028,61.165981,87.203224
158.460907,59.279671,59.961800,88.304008
153.581284,57.095676,59.665195,88.161491
152.318588,56.210377,59.092560,88.640755
151.716858,58.887314,58.839722,88.339142
151.770523,59.942806,58.784916,88.271294
150.905838,60.725456,59.195793,87.979042
147.469589,61.262127,59.789444,87.258652
147.725800,60.609516,60.315437,88.533951
145.810562,62.067120,58.179520,89.077332
143.943954,64.945541,58.421299,86.427612
141.924789,64.629250,58.536430,86.258873
144.884140,66.621674,55.517696,86.809341
145.670624,67.494118,54.377411,86.172409
145.977173,66.759460,51.025311,86.006607
146.220444,65.922516,51.423851,86.136337
147.386444,65.026352,52.043530,85.454498
148.151596,65.826691,51.263237,84.346260
150.682480,66.442513,49.656090,83.123650
153.249969,69.873215,49.412197,82.553040
151.072845,72.855812,49.235931,82.405548
151.059052,77.627144,49.049194,80.199081
151.733414,78.876083,49.419781,79.870567
151.685211,78.799004,49.347244,79.868034
151.909454,77.434464,49.463123,80.687325
155.522736,75.426620,47.952469,82.034035
158.279221,71.907883,48.400986,81.469032
163.420074,65.963097,47.754639,82.169395
165.448029,62.620426,47.734009,83.646133
166.352005,58.664330,51.408501,84.252678
171.093033,57.596630,50.463192,85.399254
171.866165,56.482002,50.928879,87.248360
172.819260,55.280827,52.328342,89.345146
176.257462,58.392204,51.694344,89.967613
176.521973,58.170345,52.152752,90.320953
179.594452,59.949352,51.030731,92.072128
180.112885,59.573273,51.351505,92.907700
180.276855,59.589508,51.252308,92.864212
181.506409,59.570145,50.928329,93.045944
182.670166,58.910042,50.730545,93.738129
182.762848,57.334602,50.917416,94.020599
180.833435,56.545067,50.662342,92.746536
182.337067,55.000668,50.859894,94.075676
181.173981,55.501564,50.582588,94.327644
178.622925,57.415169,51.599716,92.256432
176.865417,59.184082,51.745289,91.590965
176.231491,59.416428,51.729130,91.509163
174.242844,59.775589,51.414814,91.957542
173.413223,57.615887,51.066971,92.728401
171.923370,57.515392,50.843243,93.250244
170.546234,58.525593,49.533455,92.851547
170.118439,57.757240,49.824299,93.279121
166.651703,58.485142,50.704021,92.378838
164.943237,54.821934,50.631786,93.142754
163.352814,53.844296,51.071228,92.641190
158.374344,53.110645,51.474583,94.983727
154.287598,49.424915,51.303745,96.549187
153.318054,49.445072,51.467510,96.332726
152.863266,51.252983,51.309952,95.709763
152.730408,58.637527,50.662315,93.393639
153.725021,62.826633,50.899368,91.400055
154.274063,65.366310,49.893333,89.671326
154.317810,65.798027,49.903076,89.615135
153.496124,67.481674,49.732712,88.631294
153.575531,67.804062,49.720619,88.645164
154.188446,68.940849,49.880264,87.751305
154.791885,67.441124,49.523026,87.173859
155.361053,67.226357,49.537903,86.522194
156.879303,66.710411,49.361103,86.640686
157.619339,67.389305,48.490040,86.413620
160.049301,67.122604,47.632351,85.345802
165.725845,66.290504,48.645851,85.673782
167.175934,65.688148,49.127529,87.362221
171.787125,67.213234,48.900978,87.736427
173.007950,69.414886,49.648754,86.992455
174.680756,73.834106,49.917557,83.320290
175.034546,70.697350,47.731335,86.167923
175.061783,70.807289,47.738712,86.631042
176.082092,70.404915,47.949081,87.037292
180.330704,72.764732,47.108475,86.212288
185.583725,74.996513,48.128536,85.430382
187.293518,73.919838,48.746670,84.011353
187.376114,75.131477,48.860313,81.724365
187.995987,72.331955,48.020908,81.980927
187.556534,72.630150,48.824551,79.987846
187.608963,72.506126,49.257683,79.372757
189.467728,75.429565,49.375988,78.848099
189.630142,77.424530,49.612259,78.339470
192.628448,79.491058,48.897789,79.584068
191.372406,79.718811,50.033760,78.906548
191.969101,79.140968,49.841286,79.164108
190.171295,79.548218,49.585136,78.009361
185.278625,77.425560,49.682339,76.823402
183.156113,77.001610,49.095417,75.414536
181.122849,77.137207,49.300625,71.056076
180.126022,75.152100,48.246216,71.250679
179.625092,74.170181,47.388084,71.408089
175.721497,71.766037,48.367016,70.999672
171.936783,72.828140,47.353619,71.589447
167.307922,73.209175,47.457314,71.316330
164.010422,71.856468,47.129833,72.705582
163.421600,71.457756,46.561535,73.084991
160.689728,71.011528,45.804054,73.712227
161.602783,70.852203,44.910358,73.898056
161.712234,69.435921,44.593052,74.081070
161.895447,69.425941,44.909531,74.602356
162.309647,71.224144,44.442318,73.379593
161.794891,72.798912,44.059875,73.066399
164.151337,73.642731,43.703613,73.112740
165.977753,77.838547,42.825382,69.958961
169.886520,82.386192,43.131920,68.777039
169.510269,82.094612,43.639832,69.612617
170.515884,82.648819,43.576340,68.316444
175.447388,84.036552,43.610210,66.641129
175.903214,83.602592,44.115433,66.659821
179.078552,85.042053,43.965714,65.449135
181.205948,84.394470,44.484062,65.531265
183.219391,83.217697,44.067417,66.506203
183.648956,81.735344,44.488720,68.314041
185.217621,80.725204,44.919941,69.377907
185.754868,80.576805,45.192955,69.883942
186.009506,80.721581,45.466900,69.842018
185.435577,81.494911,45.225395,68.521675
186.826172,82.008858,45.769558,69.731560
185.788864,84.584892,46.768490,67.813866
187.163055,85.038414,44.649326,69.316788
183.345673,86.303757,45.417660,69.280106
181.832138,86.815643,46.296757,68.037308
181.312393,87.243156,46.020107,68.322769
180.015167,86.585289,46.799072,68.737419
180.097092,86.447380,47.039738,68.775185
181.379471,84.465897,47.305855,69.832253
180.967133,81.800583,46.205612,71.093277
178.008026,79.324211,47.328838,71.440727
174.978714,79.014641,46.426857,71.507011
173.789734,79.706787,46.147015,72.050240
172.176712,80.279976,46.672882,71.470131
169.804337,79.867020,45.349392,73.314026
167.344330,83.564117,45.936058,71.278992
163.453690,84.083084,47.389313,68.070335
157.395370,80.150848,48.362469,67.403488
155.300446,76.447922,46.088375,67.234528
153.710190,75.007469,45.299603,68.231972
154.233398,75.740234,43.962090,68.179626
154.170181,75.471809,43.165367,68.666962
154.884567,77.451027,42.839027,69.199440
157.422165,79.829216,43.729080,67.724113
161.838577,84.082161,43.771786,67.093582
162.594040,89.509270,44.310196,65.059784
162.820190,89.036850,44.567894,66.012436
164.758514,91.494675,44.385887,66.296204
167.092468,91.906128,44.933361,66.595116
171.305405,93.378510,45.320694,64.840820
173.165009,94.562012,43.980743,66.193687
177.751160,93.081879,43.277119,64.649582
178.170715,94.089050,43.149307,67.220665
184.542587,89.628914,42.713711,72.283363
191.412613,89.334785,42.998589,67.640137
190.952454,81.968941,43.478237,73.739555
192.389374,80.741982,49.211823,71.849136
194.311127,80.961212,49.298878,71.209534
197.589966,83.638115,50.817997,68.550896
203.401245,83.308144,49.897278,68.984634
205.683456,81.727272,51.019268,68.316299
209.669983,83.922478,50.216522,67.543915
213.861191,85.253586,50.271015,65.959259
215.790375,84.096519,49.792126,64.804268
216.853455,84.984016,49.751274,61.017727
217.764938,86.262314,48.497559,61.061707
217.724899,84.878189,48.283146,61.415783
216.946075,84.167389,45.682873,60.837372
215.014679,84.628105,45.254837,60.430695
216.041199,84.095062,44.095222,60.368877
216.554031,85.259171,44.511414,59.525623
214.546783,81.819290,43.924812,63.111507
213.722366,78.452034,43.165890,64.564224
214.241196,74.763145,42.093117,68.640953
211.054993,65.371826,42.447617,80.766640
207.935196,64.985008,44.314365,81.181198
203.640106,65.553261,46.076832,80.756683
202.447418,71.041374,47.206635,76.270523
204.149673,71.834610,45.703644,76.985428
203.015778,77.735428,46.036663,74.115089
203.025055,78.752014,46.063152,73.919701
203.424362,78.644318,46.082874,73.948959
198.686096,79.468803,47.810108,69.791878
197.452194,68.075119,47.632870,75.480736
197.482925,67.734924,48.028313,75.257339
196.838806,67.958847,49.090424,75.228165
198.125122,67.769737,49.349060,75.639435
199.920853,72.855583,49.331821,74.776337
202.267090,73.577782,49.323540,74.979568
203.803040,74.545532,48.789936,75.049210
202.840042,72.890060,50.545391,76.601669
206.307739,75.338196,51.186535,74.939445
208.591339,72.047501,48.981339,76.213242
211.276352,68.963951,48.989235,76.402702
212.743896,71.471451,48.634476,75.382584
215.632477,71.261452,46.904297,76.916260
221.321228,77.048134,47.076279,73.258949
223.763840,71.243988,47.168488,73.758682
225.698242,74.729004,50.655754,74.235619
231.231644,76.426147,50.295712,74.038002
233.289185,87.884033,51.974792,70.583374
232.461487,92.819389,50.659039,69.586105
233.139679,93.568382,49.199421,68.655365
232.314468,88.309868,47.577183,72.823174
232.030487,90.851036,44.964050,69.354713
232.401901,94.218979,44.838367,67.258888
233.098114,98.459641,45.477814,64.418762
236.051758,103.587540,50.912334,58.926712
233.896347,100.334229,50.339111,60.022671
233.769547,99.954529,50.496567,59.964161
232.622101,95.420509,49.557041,60.175053
232.020462,95.720863,49.649834,60.815006
230.952225,95.289986,49.214108,62.563530
228.129807,96.355797,47.638645,63.443008
224.213776,96.608269,48.281528,63.615677
221.648438,99.795151,49.563992,63.207439
215.873642,98.495651,54.833797,62.872948
215.037476,98.683044,54.360237,62.321949
210.217163,98.560555,55.049194,59.903889
211.346405,89.376152,55.118061,60.626530
214.381378,77.333351,54.179729,63.806099
221.446671,71.976631,53.342125,62.689980
226.365936,70.091072,53.270912,63.415218
231.441971,75.942497,53.504032,63.288086
234.611984,81.303551,53.272121,64.447044
239.251770,79.197655,53.136883,68.135254
241.890610,84.346725,58.713131,66.560135
246.173676,94.197395,58.500698,67.675423
251.679504,89.360466,58.382637,71.807106
252.400238,88.194923,58.242645,71.354912
252.402084,86.084541,59.049122,67.375969
261.037689,83.105896,55.805634,67.831688
262.850708,84.102432,55.878689,63.569145
263.330383,69.857910,56.669601,69.367371
267.368713,65.440735,52.631287,71.804512
267.766541,65.732521,52.233448,72.019310
267.936310,71.722443,51.606842,69.846779
267.118439,72.821426,51.911648,69.948509
266.639496,71.674911,52.128105,70.976509
263.168915,70.991806,54.364464,71.125488
263.387604,66.813896,54.156803,74.267761
262.031311,65.159233,54.549084,74.552483
261.854645,65.312279,55.079815,74.792725
264.115906,66.860016,54.498821,70.964470
264.214172,65.500999,54.255314,71.124802
264.469696,65.153168,54.165970,72.014511
264.392914,64.063324,54.534313,72.994675
263.552002,64.622421,54.816650,72.579025
264.549194,68.308640,54.892353,71.870438
263.581909,69.250526,56.213993,71.046936
263.432220,69.821152,55.701233,71.422722
261.663849,70.729065,55.682114,70.989540
259.876434,69.581024,56.430340,69.381599
261.083679,68.556213,56.241383,69.741852
262.484192,72.197365,55.385010,69.455765
262.614380,72.749374,55.433201,69.272087
262.381195,71.551346,55.717091,70.628212
258.739410,70.363716,56.115768,72.252457
249.786209,72.098427,58.315338,77.429642
240.070023,69.822128,62.957584,77.170540
234.456863,67.376961,62.552631,77.782066
227.798691,65.512131,63.388775,78.651772
216.782684,62.186817,66.580643,80.456474
213.180023,62.767147,66.651199,79.059059
206.881195,60.390488,66.548363,79.994209
204.946472,59.325455,65.417366,79.622467
205.956558,59.349201,63.772030,80.611900
204.724884,60.071743,61.431858,80.257858
203.399673,64.197807,61.209499,80.225052
199.609421,68.852570,60.272324,81.255112
197.874512,69.744789,60.148983,80.240364
195.575729,71.373093,60.123024,79.877907
185.999146,68.050407,60.424381,81.834145
182.115387,66.016068,59.842758,78.647247
178.957504,68.157021,58.126976,77.080269
170.453583,65.442017,59.526695,77.062737
160.198196,58.008244,59.134747,79.720177
153.771896,60.685387,57.883163,75.066978
147.186493,59.734688,55.778343,75.669456
141.276672,53.021912,58.030067,74.497787
136.673248,52.744370,56.937611,74.778961
133.267471,51.287689,57.229771,73.285637
129.141571,51.664158,58.370037,71.825905
127.492386,55.077717,57.873714,70.403107
128.972885,54.408112,56.355038,70.917221
130.814224,57.090393,54.461433,71.135818
128.150269,59.730019,53.636513,70.502335
128.003372,59.039825,53.777889,70.769646
131.134384,62.084354,51.374092,69.173805
132.593521,60.745419,51.039463,69.064659
137.844879,61.595291,51.215408,68.785301
137.878281,63.178574,51.481220,68.502518
140.751480,65.023209,52.128422,68.351318
144.640152,67.522758,49.275723,68.804420
149.936584,67.179169,48.189224,71.134811
154.844254,67.471092,50.132683,70.749451
160.879883,66.241234,48.925419,73.452942
165.305649,74.465034,45.748901,72.892456
166.978851,76.258972,45.536240,72.514992
167.456528,74.144470,45.891197,72.724075
168.659760,63.339493,45.946541,73.709557
168.540359,59.133831,47.915749,71.430359
169.532043,51.826332,47.760761,71.836609
171.459595,44.352463,47.317947,71.676895
170.884232,43.407963,47.533115,72.431900
169.068344,55.161594,49.034069,71.531281
169.904343,66.248711,50.082203,70.074814
171.559769,68.673668,53.897377,70.398796
177.148453,79.810974,50.619865,70.368484
185.161270,88.136650,50.975498,72.170036
187.049622,94.852119,55.643353,72.088112
194.502045,99.371246,54.049732,75.010193
193.934235,99.098701,56.282406,77.490974
196.567322,96.581573,56.407814,78.977547
202.865646,101.329185,56.183140,82.384499
203.174423,101.270424,56.773415,82.309631
203.545151,101.455498,56.873856,82.487770
203.052139,99.787735,56.727829,83.200890
198.321976,99.929359,56.143574,83.730003
195.646469,95.426826,56.212818,83.804344
194.326675,93.052940,56.484444,83.950539
191.341034,87.390953,57.054962,83.967430
188.039551,84.255409,56.950249,84.504517
181.638229,75.099922,56.637421,86.983101
175.587158,68.923264,56.968967,87.048317
175.692596,68.146416,55.709435,87.442741
171.738678,74.130104,56.051186,82.422150
169.448990,74.628983,54.501324,81.170532
168.817841,73.830940,52.856419,80.165512
168.850403,75.379547,52.393162,79.511307
171.518799,81.586548,49.114857,77.898941
168.917709,85.265465,47.297226,75.619759
169.850693,86.377991,46.736652,74.975540
167.855331,91.194771,46.508930,69.823830
167.994537,92.267372,47.313980,66.188324
168.037827,87.584389,47.013515,64.805771
167.818253,82.932793,46.302830,65.721497
169.447464,82.934807,45.762062,63.316883
167.979706,83.300041,45.913124,60.213074
171.576782,83.036690,45.015263,60.689972
172.663986,81.961174,45.246616,59.820503
177.150803,79.770187,44.278931,60.297710
185.912140,84.924545,44.544147,58.013672
188.944473,90.664589,44.297928,57.737553
195.552216,95.753563,42.757526,55.539566
201.897247,101.112671,42.547520,55.405819
207.806885,102.508476,42.679459,54.984810
209.803284,102.542778,44.505962,53.441139
210.487259,102.068047,44.794624,53.396690
213.781754,98.355362,44.637390,52.817726
215.411667,94.050591,43.610275,54.359058
211.159714,90.483635,45.111866,52.708469
207.160233,87.440590,44.678692,52.511738
207.423401,87.394623,45.010483,53.111496
206.243347,85.893906,46.195309,52.493435
207.093338,88.606667,46.853413,51.388180
205.158646,86.193634,44.786507,55.789974
205.945435,89.288902,45.520164,54.201122
205.053268,91.002419,46.201553,53.508762
204.646225,92.644585,46.533096,52.567787
200.590271,91.000900,45.748161,54.076515
197.421799,91.983528,45.037315,53.935001
190.415802,89.666168,44.871216,54.292511
188.901169,86.994629,44.638664,54.350426
188.312622,85.069687,44.789928,53.431339
188.312759,83.586182,44.789692,53.180428
188.836090,82.509842,44.977421,53.277603
189.026077,82.606056,44.890781,53.567448
189.423706,83.434639,44.754726,53.751026
189.940033,90.065536,45.370918,52.787621
191.106277,91.818825,45.240501,51.508221
192.428528,94.657845,45.165558,51.460022
192.829605,93.952545,44.815361,50.825191
192.387161,95.694038,44.593624,51.169182
191.749435,91.666206,45.360611,52.090824
193.690796,89.838333,43.916637,55.032650
195.182739,86.189995,43.988190,55.533997
194.291840,81.775681,43.426231,56.916199
194.311371,81.684280,43.488914,56.878761
196.212891,80.405739,44.642815,56.428890
199.197495,82.072021,45.573063,56.237503
207.735031,85.191353,46.839108,57.039730
210.551483,92.170685,48.296318,57.824615
211.951477,94.205673,48.516972,57.019485
213.219620,94.573830,48.802483,57.260735
212.428635,93.027153,48.568306,57.768288
211.545929,93.355171,48.942310,56.507366
211.128616,95.322258,49.581203,55.360634
203.100723,93.863808,49.322849,54.881138
197.602005,92.659599,49.054916,53.982121
193.804565,90.956795,47.047470,54.744110
187.648697,86.238670,46.155243,56.321743
186.123779,87.088264,46.196003,56.270893
185.569641,86.469124,47.038857,56.206791
183.682236,85.615074,48.986725,56.469498
183.016220,85.342056,54.175690,57.534454
187.674210,85.752563,54.438484,58.241669
192.716537,86.154503,53.730091,58.281891
196.868973,85.266853,52.775009,59.355019
202.250290,79.586647,52.039089,59.819935
201.255356,78.897095,55.005074,59.294998
199.948349,76.485718,52.175205,63.001099
195.219406,76.546326,52.184132,63.988907
192.549576,75.250694,49.839188,63.651390
191.546021,75.338196,49.457855,63.373890
183.349411,73.451920,48.767651,63.616734
182.038101,73.600273,48.843250,63.635155
182.346344,80.982033,48.397408,62.412361
177.630066,85.182205,48.954803,60.896130
175.157211,89.380310,49.163479,59.136723
174.990021,89.544838,49.542610,59.524868
172.363266,80.094887,49.547127,61.837093
169.362350,78.906128,49.423576,62.271832
167.590012,75.146248,48.598637,62.487434
168.183838,75.214127,45.919365,60.909981
167.840363,70.647095,44.047211,60.438831
171.638733,63.879097,42.429214,60.128719
176.579941,59.940449,41.013565,62.639999
177.573090,61.869896,41.326759,63.088787
178.227768,63.753918,41.030701,63.191925
178.465134,65.387032,42.270199,63.224449
177.125229,64.998711,44.070194,63.933704
174.160645,68.961273,42.597046,62.554760
167.291473,67.405495,41.674206,63.334385
161.607605,66.768562,41.122650,63.059376
152.992950,66.237160,41.804939,62.843712
146.170044,67.275719,40.926308,60.241474
141.937805,59.853409,40.333508,59.722290
137.808823,56.155315,39.492229,59.007294
136.636749,54.302090,39.663445,58.636703
135.495621,52.692822,40.297546,58.442032
135.874237,52.967190,40.190876,57.735455
138.092285,54.076569,39.628613,57.271530
139.066452,57.428185,39.039875,56.361607
139.705261,58.466301,39.179741,55.923786
143.548523,60.725155,38.310562,54.596375
150.227783,63.553825,40.170662,52.633003
153.205032,66.258873,39.138817,51.775715
154.244537,64.763512,38.481773,51.609329
155.023163,66.649193,38.822006,52.212944
155.031342,66.510277,38.893089,52.551090
155.818436,62.855690,40.665661,53.717129
156.678528,62.831932,41.097107,53.901325
158.256210,62.521469,45.543720,52.873425
159.641418,65.886398,45.227623,54.947643
161.137848,69.640907,44.915489,54.988640
161.966064,70.951859,45.327194,54.583107
162.909592,67.309280,46.640060,54.296131
163.839172,63.155018,47.234386,53.077156
169.099625,63.869808,46.625946,54.978981
169.211563,62.501328,47.420574,54.853695
169.974396,59.475956,46.666538,54.915089
170.838959,56.995945,45.367447,55.502701
168.717575,54.736420,45.651489,55.379391
168.450577,54.077389,45.478870,55.444653
167.646652,55.412376,45.223705,55.513428
166.663391,62.041340,43.434887,55.841476
166.169678,56.324535,43.203911,55.625801
165.035599,54.474865,43.231339,55.929642
165.027237,53.085114,43.405159,56.197891
165.620422,49.478378,43.000038,56.267040
169.028442,50.783752,41.909782,58.445953
172.005676,49.134869,42.568058,58.212299
176.325500,57.015804,41.195717,58.774330
182.741318,44.474079,43.531666,59.425163
185.916641,57.594597,42.404705,65.160721
189.680923,68.516182,44.963203,62.502720
194.499710,62.540543,45.183174,62.708393
190.786682,59.209457,46.102562,63.106026
189.071213,57.396351,45.734089,63.374737
184.127380,55.101135,45.449802,64.036758
185.556641,53.963169,44.196934,64.685776
187.517166,49.638962,43.144775,66.931175
187.660141,49.779915,43.435959,66.874229
192.478500,46.710747,43.423466,68.818604
191.717392,42.096619,45.892899,69.212082
199.893311,44.479504,43.256664,71.766869
199.939529,46.889862,43.330189,71.964821
195.872101,56.705601,44.607147,71.003021
194.785660,61.539661,44.269501,71.499657
182.903412,72.678383,48.618649,69.464478
171.952148,77.557411,49.547241,69.972084
160.924332,80.208977,49.518059,66.223663
150.909149,79.928139,50.807259,62.973858
143.211533,74.953636,50.217819,61.987316
139.495850,67.980957,49.265785,60.656433
136.140381,63.042267,50.416332,59.780033
135.506561,59.112167,47.683743,59.255913
135.760757,59.253029,47.795799,59.414104
137.213715,65.875420,46.637939,57.723839
140.106537,69.841927,46.112827,56.538013
141.313278,70.473351,45.617306,57.736382
142.393341,82.278946,45.178612,57.460907
142.016830,91.115372,44.382809,55.960777
142.172287,90.749168,44.069885,55.798767
148.093369,86.363441,43.611298,57.283123
150.146072,78.067154,44.527214,56.948441
151.066727,72.218208,45.736168,56.354546
154.836151,71.130959,45.064133,57.294441
155.277130,67.828278,45.122974,57.851707
157.978882,63.969643,45.243469,59.267506
157.359558,69.155373,47.873707,60.336498
154.723618,72.229431,47.488613,61.853886
152.089584,73.651306,47.678009,61.463211
152.653290,73.866890,46.929688,61.661320
150.339783,74.305588,47.190231,62.242134
142.615295,74.879257,48.393547,61.832611
140.094330,72.782433,48.703434,62.231869
135.715271,69.611183,50.125500,64.152565
130.187210,67.170349,52.250713,62.684162
130.525314,62.312885,51.253128,63.707180
133.658524,59.150074,51.061607,63.650101
137.064285,54.303532,50.426315,64.848572
137.549118,56.365730,50.527225,65.468765
138.719681,57.020695,49.738579,66.481499
140.385300,57.240417,48.548271,66.628700
140.254852,59.512493,48.867458,68.323334
141.370850,58.711739,48.386105,69.511963
141.134689,58.767296,48.053383,69.711288
140.660538,56.793438,47.518917,69.565491
140.748352,58.006332,47.924522,69.760422
141.268906,57.827362,47.822289,69.934052
144.869247,58.332153,47.268574,70.093781
150.960617,56.280731,45.249619,72.607445
154.051895,58.866417,45.437263,73.870316
159.966354,61.911228,45.573586,74.438683
166.944687,61.484203,45.400593,74.480492
170.544495,61.430378,46.219833,76.055634
176.488312,68.932022,46.306042,76.345116
181.636322,71.270569,46.065289,77.977341
