1
144.840576,64.170738,65.950249,76.936760
145.258194,57.782791,63.620300,82.105743
146.862488,54.563465,61.753468,86.295273
149.972458,53.477852,60.273285,89.111481
151.524826,50.898243,58.512505,92.306656
152.589508,48.678207,59.534740,96.382820
155.518814,49.331253,59.826653,98.066605
158.127060,49.196545,61.734886,101.403816
158.645233,48.590389,63.767059,103.650299
158.856644,46.971626,64.337067,103.914886
158.603790,46.355652,64.827446,104.776955
159.547897,46.798401,64.760277,105.265724
159.819855,47.839237,64.856018,104.801003
163.317413,50.494892,64.411926,102.286148
168.985916,53.743374,63.915363,100.931824
171.105682,56.772022,62.705914,100.596947
172.349548,56.873264,62.500038,101.587990
178.283813,55.354439,62.599014,102.906349
182.695923,55.528934,62.922390,99.289886
183.145706,51.789204,63.417248,98.622810
185.133270,48.932575,64.119080,99.746437
188.233673,48.842514,65.173584,98.157722
188.416977,49.075397,65.194389,98.431335
191.089340,50.985180,65.092224,97.223099
191.214386,53.747108,66.418594,96.446754
190.498535,56.613094,66.389580,93.367973
189.521042,57.722977,66.418976,93.285683
188.053665,59.558372,67.278030,92.057037
185.380768,61.578720,66.845284,91.829887
182.168732,62.205517,65.239372,92.101967
177.169174,61.007690,66.557159,92.259003
175.617294,60.353954,64.575386,92.636612
171.538132,59.665668,62.797832,91.725090
166.825897,61.770950,63.304924,89.041740
160.705093,62.633472,62.117180,86.597778
158.919922,59.649471,59.792023,86.572060
158.513504,59.809425,58.338318,87.701942
153.808334,57.600891,58.051964,88.129860
152.165421,55.941994,57.948994,90.006439
151.507370,58.520473,57.671787,89.601639
151.663086,58.886135,57.873207,89.871437
151.868103,59.751633,57.985672,89.876877
148.510132,62.066589,58.567780,88.501076
148.146423,61.139618,58.816967,89.951790
146.810669,62.439648,57.313915,90.109291
144.170319,62.642086,58.361179,88.937271
143.244690,62.479385,57.996960,88.791672
145.378799,64.951347,54.520226,88.982521
145.798035,65.373947,53.945980,88.788429
146.176605,64.906029,50.627460,88.432770
146.696884,64.134521,50.615204,88.053886
148.097519,62.706821,51.046814,87.916176
148.451523,63.572933,51.343872,86.777283
150.841980,65.740601,49.852543,84.611374
153.337143,70.515419,48.940144,82.368744
152.580582,72.781563,48.546211,82.193756
152.360352,76.685791,48.659428,80.924240
152.865387,77.642700,48.576073,80.298561
153.210602,77.874840,48.580433,80.316895
153.643906,77.356796,48.878437,80.905937
156.376190,76.560814,46.975658,81.239326
158.889771,73.266670,47.765007,79.207916
162.897079,67.257324,47.748680,79.854935
165.109192,64.060539,47.665329,80.545700
166.711792,60.243973,49.951042,81.900810
170.138718,57.164349,49.188835,85.181709
172.200775,55.787666,50.508762,90.108444
172.797516,55.538914,51.487934,90.831131
175.856186,58.826069,50.472729,90.265862
176.443039,58.699974,50.733303,90.783554
180.032806,59.882202,49.829426,93.736748
180.452454,59.484142,50.030800,93.934563
180.797958,59.402397,50.309238,93.918198
181.883148,59.659996,50.013393,93.969833
183.619934,59.488724,50.309574,93.858681
183.341202,57.299095,50.425941,93.867844
180.379547,57.813301,50.047802,91.785202
182.598450,57.359554,50.362854,92.103096
182.323914,57.466583,50.409382,92.376656
179.130402,57.191307,50.296051,92.382362
177.013412,58.959526,50.449730,91.491745
175.876892,58.161137,50.254349,91.338326
174.912567,58.676193,50.497631,91.202667
173.470688,55.890877,49.914875,92.812981
171.545288,56.141361,49.596375,94.143806
170.152054,57.087620,48.849346,93.573410
169.788315,55.990227,48.837498,94.854706
167.903259,55.728844,49.135605,94.747833
165.495605,54.834736,49.465740,94.805252
163.960373,54.346149,49.532356,93.764290
159.114914,54.016750,49.796436,94.820824
154.040131,52.030441,50.318836,94.190788
154.014771,52.186192,50.471375,93.562103
153.401138,53.166664,50.202049,94.226562
152.263672,57.095863,50.223915,93.967575
153.271118,61.773769,50.022671,91.657761
154.334702,64.642670,49.850624,90.845642
154.282043,65.823555,49.899445,89.487892
153.029800,66.936211,49.436306,88.491089
153.258759,67.551056,49.235168,87.705414
154.009460,70.127480,49.490582,85.911362
154.390259,69.738602,49.008720,84.250168
155.169540,69.952789,48.913551,83.364304
157.711014,68.720825,48.566833,83.371338
158.727463,68.757370,47.957851,83.126549
160.393326,68.763870,47.602943,82.959641
166.312332,69.221313,48.518047,82.420280
167.946442,69.021805,49.325974,83.433586
171.726822,69.483261,48.500668,85.700714
174.464157,70.403770,49.471954,85.885162
174.589722,73.878639,49.353405,82.791443
175.382568,71.071289,47.471756,85.926361
175.423203,71.378334,47.308422,86.006172
177.340622,72.010689,47.069191,85.602135
180.605057,73.760643,47.036774,84.442780
184.364075,74.095169,47.718834,85.834373
186.825378,74.520363,48.755138,83.866226
186.871750,74.996399,48.930931,82.047852
187.412842,71.838531,47.765846,82.646996
187.323105,72.041107,48.092865,81.930656
187.793961,71.675049,48.501503,81.972679
188.301453,74.830742,49.184307,80.617783
189.084778,78.174690,50.098000,78.513428
190.696838,82.823753,49.534893,77.459846
191.540771,82.727005,49.856934,77.260048
192.447144,81.737831,49.622566,77.793907
191.214600,81.928596,50.124401,76.347046
185.317825,82.302834,49.666100,73.039970
183.588135,81.264267,48.712395,72.328438
181.481110,77.596321,48.532280,70.640396
180.806351,75.464569,47.572861,70.623093
179.503281,73.426102,47.050659,71.190369
175.581787,71.326454,48.422932,71.513748
171.315506,72.555641,47.434654,72.303757
168.549957,72.587029,46.705044,72.330315
163.858215,71.104630,47.743416,72.534775
163.223633,72.034706,47.493294,72.806938
161.070526,71.423355,46.061726,72.919449
161.343719,70.076027,45.647327,73.063286
161.509933,68.585205,45.656620,73.767349
161.630737,68.770905,45.776577,73.940979
161.658157,69.618958,45.861088,73.595512
160.686737,72.371254,45.396072,72.246910
162.723404,72.874199,45.160191,72.255821
164.272842,76.868690,44.176960,70.403572
167.537720,79.620766,44.296040,69.792213
167.882156,79.902840,44.701538,70.067390
169.120880,81.419922,44.557316,69.107056
173.963776,84.700378,44.645958,66.189949
175.081085,82.304787,44.909367,68.206757
178.841202,84.158104,44.566166,66.240570
182.167480,83.864578,45.008976,66.237930
183.794662,83.439445,45.893272,65.519402
183.711945,82.782600,46.112843,66.546036
185.545578,81.943970,46.853722,67.969376
185.567703,82.089417,47.155037,68.012047
185.882446,82.955078,47.404053,68.326218
185.389572,82.153214,46.349136,68.512123
186.124298,82.457680,46.479511,69.195877
185.831238,84.713280,46.469410,68.986374
186.535034,85.805786,44.768627,69.827530
182.350601,86.282440,45.498337,70.225426
181.558212,85.955070,45.985199,70.924072
181.155716,85.701958,45.920090,71.081177
179.475296,85.415962,46.739914,71.229744
179.585205,85.373581,46.921097,71.435165
180.933304,83.757881,47.165554,71.236641
180.403091,81.978989,46.945343,71.520699
178.387375,79.565712,46.980511,71.906784
175.550140,79.092125,46.578888,72.045555
173.821732,79.269913,46.029167,72.619568
172.163208,80.686714,46.813419,71.132690
168.877625,80.234955,46.241879,72.423409
167.352585,83.058128,46.427132,71.671013
164.150650,83.486244,47.014427,69.185440
157.707825,82.307556,48.350677,67.531517
155.273331,78.108986,46.180157,67.280785
153.983871,76.239975,45.781567,67.346588
154.750580,76.645149,44.190250,66.716820
154.904327,75.393456,43.536549,67.581062
155.725433,76.294075,42.629593,70.160210
157.934235,78.084473,42.790916,69.508148
161.480316,82.288757,43.344261,68.683670
162.008469,86.206429,44.554794,67.878212
162.539841,85.697830,44.890472,68.511803
164.019943,90.088699,44.168118,69.429329
167.632263,90.985748,44.974598,69.505791
170.792969,92.616547,45.184296,68.069756
172.900192,93.552002,44.101372,68.813812
177.354675,94.158569,42.907455,67.166061
179.037521,96.306320,43.347382,67.662804
184.736343,91.404831,42.578388,73.038605
192.287857,89.941643,43.099510,69.687645
190.732773,83.314713,45.775753,73.579361
193.200638,85.836205,48.856388,68.742477
196.449570,83.849319,46.334080,70.169502
200.568954,84.352196,47.817230,70.143288
203.431198,83.780670,50.245918,69.650719
206.100784,83.133972,52.631096,69.813110
208.748016,83.995491,53.331741,67.260307
212.121613,84.164146,52.360924,67.544373
214.610886,84.285538,51.524227,66.730125
215.531311,84.086189,51.706818,65.438393
216.487915,84.722641,50.952217,64.873405
216.451874,84.059555,51.061695,64.628593
216.406769,82.811638,48.062855,64.799370
213.737503,82.727165,47.439999,64.969742
214.714615,82.601112,46.448479,64.576004
215.745819,83.928757,45.487396,64.048866
213.622711,81.568832,44.332123,66.250443
212.574112,77.287560,43.946651,68.754387
212.838074,75.702187,42.092659,71.111977
210.499451,66.972610,43.841671,80.899155
208.452194,66.069267,44.699177,80.835426
207.030441,66.871773,45.619297,79.939247
206.145721,70.473312,45.217541,77.669449
206.106720,71.557823,45.483078,77.110718
203.039017,77.596207,45.846733,74.772354
202.928802,78.552345,45.166267,74.330063
203.098434,78.608978,45.472790,74.372452
198.609268,79.439072,46.586838,72.574951
198.061203,72.955841,46.822319,73.955345
198.108627,70.535133,47.111137,73.312088
197.544388,70.797600,47.806042,72.859627
199.380157,71.247597,47.689152,72.833061
200.999725,71.900261,47.553730,73.516411
202.803421,73.077072,48.230625,73.632324
204.575073,72.826782,47.998245,74.320686
204.885498,72.734711,47.682697,74.494598
204.764694,73.450706,48.251842,74.465675
209.227127,70.660065,45.959213,75.175537
212.435364,67.699120,46.425816,75.548195
213.321716,71.708893,46.690201,74.153419
214.801392,72.122864,45.967648,74.200005
220.925995,75.314240,46.451237,71.406807
224.127213,71.873741,46.340916,71.733688
226.824936,74.824059,48.543808,71.778709
231.048187,78.058342,48.599041,69.847878
235.447449,90.252075,49.158688,67.392868
235.309708,96.472008,48.532719,65.975899
233.566757,98.470360,47.422993,65.131401
232.501083,92.618622,46.691452,70.666733
232.204193,94.202568,45.129601,66.856552
232.099838,97.199890,45.197609,64.956078
233.857025,101.286316,47.503540,62.452015
235.437820,100.424141,53.488689,60.900753
234.948654,99.177460,52.803551,61.033035
234.001007,98.940811,52.943417,60.605228
232.967331,93.694992,51.951946,61.272213
232.475784,93.813370,51.767132,62.159531
230.164795,91.596581,49.884590,65.833206
229.500107,93.282951,49.897888,65.383018
225.761337,91.664497,49.160053,67.161217
224.444168,92.570526,49.241669,67.526382
218.302887,92.141724,53.563995,66.622658
217.425461,93.604683,53.936111,65.378883
212.743835,93.219223,53.847027,65.122009
212.481750,86.856239,53.577614,64.422997
215.546906,77.622658,52.667057,65.926270
222.871429,74.056206,51.798492,63.855625
227.866348,71.486923,52.292301,64.637764
229.914978,76.326889,52.659492,64.135315
236.239105,80.406288,52.932571,65.342415
241.005676,82.844528,52.395721,66.120049
243.419464,82.668488,55.426605,65.628922
248.959137,90.415001,53.377426,67.547729
252.601028,89.058723,57.138397,71.086960
253.263626,87.589798,57.201015,70.901169
252.974319,84.223267,57.650913,67.842743
260.504730,79.666862,56.074356,69.190506
263.373505,80.460602,56.155441,66.333908
264.316986,63.865845,55.683022,70.422890
266.300262,65.333618,53.699738,67.604057
266.962402,65.137894,53.037605,68.809433
267.536224,71.693710,52.072445,67.676102
266.573975,73.141243,53.179630,68.715576
264.772949,70.588493,55.220428,70.695793
262.842163,69.760178,55.406429,70.201225
263.540588,65.718292,53.749271,72.093475
263.370178,64.276619,54.101688,71.646469
261.029114,62.127357,57.696980,72.087234
261.555237,63.428719,57.962139,70.816902
262.716980,63.152351,56.296356,70.941612
262.932800,63.185551,56.430244,70.916603
263.037750,63.035118,56.414997,71.034760
262.685974,68.117584,56.105919,70.220261
264.822906,71.636749,55.177097,69.456161
264.906647,71.723167,55.093353,69.095543
263.227386,72.145012,55.184326,68.918411
261.601135,71.158058,54.578934,69.778099
259.893951,71.353333,55.572514,67.661400
261.563599,68.183395,56.255867,69.334274
263.212433,70.330772,55.345119,69.349144
263.131561,70.349228,55.638741,69.835632
262.862091,70.088005,55.967934,70.150558
260.857880,70.871788,55.883369,71.692886
255.659470,73.571732,54.367283,73.894112
247.431488,74.337914,56.489952,72.260681
239.639175,72.477516,56.411629,74.017387
232.432632,70.174210,56.703442,75.202873
221.105347,66.250694,57.357807,77.638565
218.073074,68.404854,57.731319,74.533325
211.351669,66.109886,57.698540,75.359741
208.929321,65.328903,57.240871,75.678787
209.960129,62.854507,54.982346,79.365738
207.971725,62.805138,56.139210,76.436073
206.636841,66.368965,55.520130,77.172112
200.977432,71.299095,55.485489,77.696915
199.985001,74.156952,55.128311,74.277962
197.516357,76.619064,54.449883,74.315964
191.259155,75.862877,53.662178,74.910645
188.094055,71.716171,53.144142,72.661278
184.454224,70.887863,52.224491,72.761162
173.459351,65.508148,53.474667,73.161240
163.357742,62.565849,52.857990,74.303619
157.226852,63.078278,53.099148,71.397530
149.172562,62.087452,50.828850,73.238358
144.849915,56.255043,53.241753,69.515900
139.035004,57.834957,52.798542,69.828407
135.730499,55.382973,52.769207,69.554504
133.350159,53.780270,52.989079,69.179901
131.151154,54.841373,52.853386,69.005371
131.530014,55.238663,52.998573,69.683678
133.633224,59.125904,50.276527,70.136856
131.519470,60.646896,50.097733,69.576035
130.480865,60.405708,49.875183,69.560501
131.493439,61.020847,49.670467,68.962257
132.824310,59.430374,50.197861,68.619629
136.959412,59.937634,51.819164,68.314430
137.798401,66.084290,51.162464,68.126900
139.666855,67.359528,51.345367,67.792908
144.192917,68.154434,48.047344,67.657341
151.072968,65.806152,47.090546,70.642395
153.932327,66.310516,49.660736,69.220619
158.991943,64.947502,48.917404,72.572006
163.701416,70.977432,46.579010,72.787544
164.990707,73.024590,46.571476,72.482986
166.150391,69.755356,47.018578,73.730499
167.683197,65.525719,47.748199,73.566917
167.380859,61.195889,49.326912,71.756279
169.232346,55.443851,47.394897,75.052032
169.526352,54.823826,47.642235,74.557976
169.170731,53.567471,48.693123,75.998558
165.860779,55.237144,50.384022,78.383759
167.669556,58.469139,52.878155,79.375366
168.744675,64.577560,56.416679,81.366096
174.743729,73.129936,51.223160,80.119965
183.051392,82.688911,50.595070,81.360214
187.157227,92.139641,57.320194,78.189369
192.892075,99.734245,54.084545,81.051270
194.217941,98.003426,53.817200,87.767479
197.608124,93.439270,54.043758,88.889107
202.018143,93.619614,55.069309,89.911621
204.186020,92.501717,57.384506,90.079269
204.388428,92.753487,57.353241,90.488708
204.113434,89.745705,57.175510,92.365814
198.839157,90.485489,57.216396,91.918213
196.612518,88.007065,56.977890,88.883759
195.839828,87.616974,57.002346,88.181816
191.527908,77.726082,58.284874,89.235947
186.331497,73.877007,58.999252,89.860344
180.926468,65.047272,59.619389,92.053375
173.961426,58.580292,60.410294,93.557976
173.765091,57.993675,59.523636,94.654953
171.314392,63.819561,59.109062,93.481789
168.799057,62.580700,57.857731,93.783669
168.895599,64.139084,56.370987,92.682777
166.877289,68.318481,55.863739,91.052376
168.329254,73.633537,54.220978,89.425446
165.637146,78.516060,52.060299,86.305634
166.864944,78.947403,51.403622,85.455437
166.629242,80.996948,51.065674,82.848602
165.660355,78.100250,51.654800,80.221298
165.958725,71.574806,50.605164,82.922821
166.487411,70.896339,49.627598,81.954208
166.995804,73.776787,50.570953,75.209419
165.521072,74.014214,50.999386,72.943436
167.092834,73.966141,49.558159,72.878128
168.506454,72.238594,49.983421,71.539917
171.875656,74.181519,50.196552,70.235001
182.186829,78.030190,50.909931,66.909538
187.072342,86.834648,50.232609,62.641800
192.544968,92.944450,48.360172,58.579456
198.572800,97.592720,47.643429,57.434124
206.046036,99.495171,46.503239,56.976067
208.759109,100.628113,47.184353,54.005348
209.745544,99.654015,46.646999,54.617424
212.343521,98.915291,47.501015,52.796043
213.973831,95.416428,46.080101,53.894737
211.408676,91.965683,46.614872,52.309765
206.801086,89.217079,45.479740,51.554981
206.398087,86.992813,45.348465,52.654335
206.259766,86.805351,45.572376,52.764355
207.559647,89.156319,46.612801,51.489372
205.989182,88.022949,46.154114,52.474789
206.395340,90.455048,46.517406,51.494473
204.583115,92.950874,46.897312,50.161938
203.737656,93.999496,47.124569,50.089817
199.703674,92.640015,46.952488,51.121433
196.662186,92.646866,45.973328,51.253319
191.545059,90.500870,44.733856,52.323067
190.503296,86.362434,44.187809,54.110466
190.273392,85.638420,44.425701,53.723915
189.932281,84.132500,44.641201,53.129967
190.006393,81.064468,44.227097,54.193687
190.183105,81.249962,44.448315,54.480087
190.210541,82.086411,44.453064,54.070950
190.801743,87.984680,45.074211,53.489517
191.511978,89.797600,44.886936,52.840244
192.180923,93.317406,44.420856,52.613144
193.586624,91.521980,42.717152,51.777668
193.514954,93.319305,41.739010,52.301971
193.178650,92.667610,42.291180,52.467770
194.501434,86.264076,42.196117,55.151077
196.215561,85.908676,42.535034,54.924500
195.727585,81.480988,42.307308,56.012482
195.366577,80.561447,42.402351,56.391277
196.097122,79.754532,42.864323,56.740261
200.218842,83.281311,43.083431,56.460854
208.403473,88.260117,42.866344,56.095505
210.748962,92.000465,47.908211,54.396473
212.876770,93.064903,46.719460,55.051739
213.077560,93.072792,47.100796,54.804878
211.532837,88.040726,47.179035,55.203526
211.951385,93.890991,47.240726,55.250416
211.366989,95.118263,47.694008,54.402729
204.205032,92.308235,47.516697,54.291164
197.027390,88.390816,48.308434,53.373432
194.329285,86.706001,47.251377,53.609886
186.904556,85.162689,45.749924,54.364864
185.417389,85.198746,45.576103,53.950939
184.229553,84.491730,47.083458,53.323151
181.680878,81.431801,52.755848,55.191185
183.723724,84.188896,57.297840,54.900555
187.108917,84.284187,58.179325,53.826649
192.373993,85.999939,56.205250,56.311481
194.039902,86.071106,56.585903,56.473679
195.320496,84.112724,56.711617,56.712097
196.364029,84.225815,56.832611,57.055000
194.916260,82.219864,54.268326,60.928905
192.157318,81.879616,54.013935,61.057697
190.178238,76.556747,53.255882,61.994640
189.824387,77.003029,52.768997,61.131691
183.373795,74.884018,51.494854,62.142727
180.601334,74.486450,51.064468,62.217026
181.506485,83.048706,50.629139,59.186455
175.570770,87.593750,52.074337,59.300285
173.912308,89.396805,52.600266,59.082684
173.907059,89.540749,52.961567,59.512341
171.517349,79.964165,52.393463,61.500767
168.367722,77.945312,51.558323,62.973698
166.372864,77.938530,52.089020,60.609577
167.907898,75.928772,47.967236,60.613190
168.086792,72.721573,46.771152,57.893600
170.095184,66.925941,46.042763,55.918266
175.780441,65.077538,44.187447,56.484364
178.256714,68.190811,41.796448,57.430794
179.015762,67.553070,40.268608,57.557961
179.740906,70.637550,41.834457,57.773006
178.130142,67.549576,42.246670,59.150116
173.797684,71.228165,42.908573,58.419022
167.586533,68.955261,41.148273,58.986099
160.259460,68.697121,40.820644,59.853832
152.648819,68.037872,41.493237,60.277203
147.022827,66.840271,40.975212,58.714882
141.852402,59.607502,40.699989,59.273876
137.529785,57.071724,39.514214,58.542282
135.752838,53.603619,40.602928,58.380856
134.141144,51.873825,41.184776,57.945415
135.247360,52.545883,40.854176,56.906906
138.310150,57.470905,40.506397,54.939438
138.655579,59.311401,39.882084,53.679966
139.235992,60.089630,39.684303,53.882053
142.911926,61.604462,38.669487,53.391392
149.560242,62.149502,39.849792,52.900799
151.262131,63.561310,39.727058,52.668091
152.103516,63.271149,39.482944,52.793327
153.558701,62.599281,40.360706,54.476776
154.035706,59.864529,40.020325,54.972511
155.666458,59.190769,40.821125,56.087082
155.999191,59.051403,40.905270,56.408230
158.499573,59.816975,42.502724,55.342495
160.984940,64.434425,42.486252,56.034069
163.386429,70.813248,42.750122,56.180527
165.172348,74.257751,42.354950,55.335026
166.663361,65.918396,43.982964,55.823112
166.895874,60.387367,44.104553,55.122540
170.325851,61.282631,43.852596,56.530949
170.486176,60.502056,44.265121,57.036564
171.779999,54.443985,42.866917,57.941277
173.542526,51.564610,42.437603,58.498970
170.327972,49.322922,42.365543,58.338623
169.171204,49.647083,42.043877,58.350555
168.590637,49.607216,42.172680,58.513786
167.965729,61.202660,40.414322,59.866447
167.044266,53.179302,39.990410,59.823071
166.540802,52.801933,39.754906,60.232430
166.033615,53.884178,39.503067,60.859394
164.672089,51.194881,39.936390,60.569008
167.132706,53.776310,39.706005,60.841862
174.943161,57.517372,41.999001,60.124020
180.211411,59.661427,40.838356,60.080776
187.215286,44.905861,42.711838,62.054665
189.688263,60.452606,41.694874,64.004791
192.187210,69.826500,46.726437,61.414196
196.217575,64.937897,46.118980,61.253010
189.888855,64.563385,47.847267,61.195934
187.909042,64.500526,46.260159,61.965591
183.733185,60.904022,46.494007,62.043674
185.041336,59.542961,45.303638,62.158867
187.918182,51.670650,43.049389,68.835175
188.072784,51.758598,43.491005,68.909462
190.101044,49.383034,43.012630,69.069450
189.792130,46.668282,47.282845,67.893112
197.495255,51.856617,44.598713,69.228828
197.444275,53.911209,44.980152,68.454712
194.951050,59.802418,47.039429,67.541649
195.342850,61.878208,46.760582,68.234062
183.272171,71.004967,49.518307,67.841560
172.244293,80.496086,50.651680,68.900513
163.361053,82.477524,49.711773,66.070648
152.842606,79.900658,49.496708,64.892975
143.626358,74.241333,50.392754,63.611336
139.539642,68.426979,49.374012,61.367611
136.818237,62.434364,49.970486,61.060818
134.965866,58.627659,47.805378,60.586773
135.781403,58.342140,47.704166,61.134350
137.432983,66.024376,46.092678,58.647015
140.911560,69.282623,46.026814,58.004257
142.020721,71.102188,46.356277,58.781227
143.365982,79.022194,45.336060,58.492561
142.657135,90.940971,44.138931,55.629227
142.642731,90.404564,44.039677,55.980030
148.578934,85.928207,43.611298,57.283123
150.631622,77.631920,44.527214,56.948441
152.228363,70.201408,44.276375,56.850258
155.323059,67.761414,43.956463,57.834644
155.744934,66.924431,43.706432,58.170486
158.490112,65.638451,46.367863,58.622650
156.880936,66.547920,47.556671,60.647121
155.087021,69.087997,47.338627,61.706619
153.232544,71.355545,47.067596,61.944866
153.480469,71.664520,46.641300,62.391605
150.246109,71.065254,47.259583,62.410892
142.706573,73.458809,47.554523,62.426888
139.628510,72.233963,48.820786,61.843170
135.336395,68.281265,50.560329,66.153610
132.375458,66.845367,51.663914,65.809143
130.786148,61.583534,51.159637,66.469559
133.267426,56.096851,51.246712,66.188087
137.125443,52.338261,50.327721,67.174843
138.429230,54.009636,50.470020,67.565849
138.745560,52.151157,49.025070,70.328117
139.697174,53.544632,48.319496,70.056839
139.761444,58.981525,48.014492,71.066681
140.500519,62.269711,47.530811,71.736916
138.996735,61.468056,48.024532,72.004425
138.956375,59.199791,47.702747,72.131561
139.337173,59.161205,47.808239,72.499519
139.644592,59.648033,47.919353,72.237457
143.112610,58.207085,47.668243,72.681381
148.472656,56.033264,45.396305,75.720993
153.620087,61.470798,45.357986,75.383812
159.165527,64.577873,45.590755,75.327240
166.050125,63.292084,45.246010,76.878502
170.658646,64.416985,46.521339,76.663864
177.546799,65.314499,47.155441,78.844574
182.887924,70.343811,46.604259,78.868111
