1
198.033630,110.347252,40.311203,112.365868
196.914230,110.588539,41.445705,110.689285
195.373306,109.328644,43.702534,105.834251
196.249435,109.406586,44.592926,105.281647
195.907486,109.790619,45.288605,104.567856
195.986755,111.753059,45.235542,99.844276
194.452972,110.124290,44.983845,97.674126
194.681015,109.764809,44.578960,97.884125
196.109421,109.268715,42.701458,98.084549
198.749786,107.837921,42.334404,99.509270
200.517853,108.831490,42.398106,99.043724
202.077881,110.079422,42.671883,97.910553
202.606079,110.438080,43.216862,97.605446
202.285614,111.673218,44.860832,98.696938
201.404831,111.319611,46.625534,98.771690
201.303925,111.364609,47.071434,98.804268
202.377136,109.543259,47.966377,99.169518
202.221710,107.914238,47.768242,98.408478
201.836426,107.706863,47.689266,97.836678
201.774963,106.637009,47.584824,97.703430
202.417511,103.069702,46.200882,96.305443
202.363144,102.509407,45.913483,96.194710
200.471924,102.579033,47.251339,97.799988
200.312576,102.592751,47.350288,99.114258
200.301697,101.883163,47.464081,99.401756
199.022186,100.047379,48.670704,98.373238
196.805084,99.123497,50.362843,98.237289
195.883728,97.844826,53.768337,99.269264
196.528305,97.869431,53.471226,99.295113
198.727325,93.184601,51.202667,100.038994
199.370483,90.632454,51.106239,101.569626
202.148956,89.122673,48.199898,102.516747
206.530396,89.304550,45.643822,99.993538
208.297516,91.331245,45.662144,98.389908
208.530396,94.379677,44.859840,99.539978
207.822250,95.677223,46.452454,99.348824
207.883301,96.073761,46.645008,99.387405
208.418304,96.232956,48.407654,100.253471
208.724655,96.300392,49.075871,100.726578
209.468460,96.485260,49.481098,101.140915
209.642700,99.677139,49.912754,100.122833
209.434128,104.469772,50.378868,102.451332
210.701981,105.633232,50.477165,102.114479
211.494598,107.155144,50.220432,102.025764
211.440979,107.657692,50.352398,102.592056
208.198730,108.598915,50.518391,102.260391
204.988205,111.773422,50.608459,100.677765
203.643600,111.720512,52.683758,101.077408
199.252823,112.349762,53.252960,100.392113
198.566040,112.154480,53.526184,100.288017
195.460403,113.409348,53.911869,97.698700
191.618988,109.594093,51.670940,97.828041
188.160736,108.163071,48.383827,95.766922
187.342911,104.827728,44.704979,95.907249
188.124741,101.751938,42.558895,97.168175
188.345901,101.893883,42.958450,97.466431
187.475967,101.154022,43.544685,99.893341
187.437958,104.482651,42.012222,98.019241
187.667343,105.379906,43.003983,98.294975
187.717712,105.702087,44.643021,99.821213
188.467804,104.557487,46.370960,104.156120
189.869904,106.609306,46.631416,103.679794
190.960159,107.261650,47.518177,104.062607
192.231552,107.990898,47.029926,103.489799
192.532486,107.931541,47.148701,103.349258
193.127411,107.369087,43.550514,100.277702
193.433624,107.675774,43.855247,99.505157
193.563126,107.827042,43.894833,100.370110
194.316025,108.400764,43.389408,99.955322
200.992126,111.824036,45.057705,96.101730
208.383942,109.977348,46.597363,95.581024
213.216370,103.114929,44.746323,93.433159
213.363953,102.798645,45.134300,93.391411
210.953125,102.764679,46.908901,91.965553
206.319122,102.484299,45.479977,90.175766
200.782761,102.310623,43.827862,90.791985
193.720459,104.318954,42.360485,87.579071
190.228149,100.874741,38.747166,88.053848
189.400986,102.693642,39.221180,86.720177
188.296280,97.940247,39.234356,88.345848
188.118759,92.369507,39.166565,88.426483
188.784805,87.793930,40.031143,87.158295
191.626953,83.876724,40.680714,86.608490
192.533066,80.699898,40.838272,87.760269
194.065155,75.579948,40.541401,92.155457
195.121262,74.644936,41.103542,91.344574
195.822861,74.578133,41.274826,90.983795
196.195419,74.548386,41.176315,91.598114
196.681244,78.431366,40.928223,91.469574
197.486572,81.063972,39.409042,95.191811
196.707413,87.361801,39.072887,96.172356
197.210434,95.283417,37.143871,93.333725
197.406250,95.909607,37.345615,93.631371
197.294479,100.547707,38.261696,94.014481
198.108597,105.496040,40.583359,96.047409
203.667816,103.118378,40.550156,102.932533
203.448639,106.515495,41.680923,103.020317
203.693878,114.887154,41.597939,99.562912
201.547699,122.484322,42.352108,95.227348
201.591232,126.661537,42.487431,91.110863
199.471527,127.840782,42.910919,92.220551
199.441910,130.311142,41.517136,90.070068
200.095551,131.122589,40.973892,90.657677
198.432037,135.437103,40.150337,92.694679
198.959396,135.865494,39.769890,92.619781
198.931824,136.347595,39.964226,93.608192
198.540726,135.150879,40.249516,98.687447
198.838501,134.610062,40.578094,100.394211
199.428406,134.011703,41.262085,105.280045
199.282547,132.414322,42.254719,108.079529
199.681580,130.284561,42.667622,111.960754
198.949570,128.913803,43.528667,114.916565
199.424225,128.903763,43.894524,115.015129
200.191605,129.145309,44.063030,115.922234
201.518478,128.943726,44.792778,115.951569
204.514679,131.753571,45.235905,114.252754
208.484573,137.028137,46.976089,111.968590
211.834152,141.474747,48.623047,110.904816
214.430435,144.924026,49.787212,109.768425
215.130112,147.365723,51.977646,112.050201
218.108444,156.036972,53.740166,106.776459
218.639404,161.359177,56.767109,102.744560
221.535004,169.082413,60.009655,100.412338
224.007004,172.500015,64.589615,98.646873
230.975677,175.768326,64.933937,96.778091
231.497910,178.660217,68.434479,95.777184
234.942947,179.739059,72.323120,94.425697
240.004181,181.299911,72.193863,93.244240
244.080612,180.889038,74.945229,95.757324
246.493317,182.490067,74.794563,95.704399
2
0
0
0
0
1
220.722183,131.240845,37.137074,89.018784
222.863358,131.389709,37.017128,88.627045
224.992477,134.092163,37.127575,88.125481
226.153748,133.824631,37.175240,88.361351
227.962387,130.846771,36.882915,89.105789
231.287827,129.318726,36.095291,90.213463
230.290604,124.315094,35.728024,91.003601
229.447174,123.002266,35.883671,91.780136
229.365692,121.539352,35.824612,92.260063
227.069061,122.134636,36.260502,93.122429
226.689209,122.562958,36.447323,94.861725
226.901215,122.197426,36.640705,95.206001
227.154922,121.048309,36.846333,96.654808
227.292542,121.017906,36.999027,97.034721
227.216934,117.899048,36.866112,97.213486
227.439651,115.218636,37.127808,98.249809
227.531693,114.391518,37.477432,98.495987
227.532501,114.195015,37.531242,98.210915
227.713318,114.271553,37.988987,98.480606
227.739105,113.762085,38.153217,98.550117
227.592178,113.160011,38.580349,98.710533
227.606339,113.023270,39.136551,98.780670
227.744934,113.172226,39.839695,98.700882
226.969879,110.999947,39.894661,100.328896
227.805161,109.795662,39.052860,99.255882
228.149948,106.995903,38.565594,98.690407
229.107529,103.000694,38.118073,97.750786
229.198059,102.006554,38.336849,96.741203
229.034348,103.588745,38.558617,96.447334
228.375656,105.144440,40.704506,95.650467
227.141037,106.623024,42.100670,94.921577
227.375137,106.725281,42.558731,94.933189
227.478394,106.689713,43.056908,94.801666
227.190735,106.968407,43.505795,94.427505
226.068207,106.397339,43.388283,94.205650
224.179138,105.595718,42.513885,93.704185
222.972321,105.864990,42.508877,93.809395
219.947006,105.447777,41.665714,92.350914
218.390549,105.651108,40.997810,92.031021
217.099930,105.746529,41.530220,91.974770
214.198181,106.779449,41.983406,89.360710
212.549149,105.533974,41.738724,90.759850
210.682114,104.874107,44.673527,91.321281
210.419373,105.227867,45.371010,90.786484
210.480072,105.252647,45.482079,90.977974
210.444046,105.216042,45.471333,91.000198
210.426773,105.344193,45.387707,91.754784
210.265961,105.126221,45.217926,91.983154
208.200333,104.108086,44.483444,92.433365
208.274963,103.874687,44.103088,91.981613
208.148911,104.936432,43.628265,92.946861
209.566864,106.678314,41.705868,92.542038
211.053299,106.742233,39.381779,93.255707
211.462387,106.817131,39.026276,93.740562
211.938644,107.950874,39.081470,96.413002
212.642105,107.658623,38.958988,97.023338
212.702499,109.638931,39.306904,97.437057
212.778030,109.673279,39.483871,97.451195
212.503754,109.740723,39.349854,97.704643
212.749298,105.514832,39.446625,99.100334
212.804443,103.645027,39.584522,99.360245
214.536301,102.847061,39.501423,100.380516
215.291168,102.987602,40.622936,102.520531
215.692398,104.062263,41.001854,103.145271
214.565994,106.102577,43.535831,107.357079
212.967621,109.615524,47.187180,107.089241
212.645798,111.902222,47.854023,107.725723
214.505096,117.315651,47.933868,107.126869
214.018799,117.975533,48.909454,109.594223
213.327484,117.783165,52.463509,108.440292
213.739777,120.653175,53.345352,106.750893
213.563385,118.071075,53.623650,106.962837
215.009537,130.184601,59.143326,108.952194
215.872269,131.580505,59.810406,107.675232
217.809769,142.381241,62.879509,101.447166
222.145004,147.963287,63.901802,100.426613
223.548203,154.590363,63.360191,95.171181
225.750977,158.379852,64.197868,92.476501
229.332397,165.612274,65.439651,89.199463
2
0
0
0
0
1
199.320374,138.018921,40.257542,95.542953
199.448792,138.229614,40.484825,95.926170
199.440491,138.147430,40.464195,96.077164
199.639664,137.812500,40.420387,96.118240
200.697784,136.606384,40.610645,95.892746
201.659424,136.524811,41.180786,95.564377
201.801376,137.081299,41.535164,95.753212
202.074524,138.757355,42.407982,94.857224
203.534210,138.808945,42.388935,94.663849
202.840607,137.156525,42.029076,95.858322
202.766220,137.225662,42.269417,95.963921
200.300430,133.980606,42.025684,97.585182
197.632645,134.901062,42.249557,96.846985
196.083542,134.671234,42.291073,96.343956
194.915009,135.248978,41.489265,96.494637
191.224167,136.932770,42.206810,96.815758
187.795563,136.150818,42.712234,96.797012
186.469528,137.529938,43.609436,95.875389
186.370758,138.351959,44.041214,94.961716
186.023117,139.240479,44.307693,94.127304
186.082214,139.662674,44.472595,94.053650
186.236435,140.400406,44.272556,93.481400
186.651367,140.243118,44.281769,93.329788
193.795853,141.283615,43.983295,93.167023
198.209122,139.033508,41.520649,95.578003
198.958984,138.747330,41.665871,96.105370
200.182266,138.269333,41.275928,95.957962
202.015152,137.905884,41.263165,96.356537
204.063202,137.383606,41.728943,95.663361
204.203339,137.461838,41.970493,95.875046
204.458374,136.591965,42.129463,95.173409
205.053772,136.349228,42.370487,94.320625
206.074875,134.887894,42.269970,95.220879
206.367737,135.038513,42.330814,95.259827
205.512695,134.337982,42.563362,96.145393
205.475739,133.934052,42.763344,96.239922
205.674744,133.642242,42.184128,95.620903
206.126465,128.955933,42.148502,96.067123
206.460770,128.028152,41.366028,96.087135
206.704468,128.379272,41.134541,95.344818
206.805084,127.661575,41.380478,95.154465
206.741241,127.375366,41.275558,94.471672
203.341461,128.603897,41.880993,91.822479
201.803268,130.220718,41.719330,89.460358
201.116669,131.455032,41.618732,88.184265
197.921570,134.948761,40.999344,85.511803
196.482742,138.482834,40.831726,82.437775
194.194550,139.065262,40.357166,81.391808
194.565979,135.077805,38.856201,82.658516
196.719650,133.182526,38.137444,80.880112
197.080078,133.244904,38.263706,80.703430
197.228210,133.470886,38.457611,80.522827
197.297195,133.204681,38.643597,80.468346
196.759506,133.361588,38.991470,80.053497
195.753036,132.523071,38.897404,79.547470
193.842010,132.503464,38.833096,76.918770
192.837372,130.434708,38.704536,75.893616
190.226456,129.785873,38.688866,72.589691
186.077301,128.414505,38.823433,71.411285
185.011917,126.304817,38.730999,70.073303
181.371750,123.437592,38.361618,70.536949
179.697739,117.266724,37.229912,72.881355
176.719299,116.654915,36.912724,72.980339
175.998062,115.750496,37.307087,73.102356
176.081436,114.874390,37.254650,75.217186
176.151199,114.921295,37.442955,75.559105
173.948715,112.932892,37.322990,77.272110
169.609314,111.577583,37.216797,77.285385
167.526093,106.652290,36.400959,78.100281
167.469879,102.847633,36.383724,77.945213
167.350632,101.172722,36.887901,76.157021
167.929626,98.286667,36.440792,74.766029
167.485229,94.732384,35.741180,74.827446
167.131989,93.713585,35.925735,73.688202
166.601944,92.398499,35.796150,73.796143
165.883453,91.412216,36.019611,73.593132
164.079483,91.376137,36.290741,72.561623
162.953598,90.956200,36.150803,71.486801
160.012283,89.539200,36.145321,71.172607
157.800446,89.169037,36.281551,71.208511
155.648605,88.468498,36.201733,71.031982
154.802872,88.350540,36.211311,71.433655
154.721024,88.298485,35.972286,71.347961
153.949356,88.455940,35.967777,71.337479
152.940781,88.577934,34.899582,70.300751
149.738190,89.743378,35.573326,69.391731
149.687271,89.982986,35.887222,69.395462
148.999786,91.869278,35.787388,68.791168
145.388458,95.426834,35.259575,67.331848
144.297180,97.674438,35.678780,66.820839
141.886749,98.477806,35.095821,67.569038
141.843689,98.843155,35.252861,68.315002
141.830627,98.936234,35.231087,68.635239
142.068985,99.044998,35.081467,69.265083
142.306488,99.066376,35.430466,69.629883
142.045822,99.476608,35.532272,69.792999
141.969818,99.376808,35.419964,69.991272
141.730957,99.459663,35.430527,69.901466
137.932541,98.769768,34.763584,70.213547
137.942078,99.127907,35.049934,70.327934
137.446198,99.231720,35.448463,70.365166
136.738846,99.320496,35.570358,70.431168
136.494522,99.398178,35.774509,70.369659
136.358551,98.807266,35.791142,71.333481
135.190689,98.210625,35.395897,70.696449
135.076096,97.744812,34.966442,71.652473
135.002075,97.904137,34.932068,71.994942
135.130188,97.983368,34.580540,72.005722
135.283844,96.408539,34.890625,76.867462
135.534256,99.550034,34.656029,78.418678
135.905975,103.480804,34.576462,77.494926
136.511810,102.950859,35.720036,82.652916
136.689774,104.554039,36.095310,83.228470
137.863815,107.110954,36.410728,84.192825
138.714401,108.123306,36.823719,84.433121
141.047607,107.948967,36.839344,86.028366
149.606125,104.610847,38.344578,86.575256
159.300720,107.808273,37.114731,85.668381
169.677811,107.260780,34.599308,86.978897
169.913651,107.258064,35.020824,86.993713
170.676605,105.458084,33.681011,86.994553
170.697937,108.894249,34.013390,86.844864
170.904205,108.938835,34.487732,86.986732
168.430298,107.287415,34.236572,86.412041
166.715408,107.840263,34.714436,86.389900
162.069992,107.563400,35.039749,84.228828
159.261002,106.321007,35.063038,84.682350
156.285828,107.560074,34.825386,85.002518
152.051346,110.003815,33.495220,84.046402
149.487488,110.432281,33.275677,84.318245
147.713242,111.233513,31.691216,84.554878
146.202850,111.305603,31.060596,85.505775
145.901901,110.553291,31.658302,87.233063
146.740128,109.588951,31.071062,88.663506
146.969299,109.867897,31.481922,88.973572
146.915894,109.578552,31.461105,89.333450
146.948715,109.761055,31.484449,89.433434
146.764801,108.714798,31.250595,90.035049
145.631683,103.396187,31.070366,94.941574
144.290009,104.798904,31.414639,96.254875
145.233307,105.016991,31.711660,98.634338
145.543915,105.201637,31.752056,98.840263
144.504990,106.375526,31.753880,98.944298
144.673294,105.070686,32.110958,98.712044
146.049942,93.803398,32.525028,98.908554
152.801620,87.980537,32.539852,95.354881
157.852081,86.195663,32.860348,94.301407
157.789185,88.395348,32.980732,91.592712
158.773529,92.863945,36.800880,89.073944
160.171448,96.409676,37.330578,89.803307
160.826096,99.520226,38.759853,86.502357
160.928314,99.902847,38.981518,86.913925
160.946457,99.988884,38.972942,86.967598
160.734848,104.180367,38.872120,86.023651
160.736954,105.481155,39.059101,85.998909
161.166824,111.088249,39.230919,85.125473
161.348618,112.843300,39.271084,85.182396
160.445496,113.384850,38.966766,85.294182
158.931824,114.988792,39.150547,84.695732
157.520859,118.128899,39.319901,85.022728
154.634857,121.681664,39.980736,83.038216
150.901184,120.222443,39.842636,83.593124
148.590622,119.360092,41.087181,82.118988
148.545883,117.733887,41.231937,79.064789
148.810913,111.297440,40.471535,79.349052
148.901611,108.990257,39.501534,77.384087
147.803177,100.505287,39.993366,76.021332
149.153320,97.168060,39.423046,76.691986
151.230637,93.976562,39.196999,74.944473
153.412354,88.974861,38.797890,73.512749
157.238907,87.950081,39.350327,73.453514
161.394394,85.597145,38.059513,72.967339
162.034683,85.330032,38.935772,72.660820
162.158661,85.527847,38.950253,73.039673
162.500519,87.743729,39.054035,72.678726
162.852524,89.120407,39.400742,73.108681
162.905045,89.449707,39.438362,73.558495
161.354080,94.311310,38.885815,73.878593
158.697769,97.514229,36.559856,74.390862
155.075195,99.465729,35.997143,76.365433
152.265030,102.379715,35.297390,76.050697
147.966095,105.259583,34.866398,76.719688
143.894592,110.601639,33.922970,77.206497
140.957657,116.013863,33.720509,77.041481
138.701080,117.506859,33.774746,77.804176
137.950806,119.753830,33.494896,78.597343
137.591446,121.680626,33.179695,80.132156
138.203079,121.963348,32.607265,83.447441
139.430344,122.108345,32.107498,85.002785
142.368408,123.935913,31.013975,85.885307
145.070312,126.574211,31.049194,85.264954
146.776505,125.610123,31.297155,87.282814
146.861816,125.217377,31.382957,87.493614
147.296326,122.409897,32.198647,86.686554
151.298920,118.357635,30.691849,86.009567
152.816330,116.508484,30.636324,87.159622
153.111221,116.480743,30.963953,87.489563
154.713516,115.476326,30.468216,87.446053
155.923203,111.652863,29.901506,87.580322
156.316162,111.115623,29.862251,88.195496
157.563995,110.357452,29.921715,87.494102
158.097824,109.537010,29.855310,87.446739
158.190216,109.051826,30.079586,87.917030
160.247894,105.511192,29.468431,89.295578
160.311218,105.560699,28.916719,89.610191
160.085922,104.331177,28.589394,89.985168
157.085419,98.887215,28.856150,91.925224
154.925400,96.091576,29.683905,91.846954
153.997696,95.518791,30.239555,91.770882
152.531677,94.504364,30.646284,92.792412
149.245071,91.834740,30.564722,94.453842
147.717926,90.908577,30.400057,95.340439
144.928879,89.101807,29.934307,96.596138
143.543045,90.898590,29.965214,96.524055
143.130814,91.739120,29.695984,96.731606
142.359070,91.744255,29.924290,96.541557
142.406906,91.895370,29.951971,96.836205
143.604797,89.180557,28.670542,97.732155
144.433914,87.929680,28.499327,93.822723
144.717636,83.962357,28.669928,91.107651
145.938934,84.651031,28.493456,89.735786
146.200790,84.406944,28.469151,89.658791
146.966476,83.461342,28.482872,89.885979
147.365555,83.304039,28.430775,90.126801
147.282990,82.185051,29.175425,89.643188
148.138550,81.349854,30.697807,89.698738
152.001755,78.751984,31.378166,90.248535
158.653091,73.899307,29.439655,90.600266
161.225647,70.892746,29.814617,98.396698
163.273895,80.107468,29.130005,97.384476
163.336411,81.965111,30.266951,97.015327
166.006363,84.682884,29.741604,98.479095
165.661057,86.775787,30.202335,97.310738
165.755829,87.161011,30.510740,97.232986
165.932266,87.775475,30.918386,97.434265
165.835678,87.587257,30.863699,98.479088
165.963440,88.205635,30.861658,98.178009
166.120956,91.817215,30.490986,98.083954
166.154388,92.911575,30.496359,98.181160
166.528870,95.016747,30.228527,98.920708
166.591537,95.811813,30.314688,98.308388
164.013443,96.103630,30.116135,98.164124
163.399246,99.015015,31.164927,97.057526
162.838715,99.383202,31.489775,97.210922
161.553665,100.166718,31.189871,97.769737
159.513794,100.660255,31.456766,97.816368
159.334015,100.694908,31.365845,98.615730
159.394180,100.880836,31.482742,98.966904
158.081314,103.084068,31.603336,97.909340
155.152863,107.241272,32.269196,93.781967
151.533295,111.065025,32.744167,93.975502
151.628128,111.077415,33.008259,93.904167
151.846008,111.103500,33.427326,93.949356
151.892746,111.142242,33.449112,93.946640
151.922028,111.187729,33.483154,93.957809
151.929688,111.205521,33.473072,93.906143
151.930649,111.823402,33.457432,93.697006
151.927567,112.053474,33.479923,93.933159
151.830734,112.116882,33.677532,93.882286
152.002792,112.163734,33.970104,93.915871
151.575851,111.388031,33.905869,93.671066
151.599243,111.470444,33.945606,93.640732
151.560760,111.119041,33.965958,92.837341
151.691940,107.334129,33.382229,91.838860
151.680237,107.009407,33.523705,91.458954
152.130524,106.199646,34.158890,90.584114
154.576904,102.992638,33.807137,88.162811
158.984955,102.491531,32.389801,84.434074
160.299744,102.478928,31.419910,82.956085
161.884857,99.563026,30.205469,81.732681
162.336288,99.475861,30.378128,82.043488
162.716156,99.113861,30.172136,82.376656
163.004639,99.056496,30.419756,82.544853
163.203262,98.611336,30.369349,82.356422
163.331757,98.336433,30.473856,82.830025
163.549225,97.246948,29.927794,82.453804
163.796051,97.224861,29.474173,82.250832
163.842575,97.315178,29.436766,82.455132
163.873566,97.339020,29.485334,82.462471
163.881363,97.352081,29.489285,82.461716
163.886566,97.373405,29.489267,82.457634
163.983749,97.361198,29.492573,82.362312
164.132446,97.322166,29.503239,82.254494
164.611664,97.170143,29.892611,82.050293
165.613724,95.943489,29.621010,82.007690
165.803268,96.200722,30.076466,82.363846
166.026245,96.021301,30.410238,82.386383
164.535706,95.315346,29.859337,80.712769
162.576401,94.806564,29.997257,80.271263
160.320969,95.330376,29.593187,78.136040
157.420746,95.030518,28.997458,76.613472
156.998322,95.908882,28.730654,76.283417
154.569199,96.383682,28.421364,74.952446
151.789490,95.734299,28.258751,75.462242
148.803665,96.874161,28.409849,75.431137
145.797485,96.830727,27.451849,74.656311
141.570618,96.550117,28.351139,73.488075
140.136368,94.501801,27.105097,74.400742
138.957794,94.334290,26.592274,74.918938
138.940704,94.275070,26.828329,74.924751
138.683640,93.590500,24.838951,75.333939
138.077774,93.538826,25.135593,75.506371
136.133713,90.178352,26.025587,78.309288
134.503326,88.853882,26.847649,79.425842
134.342102,88.824463,26.950979,79.510536
133.820175,88.741791,26.865820,79.987625
133.325317,87.927185,26.918480,80.569466
133.183945,88.506561,25.583700,80.357979
131.884857,89.744324,26.130133,79.792549
132.283096,89.813934,26.171251,80.197937
132.700455,90.466019,25.942640,81.509811
131.742645,95.534424,28.926723,80.346367
135.625931,101.152603,27.248066,80.009155
138.761230,107.675392,26.609669,81.730576
141.437317,113.838898,27.654963,78.649048
145.194351,121.800430,30.011597,73.469048
151.492203,122.888321,28.718176,73.875259
152.249054,125.183456,31.699312,73.617554
152.841415,125.239182,30.838066,75.088417
153.020325,125.407066,30.796616,75.508713
151.450882,120.966873,32.852478,75.612381
149.900513,117.628036,29.996256,75.893639
150.290710,116.340683,29.646507,76.983292
151.223679,113.552834,27.412409,77.015846
151.406906,106.814812,26.447971,77.904671
150.831711,102.962135,26.687412,77.741943
150.908554,102.633430,27.107180,78.205490
150.101593,96.896034,27.581404,79.529831
149.443344,95.766037,28.040459,78.923523
149.600113,95.221817,28.379143,79.023308
148.346375,93.003563,28.360603,80.477654
142.964691,94.653427,31.366247,80.860893
136.889694,95.271744,29.528158,79.608093
129.006012,92.201599,31.287800,84.035217
124.158524,91.252831,31.696459,84.550507
118.217094,89.188110,33.320419,85.383827
112.338783,83.799538,37.024113,92.062714
110.851646,82.292496,39.723465,92.570961
131.689835,76.438332,40.118198,93.312531
152.026459,70.356445,40.410660,93.524467
181.180252,63.537453,40.578453,95.802780
210.548752,52.801880,41.367630,95.307106
234.006485,49.511269,40.962692,96.139336
220.294891,47.638599,46.481621,94.659706
215.179092,51.867630,44.162708,98.346230
232.179932,46.965008,47.339169,98.606575
246.075562,40.090706,45.168510,105.853050
243.758270,34.944176,45.313610,111.030136
237.326843,40.106060,44.654053,115.583977
236.344772,42.599583,45.395313,117.711098
227.243668,38.637455,47.878433,130.214737
228.846207,60.635792,50.437973,124.010223
234.926941,61.589699,49.799934,128.966522
235.348007,63.389359,49.783752,135.537460
223.722107,76.848015,54.171028,130.790146
210.620667,95.508247,58.514084,126.136002
195.638931,103.216187,54.006405,125.709442
187.588470,109.296501,51.707138,123.559669
182.713699,113.018753,50.417160,122.735252
178.995590,113.992699,50.358101,121.663277
173.668762,112.783707,49.735641,124.046104
166.315887,110.348053,54.149170,123.887993
166.630035,108.610817,54.328701,123.380035
172.279282,105.420708,52.430935,127.865578
172.023773,101.200882,54.012939,125.329483
176.012619,96.472633,54.129807,125.350258
184.012527,94.598419,51.210400,126.970970
185.531525,97.056923,50.961437,122.378967
185.219818,96.751709,50.866100,121.681274
185.818970,94.924690,50.101635,129.694565
185.450974,104.978981,50.641449,120.953003
182.636978,113.452408,46.272892,121.738327
178.512314,114.540009,46.035728,121.186729
178.049332,113.976768,45.225861,121.768738
169.777985,121.725174,54.437038,117.766457
