1
315.410370,164.702362,44.094971,68.921600
311.228760,168.374512,42.437378,70.581078
306.381287,168.768234,41.931671,70.367332
302.951019,168.028793,42.416916,68.944008
290.413269,169.685730,42.130341,67.515427
285.977844,170.184769,41.828297,68.660271
2
0
0
0
0
1
303.776550,163.722839,45.131073,73.387711
309.997162,167.930298,45.630878,72.739433
312.912842,163.705368,45.525040,74.213509
311.458008,159.055710,44.753368,77.574463
311.025330,159.255768,44.595818,77.975143
310.014771,159.594376,45.047775,76.549767
305.841553,155.609192,45.748001,75.036942
302.641327,155.536392,46.695988,76.408264
306.792511,157.371567,45.046719,73.123955
315.671051,158.057785,44.549946,72.164627
312.987335,155.008499,44.437401,73.523849
311.291931,155.157700,43.580093,77.567078
312.063263,154.782211,43.545158,79.161079
310.845306,156.171906,44.080723,77.725906
316.088196,155.485580,43.591110,74.777573
312.874695,157.863129,44.036339,70.517670
315.247620,152.832016,43.699696,70.312088
316.551819,152.826645,43.477650,71.454056
316.564484,152.372330,42.261032,73.374603
312.067383,157.977036,41.678505,70.581711
317.664124,155.643036,41.013512,70.946976
319.987762,152.874786,41.286831,69.685867
319.055847,154.067642,41.205788,67.875618
319.903046,152.864288,40.863907,68.635742
321.445862,145.668655,40.358292,72.874733
321.511108,145.733246,40.480320,72.967461
324.318176,146.866470,40.559978,72.944183
326.901764,145.412109,41.038231,71.631561
326.371368,144.627975,41.015785,71.607208
325.785095,144.211761,40.758392,72.858475
326.254089,150.443832,40.859226,70.059853
322.589661,148.332901,40.377438,72.265945
322.770813,148.207092,40.343010,72.748528
325.683655,148.437943,40.339890,76.397331
323.233185,150.570786,38.994541,76.544571
327.027008,144.081741,39.452763,75.906036
325.482819,147.104767,39.562069,74.506500
325.667023,147.444290,39.987045,74.806541
332.855804,148.589355,40.172195,73.907913
333.709045,155.764114,39.770576,69.307327
332.646667,154.593613,39.284286,66.034813
326.964142,155.995590,39.203537,65.752579
333.917053,157.315598,38.638405,67.632889
332.090454,157.042145,38.417492,69.325600
332.846161,156.678284,37.894276,69.861008
330.788116,155.736481,37.722912,68.821281
329.957001,155.350937,36.775703,65.084785
329.620758,158.526550,36.968674,64.394798
331.040131,156.298355,36.359451,65.248512
336.717041,154.236450,36.433475,65.899635
331.181091,157.370331,38.019825,60.885933
327.101379,158.741516,38.480877,61.070282
325.411560,157.307434,38.463318,65.041626
326.326599,157.659500,38.815266,65.513031
326.337341,157.691315,38.894981,66.349159
324.509796,155.333206,38.157459,62.721622
322.208832,156.789459,38.215946,61.427128
318.334473,161.341599,36.840641,59.300945
320.693451,160.440964,37.359028,59.395901
320.160889,161.857544,37.159092,57.456005
322.905518,158.600220,37.077244,58.496330
324.992737,168.525803,38.768265,56.042683
318.117493,167.722290,37.999039,57.812641
319.236816,163.126328,37.178440,55.989300
323.001678,166.230438,37.150909,58.894890
323.647278,164.745285,37.368958,59.731697
324.330139,165.749268,37.013763,59.368389
324.051361,165.390549,37.561131,58.514500
323.217163,171.418182,37.381519,55.215530
326.869232,169.189423,37.499435,58.789635
331.794617,168.958633,37.605927,59.374336
331.176636,167.750153,38.061462,59.160313
330.916901,167.145889,40.377781,54.677155
331.651825,165.596970,40.072025,62.708092
334.805084,160.263672,40.097771,64.515152
333.659302,163.621170,42.444462,64.361961
333.002625,160.225677,42.280926,65.012123
333.445984,156.359558,41.979218,64.876442
338.391693,159.949051,45.058739,65.074852
335.458282,158.616531,43.863914,65.513229
333.250305,161.287048,42.598145,65.670563
336.445801,157.633865,42.168774,66.369987
337.745026,155.281052,42.940651,68.249763
335.454376,157.777649,45.105011,67.428574
337.036285,152.708115,45.070736,68.189896
336.064636,153.681610,45.626671,69.739845
338.645966,153.424042,45.868790,70.656036
340.541321,154.216980,47.776627,69.413780
339.238983,151.911041,47.329784,70.064415
334.658081,150.728806,46.017311,71.068451
334.680023,149.956345,46.096558,71.523453
336.315735,150.173950,45.768497,74.465202
333.535339,149.031403,45.925053,73.179359
333.030853,151.550308,48.363708,72.231148
332.987427,152.073853,48.324974,72.522789
334.918823,150.094818,47.000282,73.033752
342.083282,151.830505,46.596840,79.389145
343.934692,150.399551,45.725803,83.539703
344.194153,150.595215,47.060986,74.024689
343.867828,148.317108,47.134693,74.142258
346.059998,143.074722,46.995934,76.394653
348.815948,144.913940,46.057491,76.839340
349.973816,146.337448,45.005596,77.894623
349.465759,146.008118,47.010750,83.485832
353.861969,144.837662,47.799107,81.797516
352.133209,147.351669,47.789177,84.718193
353.610779,141.952194,47.376419,84.650742
354.602966,140.117081,47.932274,83.908272
353.855469,140.110687,47.661316,79.183105
354.134979,140.409927,47.982117,80.257141
352.333435,142.682236,47.755043,79.254204
352.464386,142.800247,47.991882,79.454399
356.676270,141.570847,48.481354,80.035088
356.238983,141.094437,48.429089,76.952263
350.842133,140.411942,48.850796,79.995728
353.879730,139.869095,47.822746,83.504967
354.926910,139.729965,47.905510,83.910530
358.616486,132.908752,47.734333,86.839523
357.696289,132.522888,47.597515,87.061653
358.107300,133.583832,49.358456,81.752014
357.740784,136.208694,51.818607,82.579178
358.513275,137.610687,51.745213,82.877663
359.502197,139.452072,52.388874,79.834862
358.261414,138.349869,53.510445,80.102249
357.654663,135.474258,51.140282,83.857994
365.140076,138.263351,49.499920,85.260498
363.745575,144.885574,50.148685,91.866730
364.303284,144.073746,52.572754,85.134392
371.881073,139.862381,51.816948,89.605057
372.832581,138.814224,50.551880,95.227852
375.595917,144.225708,51.082588,86.187759
382.059692,145.102875,51.428349,93.064667
378.103821,143.619049,50.069687,89.814056
378.925598,145.798798,49.501305,88.184593
378.225739,146.807816,48.520329,88.703720
380.582458,141.050934,48.504467,94.024620
386.049255,138.653976,54.918564,93.786163
389.904846,130.073318,54.520557,95.599487
390.895050,126.217346,54.771351,98.931290
392.221069,125.366493,54.750843,101.499664
393.304688,128.761124,52.869858,99.590218
394.103241,126.571709,52.651749,99.700462
395.526978,126.160904,52.563877,101.936905
395.792908,124.426575,51.759705,107.724907
395.839081,124.715485,51.712204,108.647774
398.320953,129.557510,50.956295,114.080780
395.348816,125.723572,50.431263,114.934486
395.466644,122.515266,50.659718,116.541405
391.723022,121.942215,55.010937,112.616516
387.626221,118.497948,55.746407,102.566162
394.038940,123.668861,56.279835,102.036713
396.316895,132.981186,56.902615,97.150719
397.507782,136.819641,58.423977,96.250000
398.965698,144.463547,62.815689,96.002823
397.580139,144.817078,64.028763,88.026489
418.001984,151.107803,63.521542,91.712936
418.841156,152.126236,63.758095,90.253029
425.246643,155.303177,63.044987,85.535599
429.664154,156.607803,64.245888,87.159050
438.572968,153.545700,65.157112,81.617035
441.868774,154.908997,63.789837,81.435081
444.452362,153.357605,63.362064,83.984589
441.296265,153.385193,63.231590,76.420319
445.389221,152.981949,62.738079,75.140099
445.161255,152.952942,62.142933,75.007141
451.722504,153.185104,60.951138,75.372063
451.526245,152.161118,58.229229,74.970947
453.162018,153.360184,56.426651,76.349174
444.013123,152.577988,56.121426,76.985397
453.761505,158.702850,55.946140,83.243034
452.342255,159.766983,56.884636,81.719238
451.690033,161.035828,57.212830,78.164291
454.411987,158.835831,56.517471,80.062218
453.062592,156.415604,55.012241,79.137230
449.848175,160.637955,57.630657,76.834122
454.836792,167.100113,57.995399,76.276695
456.842346,169.146210,57.451031,75.978661
455.506561,168.430756,56.688404,77.381630
449.886871,168.351135,56.634857,75.679878
447.190430,168.495041,56.617901,79.168053
444.797028,167.501923,58.637871,79.433678
442.160400,164.317398,58.426022,77.884056
438.998322,164.436340,56.735168,76.362335
433.535400,165.036026,58.557812,73.596161
433.931549,165.309677,58.969669,72.936951
434.818268,167.770554,59.804157,70.351593
435.199402,168.980606,60.028366,70.811111
439.960236,170.159470,59.990837,71.369072
442.585754,168.253632,59.242699,74.084381
442.316071,167.073212,58.376183,75.044685
431.503845,165.452560,59.286572,74.656731
431.994843,165.273300,60.908794,74.354179
434.448792,162.484314,62.422188,68.379776
436.225098,160.009613,61.253677,65.218834
434.004883,161.657532,61.743671,64.002884
434.435364,160.876862,61.997532,65.453209
434.137604,160.577362,61.741085,64.587349
432.172333,160.505737,61.286930,66.014069
430.739716,160.647125,61.614269,67.973274
431.252808,160.657822,63.054901,65.162971
438.327972,160.666122,61.043541,65.516945
436.846893,159.817139,61.048637,65.643669
426.493896,152.203217,62.784340,70.048164
427.084442,148.667816,63.388027,69.621346
437.897034,149.977631,61.143826,73.160568
438.973785,150.258240,60.451263,74.166489
439.823822,152.960480,60.396557,75.035599
431.127625,152.470230,57.960426,75.612320
426.520508,152.186676,57.582668,76.167282
424.028809,152.363281,58.451550,71.532310
429.085327,148.073257,58.619072,69.984169
432.930695,148.246521,57.397381,69.416382
434.360413,146.392532,56.484806,70.298248
438.728058,151.242889,55.349144,68.283089
437.209381,150.572998,55.748005,70.383957
438.967316,148.452347,55.312511,68.110229
437.904205,146.151520,55.876957,71.931732
442.456543,146.326950,56.200649,75.245903
439.656036,146.203262,55.911228,74.890526
436.821228,145.550171,59.072762,74.296638
440.966888,143.168182,60.091137,74.241974
444.663208,143.871597,61.421318,73.321732
445.644287,145.196121,61.368427,72.136688
449.184753,154.383759,62.007484,68.964729
444.316071,159.763092,62.873184,69.473145
439.616913,163.024307,66.591179,66.901733
443.095276,165.120300,66.613670,70.666885
445.618225,170.217010,68.281242,71.974930
448.923859,173.862473,67.417068,70.182762
459.121765,167.331055,67.261429,68.428680
459.756287,167.613541,66.886116,68.339783
2
0
0
0
0
1
531.055481,120.966827,33.454197,73.716858
528.170349,120.731110,33.306656,73.089661
529.782410,118.649689,33.482933,73.254402
526.809631,113.632736,32.861019,73.400513
526.718323,114.863495,32.387302,72.895309
524.280945,114.035622,32.170292,72.142212
521.966125,114.593872,32.531788,72.556511
520.377686,114.230331,32.957230,72.879440
518.627747,113.532951,33.443748,73.389374
514.592468,111.713882,33.841553,73.091805
507.989532,112.352463,34.676243,73.035202
506.975433,113.433990,35.413197,72.157814
507.836487,113.309380,35.209465,72.523109
504.030029,111.572296,35.677414,72.972481
503.812439,111.430870,36.033337,72.923386
501.337646,110.377045,36.630169,73.464958
495.351837,112.456215,37.423275,73.053902
491.054779,113.266342,37.827087,71.284149
485.486511,116.992325,37.962986,70.355721
484.813477,117.672958,37.498123,69.769875
485.071045,110.613968,36.065109,69.268784
481.959869,112.494583,36.918510,66.629997
482.238220,110.988815,36.027473,65.889252
482.845795,106.073395,35.236504,64.007515
484.079102,102.612762,34.249908,63.901398
483.488770,98.229958,34.064297,66.561462
483.763031,94.888992,34.016197,67.519020
483.378784,92.886368,34.315475,67.803856
482.456879,92.796547,34.145321,68.363899
481.969818,94.917511,33.757072,69.208702
481.297821,98.053200,33.100170,68.367264
476.517212,102.903900,33.334251,71.041740
473.594910,118.137352,33.709541,70.094048
469.405212,122.120270,33.494263,69.974892
468.166168,127.066078,33.846397,65.744278
469.679932,128.403122,34.216976,65.425446
470.343140,128.713135,34.319645,65.415352
470.592529,130.064240,34.085613,64.771194
470.044586,132.216888,34.018284,65.105171
474.204865,123.494659,34.393314,78.634445
472.794952,127.140228,34.408550,76.499405
472.119415,127.403755,34.398083,76.594894
471.765808,122.512619,33.855480,75.165939
470.979828,121.649185,33.780464,74.477371
467.641144,127.819717,33.454353,71.343445
467.901825,129.289398,32.469704,71.331474
2
0
0
0
0
1
461.960571,85.680641,39.387566,71.731781
460.999817,84.079292,39.417660,72.491051
459.222290,83.551674,38.994499,72.230324
452.409393,86.492416,38.430000,73.328804
446.595215,93.946342,37.194481,74.191643
443.196838,93.576714,36.309669,74.155159
436.948975,92.975609,35.077236,73.916573
435.667175,90.852196,35.355789,76.398544
435.538239,91.138130,35.390247,76.609520
433.793488,93.242958,35.174957,79.044891
430.749451,94.163055,35.273430,81.206085
430.235229,96.500145,35.308826,80.995193
429.946075,97.440971,35.430058,82.471695
430.457703,98.994583,35.302101,83.599998
430.620178,97.443687,35.303890,82.659508
430.638947,96.830391,34.913357,83.088303
430.461975,95.949478,34.971222,82.953949
429.711304,94.009697,34.465855,81.122238
427.439056,89.184662,33.656418,82.475677
426.370239,89.989433,33.732811,81.206017
424.991577,91.198898,33.567471,80.675308
424.729858,96.517181,33.788574,80.309891
425.287811,99.348518,32.510685,82.452560
423.004944,104.131699,32.001976,83.625175
420.841034,111.339600,30.607233,88.283676
418.914032,121.533974,30.959976,91.542946
417.458221,131.228073,30.960297,99.855598
414.586487,141.196548,30.502344,96.101311
412.867126,149.631348,30.491941,93.860649
412.748749,155.598480,29.347366,90.621193
413.624664,155.137039,29.042187,89.713692
2
0
0
0
0
1
396.180481,88.963104,40.234386,68.420174
394.324799,92.067764,39.418045,68.445183
393.960175,91.895889,39.210354,68.423019
393.789673,91.597885,39.809216,68.184959
390.686462,91.113670,39.739067,66.789612
386.956024,92.858772,40.169685,65.161026
383.591095,95.957619,41.089348,63.599907
383.934784,100.742538,42.242832,64.220276
384.000793,104.356209,43.529556,63.769371
387.711884,105.031601,46.373077,61.806049
387.436096,105.752953,46.234921,60.816864
