1
323.200409,166.750397,37.089355,62.212395
320.022705,170.052277,35.960579,61.298294
316.099182,172.226471,35.192577,61.226143
309.748413,174.176895,35.857681,60.260929
297.665588,177.006180,35.521416,62.138027
290.588593,178.286469,35.119282,61.948318
2
0
0
0
0
1
298.764679,164.753555,48.073200,69.197136
304.186188,170.898682,47.875858,68.421288
309.645874,167.015076,47.280441,68.644707
309.285950,160.918030,45.916222,73.277458
308.829285,161.029358,45.412048,73.477417
306.836609,164.205688,45.842129,70.134476
306.038696,163.149017,45.919849,68.086586
303.148285,164.262100,46.528759,66.943169
300.046570,165.253403,47.466434,64.266151
308.410797,164.475983,46.400581,62.378536
310.666840,163.662857,45.472569,62.122871
310.639496,160.932922,44.185097,65.371422
310.782623,160.479385,43.942192,66.759453
309.998749,165.083160,44.376591,65.574997
315.233673,163.221329,43.376507,65.950722
315.956299,163.085815,42.316483,63.254368
317.434265,156.419983,41.567566,63.457062
319.677917,155.976166,40.938766,64.925888
318.850830,155.262451,40.309586,66.765366
316.978058,160.000793,39.934128,65.717163
323.631287,157.163208,39.575218,66.556862
323.728088,157.684525,39.986839,65.176292
323.875793,157.031723,38.787151,66.569832
324.292572,153.580460,38.012066,68.040855
324.074066,145.041077,38.475010,73.100349
324.066589,145.253036,38.481594,73.468742
325.480927,147.213455,38.934372,72.730476
326.559052,145.662033,39.057350,71.864983
325.974335,144.188324,38.778591,71.863152
326.198761,143.267044,38.669708,72.044235
326.688812,148.431732,39.005665,70.157356
323.367004,147.662140,39.213547,71.896370
324.725098,144.232803,39.287270,76.071556
326.867950,144.573151,39.200970,77.416122
322.913239,147.374466,38.457928,76.024017
323.757812,143.513580,38.334522,75.815796
324.369293,146.669769,38.112278,74.960632
324.949280,147.762924,38.883270,73.685188
329.715088,147.537125,38.730495,73.662262
332.522156,155.001419,38.468605,70.268440
330.900299,153.789536,38.171211,68.357422
321.287170,154.998749,38.557682,67.039925
329.780457,155.396713,38.214302,67.827179
332.376556,156.750961,38.495201,68.963120
333.002991,156.186249,38.098442,69.174118
330.494904,156.132309,38.259972,68.374084
330.535156,156.490845,37.500801,64.568115
330.040710,157.623123,37.860207,64.975090
330.884766,156.790924,37.356476,65.508759
333.294250,155.204865,37.179398,66.685371
327.502411,156.745956,37.927551,63.866489
324.345001,157.646774,37.448952,62.989002
322.779694,156.026932,37.319622,66.835709
322.976868,155.610016,37.286079,67.023346
324.053528,154.641632,37.208344,68.822487
323.360809,154.116638,36.864090,67.254150
322.227173,154.031662,36.697311,68.072929
317.625305,154.838623,37.108521,67.016724
320.350494,151.829788,38.588932,66.697456
321.303619,154.144867,38.276970,63.956562
324.287231,152.644943,37.259468,65.328461
319.741089,164.878159,40.190006,61.429111
318.627411,163.794296,39.156441,62.146721
320.408173,161.519485,38.487503,58.914669
321.441467,163.644028,38.067524,60.438686
322.358276,162.065323,38.438107,60.204731
323.837921,163.578079,37.708126,58.089062
323.727600,164.841415,38.232857,56.281807
319.158386,169.635773,38.451420,55.048954
321.217957,170.008789,37.937050,56.408836
326.253204,169.065491,38.013878,57.226910
325.707275,168.923004,38.442379,57.083927
323.376678,169.617371,39.140175,52.057335
312.383698,171.710541,38.731930,55.563560
322.506805,167.146393,38.994255,55.408291
323.439362,168.175949,38.401375,58.999359
327.303955,164.192123,38.282181,57.500412
327.551483,161.156387,38.160839,56.204292
329.045776,159.965027,38.967701,56.896507
329.506683,160.205688,38.398571,57.238987
331.040527,162.641769,38.314247,57.791985
334.521484,158.514938,38.006279,58.983936
337.126556,157.596405,38.037415,61.564831
335.203094,164.170578,40.730267,57.235779
339.713440,158.954483,39.879238,57.046516
337.716492,161.672638,41.048401,58.661060
340.105499,156.385849,40.888245,58.184963
341.965515,154.304840,41.530872,60.162411
341.554474,154.464340,42.160770,59.174828
337.139893,158.420898,40.788540,59.066929
337.946167,156.375229,40.487427,62.054089
339.364624,153.532333,39.667004,67.408279
336.809296,152.816498,40.015953,66.728424
337.482666,157.822937,42.989353,66.960838
337.784149,156.760056,42.904327,68.556580
338.337921,153.619995,41.618534,69.012001
344.168732,151.698059,41.909332,75.179588
344.566589,150.741440,40.637062,79.442329
344.628906,150.252609,41.457771,73.311188
345.830078,148.238556,42.224655,72.808105
347.593353,146.495651,42.430103,74.343582
349.217285,147.063858,42.118141,75.071960
350.828857,148.461502,40.209721,77.219666
351.834778,150.590347,41.173450,81.191666
356.641296,147.057144,41.425571,80.008530
356.471191,148.364853,41.363213,80.172249
358.996521,142.823013,40.706299,80.825447
357.343323,142.188065,41.240181,81.395432
357.186951,141.866486,41.592041,79.236259
357.570190,137.865356,43.471455,85.016548
356.225830,140.487762,43.724838,84.172478
355.817352,139.872177,43.997131,84.500954
357.485382,138.885300,45.217297,85.077049
357.174713,139.407959,45.223454,84.868614
351.368713,139.442719,47.444340,86.369637
355.509369,139.632507,47.065453,90.895226
357.409851,137.021805,48.061901,90.547180
359.278046,129.412918,49.344219,93.020050
358.139038,129.449600,49.120995,93.291336
356.794800,130.554398,50.548370,87.152206
354.549042,132.991928,54.755150,89.362328
354.972626,134.250854,54.865990,89.513832
355.856354,138.942108,54.760689,85.688416
353.805939,136.158707,58.215103,83.713493
348.586914,132.642838,56.718143,87.897118
357.103546,130.687912,56.615925,89.388794
354.267273,137.647766,56.553444,92.605415
354.989105,133.777023,57.575676,90.100563
353.075134,139.881729,57.931915,88.188644
349.654205,137.748917,58.206940,90.042168
357.462982,143.842957,59.377918,84.109116
357.326233,146.914200,58.654430,89.921837
361.017853,144.759079,56.722904,84.769081
350.294647,147.766174,58.814419,81.230904
361.711731,148.415527,57.982628,80.729172
362.013214,143.585571,57.469627,82.114662
364.341888,139.362030,56.219509,84.964630
371.667694,132.424744,58.919323,88.270996
369.528656,130.941864,58.827332,89.262886
371.088715,127.114914,59.934055,100.308670
369.152802,132.325378,60.222836,92.746292
366.545349,127.786942,60.435814,94.790070
355.392761,131.242722,61.987316,92.153008
351.757751,134.768494,61.938389,86.599556
350.897736,129.073059,64.646767,84.997849
353.538483,120.529709,65.309631,96.775185
352.151855,121.377991,66.878937,94.755867
352.579926,119.267006,71.325546,92.265640
353.457733,119.840240,71.638069,92.888466
353.852478,119.105682,71.660721,92.932465
354.289856,119.391769,72.026329,93.238503
354.947693,126.093224,74.003365,89.831635
355.765869,122.979996,75.596344,91.748787
356.867828,121.354683,75.943756,95.567184
360.027771,119.147324,74.586479,91.884171
370.754272,113.527939,73.329948,98.947067
371.711670,113.356071,76.940041,98.592400
371.683197,113.710541,76.738686,97.593262
2
0
0
0
0
1
459.680908,156.307968,37.117321,78.886520
462.470276,154.450714,37.591927,79.130661
462.692993,153.051147,37.210484,78.857056
460.990784,151.878143,37.382339,80.405235
457.741943,151.450211,38.023151,79.196152
463.789032,156.119476,38.305561,82.781876
466.334595,159.360321,38.794277,74.033646
464.074188,156.446671,38.607914,74.351517
464.317261,156.253662,39.246399,74.322716
464.005127,157.086716,39.442173,71.439796
462.948761,162.259613,39.803192,66.035889
463.440918,164.680267,39.917900,70.121712
463.749634,165.296860,39.805550,70.735672
462.973450,164.605240,39.542583,71.417450
458.507416,165.577881,39.909878,71.530464
457.685974,166.284225,40.002457,77.109962
456.418762,166.404327,41.174572,77.177017
454.159149,162.593323,41.185162,75.983711
449.697021,161.926727,40.624355,74.513542
448.476654,163.418732,41.629498,73.382721
447.211578,162.895828,42.105927,71.988548
446.871277,163.255646,42.514484,71.314728
446.091949,164.811798,44.371822,72.556290
446.582947,165.170547,44.378628,72.394478
446.657959,165.107330,44.480740,72.497513
447.122192,163.794205,43.642670,72.970436
440.398438,163.787506,45.370926,70.421356
441.772766,163.730896,48.868107,68.794914
444.344910,159.407593,48.448204,65.141800
444.351837,159.517365,48.365421,65.577454
444.223236,159.779480,47.889767,65.659248
441.763123,159.818085,48.212635,64.193962
440.965363,159.196594,48.129890,63.812931
438.732178,161.247787,49.375607,64.399826
437.354614,160.429825,49.619251,65.631195
437.020935,159.272171,50.210377,65.323090
440.902161,158.901535,49.834301,65.277092
437.262787,159.852936,50.394321,64.274712
431.662231,155.028717,53.510624,64.607384
430.610931,152.688492,55.598522,63.299473
436.060699,152.790588,54.034706,67.891510
437.894623,153.437363,53.688728,69.162674
438.428314,154.519424,54.224155,68.430351
432.915222,154.820145,51.215672,68.801323
429.656372,153.055740,51.064430,69.379128
429.543884,153.331406,51.644329,65.920143
435.828522,151.637177,51.525955,65.186684
437.711121,150.625656,50.433712,65.220573
438.786804,148.139801,50.144436,66.709473
442.024658,151.647232,49.126770,66.502022
440.788818,151.028900,49.778503,71.990959
443.451721,148.421463,49.799725,67.917084
442.806458,146.183975,50.094002,71.257385
444.890076,146.864624,50.348598,72.887093
442.564606,145.553314,48.960499,72.711769
441.723602,144.885864,50.156780,71.459724
447.479126,143.631622,51.604927,71.327904
449.732391,143.349777,52.133461,71.193237
449.689850,144.470795,52.062675,69.057472
459.840942,146.330093,53.350735,67.866135
460.701599,150.730286,52.397980,69.991264
467.607483,148.891785,53.837635,70.578903
456.294189,148.791885,56.560246,68.706543
459.602112,150.857681,60.139565,72.721489
456.707642,153.050049,62.949345,73.606590
465.551514,152.957260,62.869141,73.521751
471.374176,156.618225,63.424351,71.043068
472.130157,158.596054,61.994316,71.545464
472.386810,162.585983,60.112568,69.319366
2
0
0
0
0
1
529.165771,119.286400,36.764835,72.491005
526.346985,114.069992,35.989220,72.718216
525.702698,115.241035,35.180080,72.344421
522.993591,114.295708,35.043137,71.331879
520.418823,115.111107,35.249863,71.597168
519.320984,114.667717,35.461308,72.174805
517.251709,113.840302,35.415016,72.602425
513.080505,112.542953,35.682037,72.151237
506.786346,112.895348,36.151070,71.561417
504.301056,114.705902,38.321587,71.204208
506.569946,114.428177,37.566788,71.444534
505.028961,111.865952,37.906784,72.165695
501.894714,112.632729,38.538219,73.392822
499.365784,112.606598,39.172451,73.487419
493.805267,115.717560,39.623211,74.721306
489.273743,114.395798,40.394024,72.529663
483.058990,119.288452,40.276489,72.835258
479.201263,120.121552,39.533642,72.398865
475.579926,115.241493,40.153358,73.734596
469.553070,124.510628,42.313751,67.655327
468.698883,128.640152,41.707977,68.339981
469.425171,119.225929,39.572330,74.889244
470.763641,115.383560,39.909676,72.862152
469.835083,119.322083,38.667057,70.639610
468.269501,123.222771,37.076660,76.138466
465.911285,129.467316,37.743698,72.438934
466.644318,123.865891,37.361534,68.603828
468.439270,127.466698,38.277969,70.927719
471.220673,129.342636,35.925007,69.517181
469.281433,128.998215,34.076462,74.608147
466.897583,137.391281,33.635906,76.205917
463.870667,140.431580,33.370850,78.666283
467.027466,131.587997,33.348785,77.202995
470.725800,129.764725,33.569885,73.081497
474.405975,130.146286,33.101883,70.598900
473.227600,129.991852,32.618538,69.382729
472.679657,133.196274,32.643208,69.434814
474.253906,126.860130,32.824581,82.497238
474.201019,126.305260,32.978920,82.328682
473.049622,125.163536,32.897682,81.786522
472.370880,121.672546,33.145317,78.805557
471.036621,121.759445,33.065613,77.917191
468.695923,125.869011,33.081085,74.923683
466.424774,130.868576,32.160538,72.575455
2
0
0
0
0
1
462.134888,85.698235,36.849735,75.118088
461.221252,83.065491,37.267200,76.018547
460.187653,82.339760,37.363842,76.342751
453.895569,85.667732,36.961132,77.619026
447.911316,92.000443,35.844364,78.465157
444.170074,93.042793,34.901909,77.853127
438.351837,91.924171,33.995720,74.454140
436.074066,90.495567,34.303131,76.656448
436.027039,90.976074,34.470242,77.133308
434.283966,92.239296,34.151024,80.136909
430.373199,94.566826,34.388268,82.693062
429.600006,96.764595,34.491165,82.156967
429.322357,97.625198,34.357502,83.557205
429.725098,99.865715,34.267960,84.398407
430.005249,98.529991,34.383999,83.922325
430.084381,97.750839,33.914520,83.618248
429.925537,97.089058,33.842121,83.716042
429.641602,94.548248,33.576752,83.160149
428.357758,90.724808,33.016209,84.062027
427.680176,90.288879,33.374653,83.325867
425.631042,91.511017,33.640701,81.499100
425.204773,96.028694,33.542599,80.571846
425.102142,99.125465,32.356369,82.743149
423.675995,103.233040,31.288464,84.332710
421.125061,112.266113,29.946007,90.100891
419.131256,123.158218,30.189198,91.391594
416.734985,137.043549,31.382339,95.965378
413.306427,148.756851,31.346354,91.768379
413.243835,152.793991,30.614782,91.253960
2
0
0
0
0
1
406.142303,103.226120,29.513948,63.924183
402.652771,106.189545,28.689470,59.427437
403.024475,101.348824,27.868631,58.573349
400.112152,103.571220,27.247597,57.479145
398.231537,101.746254,27.316906,57.233299
397.910034,101.395393,27.885523,56.929962
393.777863,100.122215,27.801369,53.188099
388.108124,103.072227,27.267696,50.835564
384.840942,105.130714,27.582644,49.806259
380.571625,103.399574,29.198084,48.761135
377.208862,103.955391,29.387924,48.358112
376.152283,103.069832,29.283970,48.082638
375.915741,102.729019,29.244776,48.284634
