1
314.212067,169.850739,42.317322,61.106106
309.132111,174.917007,40.923992,62.972267
307.733612,174.455734,41.081394,62.348743
299.745270,174.909470,42.026707,59.803486
290.587219,175.117493,41.608311,60.142189
284.360077,174.232330,41.052929,61.556267
2
0
0
0
0
1
308.413300,162.728775,40.858505,71.491646
310.488892,169.538055,40.245155,72.477081
316.069183,163.108093,40.364155,73.277946
318.441193,156.255920,39.086464,79.965874
317.294739,156.096039,39.493671,80.200035
315.071686,156.902481,39.401249,78.754379
314.167542,151.136963,39.681873,75.871582
312.289642,150.803024,40.553333,73.009865
311.823700,153.683563,41.908554,72.714890
318.322449,157.548630,39.697571,71.867020
316.979401,153.150940,39.578873,72.148262
315.113953,152.742783,39.011311,76.195335
315.510193,153.687180,39.378571,76.289200
314.331665,155.465454,39.559689,74.578217
318.321045,159.723557,39.450371,73.502350
320.984894,162.803406,38.399445,69.132050
321.238831,158.577209,37.882187,70.782333
321.679413,156.742859,37.534679,71.218834
321.918274,154.904510,37.334942,73.035965
318.956146,161.719971,36.599796,66.740494
325.231659,157.626205,36.254536,67.476677
324.084930,155.993179,36.297775,64.905540
324.597260,156.848328,35.945045,64.710876
325.568970,153.008011,35.211147,65.896629
325.987885,147.021332,35.153805,67.979813
326.153534,147.032257,35.479141,67.969986
326.204712,150.274963,35.820595,67.335762
326.852875,150.888351,36.800121,65.636414
328.077911,148.133041,36.268711,66.086662
328.142456,148.307510,36.356544,66.460938
328.578796,151.468079,36.672157,64.616257
326.708954,148.876770,36.724735,65.446167
325.994537,148.137115,36.153149,68.621262
328.822144,148.393753,36.422260,72.829781
327.269562,150.137604,35.898151,71.834045
326.966064,148.423935,36.673908,68.953156
326.609222,152.154312,36.570858,68.583168
326.069916,152.233673,37.236851,70.433426
331.998077,151.530228,37.562588,70.384338
337.541046,157.535446,37.482765,65.690216
335.465698,154.927826,37.612328,65.695831
328.846985,155.396027,37.732224,65.034378
335.680908,156.604187,36.731674,66.247780
334.656891,155.383591,36.413517,69.571075
335.319244,154.866653,36.121498,69.067482
332.121002,155.158112,36.195381,68.915901
331.417023,154.279724,35.266788,65.436546
331.084290,156.584610,35.849945,65.982384
331.345551,154.801529,35.389645,66.938110
336.604553,152.339569,34.799328,68.986069
331.209259,156.164764,35.491043,62.079651
325.048309,157.221695,35.203186,62.223022
322.387482,155.259521,35.313324,66.316818
322.595947,153.501526,35.337704,67.042770
322.363892,153.477310,35.349194,68.613342
322.915527,150.966980,34.856339,67.943390
320.361237,150.626389,34.600430,66.998024
317.315155,151.226578,35.007278,66.657059
319.350952,146.463531,37.406853,67.980309
318.418671,147.651917,37.592327,66.440102
320.423920,145.417450,37.357056,66.391670
318.454681,157.737701,35.830143,64.645515
317.087341,156.382904,35.077469,68.276123
318.723419,154.464462,35.041889,68.114502
322.548859,155.842941,35.228893,69.597778
323.760956,155.292648,35.729519,69.695045
323.957672,155.159515,35.938236,69.888443
322.173615,156.951492,36.508862,68.163658
318.853455,160.551987,36.739281,64.820770
322.442932,161.491760,36.540882,64.411858
327.296112,161.608078,37.071655,65.632690
326.837067,162.026428,37.043114,64.961411
324.123840,164.177795,37.814079,58.146744
316.254059,164.699936,37.186253,60.882221
323.306854,162.050110,37.545525,60.055752
321.888092,163.730103,37.618248,62.503742
323.285248,163.001862,38.022003,62.583664
324.203583,159.709518,38.105083,62.620682
325.345428,160.513184,38.942707,64.002014
326.666107,160.309784,38.671856,64.379120
330.433899,162.365189,39.070705,63.295341
333.719330,156.017288,39.045429,64.469231
335.141907,157.089798,39.090691,66.059082
334.421783,161.730194,40.322113,64.037712
340.970978,155.117020,39.960186,66.260536
338.708649,157.762909,42.029839,68.476692
340.691650,152.323090,42.506046,69.361954
341.266205,151.078583,43.375095,69.097343
340.429657,150.756409,43.605564,67.716827
336.503998,152.227615,43.414188,68.279030
336.666962,151.004807,42.856712,69.662369
337.088531,150.544312,42.719315,71.727859
334.934753,149.046692,43.193897,70.398483
334.788574,152.788849,46.063396,69.465202
335.404572,152.285278,46.123245,69.907906
335.852234,150.675644,45.349953,70.494499
339.400696,151.105530,45.463127,73.082169
339.893646,150.211166,45.231136,74.568855
340.533173,151.336655,45.843323,69.091049
341.775604,150.780838,45.759766,69.769157
345.513641,146.836319,45.967972,73.216057
348.135406,146.983810,45.230297,73.857338
349.336945,148.039398,43.596859,74.641525
350.442230,149.171265,44.483250,81.133141
354.163055,147.485321,44.297676,81.290749
355.938568,149.402786,44.438995,80.877571
357.477142,144.163208,43.508835,82.367836
355.725189,142.510101,44.105797,83.216400
355.685486,141.640717,44.607243,81.044121
355.309204,139.796829,44.994518,83.909805
352.199005,142.152740,45.313721,82.009735
352.226013,142.204773,45.500168,82.602180
357.351532,142.839630,46.521957,79.391350
356.232330,141.501358,46.959721,78.036217
349.822876,140.643463,48.575451,78.700523
353.636902,139.869232,48.260815,83.993484
354.029663,139.262070,48.549206,83.672447
358.451538,131.769760,48.773121,87.598869
357.901886,131.774689,48.724339,88.333031
358.392792,132.497696,49.722958,82.099915
356.656647,134.675873,51.890900,81.606888
356.576660,135.599304,51.649780,82.493744
357.906464,140.223541,51.592548,78.398621
357.738281,139.883438,52.368988,78.149323
358.683685,135.657913,49.505749,80.642136
362.403320,139.781723,48.149483,83.898407
358.475311,147.838364,47.859695,88.508347
358.600952,148.714752,48.910931,81.256104
365.555084,143.664825,50.834137,82.420746
367.251709,141.281052,51.228424,89.340408
367.859833,144.372925,51.901207,83.642479
369.454498,146.603989,50.841103,88.716667
370.077301,146.542374,48.221077,80.420082
363.365051,148.582687,47.713600,81.019646
366.935028,149.084015,46.777569,79.090782
374.016785,141.228317,46.926910,83.145355
366.802917,136.311539,47.225025,84.370346
369.994537,128.070435,48.714767,85.418381
362.538300,128.954956,50.106869,83.082817
361.420715,127.586311,51.425716,84.160660
369.761871,127.966064,53.799709,79.010948
369.877991,125.347160,53.884312,81.227173
366.077423,123.642105,54.750675,83.133369
362.639984,121.956543,54.735462,83.923958
361.482300,123.303726,57.424633,81.239235
357.451111,114.288467,59.923874,88.343086
358.187836,115.744331,61.975613,84.707703
357.421936,114.020988,66.597122,80.805939
356.203064,113.182510,66.179482,81.036789
356.043335,112.439781,66.100304,81.247780
356.363434,112.984100,66.601212,81.093987
355.343292,121.836349,70.392181,75.794571
2
0
0
0
0
1
447.851990,159.581177,34.247501,90.618782
456.956726,160.461273,35.182339,85.838013
455.894592,158.956177,35.623833,84.207176
456.128754,156.099808,36.922127,85.330017
457.212891,155.104462,36.591530,82.552544
459.417938,152.012695,37.171555,79.817909
460.152679,153.564880,38.564785,75.081871
461.951691,152.909363,39.345394,76.242744
461.216522,150.858994,38.494308,75.746552
460.792816,150.756088,38.521854,77.112846
457.354309,150.962784,39.576107,76.093513
463.043549,154.380325,39.760529,81.213875
463.475555,157.049286,40.103622,78.034492
462.231415,155.602234,40.452213,77.837990
462.350800,155.767853,40.949032,76.971603
461.595245,154.645721,40.794907,74.249969
460.861389,159.405807,42.944939,69.086868
462.516754,164.669113,43.006298,69.419968
463.264526,165.660431,43.310005,70.713997
460.787933,164.048874,42.134754,70.584686
457.479126,164.895966,41.749840,70.772354
455.812836,165.642609,42.134350,75.559464
453.859833,165.507263,43.756615,74.416916
451.767548,164.465805,43.629375,73.151253
448.006012,163.977493,42.378914,71.962288
445.935516,164.888596,43.705177,70.317307
445.189148,164.393387,43.970692,70.218803
445.013428,164.698120,43.837624,69.211182
444.659882,165.304321,45.265537,71.713516
445.488220,166.120621,45.389065,71.670227
445.730164,166.000427,45.589939,71.618484
447.484589,164.588425,44.648876,73.397491
441.470978,163.813461,45.666428,71.778831
442.602112,162.152313,49.484379,72.614441
444.767670,158.948608,49.383259,69.064461
444.519470,158.499268,49.121914,69.247124
444.576111,158.513184,48.925243,69.140419
442.038239,158.687424,49.576290,66.913063
441.334442,157.923813,49.495567,66.471977
438.773193,159.891998,49.835960,66.499619
437.194366,160.308472,50.689907,65.507790
436.515259,159.130051,51.188812,65.376930
440.778259,158.495758,50.780621,65.346672
435.787018,158.295639,51.712749,66.308678
432.774567,151.026520,54.440754,68.862671
429.337219,147.174286,56.839649,67.533768
436.741089,147.986298,55.335022,73.757805
438.413788,148.995605,54.205860,79.068359
436.541229,149.983261,54.894836,74.702545
431.672363,149.231400,52.205132,74.613998
431.252625,147.978851,51.925102,75.408592
429.829346,149.067123,52.091576,73.155807
437.849854,145.862762,52.170876,71.521873
439.192444,146.083298,50.884670,71.407654
437.593567,144.993546,50.412666,71.642113
440.790161,149.162613,49.543159,68.723190
439.634827,147.040451,50.297169,72.956535
442.578552,145.823410,49.891171,70.722740
440.311676,141.407745,51.163048,76.762634
444.341858,140.774292,51.302906,78.728760
441.542938,142.175232,50.508820,76.256775
440.063629,141.573853,52.891975,75.011971
444.696686,140.927368,53.456276,72.715012
450.647034,144.492157,53.084293,71.022621
449.935760,145.889984,53.408295,69.321198
460.634369,149.880341,53.328007,67.423683
458.433044,153.986664,52.965054,67.408386
461.368408,157.891464,56.568859,66.711685
447.310944,156.116699,58.265369,65.277664
452.175720,157.292526,58.821033,64.959869
450.688995,161.443161,62.325264,64.352882
456.802063,162.231842,61.757954,64.196190
2
0
0
0
0
1
534.126160,116.403351,28.881294,75.633316
533.435364,118.124466,28.528763,75.037651
532.750244,117.056267,28.766954,74.844177
532.185059,117.681519,28.857460,75.015160
530.081787,114.929100,28.883936,75.174683
528.003174,116.026962,28.461056,74.253288
526.428833,116.511124,28.348207,72.725380
523.170105,116.813980,28.671371,74.263878
522.142334,115.730736,28.959036,74.063545
520.373291,114.014969,29.655947,74.673256
515.770752,112.849724,31.256557,74.013771
509.523956,113.368774,32.153057,74.011116
507.287323,116.677040,33.614441,71.893517
508.151093,116.212807,33.832333,72.226509
504.984222,112.943199,33.601643,72.371399
504.131134,112.176796,34.347466,72.497322
502.449738,111.637764,34.429996,72.528709
496.846100,112.260841,34.661442,72.534821
493.985657,112.344795,34.948971,69.676498
489.590027,114.754028,35.057831,68.455452
487.963440,113.630341,34.872723,67.673538
489.045105,107.793228,33.999649,66.235138
485.289093,108.014473,34.272995,66.151894
484.443024,107.115723,34.036587,65.871521
484.836884,103.682915,33.293785,63.200718
484.461792,101.256134,32.967690,63.236721
483.617798,97.642288,32.921524,67.041626
484.004272,94.613815,32.825367,67.316826
483.719086,93.238884,32.762630,66.939995
483.220032,92.969551,32.804623,67.526741
482.829712,94.923325,32.657757,68.278778
482.433655,96.828072,32.444115,67.846756
479.621857,98.710602,31.689232,67.871712
480.026428,106.389587,32.196026,65.738312
480.365356,103.035316,32.132057,61.795959
484.263214,101.556412,31.323523,57.746262
489.026642,102.184837,29.721157,55.210754
488.952087,101.744255,29.076496,57.258301
492.421173,101.587852,28.726967,57.530415
495.141541,95.724754,29.145346,59.438377
496.478027,89.503212,29.099344,60.212948
496.059814,86.288322,29.261116,61.759975
495.123810,84.496597,29.480791,63.521458
494.489624,84.923454,29.202185,63.863235
489.324982,91.806335,29.397057,64.844215
489.619965,88.798767,27.700098,65.164551
488.664581,87.798714,28.554012,66.051758
486.402405,87.367294,29.192366,66.447929
485.121613,86.723854,29.561203,66.085701
482.498871,88.728394,29.580309,67.575806
480.844147,88.115204,28.327810,68.343605
477.957581,87.155952,28.809582,73.352539
473.875641,87.437195,29.646885,74.196419
468.707855,85.024666,30.387119,74.035988
466.134583,83.869904,30.429195,74.421654
461.744080,83.036156,30.364246,73.956253
457.825409,84.954498,30.350710,74.225861
451.630096,91.240295,29.793459,75.083420
446.600830,93.456078,29.626841,74.541412
440.389130,93.398834,29.687019,71.918991
438.760254,91.131592,30.345261,73.467522
437.749939,91.388550,30.475897,73.519661
435.954498,93.187233,30.062239,74.722603
431.524872,94.807198,32.027634,78.929611
431.232727,98.871132,32.171875,77.687660
430.870880,98.480225,32.114700,80.033745
431.239563,99.263596,32.579594,81.008492
431.511780,99.174973,32.948509,81.124977
431.288513,98.831642,32.557125,81.457535
431.374359,98.290031,32.997364,81.138359
430.824280,96.313721,32.744320,80.562325
428.411224,91.663101,32.603474,79.936714
426.856934,91.080025,32.957031,78.452774
425.398132,91.799362,32.753300,77.735695
425.520294,98.079590,32.387531,77.721642
426.083405,100.719284,30.603775,81.009872
425.118958,103.372353,30.015774,83.653603
422.623444,107.712395,29.303417,85.784302
420.589355,114.291473,29.621284,89.325653
418.896057,127.450203,30.198301,92.350899
414.878296,140.713943,30.943876,88.408134
414.092163,145.873016,30.232079,86.898811
413.830200,155.971451,29.505627,83.499420
413.969757,153.483719,30.030516,85.345116
414.190765,153.972122,30.370121,84.794197
2
0
0
0
0
1
395.559265,99.815735,34.238579,58.930145
395.440552,99.373154,34.331570,58.964016
395.289185,98.771996,34.770134,58.427223
392.079834,97.737991,34.663013,55.984215
388.243408,100.613815,35.047371,54.748703
382.156738,101.912529,36.429718,54.076187
381.130859,101.900375,37.519653,52.971695
380.184357,103.285309,38.215984,51.505566
379.418884,103.581474,38.437138,50.868805
378.213440,103.641350,38.277699,50.204334
