1
314.377838,164.313293,47.174812,64.532700
312.573639,168.811462,45.235596,66.696007
312.575897,167.413925,43.981579,67.415115
310.995178,166.759811,43.189793,67.761429
303.434967,168.385269,42.451752,70.978271
293.274414,173.679230,41.103878,70.793274
284.551086,173.339996,40.865540,69.030991
2
0
0
0
0
1
318.190491,159.403976,39.424576,72.899498
320.032440,157.795502,39.154827,71.479446
320.619019,154.302353,38.669250,75.092857
316.742340,154.012497,38.741325,76.229576
312.438110,153.377716,38.995491,76.267937
308.039215,150.042450,40.227036,71.387672
303.589417,150.266891,41.947788,72.292465
296.031616,154.708069,42.607468,68.836060
293.566223,151.176071,43.400166,67.629974
293.297760,148.643112,42.573620,65.937698
297.935791,152.084595,41.459682,67.821365
297.562164,153.650543,42.827682,69.116379
295.975861,154.015396,45.301125,72.098175
293.571960,155.308762,44.792561,71.896408
281.753082,159.146591,43.959126,69.442825
276.701721,153.591354,45.379440,68.034058
2
0
0
0
0
1
319.965393,145.684753,44.052452,65.653053
319.995514,142.343567,44.386463,67.745453
320.225220,142.380585,44.295658,68.174431
321.842743,143.673401,44.278145,68.363808
323.714905,143.023544,44.251450,68.191673
322.748291,145.230820,43.559734,67.940216
322.833160,145.411392,43.369293,67.973999
323.606537,147.414230,43.083603,66.905426
320.131958,144.810593,42.710846,67.414940
323.218842,148.660477,42.716827,67.879959
319.386475,151.203934,42.882160,73.218796
320.755646,156.602982,41.529495,72.303116
328.931305,152.351151,42.419250,72.856865
327.022491,153.028336,42.192238,72.675270
325.693237,151.954407,42.395847,73.092331
333.538483,152.223938,42.875252,72.945457
333.518646,158.757950,41.502026,69.373329
333.626556,155.965515,41.888462,69.675873
328.106323,156.193420,41.504784,69.266769
334.911469,156.555923,41.213203,69.940147
334.868835,157.668701,41.427414,70.220757
334.811584,156.587326,41.143509,70.627846
332.049500,156.245895,40.916748,68.530258
330.251434,156.160446,39.598598,64.857727
328.956757,157.678894,39.794571,66.395660
330.200989,156.163605,39.221451,67.775917
333.359558,155.666794,38.863438,67.992455
327.912140,157.081055,39.398251,63.424118
323.919525,158.733185,39.118183,61.941746
323.337341,157.490845,39.256691,64.378807
323.206116,157.226303,39.461147,63.734848
324.714233,157.786026,39.248726,64.954582
324.811890,156.684128,38.701748,61.523525
324.022980,158.339142,38.949932,60.358540
316.517639,160.241028,38.087772,60.105175
318.859039,158.790680,38.841450,61.130718
319.263062,159.446091,38.810047,61.181442
322.185303,157.186218,38.692490,62.160030
322.802734,167.701752,39.626740,57.855934
315.041168,166.784378,38.903984,60.872856
317.351440,160.968033,38.339218,59.327663
320.416077,163.146469,37.833427,61.063538
322.809052,161.150391,37.888771,61.845924
323.225586,162.039093,37.409412,61.021587
323.050903,162.039749,37.774044,60.827114
316.605316,165.690201,37.765179,58.641224
320.550720,162.973816,37.116131,61.225758
321.325745,162.967499,37.147640,61.383537
321.451019,165.154129,37.074280,61.039181
321.647614,166.495178,37.589832,55.878433
313.820953,167.287186,36.613644,62.248287
320.345062,161.831375,37.184231,62.208832
322.130890,162.656113,37.208214,65.413490
323.994202,161.097000,37.113232,65.368431
325.134949,158.585129,37.146091,64.821884
325.644196,159.516754,38.266266,63.811314
328.213593,158.897217,38.696400,63.342136
329.934326,159.426773,38.731449,63.713348
332.382812,155.926849,38.681919,64.265480
333.702026,157.597656,38.382671,65.175240
333.394440,162.607880,38.952404,62.054672
339.088318,157.680771,38.974255,62.113800
338.376282,162.766876,40.997734,61.280979
341.931244,158.323227,40.730240,62.010921
342.829407,156.056427,41.455177,64.049942
341.306915,155.125610,41.438679,61.326859
337.081268,160.213531,40.178440,61.203243
338.315887,158.244080,39.869328,64.162888
339.659393,154.884155,39.224380,66.727509
336.744781,153.227966,39.452053,66.554985
337.518341,158.478607,41.349197,66.928055
337.506348,157.350845,41.491486,69.975334
338.850067,153.162338,40.772167,69.549866
344.016785,153.552399,40.981693,74.986198
345.820221,153.342972,40.512753,80.005836
343.304504,152.713257,42.606209,72.053879
343.426941,151.304810,43.294704,71.953217
346.472900,145.387817,42.722473,73.481911
349.712524,146.138168,42.281242,74.608192
350.475067,147.032852,41.138695,75.389870
350.786987,147.937820,43.805786,80.760605
355.250214,146.496704,44.125839,79.914070
355.497620,148.884308,44.029213,80.878212
357.241089,143.644409,43.508835,82.367836
355.489136,141.991302,44.105797,83.216400
355.449432,141.121918,44.607243,81.044121
356.204987,138.109116,46.872005,85.588600
355.117615,140.864182,46.820946,82.185432
354.407806,139.644852,46.790455,81.471878
356.387482,139.807739,46.978977,81.302658
355.803192,140.661560,46.452801,80.249756
349.842865,140.118820,47.568050,79.942696
352.081848,139.743027,47.344059,84.727234
352.437408,139.381760,47.471760,84.694397
355.968506,132.852692,48.714127,84.979950
356.133636,135.137222,48.541115,82.198624
357.648224,134.103806,49.257858,78.674042
358.728088,136.750046,51.516575,82.105194
359.927460,140.509720,51.492661,81.357872
362.432831,143.810913,51.680683,79.473236
359.389526,138.323471,52.892174,78.351738
357.345093,137.058685,49.312859,80.201057
362.762115,140.161240,48.333069,82.559746
358.664368,148.500183,47.612076,87.419579
359.306122,148.260941,48.941441,80.130516
367.721466,147.911758,50.381893,81.549866
371.296143,147.413177,50.929882,85.033485
378.693848,150.667999,51.356625,80.881630
377.386505,151.877853,51.717129,84.247574
375.793243,149.670563,50.315872,80.267303
378.768738,152.629578,49.773148,80.483994
381.207275,155.123764,48.662270,80.198715
383.115204,154.697311,48.343323,83.294861
399.799744,163.696045,49.465481,82.478302
400.086823,155.710754,49.586422,80.456337
400.392517,156.211792,49.751339,80.011253
402.333191,151.241928,49.140926,82.440788
400.973480,144.711914,48.020439,82.950630
401.374603,138.341888,48.013737,90.099686
402.643158,134.679840,47.847271,93.221649
401.764435,134.156464,47.642136,99.264664
401.174774,135.172180,47.546207,100.922966
398.905670,133.893997,47.796738,104.927208
398.131195,132.150391,47.614727,104.776756
398.534271,127.660347,48.463722,107.764313
393.007904,122.184494,51.321156,107.728821
390.555664,120.389191,51.439819,101.307335
394.733154,126.116791,52.364479,100.338631
398.266083,134.390335,54.032974,94.185104
394.629333,128.967621,55.703728,96.111046
396.746277,134.059921,56.756001,97.868980
394.076843,134.721771,59.348293,89.407745
420.182861,140.615341,58.957520,94.854881
420.911652,141.702225,58.576118,93.512291
426.619812,149.018906,59.514416,84.877983
431.884430,154.803345,60.231911,84.760834
439.286438,155.193405,61.001610,79.316811
442.778259,157.137222,61.369133,77.572830
446.195129,155.460861,60.064228,80.384712
443.713257,155.808304,59.367695,74.785873
446.358063,155.544785,59.030106,72.065193
448.040253,155.434830,59.301121,71.523842
450.786682,155.729736,58.954922,71.385857
452.695099,154.962784,56.689041,71.241226
452.183319,156.535233,55.590019,73.177864
443.868866,156.411194,56.563725,72.012840
454.050751,162.175522,56.123730,77.749733
454.088440,163.386475,56.689896,76.347893
452.525177,160.396347,56.631779,74.410751
454.460907,157.319412,55.898373,75.637772
451.744019,155.245102,54.750435,75.586578
452.726349,158.972519,55.342823,74.102226
455.042389,166.534470,55.730309,71.999062
455.469513,167.383209,55.974686,71.754646
454.396240,166.825882,54.663174,72.414894
449.731903,167.474426,54.537140,71.757980
448.918213,168.260956,54.474709,77.590309
447.817810,168.038452,55.148106,77.785606
445.327423,164.469803,55.059750,76.463173
441.968994,164.131866,53.575394,75.267204
439.158356,164.280075,54.678234,71.931450
438.608948,165.043472,55.215099,70.770439
438.695679,165.444305,55.530407,70.644180
438.802399,167.079651,56.623562,73.511909
439.925385,167.963974,56.771938,74.346817
441.347168,168.027390,56.899368,74.920074
442.213806,166.941559,55.927223,75.904137
432.616058,165.126785,57.167580,74.921631
434.043549,163.669724,59.778885,73.898682
436.685944,159.867569,59.735134,72.502396
437.756927,158.829666,59.206127,70.089577
436.630737,160.431885,59.085434,67.795891
434.357025,159.107117,59.546707,69.777832
434.846832,158.930511,59.560249,69.914337
434.061066,159.217804,59.564327,70.091690
429.196045,158.134552,60.884666,69.649452
429.601715,159.001129,61.128948,66.610771
438.108826,157.857925,59.924984,68.406548
433.287354,158.574432,60.209778,67.712723
429.305023,153.387054,61.468044,71.440697
429.507935,149.541077,61.708328,70.920143
436.954895,151.539246,60.457611,74.241646
439.029755,152.367310,59.889885,77.049362
438.659760,155.631927,59.480606,75.775604
430.038177,154.067566,56.810890,75.206612
429.599731,153.444595,56.509869,75.392448
428.564697,154.468170,57.304108,70.455894
433.887177,150.387695,57.185951,68.233261
436.144165,149.820160,55.208061,68.413544
436.542084,149.347382,54.995697,68.561790
439.759186,153.136108,53.565926,67.522385
439.249298,152.367920,54.498425,71.274811
441.685150,149.230728,53.834362,67.712120
438.893219,146.510284,53.907532,70.082733
443.099548,146.542709,53.602333,71.815651
439.701569,145.882751,52.968616,72.119362
439.370056,145.207291,53.239796,71.861572
445.632507,143.174362,54.431705,70.367439
451.936371,147.161545,54.370426,69.455849
449.863495,147.129745,54.624966,68.981224
460.623047,150.905106,54.725060,67.918320
456.756348,153.678940,54.757114,68.796333
456.493225,158.737564,57.667301,67.551903
455.802155,154.138748,60.387466,68.465919
463.016693,151.854141,65.879723,72.501495
464.208221,155.307388,67.365547,73.277504
467.776245,154.450073,68.777344,73.566788
473.647797,157.858154,68.812271,73.119171
473.205048,159.042297,67.171562,74.179466
473.176514,162.332108,66.734413,72.547798
2
0
0
0
0
1
528.604309,115.920128,35.199158,80.635033
527.521240,112.433235,34.890919,80.135536
525.441956,112.988152,34.471962,79.887474
522.909119,112.371178,34.114826,79.339157
520.494995,114.071899,34.436218,79.526299
518.671814,113.393944,34.526409,79.672737
517.521179,111.161720,35.003456,79.705284
513.627136,110.576172,35.945507,78.843231
507.142059,111.278252,36.507454,78.344818
504.442444,112.450691,38.357372,77.731079
506.226776,111.957001,38.196453,77.549019
503.827759,109.686089,38.385056,78.156334
503.480469,110.310989,38.493229,78.231064
501.743988,109.946594,38.330704,78.297195
494.284637,112.466766,38.766491,79.019539
488.423462,115.442596,39.955997,75.776253
484.316467,118.401970,40.204090,75.692024
480.483734,116.562248,39.113903,77.428947
478.685944,110.522667,40.935810,75.715904
474.016388,117.860085,41.421310,72.498344
474.578064,117.589798,41.153637,73.003296
475.492401,111.094650,39.313774,74.510643
475.359802,108.786995,39.841953,72.759720
474.225342,111.065033,39.022488,72.680634
473.017334,124.344154,37.730896,76.486122
467.734161,130.996826,38.322258,72.023720
467.569946,126.577568,37.689102,70.352905
468.474182,129.607101,38.917206,72.451988
474.099121,124.883644,36.379242,75.212318
471.026917,129.153656,34.670834,78.507263
468.187653,138.978302,34.042953,81.275063
465.030579,140.454376,34.384869,83.419563
468.167908,132.453751,34.415459,80.994171
471.502991,128.928574,34.330704,78.474983
474.467621,132.449448,34.033051,75.007851
472.915680,132.516525,33.366638,74.014763
471.816193,134.112549,32.949821,74.019531
473.806610,130.296478,32.790565,85.868439
472.882507,131.187088,34.636677,82.111954
472.413147,126.532471,34.696075,82.866264
471.160309,122.761093,35.082710,80.041618
471.166473,118.383385,35.064781,80.534798
466.986298,121.271805,34.622169,80.073570
466.608643,124.427467,34.522217,75.910995
2
0
0
0
0
1
461.266602,83.429482,36.339539,68.988853
460.385651,82.322418,36.498772,68.918144
459.345154,82.173965,36.205116,68.996307
454.356903,86.588318,35.885021,70.835663
448.007965,92.990852,34.578812,71.738876
444.612152,94.964478,34.032459,72.284744
438.475952,94.079674,33.184731,72.242088
436.779327,92.256775,33.716759,74.524742
436.498840,92.750107,33.962440,75.329376
434.705597,93.724434,33.318188,76.498741
431.262024,94.982704,33.580238,78.343163
430.721252,98.419716,33.658375,77.775467
430.577301,98.710808,33.783390,78.521233
430.744293,99.038963,33.924046,79.699150
431.118896,97.607841,33.672882,79.216797
430.442688,95.858932,33.244919,79.017807
430.542328,96.025352,33.459545,79.414192
429.986328,93.684280,32.671589,78.668488
427.874359,89.290718,32.002563,79.761742
427.410645,90.004784,32.281315,78.896805
425.386383,91.943146,32.204941,77.512833
425.671539,96.760086,32.007702,76.676994
426.213470,101.315338,30.812437,78.634979
425.447906,101.030052,30.086018,79.554947
424.339905,99.736221,29.132015,80.655609
420.866608,107.574570,29.144180,84.506943
421.659027,101.596840,28.176592,85.986282
419.973145,99.108871,28.162457,83.642479
418.850037,97.977112,26.973997,84.991371
414.377319,99.524521,26.258049,82.946297
413.937195,96.831764,26.382082,81.703720
413.831238,94.260300,26.411196,80.829819
413.768524,95.014259,26.489328,79.552544
414.762817,97.949234,25.697025,77.935188
414.064331,98.937202,25.704531,77.793167
413.673859,102.535095,25.725760,78.053040
411.888763,102.611427,25.944088,77.197800
410.755554,104.848816,25.954212,76.355377
407.057129,98.264275,25.883945,72.707909
400.112427,95.002983,26.583225,68.660492
397.831909,93.220917,28.036722,66.593040
395.341949,94.124809,28.338680,63.577118
389.238434,97.146049,29.164791,60.316429
380.763428,98.556992,29.920883,59.076603
378.359009,97.354477,30.733700,58.370537
376.366852,97.671959,30.854872,57.270592
375.682037,97.484566,31.047535,56.707989
375.627380,97.476143,31.495102,56.384182
