1
200.364029,328.896423,63.563484,98.194206
200.751373,329.165405,63.805992,98.393082
200.828751,329.189087,63.988365,98.442940
201.159409,329.271057,63.243134,98.446129
200.604431,329.509460,63.288857,98.246010
198.420242,329.311768,63.583237,99.080833
193.906815,327.830597,64.933876,99.642380
189.905899,328.965485,65.568306,100.615631
188.714737,327.694214,65.977203,101.407303
186.709671,327.003906,64.522087,102.802826
183.308228,331.379700,64.205788,104.222244
179.541229,331.429840,64.571037,104.611053
177.676636,330.347504,64.461830,105.744362
175.071457,328.736725,64.952393,105.388702
171.513641,327.508820,65.232582,104.593063
169.295288,327.039246,64.732300,104.951065
167.953369,327.079498,64.622086,104.560150
166.197220,328.705139,64.453598,104.838234
163.147446,331.337830,64.045769,104.777588
161.746857,334.785706,64.133278,104.882423
159.622894,337.592773,64.345146,104.431168
156.828964,343.731812,64.111267,103.058571
157.021835,343.952850,64.468147,103.455414
158.093887,344.094879,64.572357,103.391457
158.309738,344.142365,64.932098,103.449722
158.067398,342.008911,64.150444,104.282967
156.915833,341.228210,64.517555,104.896851
157.095566,340.884491,64.874466,105.167664
156.903015,340.969330,66.089233,105.360527
161.687714,337.069946,66.108223,106.692513
161.109329,336.496002,70.507225,107.227287
162.005508,333.532440,71.239151,108.314346
162.641983,332.465454,71.730301,108.662865
165.058533,330.416199,72.974594,109.424614
170.745483,329.370819,73.380966,108.882957
172.278107,327.410828,73.905067,110.093460
172.845062,326.955719,73.769798,110.612442
176.493607,325.527466,74.133286,110.220047
178.158203,323.550903,74.429054,109.737671
178.585037,323.218506,74.463005,109.548820
178.365051,322.630615,76.997978,110.077965
181.434189,323.334412,76.958488,109.752823
185.570618,322.913269,75.177704,109.933289
190.387405,322.341095,74.424347,109.492775
190.655151,322.316406,74.418304,109.302910
192.320526,322.184937,74.177299,109.194557
192.759872,322.065308,74.487099,109.327530
192.837357,322.025024,74.572075,109.408379
194.426514,321.459015,74.642372,109.438416
197.093079,318.277130,74.430809,110.648865
198.954056,317.178192,73.852379,110.742783
200.059982,315.418274,73.853416,110.599304
205.061707,311.296326,73.075462,110.810692
205.565170,309.549408,73.365387,110.168320
206.146515,308.606415,73.347015,110.175880
205.671783,307.755463,72.677643,111.117203
205.910950,307.901398,72.950356,111.458626
207.794571,306.936646,73.196465,112.138680
209.109955,307.426239,73.029678,112.904228
209.520111,307.580383,73.450432,113.156471
209.488876,307.564880,73.440399,113.457985
209.519806,307.478912,73.452797,113.466209
208.963913,307.539642,73.038277,113.152893
209.295380,307.546936,72.078728,113.496155
209.573746,307.751953,72.229576,113.552315
209.885284,307.888153,72.408546,113.806732
209.931717,307.462097,72.340843,113.918213
206.126663,307.019867,71.412788,114.252037
205.781738,307.141846,71.078400,114.275505
205.514816,307.289642,71.537170,114.099495
206.120743,307.289337,71.007561,114.308090
206.979813,307.374329,70.206566,113.690704
207.097122,307.770355,69.727676,113.512932
207.663696,307.881287,68.605629,113.359863
206.901810,310.052155,67.800346,111.586876
206.835388,310.895660,67.667503,111.475288
207.122498,311.040588,67.756104,111.489868
207.495270,311.633423,67.774979,110.720337
207.732407,311.691071,67.884689,110.874168
209.202576,310.398987,66.919708,110.528877
209.525986,310.978455,66.777290,110.121712
209.721649,311.183838,66.809593,110.324524
209.869843,311.842468,66.808258,110.466789
210.748444,315.863373,67.156639,110.873672
216.730179,320.526886,66.974884,112.673119
216.958618,321.373169,66.915909,112.693176
217.210800,321.662109,66.900673,112.909691
217.557373,321.454010,66.852196,112.940109
217.774811,321.447021,66.873489,112.895317
218.590057,321.223846,66.748581,112.818748
220.333557,319.971680,66.530075,112.854042
222.941833,318.257111,66.251343,112.606400
223.478546,317.491211,66.120438,112.689537
227.106949,313.649109,65.804039,110.843697
227.580612,312.343140,65.953651,110.290726
227.740356,311.901703,65.925369,109.884338
227.679794,311.744232,65.901787,109.782135
228.005142,312.793579,66.298126,107.595100
232.806015,313.488251,66.144722,105.749298
235.189255,314.238800,65.983154,105.255913
237.970688,316.093842,64.976776,102.899773
239.913910,316.660156,64.694565,101.968987
241.853333,316.678986,64.469162,101.256287
242.418457,316.770142,64.211380,101.220207
243.181473,316.709442,64.230553,101.324760
245.437973,316.449982,63.693176,100.511230
246.232025,314.319519,62.906178,99.405739
246.775742,311.926453,61.566711,99.494598
247.907333,311.296417,60.717484,99.343292
248.465637,311.547699,60.784851,97.456131
251.317291,313.923981,60.037640,95.255447
253.705597,313.545288,59.131180,94.282448
256.441284,311.994293,57.656895,94.196526
257.941284,310.074982,56.592358,93.045044
260.711456,310.455780,55.539246,90.025795
261.445923,310.726807,55.456100,89.130569
262.101685,312.397949,55.145824,90.161713
263.939209,312.999390,54.708595,90.472702
264.274994,314.167633,54.771900,89.865860
266.083954,314.371460,54.489155,89.044518
266.065948,314.442017,54.361095,89.404396
263.834351,314.983002,53.597626,88.514618
263.990631,315.190582,53.946095,88.929611
265.848175,316.678070,53.979858,87.294472
265.831726,316.628998,53.964935,87.370895
265.747131,313.296783,53.110989,86.636147
267.162079,309.515961,51.897045,84.008751
268.167053,306.355316,50.885677,78.975235
268.033295,306.327515,50.942478,78.922981
268.069336,304.823792,50.788109,77.924179
268.761322,304.970886,50.210255,77.947067
268.990601,304.903198,50.428757,77.968575
269.051422,304.936646,50.454014,77.965981
269.155121,306.446381,50.412148,77.749580
267.370941,308.529633,49.475361,81.327248
265.828461,312.739929,48.973255,82.354652
265.842560,312.823090,48.972443,82.469643
265.956177,312.719574,48.938290,82.492020
266.064941,311.828949,48.849319,80.348198
265.070831,309.305359,49.288445,79.609558
263.540375,307.527161,50.107918,79.938576
259.703918,308.070465,51.086521,79.424118
259.871460,308.107758,51.434715,79.470566
259.819916,308.058167,51.474224,79.329285
259.094208,306.264832,51.554333,79.067307
257.280457,305.931244,51.767502,79.322258
256.222260,306.192535,51.479408,79.191719
253.095703,306.091339,50.688797,79.606079
252.578308,306.450562,51.009544,79.454254
251.432007,306.081818,51.455273,79.172455
251.011307,304.512085,51.171249,78.759819
247.921494,300.974243,51.433002,77.933647
246.694397,297.978760,51.444313,77.227997
242.541428,299.506805,51.300159,77.687820
241.109680,301.604675,50.522350,78.581360
240.803116,305.157501,50.960800,80.063065
239.990906,309.655823,50.336067,81.389709
240.065613,312.434204,49.875439,81.923622
238.460236,315.548218,49.248806,82.505844
238.039444,318.636780,48.904900,84.091736
234.970062,322.016632,52.602364,83.391922
235.436401,320.175537,53.295418,82.914040
236.056015,315.874695,52.289028,82.834343
237.112610,312.859924,51.958164,82.621552
234.250885,309.835693,51.609604,82.983498
232.466446,312.923798,51.759876,84.724991
231.237640,318.250122,51.314037,88.707794
232.130417,321.608032,50.304417,91.821228
233.418488,324.534393,49.801411,94.493851
234.913559,323.930054,49.617569,93.512245
235.282440,319.247467,49.703209,93.215416
234.075577,314.362457,49.174213,94.025146
231.501938,309.143433,49.598747,93.358490
229.238678,307.380981,49.343075,92.224503
229.817703,306.694580,49.276661,91.876312
230.829269,305.386932,49.559566,87.052803
231.076843,305.048737,49.797207,86.548439
231.219986,305.083984,49.677902,87.067123
231.445908,305.523224,49.896313,87.352341
231.275681,307.328003,49.401978,87.405136
231.394836,307.406494,49.461304,87.392723
231.553360,307.471710,49.394833,87.507416
231.786560,308.302887,49.447178,87.892273
231.611938,306.973236,49.337357,87.539047
230.569122,308.043213,48.940479,87.369522
230.549881,308.726166,48.834229,87.279594
231.766693,309.460846,48.624992,87.207848
232.227814,309.012421,48.921696,87.129944
232.747482,308.772949,48.639099,86.657356
232.695526,309.731079,48.852787,86.684555
232.532288,310.019104,49.584656,86.575127
232.350693,311.072510,49.912239,86.534996
230.465149,311.974640,49.273853,87.910683
230.492706,312.133453,49.470058,87.839348
232.630844,312.758209,49.583786,88.281746
231.527206,314.347382,49.929764,88.298416
229.888031,316.995880,48.982441,88.851219
229.674545,317.680817,49.179108,87.640617
230.565552,316.302765,49.629444,86.802734
231.288910,312.352112,49.742016,86.291084
230.726334,307.116058,49.425076,84.652176
230.039078,306.643890,49.130104,85.065140
228.061325,310.075562,49.168339,86.096184
225.477493,309.709442,49.002388,84.661385
225.864456,307.963043,49.562191,85.466255
227.434219,305.325714,49.626446,85.332970
227.498016,303.721771,49.774395,85.780952
227.949509,303.731110,49.225986,87.268707
226.023788,306.403015,48.344624,91.404572
224.754318,309.910248,47.583950,92.332527
226.666153,316.240417,47.415524,92.086273
229.296082,316.934296,47.001312,90.908791
231.573563,317.264740,46.840340,87.570335
232.019028,315.962433,46.421337,87.390579
232.050690,318.086090,45.913902,88.392334
224.464523,315.809692,45.730625,87.573555
224.554199,315.406464,45.633198,87.053513
224.891907,315.705994,45.855873,87.272995
225.245422,315.607483,45.503162,87.169884
225.538177,317.250916,45.804001,87.056351
225.202042,317.157013,45.901806,86.896820
224.299377,316.121979,46.007980,86.114052
223.312576,312.768555,46.265511,84.556511
223.523621,308.806549,46.099583,84.775116
223.326675,305.854004,46.366894,84.848373
223.497238,302.481689,45.666042,82.536369
223.629272,306.297363,45.110847,84.060417
224.393463,310.189606,45.282894,81.060379
225.481049,310.056183,45.229977,79.112282
226.167572,309.589844,44.689419,78.286499
226.417801,310.264069,44.357685,78.134987
226.561188,310.394379,44.313156,78.347237
225.294815,312.902649,43.944504,78.394501
224.715134,316.859344,43.178204,78.800812
224.881912,322.922485,42.814579,78.922142
225.694061,324.203369,42.349529,79.651711
226.099380,327.033234,42.327850,79.117050
225.881042,329.570923,42.232700,78.904366
226.540619,331.890320,41.991695,79.064369
226.991684,332.255798,41.837910,79.335777
227.139420,332.161835,41.949177,79.302521
227.728241,330.694275,41.904350,79.034378
226.859695,320.341705,41.505161,77.217712
225.664734,313.229523,42.032021,76.627258
225.236740,313.537354,42.128204,77.291328
226.165543,319.443268,41.357037,79.448158
226.135178,325.067200,41.495911,76.494095
230.599564,326.133362,41.240288,73.874084
233.648636,328.873016,40.297279,73.063904
233.706207,329.079254,40.455616,73.470505
230.893997,329.789032,39.931911,73.054932
230.658157,329.785217,39.870125,73.607178
230.546585,329.545593,39.796120,74.139969
229.559235,328.033325,39.683174,74.395447
227.933090,324.497192,39.701164,74.355179
226.287277,322.238800,39.660103,74.910492
225.955215,323.134674,39.816299,75.828926
226.049484,324.095886,39.659042,76.272980
226.093719,325.212830,39.636238,76.747269
226.173645,325.287903,39.904381,76.997681
225.461288,325.370361,39.698238,76.996758
223.192398,327.977509,40.642574,76.188995
222.232224,331.011688,40.597443,77.156754
219.269836,333.929840,40.503323,78.622734
217.557510,339.607513,41.522083,78.382683
219.601242,339.333923,41.447556,78.242760
220.084534,340.414551,40.959026,78.661682
219.245804,336.167786,40.761845,79.285896
218.619553,332.051239,40.351547,79.887451
219.546646,332.046936,39.419483,80.397240
218.842773,330.880707,39.313011,80.211159
216.871185,328.460510,39.258282,80.884598
216.513321,323.633972,39.577908,78.724472
217.305161,322.875549,39.897846,78.374680
217.427734,324.561859,38.709293,79.232521
216.175034,326.816864,38.338776,79.545174
216.232697,327.386505,38.207939,79.607666
216.338577,327.477997,38.459660,79.689629
214.683258,324.953888,38.118217,79.847656
214.875549,325.064056,38.355217,79.751068
215.111816,324.572479,38.434017,77.714905
214.358688,325.752441,38.478710,77.821281
213.096695,328.290771,37.985538,78.275421
211.973389,327.442963,38.632053,77.054237
210.334839,324.776459,39.377613,77.509880
209.437805,322.388580,38.985600,79.445183
209.587646,320.334381,38.584290,78.566650
211.132782,325.338501,38.552738,78.017784
211.799484,327.419769,38.790722,76.511101
215.920944,327.610168,38.711884,75.227219
216.291016,326.034454,39.291042,74.552177
215.058578,321.878113,39.614681,75.124374
213.177444,319.823517,39.895599,75.536026
212.044708,323.472229,39.484734,77.827034
209.192795,326.890228,39.648022,76.215775
210.533691,330.487610,39.323467,76.886803
207.112000,332.951233,40.221809,77.807045
207.282913,332.380096,40.244415,78.363716
207.381577,333.916473,39.913082,79.246025
208.457306,334.636261,39.901314,78.502991
203.285904,336.906830,40.776558,79.926857
202.565033,334.270294,42.364113,77.709488
204.472443,330.077972,42.573612,78.657448
203.483673,325.733704,43.595013,81.980911
199.481018,322.500397,45.188808,81.293472
197.732361,325.852509,45.855835,85.858086
198.172318,327.721313,46.011135,87.231682
198.958237,327.770050,46.837875,87.469109
198.378571,327.387390,47.168613,88.121002
198.169693,325.826599,48.389812,88.074608
201.694229,326.763214,50.546291,85.425797
200.182556,325.696289,51.748280,86.021957
198.324753,328.028961,51.911129,88.176186
198.456223,328.881683,52.336025,89.158470
198.199112,327.488861,52.941601,88.591759
197.696884,326.594238,53.924412,88.631569
197.465591,325.954895,54.238037,88.758179
197.498260,326.247528,54.645737,88.660797
196.520493,328.799622,54.805710,90.475449
193.957062,330.636200,55.196117,89.575157
191.680466,330.258850,55.437866,89.918312
191.982758,327.793060,55.606655,88.889992
191.371292,326.214172,56.183098,88.218880
190.283020,322.058533,56.713329,88.695366
189.444962,317.954987,57.509594,88.410599
189.263794,316.762482,58.268406,88.392380
186.812424,315.956238,58.667511,88.355377
184.417999,311.457703,60.477451,89.184929
184.012268,311.051727,60.653374,89.220703
182.826202,310.828430,60.873451,90.237679
182.773224,311.276245,60.995193,90.517197
183.511215,313.492157,61.859669,91.289574
183.393402,313.689026,62.034756,91.371758
181.070374,314.503876,62.741142,91.315224
179.951691,313.672974,63.105858,91.382454
179.758469,312.174591,63.886021,90.155579
179.420853,313.386993,64.058952,90.569908
177.868546,318.217896,64.715660,89.232933
177.125397,325.640015,65.659737,89.341476
177.408783,326.054749,66.073746,89.325989
176.894012,327.666901,66.389420,89.295349
175.707962,327.868011,66.599113,89.319130
175.778152,329.196381,66.834145,89.461243
174.871582,333.532776,66.970741,89.599205
173.168884,338.704712,66.502632,90.421021
173.442688,339.285400,66.972496,90.549751
173.565781,339.509369,67.052490,90.946686
173.782822,339.528900,67.467621,90.961754
173.985901,339.245026,67.519867,90.850075
174.043350,339.308105,67.942894,90.901619
174.132004,339.635376,67.900475,91.017082
174.248352,340.027222,67.970428,91.433449
174.285339,340.129242,67.955971,91.490463
174.299072,340.123840,67.963844,91.460915
174.249695,340.068665,67.952484,91.488419
174.229401,340.104218,67.908646,91.531998
174.125107,340.293793,67.887672,92.149193
173.842178,340.349182,67.793221,92.682579
173.928436,340.487244,67.961075,92.960930
173.980270,340.297729,67.897835,93.049522
174.123062,338.184662,67.426491,94.066185
173.125137,337.003906,67.202927,94.714195
172.842545,337.383728,67.302055,95.163193
172.963409,338.621155,67.437874,95.417793
171.921967,335.783203,67.169365,95.351021
170.156372,336.022919,66.815071,95.160294
170.334671,336.157959,65.894226,95.522697
170.643219,336.492798,65.646156,95.892639
170.992737,336.648682,65.506866,95.909096
170.123886,338.393372,64.771278,95.841003
171.033585,338.379364,64.440781,95.901329
171.367233,338.285889,64.269585,95.877579
171.493958,338.029663,64.390808,95.888443
171.642578,337.526703,64.264221,95.789047
171.462280,337.039001,64.053757,96.225319
171.627289,338.175446,63.663624,96.471085
172.930756,343.489929,62.366993,97.201859
173.623688,345.046906,61.975201,97.799538
174.690155,345.300659,61.494106,98.474388
175.486160,343.537537,61.200127,99.427002
176.309235,342.923615,61.134068,100.153244
176.621826,340.528625,61.284565,100.791306
177.262894,337.948425,61.317318,101.215408
177.927292,335.572601,61.325714,101.749825
179.947266,331.353485,61.255947,102.274063
181.852448,327.191162,61.261028,103.476990
183.153290,322.532654,61.231239,104.689011
184.030670,321.214935,60.985565,106.531754
184.055817,322.907959,60.020256,107.224731
185.532822,327.990509,59.744461,108.151184
186.779785,331.993713,59.485607,107.737007
186.756149,332.458374,59.287357,108.116081
187.517715,333.191772,58.822258,108.222801
187.340546,332.821747,58.816185,109.062767
187.229401,333.568420,58.383038,109.937485
185.654236,341.175812,58.689499,110.083679
185.761765,341.397339,58.863365,110.729660
185.257278,340.357605,58.908661,111.223625
185.122299,339.752533,59.023842,111.574265
185.073975,339.008087,59.191254,112.235413
185.129578,338.171722,59.222359,112.340942
184.930634,337.501617,59.384205,112.805473
184.562180,337.413574,59.285019,113.277206
181.917770,349.948975,58.568607,109.801476
182.145081,350.107208,58.981850,109.976730
182.253525,349.609192,58.922237,110.235817
182.242813,349.792572,58.956089,110.451935
182.027893,350.162598,58.723866,110.785522
182.920227,356.942200,58.576492,108.714066
183.020432,357.172394,58.954548,108.984779
180.752747,360.701752,57.892471,108.513817
179.180527,361.325867,57.348137,109.019829
179.615280,361.915527,57.322033,109.373482
180.049393,361.766388,57.500198,109.475098
178.438538,360.419800,57.879875,109.374565
176.291840,359.832825,57.628738,109.905777
173.712311,357.772430,57.810272,109.920753
172.629807,358.846497,57.027931,109.873726
168.451324,361.626404,56.817394,109.977333
164.214630,360.981262,56.456753,110.976654
163.285034,353.574249,55.965828,112.481255
160.132050,344.154694,55.433846,115.442490
156.300323,338.769318,54.816452,117.146263
153.606079,336.697968,54.373466,118.789574
152.394867,334.890961,54.059078,118.701492
147.707123,331.230042,54.296864,120.451096
142.352081,329.225983,54.463055,119.783997
142.007462,329.138947,54.128933,120.095779
142.874695,328.587830,54.128334,120.489418
142.715118,329.298279,54.407494,120.033104
134.807846,332.944244,53.391582,119.852692
135.316986,332.670715,49.885914,121.700920
135.521286,334.627686,49.662094,119.728699
135.928879,334.295807,49.968761,120.503029
135.749619,337.811310,49.524536,120.632675
137.074203,337.846375,49.469307,121.397034
136.863174,338.095978,49.543987,120.103371
136.431366,337.790283,49.972561,120.578194
136.578491,337.853882,49.972656,120.606316
136.736847,337.876862,49.867966,120.902306
139.252151,337.613892,49.468399,120.094070
143.081924,336.564972,49.304909,119.550278
143.400635,336.648987,49.174469,119.752853
143.896378,335.809418,49.413204,119.535545
143.704849,335.255798,49.391369,119.817963
143.760773,335.303833,49.484890,119.949692
145.371216,335.006073,49.342236,120.058716
145.436432,335.125000,49.451351,120.333740
149.117508,331.884460,49.516689,119.258415
149.938126,331.712799,49.900646,119.532318
150.249603,332.291351,49.895958,119.907455
150.995071,332.003204,49.980507,119.542717
153.874390,333.595642,49.588032,117.446625
155.403931,333.949493,49.955265,116.698822
155.455887,334.084015,49.983589,116.906525
158.758728,333.230835,49.794392,116.386078
161.912277,332.339386,50.065121,113.924423
164.977097,330.232544,50.065834,113.459953
167.556503,325.836365,49.024399,112.527740
168.295273,325.574219,49.224079,112.441040
163.873749,324.624359,49.370144,112.032341
163.981277,324.704224,49.502254,112.402054
164.413742,324.747406,50.081600,112.215919
165.098877,325.326660,50.286362,112.651169
165.509628,325.334106,50.535660,112.746307
167.719711,324.503296,50.910404,112.933098
167.784134,324.556732,50.948326,113.014862
167.560257,324.977448,50.725830,113.631760
167.560028,325.843384,50.729027,114.398010
167.689072,325.930756,50.973721,114.448997
167.755524,326.030151,50.961132,114.405006
167.786987,326.101807,50.979919,114.423553
167.797928,325.797821,50.999859,114.447182
168.581238,325.606903,50.645721,114.418808
168.761581,325.622864,50.978943,114.441917
169.316742,327.365326,50.781578,114.499367
170.092133,327.537598,51.017311,114.711494
170.341873,327.695709,51.477371,114.942307
170.955917,326.747223,51.428589,114.730560
170.454926,326.021515,51.132530,115.158127
170.625824,326.094879,51.443279,115.484406
173.102234,323.338470,51.041546,116.073708
173.474976,320.697052,51.052338,116.431679
173.416779,318.430817,50.402946,116.949875
168.993256,319.181915,49.830639,115.868629
169.086060,319.233215,49.887955,115.937004
170.614471,319.049591,49.845863,115.490829
170.699173,319.028870,49.953205,115.458199
170.195526,318.628448,50.248806,115.661507
170.362839,317.497314,50.351284,116.037460
170.118698,316.146942,50.341717,116.928749
167.239014,315.062775,50.847496,117.698082
163.997681,315.197327,51.163837,118.643822
164.267975,315.505249,51.500969,118.861397
164.585526,315.530762,51.977158,118.937088
164.595734,315.562561,51.974323,118.948723
163.823242,315.067627,51.978455,118.625679
162.719894,314.772644,51.935131,118.385498
162.722031,314.824280,51.977734,118.444130
162.427628,314.720856,51.998730,118.045723
160.154617,313.984131,52.092278,117.780876
160.423843,313.345367,52.538368,117.311111
161.257080,312.820404,53.365395,116.465813
161.278671,311.776825,53.830425,115.935501
160.511795,308.973541,54.465199,115.630013
159.371368,307.350220,54.420036,115.463646
159.512634,307.071075,54.482296,115.263206
159.492188,307.152496,54.465092,115.421303
159.569199,307.559937,54.981976,115.135292
159.665863,308.433716,54.918625,115.451118
162.609619,309.594330,55.731155,114.980919
165.892548,309.567535,56.436150,115.136986
165.844727,309.801880,56.480453,115.422104
162.363434,311.802551,56.996532,114.022270
162.387238,312.893127,56.947777,113.975777
165.612640,317.261230,58.647530,112.556168
165.641418,317.477783,58.844730,112.358658
165.614700,317.472534,59.006317,112.165565
164.989517,316.905884,59.159302,112.095009
165.125977,317.200195,59.481949,112.392799
162.429962,321.542358,57.697651,106.054344
162.517197,322.289429,57.971992,106.245453
162.471176,322.414062,57.962784,106.432648
161.881302,323.071350,58.092892,105.848427
161.913773,323.169312,58.341877,105.884567
161.997192,323.217102,58.472961,105.949432
164.300125,322.367554,58.032757,105.884796
163.513184,322.575378,58.325256,104.629951
163.160995,322.822723,58.327888,104.658295
161.998337,323.822296,58.345299,104.093803
162.074081,324.025726,58.466759,104.449944
162.626999,324.290375,58.253796,104.256935
162.744232,324.437256,58.464008,104.422531
163.699951,324.731476,58.110847,104.315521
166.258362,323.156189,58.186440,104.754776
166.668716,323.221161,58.336540,104.931335
166.593140,323.275452,58.419521,104.962837
166.686172,323.283997,58.446724,105.011658
166.743988,323.532471,58.456554,105.446754
167.825760,323.210754,58.130219,105.403008
169.880539,320.167084,58.260933,104.707718
169.594193,314.994812,57.911198,104.965851
169.499603,314.290649,57.729706,104.511719
169.926437,313.022278,57.671009,104.443268
170.592529,310.063568,57.491245,104.180397
169.979721,308.213379,57.308651,104.130089
172.880249,306.276215,57.033321,103.050407
174.322388,306.415344,57.162327,103.692596
174.483505,306.527863,57.490974,103.950142
177.055313,303.843994,57.104706,103.137901
176.701828,302.938263,57.561382,102.275711
171.652847,303.049377,57.820000,102.605659
172.280106,302.533264,57.628250,103.059967
172.431259,302.667450,57.991215,103.231743
171.411423,302.457062,57.789917,103.185699
170.690109,302.043335,57.947651,103.234238
169.726868,299.154327,57.850842,103.307701
169.803268,299.220856,57.975948,103.439102
169.681427,299.537567,57.998325,103.320732
169.654022,299.642975,57.958382,103.460854
169.972794,304.306030,57.150112,103.830116
170.145187,306.184570,57.336941,104.881691
177.558594,311.015808,57.320747,104.099609
178.349274,307.074066,56.993595,106.997955
177.330811,303.257263,56.294655,108.582146
177.039825,301.789124,56.570057,108.483368
181.017639,296.924957,56.965572,107.595879
182.599121,294.548920,57.511662,107.709587
182.899094,294.357361,57.996693,107.896912
182.754440,293.741425,58.028839,107.860680
183.536880,292.555573,58.576138,107.403214
183.644638,292.974243,58.995117,107.519661
185.647537,295.096039,59.073914,108.395531
188.172562,295.268127,59.762993,107.696632
188.162567,296.102722,60.036987,107.950134
188.413101,296.475250,60.377380,107.914505
188.462952,296.542694,60.466404,107.957153
188.337814,297.695038,60.261429,108.068443
187.940811,298.977844,60.297153,108.339073
184.501648,305.571899,62.279022,103.457710
180.356094,314.575470,61.939453,97.145447
175.434158,318.310699,62.516468,100.988586
175.450867,323.407959,62.575214,101.161461
175.657669,323.562317,62.968906,101.458122
175.668594,323.600342,62.968124,101.453133
175.662643,323.695709,62.987637,101.433319
175.183304,323.677521,62.874611,101.187698
175.097763,323.578796,62.990532,101.502151
174.756058,323.469391,62.943119,101.917885
174.667648,322.696411,62.844570,102.099358
174.639328,321.196442,62.833271,101.732941
174.605591,317.369904,62.867085,101.207329
174.445724,314.884766,62.926411,101.284752
174.316498,314.610748,62.876041,101.210968
173.967575,314.441010,62.610806,101.289444
171.363541,313.874939,62.116241,101.318672
170.953598,313.171509,62.157326,101.363091
169.252106,307.377991,61.351009,101.142143
163.886932,310.494598,61.178917,101.971848
160.888443,311.589447,60.930000,103.393433
160.764587,311.671448,60.995483,103.463737
156.197861,317.747894,61.917198,105.231796
153.687164,320.566040,62.386372,105.325104
153.679184,321.163818,62.763264,106.024788
153.773148,321.369629,62.987446,106.585052
153.777954,321.577393,62.968891,106.953896
153.782272,321.601929,62.962585,106.961182
153.774811,321.668701,62.951054,106.955353
153.605911,321.906067,62.804787,107.070168
153.352890,323.405029,62.961456,107.301720
153.375092,323.448273,62.949600,107.568611
153.530777,323.700287,62.896423,107.983353
153.544266,323.624146,62.870785,108.007263
153.605209,323.864166,62.968594,108.456413
153.453781,323.709076,62.782909,108.531105
148.182556,323.547913,62.228024,109.518456
143.960876,329.764343,62.766121,111.942612
143.735809,332.355804,62.629978,112.718369
147.288605,332.117218,62.504475,114.889053
147.055084,332.195984,62.805935,115.118965
142.228043,335.429504,60.677402,115.084480
145.793442,336.046600,60.248325,115.768341
150.309845,335.026398,61.409840,117.696785
150.346008,335.181671,61.464867,117.948692
150.174683,335.006073,61.375431,118.172188
150.853943,333.978729,61.378860,118.587837
150.547058,327.548431,61.282894,120.706802
150.736038,327.545654,61.426125,120.971756
150.748978,327.417786,61.422283,121.007484
150.271378,327.416718,61.287540,122.197441
150.344604,328.081635,61.444878,122.618385
152.872604,329.287109,61.090973,122.522537
153.035385,327.308685,61.408688,125.013405
152.464600,323.753998,61.855877,127.090942
152.449203,322.229034,61.417477,128.150970
152.324326,319.887695,61.950146,127.780899
152.565994,318.177368,61.850605,128.277420
150.879425,317.724762,61.721695,128.611420
150.468704,316.062561,61.639183,129.280273
151.524048,310.632080,62.608501,129.971008
151.165024,309.882629,62.680096,129.864395
150.650848,309.083252,62.900829,130.509918
150.394974,309.107239,62.916172,131.004486
150.357986,309.446655,62.978756,131.411530
150.369843,309.863068,63.014183,131.629868
151.188156,308.450562,62.930958,133.157028
151.972870,307.356628,64.299316,135.429108
151.986450,307.783173,64.446709,135.326660
152.010803,308.186066,64.400833,135.397125
152.804794,307.727142,64.711281,135.786377
154.737183,306.812561,66.183754,137.675201
158.854797,307.855408,66.777000,137.147812
163.095703,308.804474,66.577103,136.438995
171.180542,308.465454,67.185211,137.277298
173.102234,307.867645,70.089607,138.401413
173.758240,308.465973,70.233475,138.224854
173.887070,308.616821,70.467674,138.440811
174.225754,309.146423,70.417946,138.140106
176.339188,306.290009,70.893356,141.032257
180.241791,305.620026,71.244995,141.105591
180.849701,304.432617,70.771118,141.740616
181.036301,304.518921,70.906006,141.845917
181.083176,304.595001,70.965462,141.934616
181.277878,305.967224,70.868164,141.543961
184.243683,310.852997,67.065460,140.620132
187.126297,312.176941,66.923203,140.331589
187.567917,312.607666,66.811279,140.106674
188.227112,312.376495,66.750267,140.578934
192.265839,308.552917,66.914345,143.344986
194.041046,306.538422,66.550865,144.258087
194.585190,306.659332,66.817772,144.012833
195.678635,303.071381,67.701637,147.008224
195.876984,303.261414,67.966621,147.345505
195.894135,303.283813,67.967316,147.446976
195.738464,303.205200,68.359261,147.487885
195.225861,302.752808,68.588387,147.368439
189.594818,301.960052,72.184105,145.819168
188.770462,301.160645,74.053192,147.900833
189.827179,307.015808,71.010101,145.208847
191.412369,311.518219,69.988136,142.213638
191.893692,315.042938,69.918182,140.801743
192.234726,316.670959,70.630692,139.868820
192.445877,316.886353,70.966446,139.885178
193.216263,316.650726,73.279030,141.372742
193.397293,317.608917,74.116302,140.931564
193.610947,317.513000,74.466568,140.944168
194.807617,314.991913,73.825645,140.736938
199.247574,311.088989,72.454758,139.959702
200.118881,304.078552,73.042664,141.590042
200.275452,304.057404,73.458626,141.922592
196.812851,304.513245,74.760391,142.361710
194.671814,307.385529,73.839699,142.028900
194.931503,308.164276,73.907135,142.251251
194.609055,307.240265,74.627457,144.640213
193.904068,306.120178,75.664154,145.775696
193.810608,305.674591,76.007271,145.648819
192.451462,294.490875,76.637924,154.377060
189.707626,294.781311,77.639748,152.729141
185.577148,295.620239,78.868851,152.016113
184.096069,298.286285,78.584862,151.050949
183.782883,303.766022,77.607712,147.741821
182.867065,302.094910,78.405853,150.766037
182.653702,301.410980,78.571907,151.157394
179.863846,300.320557,79.357254,152.838684
176.423508,299.833710,81.125534,153.870071
176.616806,300.193176,81.441978,153.764557
180.105865,300.063110,80.880562,152.558472
179.960052,294.284058,82.738060,156.526886
178.707611,294.310577,83.460373,155.887207
179.031143,292.260132,84.102318,156.498428
180.121872,282.927734,84.202614,160.714157
180.048035,283.003235,84.557465,160.982620
180.254288,284.656403,84.805321,160.417755
180.536392,287.856995,84.869179,156.746750
180.367859,287.735748,85.016243,157.046005
179.811768,287.586121,85.816284,156.350418
178.653030,285.530457,86.090225,156.490280
177.536835,282.645935,86.004539,158.264816
173.837021,282.271210,88.184128,160.095596
173.937469,282.393677,88.548912,160.673233
175.060349,282.058594,90.370087,162.717834
175.729126,280.489624,90.844322,164.897583
175.104584,279.954956,92.083107,165.277176
173.423264,280.673157,92.306549,164.912277
172.714005,280.744415,93.872299,165.539673
172.032852,278.893494,95.726723,169.084381
171.583878,279.027008,97.300285,170.237991
167.976929,278.230988,97.776161,173.004593
166.351196,277.004730,98.564430,173.733917
163.977554,273.503876,100.455429,176.072495
