1
199.426773,333.541260,62.288734,96.400139
199.772919,333.838715,62.343155,96.433533
199.755875,333.457672,62.296280,96.338005
199.985153,333.019043,62.356632,96.190170
197.887192,331.520508,62.267208,96.213516
196.721390,330.465271,61.840294,96.838829
195.631363,329.576355,62.173843,97.212166
190.974426,331.287476,63.621922,97.229546
190.580917,328.946381,63.741634,97.855431
187.933899,329.003204,62.842876,98.542175
184.009384,331.411743,62.902126,100.924583
181.537491,331.656464,63.283096,101.118523
178.924728,332.082977,63.264275,101.771606
176.422699,332.131866,63.467026,101.867065
172.829056,330.937408,63.868053,101.559364
170.297211,330.214111,63.110600,102.283096
168.853088,330.314606,63.025024,102.277039
167.125290,332.274750,62.338192,102.980957
163.698151,335.068604,61.470650,103.350479
161.180634,336.016144,61.739067,102.815819
159.347580,338.952393,62.199238,102.273552
156.624619,345.274353,61.917713,101.914925
156.680145,345.324554,61.961205,101.963699
158.846481,345.936859,62.400589,101.259468
158.895859,346.056274,62.464138,101.453354
158.572357,344.141907,62.018795,101.780106
156.833328,343.309814,62.518929,102.017387
157.049759,343.511169,62.942726,102.472504
157.287994,343.231140,63.432446,102.237152
163.125854,339.941406,63.100605,102.179474
166.017670,337.151337,64.974426,103.622498
166.183319,336.616943,65.035027,104.181625
167.710602,333.129333,65.528000,104.849945
167.636597,332.253448,69.405174,105.150162
173.605072,330.325439,70.245766,104.940132
174.731293,329.226929,70.850517,105.967979
175.060150,328.876312,71.030945,106.151894
177.180115,327.956848,71.598618,106.978973
180.315918,321.993530,71.980377,106.885735
180.385788,322.011597,72.025650,106.939453
181.337982,322.351349,72.617371,107.073120
184.204941,322.868042,74.215981,104.623337
188.790222,325.214355,73.952690,104.609650
191.193527,325.594696,73.881424,104.395432
191.231979,325.761719,73.968208,104.400833
191.762039,325.544098,73.847496,104.533447
191.842545,325.755890,73.982460,104.963081
192.428955,325.646271,74.092537,104.728218
194.598877,325.706329,74.354568,104.985161
197.535721,321.154297,73.780418,105.956055
199.803345,320.005310,73.647575,105.876320
202.015518,314.449005,72.985123,106.977142
205.310974,311.045013,72.278275,107.039932
206.050232,310.225708,72.135742,107.218170
206.587952,309.623657,72.290840,107.234756
206.096222,307.723267,71.352112,108.636047
206.209000,307.887726,71.478790,108.979126
207.529358,306.946320,72.149467,110.008774
208.472366,307.361938,72.204559,110.693108
208.641632,307.411591,72.430763,111.051147
208.688950,307.750488,72.544701,111.536217
208.917511,307.965637,72.948853,111.981537
208.695328,307.844055,72.786278,111.991447
208.728943,307.941376,71.075317,112.026527
209.248077,308.645203,70.762215,112.850685
209.627258,308.404724,70.817635,112.776588
209.344849,307.778534,71.001785,112.831451
206.345444,306.629639,70.047935,113.603439
206.196991,306.739441,69.791176,113.954338
206.268173,306.787842,69.964561,113.928635
206.655518,306.747559,68.734161,113.780907
207.236130,306.806122,67.991066,113.467041
206.999725,306.894531,67.735374,113.235756
207.436096,306.937714,66.775681,113.024864
206.715363,309.326935,66.492477,113.322876
206.704544,309.662842,66.347168,113.315277
207.952240,311.826355,66.456985,112.442322
208.443970,311.954407,66.451363,111.777748
208.822037,311.629181,65.938263,111.294632
209.371170,311.452576,65.475746,111.276085
209.949677,311.751312,65.269768,110.693550
210.490097,312.037750,65.254669,109.836266
211.107788,313.363953,64.943871,109.596336
212.010452,316.488861,65.419693,112.515038
216.993820,321.700012,66.431351,112.020264
217.442490,322.848328,66.419838,111.943031
218.228058,323.832703,66.350616,111.334152
218.406372,323.921265,66.446198,111.418877
218.469086,323.920258,66.456757,111.414474
218.658142,323.937439,66.463165,111.343750
219.670792,323.004364,66.143143,111.232903
222.199387,321.274017,65.586266,110.988022
223.630951,319.418762,65.141068,110.230728
226.761353,316.211151,65.060440,108.698875
229.090363,313.572540,65.180832,108.115135
228.999893,312.148560,65.488197,107.610878
229.045944,312.855225,65.381737,107.688080
229.135803,312.950287,65.469437,107.833687
233.530899,313.459869,64.999901,106.019531
235.742889,314.411316,64.322319,105.893333
239.257721,316.676514,63.208061,101.903862
242.178177,317.990936,63.232918,100.221603
243.292770,318.656433,62.879757,99.542519
244.193604,318.747498,62.581402,99.747307
245.106995,318.518768,62.671406,99.638641
245.721436,318.251862,62.537254,99.485146
246.667862,315.642334,62.210354,96.998375
246.784042,312.156860,61.484470,97.306450
247.220245,312.014038,60.791412,97.431976
247.889099,311.590973,60.570679,95.746620
249.769287,312.925690,60.266487,93.484184
254.666382,312.965454,58.093502,94.112076
257.068207,312.471405,56.817951,94.418747
257.810822,309.974213,56.411621,91.432533
258.908905,310.443542,56.049595,88.562500
261.266876,310.550110,54.768402,88.497345
262.117584,311.560608,54.440445,88.764481
263.255676,313.051239,53.914185,88.028008
264.858887,315.232269,52.921833,89.066650
266.381653,315.370422,52.947235,87.994011
266.508636,315.021271,52.953781,87.818954
264.729889,315.425659,52.170937,87.100578
264.881134,315.625366,52.458374,87.444016
266.379059,316.378418,52.149296,86.701813
266.539612,316.429993,52.472656,86.946556
266.074829,313.348572,51.691624,85.770813
267.734528,309.051392,50.138275,82.926056
269.368439,307.999237,49.410450,78.354111
269.045929,307.513092,49.397675,78.435478
269.231415,305.610382,49.155247,77.403145
269.840881,305.650635,48.836674,77.485252
270.152771,305.414703,48.693027,77.344185
270.308380,305.497406,48.973091,77.465843
270.064148,306.582397,49.119019,77.787125
267.431213,308.432495,48.619812,80.521591
266.238678,311.884094,48.548084,81.372910
266.368042,312.526550,49.047421,81.988388
266.629883,312.497284,49.463779,81.993622
266.663940,311.833618,49.131561,79.534401
263.938782,309.184692,49.906101,78.896774
263.297760,308.749237,50.179813,78.119949
259.149506,309.735413,51.058990,77.775360
259.363373,309.847565,51.471954,77.967567
259.334991,309.826569,51.477695,77.950462
259.470673,309.121857,51.379406,77.616676
257.072357,308.606506,51.150978,77.369652
256.415283,309.115570,51.268463,76.752174
253.102570,309.061188,51.222775,76.244209
252.535660,308.806274,51.406605,76.149895
251.116974,307.711853,51.723587,77.951942
249.048126,305.293457,51.525345,77.762978
246.567017,301.158295,51.677895,77.026039
245.893753,298.796295,51.803196,77.291267
242.466751,299.612396,51.823601,77.825653
240.947403,301.904419,51.055515,78.831070
239.574860,306.359955,51.719463,80.091858
239.705200,310.482513,51.164131,82.522987
239.138779,314.510925,50.963356,83.073227
236.749115,316.909058,51.495747,83.283813
235.846466,319.905914,50.864292,84.290733
235.871918,320.516357,51.084969,84.523804
237.205460,319.118958,51.199299,84.464928
237.583130,314.389832,50.764717,84.964935
238.070145,309.977448,50.233559,84.525604
236.922058,308.009247,50.182827,84.875267
233.113495,313.418213,51.146473,86.271385
233.215775,317.127777,50.177345,90.841026
233.151901,321.714050,49.988922,91.377930
233.546341,322.517731,49.785099,91.288322
234.448120,322.555237,49.591629,91.511620
235.314087,319.884979,49.540714,91.349503
234.304443,315.150269,49.389404,91.349861
231.242401,309.301483,49.463097,90.266792
229.440277,308.112762,48.743954,89.647041
230.143799,308.034698,48.802853,89.388969
231.748428,306.854950,49.073208,85.277870
231.878098,306.018494,49.222130,83.884735
231.877029,305.626343,49.155472,84.465057
231.546219,306.345306,49.274757,84.160057
231.457016,307.283936,49.242676,84.447945
231.982010,307.562378,49.406963,84.199059
232.417160,307.954376,49.254833,84.688652
232.354279,308.217957,49.414280,85.050819
232.736374,308.041229,49.215305,85.182976
230.468826,309.346161,49.243351,84.442558
230.846573,310.878235,49.113049,83.842773
231.718826,312.202148,49.046429,84.113792
233.249771,311.863312,49.358540,83.062279
234.248291,312.032349,49.094658,81.898598
233.397110,312.243652,49.121792,81.950035
233.744965,311.791016,50.230312,82.308426
233.839203,312.279480,50.313023,82.403526
231.889725,313.838135,49.696590,82.392937
231.454559,314.921112,49.725521,82.204971
233.169785,315.862671,49.762768,83.326111
230.780701,317.909546,50.272488,82.641762
229.484421,320.157379,49.923721,82.598763
228.659241,320.504272,50.321396,82.122665
228.541107,317.929565,50.908863,81.660011
229.885529,314.843445,50.412735,82.052826
228.608643,308.528412,50.025196,81.585526
228.388123,308.450867,50.258667,81.810371
226.787231,310.266357,49.532791,82.970642
223.746750,310.683167,49.186378,82.143990
224.297302,308.737000,49.454132,82.809219
225.863251,305.933472,49.641197,82.890717
226.546890,305.660065,49.457767,83.366280
227.919586,305.997650,47.711792,84.218224
226.749619,308.497559,46.998726,87.826332
226.522446,309.923737,45.833466,89.293694
227.268570,317.020294,45.790722,88.611359
229.125900,318.608948,45.548725,87.588425
232.062622,318.642792,45.117817,84.598190
232.519135,318.070587,45.386894,83.857315
232.039246,318.833893,44.964081,84.256180
226.816513,316.908508,44.556030,82.829742
225.640457,315.031616,44.376507,82.198067
226.368469,315.565521,43.788174,82.495232
226.341293,316.644989,43.809677,81.936966
226.433151,316.936615,43.979824,81.639435
226.249008,316.770569,43.937737,81.082535
225.803375,315.602570,44.029064,80.677254
225.688721,313.629639,43.953419,80.374969
226.466766,310.505005,43.424385,80.637718
227.659668,307.926971,43.019413,80.186546
226.076660,302.964294,43.170940,79.388977
225.423141,303.860474,42.935204,80.269753
226.582932,307.818634,42.288918,80.131355
227.269958,308.189301,42.324013,79.993935
228.303680,308.030334,41.729504,77.651947
227.813034,309.368408,42.011543,77.671402
228.265594,309.594299,42.161098,78.048996
227.250565,312.806030,42.070866,78.955635
226.068207,317.431305,41.519104,80.275597
226.653763,321.863678,41.452427,79.225739
228.210312,324.507019,40.433651,80.008476
229.501419,329.326965,40.232887,78.239464
229.483078,329.873749,40.285084,78.008759
229.993057,332.693298,40.126835,78.388252
230.303986,332.805298,40.472198,78.436325
230.339035,332.396423,40.466656,78.322136
231.111084,329.678741,40.330814,77.757217
232.297318,324.079346,40.067200,75.417343
232.452042,319.435486,40.210709,74.294380
229.968765,316.679535,40.369480,73.991562
229.283279,320.235046,39.326920,76.326218
229.519333,323.623444,39.265553,74.900002
231.558609,324.520203,39.524841,73.920280
233.432465,325.613342,39.422951,73.292839
233.784653,327.136139,38.807667,73.682541
233.127640,327.817810,38.968254,74.082062
232.387909,327.215851,38.915630,74.796257
232.331238,327.126373,38.851929,74.999924
231.132294,324.647614,38.596527,74.714813
230.151260,321.973877,38.776546,75.090424
229.054077,320.980804,38.693775,75.525223
228.905548,321.747437,38.616390,76.442055
228.319153,323.036835,38.560684,77.242439
227.655579,323.910217,38.598190,77.782097
227.591339,323.880402,38.864243,77.952667
226.496796,325.891876,39.092937,77.234108
224.888840,327.056793,39.661385,77.409012
222.922134,330.031433,39.635101,78.894295
218.146484,334.725220,39.816185,79.465752
217.388580,340.397614,40.471119,78.177933
218.987900,340.007782,39.855560,77.315186
219.482864,340.346985,39.608562,77.559837
218.896744,335.405579,39.353870,78.936165
219.372452,333.241180,38.562122,79.273956
219.667831,333.006653,38.473381,79.702232
217.065308,328.101257,38.924259,78.205215
217.094666,327.424591,38.258308,77.713326
216.478165,323.371643,38.693314,77.029266
217.356232,322.761139,38.708870,76.852913
217.379105,324.121124,38.065063,77.217415
215.016251,325.963470,38.206421,77.227158
215.660965,327.623840,38.059982,77.630302
215.883301,327.546661,38.419155,77.813156
214.979980,326.287567,37.995113,77.205338
214.899780,326.173462,37.937916,77.222504
215.781982,326.089752,37.472656,75.023575
214.126297,327.105377,37.524258,75.505875
213.279572,329.042755,37.268639,75.985001
213.138657,328.845001,37.601917,75.366386
212.617584,326.677002,38.580830,74.703102
210.518097,323.923706,39.132679,74.655159
213.278000,324.656921,38.718639,74.531006
212.624481,327.189148,38.783386,73.533455
213.154892,327.632141,38.600449,73.515762
213.799026,327.106689,39.238876,72.930557
216.059525,325.537933,39.553360,72.896606
214.885620,321.519257,40.615494,73.116608
213.810928,321.310089,40.658390,73.468231
211.743698,324.579956,40.396885,76.658539
208.924561,328.243927,40.804150,76.900826
211.012848,334.606323,40.057350,77.180946
208.777115,335.098022,41.351021,76.962128
208.524002,334.086945,41.210384,77.420685
206.097305,333.172455,41.281910,78.330254
203.661850,333.445496,42.681202,78.616989
198.336884,333.275482,43.753582,82.726646
198.387863,330.358612,44.179581,82.167099
199.275879,326.818756,45.504272,82.383263
199.089722,321.689056,46.467770,81.952232
196.220367,318.758057,46.972473,82.024200
194.457809,322.562286,47.444763,83.971809
196.106842,327.253052,48.599472,85.760925
198.622955,328.801117,49.757221,86.642937
197.939209,328.565216,50.035175,87.954803
197.489319,326.592804,51.175682,87.462189
200.236633,326.896179,53.327454,85.146637
199.419250,326.975006,53.861355,85.697121
198.844345,328.971375,54.152233,85.738220
199.135971,330.987183,54.580605,85.796791
199.833740,330.862061,54.983658,85.507378
199.194794,330.466400,55.091824,86.021439
198.664536,330.022980,55.451141,86.467842
198.137253,329.291229,55.643616,86.198349
197.852524,334.164154,55.927666,88.440399
196.006470,335.216064,56.176865,87.889542
193.232178,333.941315,56.428120,88.622688
190.639374,330.606689,57.261826,88.329056
188.852341,325.930847,57.802917,87.775879
188.089233,321.634338,58.387295,88.137093
187.412918,318.400940,59.212589,87.142586
187.347580,317.822113,59.676804,87.573326
186.618973,317.532196,60.248573,88.098373
184.142410,314.201385,61.312778,89.279228
183.653366,313.601410,61.662186,89.540794
182.347565,313.340363,61.996300,90.627197
182.264648,313.645050,61.999538,91.009270
183.552261,315.401672,62.790649,92.378479
183.464737,315.799957,63.099590,92.637939
180.317612,314.269012,63.409435,93.185913
178.770767,313.225128,63.685310,93.155853
178.970383,312.197571,64.300156,92.760780
178.709167,313.193878,64.816307,92.659660
177.451447,317.659119,65.166252,91.579048
176.237991,326.507050,66.229065,91.866997
176.626114,326.467072,66.582588,92.027573
176.785339,327.944214,66.970360,92.206505
174.675156,328.809021,67.154762,92.418106
174.724121,329.738434,67.454498,92.422394
174.060150,331.115601,67.560875,92.304214
172.976974,336.071960,67.802277,93.629753
173.004913,336.707123,68.006660,93.924202
173.244339,336.758423,68.472214,93.961151
173.250580,336.739258,68.475227,93.955269
173.172836,336.400360,68.584892,93.821701
173.383224,336.503540,68.965775,93.958618
173.392517,336.725555,68.941269,93.978157
173.293274,340.040314,68.740662,93.872498
173.464188,340.104675,68.955917,93.963112
173.545502,340.077057,68.963875,93.941376
173.563370,340.029785,68.992897,93.940216
173.513840,340.072113,68.900078,94.038719
173.419479,340.143890,68.910530,94.622704
173.456314,340.343018,68.949295,94.987442
173.468857,340.333344,68.962044,94.956650
173.475998,340.342896,68.960587,94.966339
173.582016,337.620483,68.382286,95.256157
172.055328,336.248322,68.018448,95.745041
171.922821,336.977448,68.239677,96.469238
171.991486,337.656372,68.395279,96.362808
171.422562,335.019775,68.203690,96.181526
170.553467,335.711578,67.994789,96.191780
170.250763,336.322723,67.334251,96.476486
170.462708,336.486389,67.320236,96.409843
170.610123,336.428406,67.148781,96.398079
169.225708,338.036926,66.512360,96.099548
171.382309,338.498901,65.323547,96.457779
171.687302,338.501190,65.239372,96.441650
171.813766,338.485992,65.436897,96.469467
171.881409,337.122864,65.132721,95.907707
172.014832,336.961273,65.275429,96.132584
172.072250,337.588470,65.132484,96.325790
173.100204,341.389130,63.536812,97.303535
173.932175,346.083466,62.747669,98.043076
174.293488,346.111206,62.888607,98.610466
175.380905,343.865601,62.676498,100.419273
175.846039,342.481506,62.524014,101.499847
176.297531,340.854584,62.794106,101.127388
177.208405,338.465820,62.841923,101.805550
177.909531,336.691956,62.892502,101.872551
180.154434,333.083618,63.062279,101.713303
181.981491,331.130768,63.442287,101.897621
183.172668,327.805908,63.197872,103.168274
183.193802,326.813843,63.386570,103.437653
183.166061,326.515717,63.196716,103.741043
184.039246,327.736572,62.881798,105.879295
185.505020,333.765656,61.871815,105.096321
185.547287,334.735809,61.439140,105.689713
185.913010,335.575958,61.156723,105.650146
186.085205,335.731567,61.455788,105.971985
185.389908,335.968567,61.089058,106.842552
185.648010,339.092499,60.813206,107.872665
185.330948,339.770996,60.570633,109.096474
185.481064,339.744781,60.855282,109.610603
185.294083,339.083038,60.777237,110.292305
185.121323,337.826660,60.821220,110.499207
184.642792,336.409149,60.499447,109.672012
184.194992,336.581573,60.359108,110.249031
184.042618,336.916321,60.225929,110.721581
181.954758,347.999603,59.953594,107.593658
182.021622,348.909241,59.880608,108.016670
182.093826,349.554413,59.954182,108.575691
181.931732,349.673798,59.901382,108.976578
181.845306,349.948975,59.787273,109.453758
182.016418,355.628113,59.441620,108.404091
182.133011,355.751434,59.441303,108.846306
179.866379,360.678802,58.405022,107.611038
177.835403,361.312897,57.826115,108.230698
178.289124,362.126068,57.826180,108.427193
179.335983,362.034271,57.968002,108.521355
178.339066,360.466888,57.713886,108.896332
175.932144,359.767487,57.387024,109.362091
173.961990,357.330902,57.133083,110.113754
173.070068,357.597687,56.849014,110.705292
169.283905,360.134552,56.640278,110.773315
166.899063,360.027557,55.696693,112.650146
165.667084,352.547607,55.179123,114.464256
162.611252,343.727264,54.929714,116.640442
157.744644,339.396423,54.968307,116.723221
154.891754,336.585266,54.620079,118.264420
154.049072,335.057709,54.631454,118.587303
148.378693,332.142120,54.723125,119.753609
141.506241,329.979462,54.651745,119.478661
141.625046,329.733521,54.653233,119.551765
142.359955,329.436462,54.421120,120.702271
141.632950,329.771820,54.146851,120.964424
135.501724,334.677460,53.153702,117.145943
135.574402,334.287048,50.481224,119.330963
135.000000,334.729523,50.278080,119.233276
136.111069,334.473450,50.695332,120.303482
135.755508,337.182404,50.003353,119.713226
136.542786,338.125854,50.321114,119.769859
136.625763,338.142487,50.471485,119.895302
136.563385,338.199005,50.156609,119.980515
137.016861,338.134644,50.406986,119.535385
137.253433,338.149231,50.299435,120.009811
137.835022,338.300720,50.239212,120.331825
141.799057,337.455139,49.961182,120.204590
143.368942,336.046173,49.708099,119.730682
143.764374,335.295288,49.903095,119.629234
143.825256,334.693848,49.933327,119.919052
144.452789,334.280945,49.838928,120.379784
145.552094,333.522400,50.019341,120.676598
145.463959,333.263031,50.463638,120.533829
150.437576,332.081207,50.468990,119.514557
150.290314,331.509491,50.490597,119.848045
150.289566,331.590393,50.474392,119.948303
150.585953,331.861572,50.628708,118.988342
154.324615,333.164459,50.872086,116.653519
156.036774,333.645294,50.895069,116.341087
156.090820,333.725861,50.974926,116.445450
157.348083,333.321259,50.737267,116.481834
162.583344,332.920288,50.575420,115.313042
163.882065,331.675690,50.533745,114.913277
166.036545,327.589752,50.218006,114.111313
168.119446,326.557037,50.316727,113.426178
165.145660,325.473511,50.138428,113.356400
165.233215,325.306488,50.466553,113.548729
165.839920,324.852722,50.796768,113.715782
165.948883,325.115265,50.966137,113.947815
166.221786,324.982513,50.996754,113.821747
168.257050,324.298187,50.701443,113.673485
168.430740,324.445312,50.947201,114.033852
168.410034,324.915741,50.885910,114.457169
167.748825,325.838928,50.600128,115.573288
167.957077,326.184753,50.958076,115.950966
167.971283,326.230103,50.948090,115.946983
168.028763,326.346405,50.982826,115.885971
168.037781,326.413422,50.966507,115.952316
168.464417,325.887726,50.828648,115.926247
168.535995,325.868195,50.973049,115.939552
169.471710,327.822754,50.727749,115.917877
169.667999,328.208313,50.948689,115.911652
169.688828,328.118042,50.979507,115.984695
170.110687,327.649261,50.908237,115.510300
170.189392,327.826477,50.960522,115.975967
170.193359,327.445435,50.919117,116.116661
172.970352,325.244232,50.153069,117.521873
173.400940,324.070862,50.369965,118.183250
170.984665,320.665314,49.948494,118.788925
167.965408,320.012939,49.532150,118.907623
168.348724,320.059326,49.754494,118.952339
171.396027,318.193726,50.498646,118.467255
171.389328,315.430725,50.142498,119.564415
170.621399,314.595978,49.843563,120.348938
170.633163,314.144562,49.865105,120.426765
170.725372,314.166351,49.947021,120.416389
166.583801,311.928284,51.020863,122.071014
164.060394,312.876465,52.016487,122.524574
164.396179,313.391266,52.477364,122.828003
164.495987,313.485046,52.490334,122.914894
164.322174,313.367249,52.490776,122.833076
163.635513,313.333893,52.537563,122.359222
161.850830,312.561218,52.893993,120.375877
161.888306,312.624634,52.988667,120.392998
160.849243,311.624146,52.849499,119.223648
158.951569,311.237915,52.822098,118.557564
159.430206,311.107452,52.981445,118.574692
160.113083,310.652405,53.151329,117.977982
160.352188,310.399628,53.544697,117.521744
160.138550,308.843994,54.097961,117.365913
159.323730,307.220367,54.342014,116.584190
159.460159,307.133240,54.520195,116.826370
159.395737,306.899536,54.987408,116.860428
159.442123,307.026154,54.995026,116.860695
159.486237,307.310547,55.040356,116.992020
165.036545,309.575317,56.444767,115.682220
166.584595,310.194611,56.227478,115.878067
166.759552,310.307617,56.474213,115.884499
161.874695,311.539337,56.909695,114.565918
161.926727,312.200226,56.989311,114.648308
165.186234,316.960205,58.765060,113.300766
165.147415,316.983826,58.827957,113.147285
164.812759,317.347565,59.034271,112.874611
164.615173,316.968170,59.450108,112.760437
164.638733,317.088257,59.470619,112.951309
162.334656,322.972260,58.196938,106.313316
162.405136,323.698944,58.506546,106.176773
162.567886,323.757050,58.983440,106.448303
161.789474,324.360565,58.884941,105.577782
161.346985,324.702637,58.642185,105.741699
161.511169,324.797882,58.950195,105.943550
164.620438,323.915253,58.662373,105.991112
163.534943,323.697052,58.886738,104.485001
162.560776,323.913727,58.648502,103.775452
162.661850,324.276917,58.992741,103.738899
162.658707,324.407135,58.964020,103.947403
162.723145,324.437256,58.934315,103.947990
162.676483,324.584930,58.953758,103.747177
164.540421,325.082092,58.178432,104.199387
165.685913,324.688110,58.050377,104.086906
166.396637,324.992462,58.127319,104.380646
165.898178,324.930023,58.653603,104.358498
166.242035,324.899048,58.910400,104.658455
166.299347,325.070251,58.973095,104.944168
168.368088,324.357117,58.518459,104.848236
169.882385,320.574768,58.713268,104.229973
169.369522,314.541748,58.293930,104.447578
169.480911,314.398651,58.321484,104.117836
170.095779,311.118225,58.021530,104.189720
170.853149,307.916443,58.158615,103.772934
171.085556,307.355225,58.359871,103.956116
175.924530,306.516998,57.460518,102.826469
175.943527,306.600433,57.474201,102.953644
175.954834,306.568115,57.487698,102.947235
178.530289,301.068115,57.053226,102.578362
178.570877,300.860809,57.562328,102.334396
174.009415,301.336182,56.299427,103.515602
174.150955,301.466919,56.469772,103.901535
174.151337,301.487518,56.472755,103.945595
173.323212,301.245422,56.307762,103.516891
172.712997,300.850708,56.328583,103.939430
172.140411,299.621460,56.645252,103.145279
172.021866,299.606476,56.979565,103.152748
171.695831,299.991638,56.975071,103.416489
171.117691,300.526520,56.695110,103.803284
171.150879,306.052124,56.148384,104.002205
171.366470,310.953552,56.042107,105.028687
176.337555,311.008545,56.618114,106.916931
177.257416,308.991364,56.760071,107.643234
177.237488,307.038696,56.853233,108.022263
176.774948,305.142578,57.643753,104.975632
182.175018,299.060730,57.840088,104.690620
182.316284,298.061951,58.105247,104.886955
182.382172,296.864471,58.462566,104.926689
182.317154,295.332916,58.568588,105.278061
183.412857,294.447083,58.923714,105.378189
183.360550,294.750061,58.960899,105.524063
185.258057,295.822540,59.282642,106.532204
187.769424,295.419495,59.548965,106.696602
187.763290,295.548584,59.973347,107.080933
187.802139,295.817169,60.011208,107.394775
187.995529,295.877777,60.371078,107.557762
188.014435,296.694580,60.453468,107.860710
188.052734,298.753937,60.214718,107.742973
184.296463,304.597076,63.233780,104.302650
179.815994,313.786438,62.545490,98.761581
175.058090,317.368591,63.937832,104.801422
174.046936,322.188019,63.861515,104.662468
174.115387,322.353760,63.968796,104.954567
174.129501,322.377869,63.968376,104.953560
174.129150,322.404999,63.961010,104.962601
174.141235,322.425354,63.968586,104.951950
173.309006,321.327362,64.091087,105.320602
173.359482,321.258789,64.415436,105.439865
173.124344,320.085022,64.351059,105.513618
173.189163,317.868134,64.245239,105.834038
173.420197,315.264618,64.326988,105.530411
172.997742,312.044800,64.352547,105.465958
172.713196,311.414246,64.533081,105.052467
172.481766,311.203491,64.594383,105.411407
169.805618,310.092621,64.338211,104.937004
169.807770,309.990662,64.474945,104.955040
168.778793,306.910583,64.003067,104.404892
164.338898,310.429291,64.202606,104.637360
161.178177,312.271606,63.413494,105.759308
160.970261,312.381317,63.505119,105.947502
154.830856,316.080261,63.845753,105.229568
152.963913,319.967926,65.000511,107.980057
153.105988,320.237854,65.491058,108.025665
153.088470,320.520660,65.457123,108.473373
153.107407,320.537140,65.466621,108.452766
153.122559,320.561066,65.467659,108.453247
153.074844,320.656067,65.451462,108.454025
152.889496,321.076324,65.494225,108.340508
152.841171,321.505371,65.403343,108.649651
152.887970,321.680847,65.467659,108.953033
152.915359,321.677094,65.435226,108.994705
152.930161,321.672119,65.459908,108.962730
152.948669,321.691071,65.467659,108.953033
151.484741,320.993011,65.552055,109.610268
148.781693,322.240936,64.517914,110.611542
143.411835,328.568146,65.098213,111.890739
143.549683,330.556763,65.307236,112.767433
146.592880,330.892059,65.584663,114.220146
145.639969,331.150513,65.119774,115.141312
141.744690,334.051910,64.778961,116.247025
142.462006,334.314850,64.641113,116.871910
147.020996,332.347443,64.722397,120.839600
147.149368,332.473846,64.949341,120.943130
146.737350,331.454041,64.250061,121.909889
147.630829,330.907471,63.718552,121.932159
148.419800,327.082825,64.547493,122.075256
148.692795,327.192963,64.956367,122.470924
148.713104,327.207825,64.967903,122.447220
147.384064,326.886627,64.847023,124.078842
147.553345,327.203033,64.916382,124.489731
149.682861,326.945160,65.063362,125.224876
149.902390,326.978760,65.486031,125.547722
149.748611,324.358887,65.512489,127.810623
149.761169,324.045929,65.838379,127.919724
149.753418,323.188843,65.730484,127.996834
150.000290,321.584503,65.883560,127.918228
148.216827,320.837769,65.900383,128.062561
148.098419,319.245758,66.111359,127.780266
148.822937,315.662964,66.132042,128.273590
148.624542,315.971710,66.479797,127.063591
147.214676,312.466797,65.765305,129.998428
147.289078,311.642242,66.048218,130.142090
145.989594,311.947845,69.138611,130.264084
146.257935,311.829254,69.429893,131.171494
148.987946,307.411621,69.822952,134.625092
149.458069,306.934875,70.223579,135.372635
149.560791,307.172455,70.456741,135.414154
149.568283,308.344635,70.414413,135.071213
152.079971,308.224030,70.461060,135.966461
154.586578,306.933441,72.113388,136.902618
157.494812,310.562439,71.645058,133.807129
161.051590,310.803009,72.133377,133.419296
168.319046,310.156006,72.505554,135.833466
169.685730,309.800232,72.922104,136.053070
170.628815,309.569031,72.691689,136.981339
170.839188,309.532166,72.956490,136.964874
170.996170,309.609772,72.944824,136.970474
175.859619,307.206451,71.752853,138.137802
179.649323,306.031128,72.610703,138.429932
180.293991,305.924927,72.309746,138.161102
180.403625,306.017548,72.455833,138.462311
180.421494,306.035400,72.448517,138.432556
181.145081,310.071198,71.594330,136.474228
182.103622,314.498199,70.754456,133.614975
186.278229,316.518188,69.275131,133.071747
186.506882,316.789520,69.380203,133.451950
187.425690,316.375275,68.958344,133.801849
191.157272,314.608124,69.152100,134.997131
192.175873,313.887238,69.307495,135.428787
193.948593,313.178101,68.457565,134.628540
194.696548,313.287933,68.393333,134.338272
195.911102,310.526031,68.712654,134.975220
196.070343,310.413300,69.083870,135.103943
196.189499,310.586273,69.697403,135.507584
194.476898,310.212982,70.788910,135.956192
188.957016,311.428162,70.971558,133.377441
188.812424,311.713013,70.898727,133.264740
188.966202,314.473938,70.249420,133.538284
189.923065,316.727051,70.331894,133.307541
191.039032,319.201569,69.919746,133.399200
191.167343,319.917175,70.037491,133.564178
191.488617,320.306152,70.481880,133.900406
193.031113,320.385864,70.154823,134.302917
193.895493,320.512299,71.638321,134.204544
194.227325,319.949707,72.020042,134.956161
194.619354,319.033081,72.604118,135.011597
198.843964,314.686127,71.167732,136.132294
201.083710,308.076233,72.592628,139.740402
200.701569,306.999451,73.207291,140.452560
196.875076,306.714417,73.170288,141.083099
195.937180,307.500336,73.671249,140.826691
197.037170,308.821716,71.676186,140.169189
196.692581,308.957611,72.085457,140.870117
194.991333,308.377167,72.517479,141.509048
194.834930,308.673584,73.133224,141.219482
193.050308,302.330139,73.851250,144.715073
190.522827,298.590851,75.070053,145.848938
185.767487,300.829529,74.470337,144.551254
183.723587,299.979736,75.944588,146.749512
183.796722,303.937134,75.664566,143.290054
183.804810,303.820312,76.179443,143.825089
183.566772,303.107239,76.663956,144.367432
180.955917,302.142212,77.645409,145.566544
177.694489,303.719971,77.563797,145.324219
177.910080,303.811218,77.962196,145.437546
180.213516,300.338623,79.467865,147.615326
179.858734,296.527313,80.233948,149.941391
178.678787,296.525055,80.921455,149.507080
179.290665,288.205383,81.127457,154.385040
179.661377,288.375641,81.357735,154.072968
178.989624,287.956085,83.436485,155.270538
179.046021,288.201965,83.439758,155.294922
180.864380,288.011810,83.414253,156.803818
180.760086,287.782501,83.910500,157.235672
180.424713,288.020233,84.212479,155.638489
178.783920,284.349579,84.731766,157.388016
178.231430,282.510803,83.965881,157.947281
175.006744,281.840485,85.505936,160.596359
175.092804,282.368835,86.097824,161.196609
175.655334,284.309174,88.982964,161.166702
177.011276,280.139771,89.721764,166.122787
176.549271,280.254822,90.179337,166.275070
174.950073,279.523956,90.441071,167.107986
174.420898,279.575104,91.177597,167.848129
173.932922,278.936127,92.496925,169.205048
172.935547,280.019653,92.962860,168.719467
169.905441,280.665741,93.037338,168.508194
168.112061,275.640717,95.097984,173.554871
163.067490,274.415558,95.782013,173.965454
