1
196.386368,328.641815,59.924973,83.036789
197.340958,329.190582,59.738567,83.120888
197.964203,329.040283,59.413624,83.471558
198.254639,328.559204,59.382225,83.317215
196.655548,328.410309,59.547760,81.918350
195.674484,328.656036,60.031364,81.636902
193.331329,325.983734,59.761288,79.657898
189.197021,325.822662,59.602757,78.493301
188.056885,320.412994,59.125488,77.922630
186.604675,319.012878,60.277237,75.155075
182.250519,318.633636,60.399597,74.925980
180.304108,318.885254,59.987286,73.511848
178.873993,324.616730,58.187233,72.787415
178.229813,324.101685,57.720409,71.998230
175.301941,323.569000,58.358742,70.840027
171.882965,322.175690,57.160294,70.110626
170.422897,322.962738,57.038620,69.791008
169.163376,324.384430,57.580795,68.736633
164.684937,330.424744,57.293888,68.915962
162.321106,333.172119,57.847130,68.496162
160.267319,336.901276,58.076679,68.279221
158.943481,339.198700,57.750462,68.575005
160.595001,339.530792,57.314785,68.491966
166.588684,342.320984,56.137440,67.839424
166.000290,341.454010,54.880260,67.305283
163.395340,339.460144,53.507305,69.710724
160.396881,337.475220,52.780258,72.765465
162.140381,338.884216,51.345924,73.218323
165.651917,341.433319,50.973152,73.677299
170.783585,341.368439,51.122643,75.172691
173.707611,345.119659,52.571465,75.888771
173.287323,345.314575,53.406479,75.562729
173.079758,342.335754,54.351475,79.093948
174.634720,344.031097,55.245560,79.859222
180.926743,344.939697,56.234844,80.484276
184.139801,343.450287,56.405590,81.234840
184.763382,340.912598,56.487873,82.669685
187.307419,336.687561,57.178459,84.265495
189.229202,335.587219,57.551315,84.011459
189.537781,335.597443,58.018604,84.465370
189.624542,337.909393,61.809326,84.217720
195.626572,339.291260,61.416042,84.571648
199.366257,341.050659,61.645882,84.730263
202.100128,341.479919,60.995911,84.981003
202.789337,340.880768,59.948818,85.234062
204.020187,339.845856,59.228157,85.689125
204.152527,340.001984,59.463688,85.962990
205.451569,338.356934,58.866261,86.862015
206.262222,337.922363,58.637680,87.128433
209.944824,330.158691,58.394821,90.794395
210.095673,327.384521,58.377708,91.991432
211.883591,322.513031,57.370129,93.736153
212.928543,320.202515,57.386086,94.058609
213.885010,317.623932,57.431606,94.245529
213.873688,317.562958,57.587158,94.497330
213.196579,316.048523,58.027523,97.238312
213.534012,315.544678,58.417458,98.329430
215.658722,312.503174,59.643040,99.989731
216.042694,312.022522,60.123661,100.627449
216.463318,311.966766,59.857815,103.602425
216.496536,312.124390,59.965294,103.997726
216.221237,311.488007,59.844933,104.284950
215.719788,311.683289,59.291172,104.458344
214.957794,311.562866,59.276402,104.698265
214.300873,311.592407,59.518097,105.027420
214.750397,309.990906,59.683102,106.140869
214.482925,308.942902,60.203327,107.234039
210.380569,307.867432,61.051224,107.916283
209.985779,307.994049,61.570595,107.713531
210.154114,308.098267,61.973019,107.937393
210.543411,307.950714,60.788460,107.892021
210.620163,307.989868,60.936005,107.893295
209.940781,307.920563,60.900421,107.762009
210.181870,308.055115,59.979263,107.752068
209.197586,309.867920,59.241322,107.730988
209.229507,310.547058,59.258121,108.130577
210.151917,313.333496,59.271114,108.791649
210.548599,313.510468,59.436729,108.628075
211.058441,313.295044,59.216820,108.432434
211.830582,313.051971,59.494583,107.305817
212.951477,313.375671,59.293358,106.052963
213.610870,313.438507,59.386818,105.854141
214.356857,316.056458,58.630859,105.456223
214.554184,318.306335,59.808586,109.340416
220.411926,321.812836,60.044155,109.680870
221.701233,323.662506,60.116497,109.663322
222.711746,324.693909,60.331024,109.476433
222.823639,324.726318,60.461353,109.455170
222.900543,324.736908,60.453651,109.407219
222.984344,324.792938,60.477840,109.391434
223.367905,324.633942,60.463257,109.233818
224.844513,324.155884,60.468025,108.791992
225.865967,322.238464,60.598248,106.652832
227.485886,321.028503,61.062115,105.044800
229.869583,318.019745,61.171894,104.129906
229.984589,317.737732,61.474216,103.901672
229.993546,317.756195,61.469879,103.945648
231.754669,318.214539,61.950073,101.277390
237.188583,317.810211,60.796421,100.310265
237.981537,317.996033,60.702118,100.303772
239.625595,318.809448,60.363396,98.590057
242.381760,319.556458,60.155048,98.100578
244.316788,318.941528,59.652485,97.870064
244.988571,318.703583,59.655182,97.914001
245.511505,318.567810,59.742702,98.025414
246.413940,318.338684,59.570656,97.787689
248.015427,313.413147,58.030190,96.702789
248.250427,312.344025,57.865715,96.546120
248.608627,311.725983,56.960514,96.497192
249.896317,311.189484,56.320030,96.011375
253.792923,314.259369,57.016300,92.692123
254.322052,314.423370,57.267540,92.932930
257.492157,313.558807,55.446552,93.053635
258.244110,312.155304,55.109703,89.071983
260.840820,311.681702,53.928505,84.638000
261.866913,311.677765,53.115765,84.375000
263.521454,313.983856,52.295033,86.291954
264.676056,314.347504,51.994820,86.107582
265.094421,315.144318,51.807529,86.698341
265.298035,315.062164,52.182613,86.694305
265.453064,315.160400,52.474060,86.952812
264.672058,315.290070,51.403427,86.008011
264.644409,315.423737,51.416759,86.437195
267.069031,317.210785,51.060421,84.748154
267.334106,317.246246,51.377960,85.155724
266.902100,313.522095,50.667137,83.313576
268.362518,310.584381,49.554123,81.383232
269.360962,308.102631,49.235077,77.126694
269.015015,307.353302,49.308037,77.771019
269.058685,305.583771,49.197903,77.490158
269.646790,305.580505,48.836674,77.485252
269.958710,305.344574,48.693027,77.344185
270.114319,305.427277,48.973091,77.465843
269.870056,306.512299,49.119019,77.787125
267.237152,308.362366,48.619812,80.521591
266.335999,312.872070,48.453083,81.212029
266.344604,313.070099,48.496735,81.482147
266.432678,312.877045,48.445602,81.548759
266.451508,311.846466,48.357178,78.959526
265.387756,310.064301,48.740562,78.594246
263.121735,308.800262,49.452065,78.451927
259.157959,309.542969,50.340012,77.593636
259.236755,309.746368,50.475063,77.966393
259.242401,309.756775,50.474804,77.965614
259.193970,308.506409,50.363255,77.547356
256.552277,308.318359,50.310638,77.192566
256.451813,308.654633,50.441353,77.057320
253.377655,309.056793,50.345272,76.103508
252.776047,309.055542,50.453537,76.379112
251.398117,307.736633,50.596050,78.126472
249.494385,305.614777,50.554760,77.600586
247.239853,301.324493,50.771252,77.234512
246.246597,298.637512,50.905453,77.190826
242.235641,299.381775,51.061157,77.294296
240.411270,301.480255,50.778999,78.821465
239.976379,304.913025,50.960800,80.063065
240.309265,308.842377,49.944996,81.771660
239.452820,312.672607,49.252827,82.468353
239.631393,313.699371,49.292164,82.721352
239.229370,317.856659,47.374676,84.553329
238.139145,320.734985,48.707607,84.008873
239.254715,319.546204,48.785732,84.505119
239.326523,314.686096,48.376801,84.601410
239.259171,309.534088,47.903111,83.767899
239.182114,308.604614,47.576015,83.937332
235.538223,312.487396,47.871159,84.988068
233.954086,316.595154,47.325661,89.080429
234.273499,320.293274,46.927444,89.900230
235.565826,322.817902,46.498775,91.237366
236.258286,322.315155,46.225491,90.705734
236.874298,320.580292,46.414692,90.306076
236.680664,315.172394,46.168640,89.933167
233.782089,309.534729,46.648449,87.954742
231.434952,309.086365,46.764549,87.355850
231.646805,309.065491,46.911930,87.269798
232.193985,305.801880,47.478065,82.669998
232.210556,305.351196,47.239609,82.189987
232.362503,305.756714,47.437691,82.370674
232.262329,306.220947,47.357708,82.413643
231.960907,308.670959,46.870716,83.059456
232.268188,309.092773,46.986115,82.922798
231.933807,309.470612,46.812408,83.609550
232.082642,309.883850,46.911270,84.022293
232.361877,308.969788,46.825798,84.200439
232.298370,309.579010,46.696880,84.270836
232.317337,310.516724,46.841820,84.221756
233.304413,311.547546,46.643570,84.340675
233.758667,310.550079,47.016651,84.199814
234.614853,310.584015,47.148247,83.061325
234.590240,311.274292,47.231178,83.464653
235.139404,311.332916,47.755573,83.944672
235.172363,312.012146,47.785866,83.765984
233.774307,312.886658,46.625576,85.300446
233.220001,313.544373,46.804390,85.208168
234.554459,313.865387,46.951645,86.229790
231.980194,315.927979,47.711651,85.606941
231.701584,318.651611,47.205158,86.356758
231.206314,318.754333,47.889610,85.806587
231.578079,317.839264,48.123528,85.471123
232.619598,313.024994,47.983669,85.473618
231.227844,306.713837,47.497231,83.845963
230.241409,306.221527,47.261837,83.781090
228.840897,308.689423,46.977631,84.496811
226.896011,309.083801,46.030079,83.995789
227.094299,306.426819,46.618896,83.920525
228.026337,305.338135,47.233921,82.810440
229.392960,304.572968,46.646973,84.203979
230.451294,305.038635,45.558388,86.236504
230.400040,307.156952,44.759411,90.416077
228.207626,310.256683,44.312469,90.638191
228.867783,315.229034,44.302391,90.856285
231.714142,318.175323,44.102772,89.437553
232.976196,318.673340,44.175087,86.810745
233.846710,317.105865,44.219746,84.184555
232.723129,317.173981,44.200954,84.369492
227.136642,317.256531,44.036247,83.855087
226.384186,314.603516,44.074581,83.442871
226.752975,315.203217,44.237179,83.218407
226.642105,316.249573,44.401424,82.967979
226.718063,316.508057,44.466854,82.903038
226.504532,315.830048,44.471054,81.577843
225.604080,314.613464,44.481670,81.154213
225.599045,312.793701,43.857437,80.988541
226.328049,309.785767,43.522282,81.099373
227.031265,307.959686,43.714542,80.710098
225.627197,303.580139,43.579247,80.057365
225.409897,304.474854,43.203918,81.118553
227.363525,307.860596,42.683266,81.393623
228.433838,308.561584,42.767864,79.708755
229.350754,308.688293,42.200806,78.437439
228.695007,309.181396,42.284126,78.553383
229.070084,309.722992,42.318344,78.712776
227.890686,312.686096,42.157402,79.258614
226.827621,316.710693,41.696301,80.310776
227.067017,322.007996,41.078499,79.591003
228.151031,324.392883,40.688957,80.295517
229.735336,330.167908,40.588924,78.271141
229.287445,330.030334,40.466213,77.792221
230.120926,331.890656,39.961597,77.985184
230.239899,332.093109,39.954899,77.802063
230.252045,331.724854,39.943588,77.824631
231.225021,328.674042,39.890182,75.795471
232.665726,322.554962,39.832596,74.451225
232.872849,317.584442,39.690563,73.642342
231.894699,316.884949,39.976528,73.257500
229.619431,318.560974,39.424801,74.231903
229.585175,326.223785,39.221317,71.856079
231.918701,326.217407,39.404350,70.809753
234.815002,327.235107,38.737415,70.437714
233.497726,327.010132,38.684502,70.848808
233.240341,327.253998,38.779594,71.136513
232.920471,326.951508,38.754005,71.815491
229.932968,325.127106,38.635220,72.205116
229.900772,324.718140,38.825356,72.389847
229.489624,323.931641,38.876778,72.640755
227.619507,322.154572,38.597332,72.917061
227.180679,322.397064,38.392708,74.972443
227.427704,323.384521,38.113590,75.313240
227.564789,324.336029,38.119644,75.591667
227.603683,324.454895,38.391499,75.991364
227.434601,324.644836,38.343330,75.960953
224.151016,327.560455,38.993710,77.017647
222.361755,328.884827,38.669727,79.770149
219.068466,335.942322,39.290882,81.473175
219.673981,339.719238,38.551197,82.103699
222.228775,338.805847,38.052841,79.917709
222.381012,338.600830,38.411972,79.978012
220.073181,333.454620,38.599606,80.246689
220.277863,331.514557,38.731266,80.469330
220.520004,330.503265,38.660709,80.678917
218.838516,328.332306,38.912045,81.015190
218.401199,328.344299,38.788204,81.374695
216.582397,321.749390,39.462166,79.743965
217.706970,321.220703,39.069183,79.152039
217.510468,322.817230,38.263836,79.710587
216.025421,325.477539,37.979713,80.039520
215.925079,326.649658,37.718231,80.082443
216.076172,326.775940,37.928314,80.235497
214.828003,325.321045,37.683422,79.850014
215.009491,325.373901,37.890011,79.811607
214.783295,324.420898,38.033405,77.828857
214.230453,325.543854,38.478710,77.821281
212.580139,327.898499,37.832054,78.288956
212.279510,328.524780,37.953831,77.502068
212.160233,327.587128,38.450489,76.601677
212.592239,325.403809,38.503311,76.397087
212.598694,323.866821,38.571720,75.583557
212.088943,326.115601,38.728428,74.759422
212.081787,327.314423,39.134682,73.670525
213.584732,327.169220,39.601883,72.915825
215.645493,325.275085,40.163967,72.906532
214.979767,320.430115,40.921707,72.459122
213.146973,320.325470,40.544781,72.455902
210.952393,322.762909,40.255367,74.197937
209.309326,326.960327,39.824135,74.999756
211.312271,331.243713,38.946209,75.371483
208.152496,336.054871,40.168350,75.747421
208.691162,334.641937,40.856667,76.161476
206.453430,334.723907,40.683846,77.503662
205.824310,335.418091,41.382141,77.718117
199.731781,333.989349,42.285835,80.019539
200.067459,333.190918,42.582951,80.008392
202.365738,328.151062,43.477402,80.089417
201.298874,323.554413,43.724018,81.139359
198.224289,321.161469,45.003445,80.718376
197.528442,324.494293,45.465714,84.594238
198.609894,328.734344,45.658100,88.473343
199.902969,327.873718,46.387497,88.424324
198.872604,326.992157,46.943462,89.193062
198.788345,326.240845,47.565891,89.317169
199.588547,324.731201,50.678486,88.200912
198.940063,324.589569,51.430950,89.583008
197.831558,325.690918,51.997169,91.293098
197.983353,326.614471,52.724735,91.527916
198.088501,326.357178,53.296619,90.944649
197.663727,326.019165,53.988678,90.836319
197.455261,325.593414,54.179844,90.798874
197.475143,325.741241,54.641544,90.679283
196.337402,328.315552,54.840858,91.586823
193.752594,329.282684,55.584297,90.646599
192.354904,329.278351,56.048195,91.126022
191.730682,328.278137,56.584404,91.329124
190.488098,325.402191,57.268875,89.985703
189.792694,321.815918,57.616241,89.713997
189.075073,316.803711,58.565884,89.403610
189.261154,316.365662,59.110561,89.400681
186.871735,315.502563,59.656506,89.510979
184.542755,312.974731,60.791084,90.476921
184.281036,312.460297,61.068310,90.793053
182.924316,312.141083,61.390526,91.386795
182.818314,313.029572,61.652576,91.346169
183.730118,314.974792,62.932598,91.990791
183.661972,315.266998,63.084122,92.078102
180.406830,315.992798,63.316547,92.636757
179.899673,315.270782,63.611801,92.764580
179.828018,314.567810,64.234711,92.407433
179.688156,315.110016,64.631393,92.365326
177.437195,319.687195,65.060165,90.879486
175.050186,326.021332,65.519348,91.242409
175.198685,325.796631,66.097153,91.495483
175.653366,327.409088,66.614449,90.885384
173.114594,329.887054,67.385345,90.846306
172.969269,330.178375,67.534065,90.975662
172.466278,333.136322,68.129555,90.486412
171.668930,339.046417,68.177521,91.575211
172.187698,339.671204,68.455017,92.008469
172.411469,339.780487,68.563286,92.339050
172.592789,339.806976,68.971909,92.413132
173.472214,339.678345,69.194809,92.424637
173.620087,339.721985,69.466057,92.456497
173.067871,339.908417,69.332329,92.373657
173.819992,340.759277,69.533150,92.462379
174.063202,340.821442,69.950012,92.473946
174.046112,340.808929,69.952263,92.481834
174.011093,340.795441,69.943970,92.490593
173.825562,340.712769,69.830650,92.610359
173.854645,340.783142,69.903450,93.084862
173.809082,340.853973,69.894791,93.607033
173.771805,340.980988,69.931747,93.982590
173.679733,340.573792,69.899437,94.200363
173.753098,339.517426,69.677185,94.481773
173.560730,338.964874,69.840790,94.764778
171.487137,340.010162,69.582344,95.032562
171.621399,340.253693,69.943108,95.474869
171.417709,337.322113,69.613235,95.996208
170.290039,336.537842,69.366493,95.677826
170.058029,336.762543,69.217796,95.974472
170.315262,336.833527,68.805458,95.874451
170.389221,337.004089,68.608162,95.876625
169.097549,338.262573,68.329391,95.459076
170.104797,338.277374,67.653885,95.311867
170.361526,338.312775,67.869225,95.410606
170.402313,338.282684,67.920433,95.476585
170.831345,336.884491,67.556259,94.687340
170.978271,336.870514,67.784447,95.005341
170.897232,337.680237,67.621895,95.338104
171.482590,340.817352,65.992165,95.922012
172.825943,345.005463,64.834908,96.305618
173.809341,344.404694,64.476959,97.350571
174.081284,342.416656,64.115829,97.774849
174.317169,341.989746,64.266663,98.133202
175.069077,340.399475,64.066818,99.049561
175.650085,339.852509,64.349800,99.649521
177.118362,337.965057,64.316833,100.610435
179.363831,333.142181,64.315216,101.073174
180.458023,330.901123,64.327957,101.770760
182.918167,325.891846,64.170555,104.046638
183.177979,325.873779,64.357819,104.530106
183.254623,326.087494,64.413254,104.954300
184.259186,329.388275,63.350571,106.302536
184.928894,331.436523,62.784977,106.618011
185.035767,332.253845,62.627319,106.946465
185.846832,333.125214,62.156796,107.501617
185.991272,333.158722,62.369534,108.156685
185.806747,333.503571,62.286415,108.748917
186.016541,340.990540,61.284706,110.512993
186.102341,341.204407,61.382309,111.382172
186.057083,341.111633,61.373798,111.507584
185.282104,338.531982,61.233406,112.099487
184.981033,337.259888,61.345116,112.574730
184.447784,336.784729,61.025547,111.607079
184.218994,336.768677,61.329067,112.263939
182.967148,337.544617,60.864433,112.512215
180.863693,348.772064,60.129025,110.700218
181.175507,349.014465,60.428909,110.958488
181.405396,349.028015,60.407974,111.036400
181.399155,349.187408,60.409340,111.601715
181.383606,349.355682,60.394485,112.248993
181.619034,354.680664,60.029171,109.929062
181.888702,354.886993,60.443634,110.040337
179.694107,360.052826,59.474773,109.413246
176.596939,360.634308,58.941223,109.796257
176.855179,361.045868,58.899448,109.990257
177.790604,360.874237,58.809357,109.911438
177.106979,359.175354,58.715652,110.363525
175.472626,358.973328,58.248699,110.607521
172.314804,357.080933,58.150398,111.499069
170.694946,357.786743,57.756706,111.619377
168.030685,358.975555,57.375591,112.473717
164.871597,358.294464,56.428246,115.010475
163.983505,353.903900,56.208633,115.041115
160.908096,344.874756,56.566425,118.360298
156.739716,339.556915,56.399204,119.797997
154.011597,337.616730,55.957138,120.468658
152.382858,335.374237,55.431297,120.806076
147.483215,331.383148,54.989468,122.159714
141.826004,328.989716,54.752731,121.630035
141.809402,328.871216,54.764656,122.032860
142.775620,328.313568,54.236088,123.809189
142.381088,328.914642,54.443359,123.547264
135.378265,331.625580,53.180103,121.112167
134.844177,331.966125,50.310635,123.743561
135.281006,333.815063,49.980785,122.008522
135.312454,334.020752,49.979397,122.494705
135.605713,337.267731,49.428509,121.635094
135.967773,337.724121,49.353226,121.863609
136.075531,337.687866,49.546520,121.147850
136.285263,337.872437,49.863358,121.466965
136.584549,337.890656,49.929691,120.931572
136.764389,337.751007,49.867966,120.902306
139.279694,337.488037,49.468399,120.094070
143.109467,336.439117,49.304909,119.550278
143.428177,336.523132,49.174469,119.752853
143.923920,335.683563,49.413204,119.535545
144.029984,335.076538,49.416714,119.897903
144.073227,335.084595,49.484890,119.949692
145.683670,334.786835,49.342236,120.058716
145.663849,334.743073,49.488926,120.017403
149.326141,331.660675,49.516689,119.258415
150.146759,331.489014,49.900646,119.532318
150.192551,331.733887,49.973892,119.948250
150.988937,331.993347,50.178459,118.384682
155.028183,332.654327,49.824848,117.885063
155.711624,332.604980,49.997707,117.428169
156.186981,332.595490,49.933620,117.236221
157.922089,332.359558,49.869221,117.013542
164.158310,332.254883,49.417423,115.706001
164.494110,331.389832,49.411427,115.219604
167.215973,326.770569,48.310623,114.839676
168.838226,325.651459,48.170914,114.108536
164.655594,325.605286,48.202816,113.751976
165.587433,325.126465,48.423462,113.599869
166.412186,324.977020,48.698200,113.656227
166.134506,325.308075,48.932125,113.985741
167.292831,324.842621,49.004879,113.468079
168.929199,324.313934,49.309650,113.278702
169.044678,324.433380,49.439835,113.520248
168.758591,325.107941,49.084515,114.307899
167.634659,327.651764,48.929695,115.011047
167.624725,328.109009,48.920300,115.418526
167.687668,328.199738,48.980526,115.411087
167.809372,328.420471,48.970257,115.368889
167.792953,328.338776,48.952721,115.466789
169.500870,328.198792,48.928268,115.037949
169.559875,328.427734,49.002861,115.391373
169.724091,328.903900,49.414116,115.519310
169.571030,329.207703,49.453426,115.997795
170.614777,330.441925,49.315845,115.616180
170.831055,330.430634,49.499462,115.878929
169.851974,327.142609,48.995110,116.536255
169.941284,326.907288,48.967358,117.089340
174.342621,323.645416,48.522934,117.838425
174.433365,321.160400,48.565117,118.363998
173.754898,319.779724,47.965153,118.642548
169.384750,320.657715,47.514938,118.056610
169.665054,320.863098,47.871078,118.422913
172.669586,318.671906,49.022282,117.953186
172.653732,316.526672,49.175541,118.626961
171.421844,314.786377,49.181416,119.410866
171.459564,314.406891,49.414154,119.423347
171.543579,314.432098,49.425964,119.376701
167.401291,312.994934,49.970764,120.274536
164.273880,313.074432,49.689743,120.845299
164.507263,313.453339,49.967167,120.832039
164.613739,313.430145,49.958763,121.027512
164.633194,313.666748,49.975311,121.447647
163.209534,313.359131,50.009621,120.539719
161.968231,312.889648,50.269600,119.927811
162.060898,312.913910,50.471622,119.942566
161.260910,312.038025,50.512112,119.228203
159.578369,311.369568,50.774071,118.947624
159.730362,311.182190,51.018471,118.737572
160.510330,310.742493,51.525227,118.162506
161.083328,310.076599,52.428802,117.594856
160.797913,309.020691,52.483559,117.577049
159.365295,307.550476,52.159309,116.952057
159.581482,306.802124,52.569679,116.701324
159.681213,306.827301,52.958221,116.944267
159.667938,306.929138,52.975731,116.856293
159.825363,307.517792,53.111847,117.079353
163.575684,310.920715,54.796417,115.940262
165.245499,311.744446,54.818016,115.360779
165.324203,311.863953,55.015804,115.427910
164.752090,312.592316,55.938992,114.862541
164.512833,314.183502,56.326283,113.659760
164.683624,314.518555,56.484303,113.833710
164.668442,314.826721,56.550900,113.629326
164.883331,315.052002,56.985882,113.864197
164.508698,314.886841,56.963879,113.886292
164.300934,315.250214,56.930237,113.644424
161.935059,323.249084,54.937370,106.173775
161.963699,323.548492,54.991722,106.403214
161.924255,323.559387,54.990612,106.468307
161.327072,323.728058,54.991077,106.228500
160.940704,324.645660,54.717930,106.249199
161.218536,324.726624,54.981926,106.404747
163.818268,322.978149,54.726608,106.101639
163.682266,323.098816,54.848797,106.026138
163.537704,323.458221,54.878662,106.124298
163.003418,324.037018,55.002026,105.860374
163.149826,324.143524,55.477116,105.788078
163.210663,324.338654,55.436600,105.908096
163.241974,324.383179,55.473518,105.955765
164.959045,324.495453,54.876755,106.008896
166.825668,323.552856,54.856781,105.906967
167.027588,323.600739,54.884308,105.915695
167.012054,323.650055,54.959957,105.924675
167.088745,323.645691,54.943913,106.033516
167.122803,323.880432,54.971519,106.448914
168.840668,322.879333,54.643692,106.859840
169.874969,319.646179,54.826241,106.340820
170.447403,313.533691,54.778229,105.580894
170.548996,313.719879,54.964531,105.945251
170.620682,312.123657,54.839817,105.102379
171.894775,310.325439,54.816566,104.405975
171.759262,309.537994,54.904579,104.021080
176.016174,310.066681,54.212173,101.286407
176.616791,310.149719,54.476059,100.946480
176.072372,308.972107,55.263260,101.090073
179.479843,303.214569,55.374332,101.671616
179.321732,303.406281,55.516865,100.601051
176.157028,302.805847,55.470745,102.071487
176.159225,302.669617,55.483250,102.399216
176.087677,302.626709,55.473820,102.426811
175.222549,302.211334,55.118774,102.375427
173.426270,300.859314,55.282063,102.056145
172.864380,299.592712,55.543331,101.902031
172.480011,299.191589,55.892296,101.764053
171.477158,299.868805,56.257923,101.724991
171.229065,300.409058,56.101723,102.610741
171.235306,306.525208,55.875469,102.896942
171.867615,310.478882,55.676113,104.807739
174.916519,309.912354,55.789230,105.387123
175.427582,307.828827,56.096127,106.306664
174.195511,303.136566,56.034889,107.183273
174.911957,301.122375,56.467426,107.201172
180.676071,296.420135,56.281612,107.017052
182.210480,294.501343,56.696552,107.280617
182.379547,294.202332,57.019962,107.432220
183.202316,293.336853,57.500847,107.481758
183.992188,292.817078,58.059181,107.090477
184.120850,293.084381,58.488503,107.489418
186.416306,294.975311,58.621510,107.594902
187.095062,294.912048,59.089836,107.753250
187.025848,295.346985,59.633385,108.346420
187.237213,295.493408,59.996620,108.380943
187.246323,295.544769,59.964905,108.480072
186.816788,295.954468,59.955132,108.224983
186.910507,299.098267,59.742760,107.582893
183.837311,305.475128,61.433464,102.970863
180.162521,312.761688,61.873428,97.130852
176.435776,316.800690,62.387341,99.085152
175.324554,319.189819,62.649906,99.605820
175.634262,319.907654,63.129276,99.713356
175.838211,320.347717,63.479633,99.818588
175.529129,321.155670,63.567314,99.510735
175.592026,321.272034,63.947273,99.912521
175.364059,321.352234,63.936790,99.891312
175.166840,321.301605,63.955921,99.939629
175.147934,321.244202,63.975410,99.973129
174.449738,320.162079,63.822472,99.287903
174.551437,318.031555,63.933773,98.611000
174.471680,316.339996,63.864819,99.010834
174.293701,316.217560,63.705219,99.378693
172.802597,315.366791,63.594925,99.160110
170.976440,315.092255,63.101814,99.230988
170.444153,313.833862,62.592747,99.867897
168.733200,307.827728,61.775288,100.018555
163.518082,310.738861,61.617237,101.747147
159.977722,311.762512,61.227600,103.728600
160.043381,311.855927,61.459339,103.988640
155.652161,316.961426,63.027718,106.339211
152.778046,319.209930,64.479446,107.165718
152.765442,319.651733,64.513016,107.591339
152.974564,320.262207,64.979889,108.017746
152.981720,320.511292,64.966148,108.450569
152.997131,320.536316,64.967903,108.453247
152.883850,320.618866,64.966759,108.458305
152.783722,321.042786,65.002708,108.338745
152.981155,321.472717,65.403343,108.649651
153.027954,321.648193,65.467659,108.953033
153.055344,321.644440,65.435226,108.994705
153.070129,321.639465,65.459908,108.962730
153.088654,321.658417,65.467659,108.953033
151.624725,320.960358,65.552055,109.610268
148.921661,322.208282,64.517914,110.611542
143.551819,328.535492,65.098213,111.890739
143.465057,329.994965,65.368675,112.446579
147.829849,330.747772,65.014091,115.365326
146.961258,331.823242,64.829643,115.132263
140.837982,334.537201,63.571701,116.271118
142.983475,334.529907,63.620705,116.996948
147.864258,333.095734,63.794121,119.822098
147.962418,333.188141,63.967018,119.948257
147.758865,332.586121,63.181267,120.306953
148.506104,332.060333,63.046455,120.343483
149.046616,329.805237,63.342751,120.263031
149.243942,328.474243,63.434689,120.911354
149.294083,328.395996,63.398838,121.013298
148.749893,328.005280,63.721943,122.696091
149.444214,329.815582,63.026207,123.243881
151.551559,329.535614,63.798161,124.156090
151.592575,328.102264,63.684193,125.609657
151.799957,327.981903,63.959480,126.079597
151.544586,326.846893,63.801014,127.117958
151.026993,324.175873,63.513924,126.674400
151.115189,321.647247,63.641640,127.052612
150.787933,321.676575,63.835499,127.412811
150.586334,321.078186,63.826553,125.882408
151.334122,315.096832,63.917278,127.242950
150.852386,314.008728,63.304146,127.415268
148.193970,309.040924,66.030334,131.235687
148.293076,309.164978,66.382812,131.375992
147.489578,309.744690,66.818970,131.343628
148.159317,309.743866,67.108665,132.392914
149.606491,306.558380,66.907974,135.355286
151.120346,306.571075,68.016510,135.357178
150.851776,308.527222,68.565964,134.140137
151.010300,308.685272,68.949028,134.469238
152.097961,308.615692,68.912483,134.528702
154.467194,307.239166,71.020607,136.312180
158.062897,309.053955,72.045364,134.815796
162.169235,311.109558,71.150749,134.346039
169.725357,310.573822,73.279945,136.446884
171.632629,310.049713,74.041382,136.240005
171.977631,310.048798,74.507629,136.627197
172.201538,309.871460,75.175728,137.400696
172.485794,309.916840,75.410606,137.415024
174.555954,307.108307,76.017021,139.634506
176.959290,307.022858,75.952095,138.590729
178.026962,304.984467,75.239098,139.955475
178.175446,304.984955,75.462311,139.923386
178.270813,304.994507,75.420792,139.919296
178.695480,306.479950,74.919197,139.760422
181.144409,312.400604,72.589752,137.032333
186.344406,316.514526,70.303032,135.260605
186.466644,316.593079,70.501244,135.484558
187.465057,316.447113,70.276031,135.512314
190.053009,316.438416,69.820641,136.436157
191.686646,315.500000,69.040878,136.397690
195.153732,313.536591,67.496086,136.370743
197.133392,309.287720,68.235382,138.426651
197.350296,309.018982,68.402054,138.500473
197.385788,309.225616,68.482430,138.965393
196.646149,308.076263,69.560555,138.999512
194.592651,307.511566,72.385406,138.482529
188.544388,309.255402,72.193748,136.672180
187.444321,311.475616,72.381126,135.174408
187.819839,315.233521,71.795372,133.922150
190.212479,318.284424,70.005417,132.904221
190.931702,320.233307,69.935028,132.759674
191.630676,320.733368,70.540154,133.954178
191.882126,320.795654,70.956757,133.930161
192.983658,320.973724,71.100937,134.363541
193.722946,321.654327,71.831924,133.883331
194.097321,317.453766,73.255920,137.569962
195.519470,313.886566,73.256432,139.150452
199.455994,310.710205,72.001076,139.005264
200.820160,303.700989,73.194565,142.126236
200.216949,301.302429,73.288513,143.052170
197.121872,303.245026,73.332497,144.265991
195.209442,304.969696,72.064842,143.509995
196.584518,309.375916,70.894333,141.646317
196.008621,308.534698,72.167076,143.758820
195.506729,307.523438,72.967018,144.699631
194.708817,304.025299,73.202614,146.332703
193.650848,300.959412,73.572716,148.529129
189.971939,295.052948,77.664574,150.455948
185.695251,294.739655,77.885582,150.487564
183.779236,295.951599,79.696480,151.066895
183.686905,297.373413,79.562698,150.585526
182.040695,296.770264,81.815849,153.342880
181.114029,297.025269,81.590164,152.997253
178.644989,298.274567,81.571190,152.352341
176.579575,299.418457,81.449181,151.589584
176.601700,299.630127,81.461205,151.934982
180.360153,297.166473,82.332596,154.531067
180.361496,297.946503,82.290627,153.247971
177.879700,294.479553,84.538376,154.686523
178.334076,292.245117,85.540520,155.847717
179.699646,286.297241,85.905655,158.178757
179.584869,286.317902,86.025581,158.418564
179.709305,286.253174,86.453537,158.536804
179.730484,287.716888,86.702934,158.087296
179.723633,287.849335,86.706673,158.568619
178.024155,283.737518,88.039284,161.633545
176.653366,280.744476,88.853317,162.755630
176.410889,280.462708,88.923645,162.805969
174.324966,280.386841,89.598351,163.080368
174.484100,280.635681,90.061302,163.553925
174.735092,280.854462,90.628944,164.103363
175.073669,280.698883,90.931564,164.895538
174.144958,278.639221,93.740868,166.571747
171.447601,281.413635,93.562675,165.525101
171.623718,281.347046,94.414940,166.594070
171.532272,281.473206,94.761177,167.222839
169.496506,284.017487,95.027901,165.132080
167.068451,284.908844,95.805046,164.912704
164.737686,278.802490,98.781151,168.432816
159.370972,272.809479,99.210922,171.729279
