1
203.929901,327.242584,57.343174,97.079819
203.512726,326.449890,57.726936,95.703445
202.523712,325.957214,57.967327,95.310371
202.524918,325.939270,57.956154,95.435600
199.752090,325.381744,57.770145,94.309937
195.580795,322.965149,57.521931,94.447540
194.337189,322.007263,57.787106,93.670517
190.746948,322.581055,57.862019,93.682648
189.510849,316.351685,57.714806,93.251396
188.587799,316.017822,57.051651,93.432785
184.458115,318.223450,57.971340,92.653511
181.891998,321.557098,58.490944,93.518448
180.360504,326.049042,58.033573,94.669052
179.801773,329.643799,58.208168,94.701012
177.561157,331.098816,58.640759,95.150070
173.389984,329.702179,58.510662,96.077568
171.304092,330.828064,58.685703,96.532181
168.652039,333.166382,58.647469,97.173203
165.353958,338.731201,58.455029,99.045547
162.848694,340.727356,58.631798,98.776314
160.735550,342.020264,58.960915,99.029007
158.117813,345.546814,58.601398,99.425865
158.314713,345.581238,58.970802,99.457573
160.187546,346.542236,59.164047,98.992271
160.356293,346.539459,59.463169,98.953423
159.995285,346.427887,59.402168,98.912895
157.309204,344.940460,59.533192,99.305992
157.482620,344.872833,59.978920,99.440445
158.034103,344.645050,60.387005,98.970978
165.793793,336.161224,59.751194,100.926231
168.190628,333.957336,60.609406,101.734901
168.382507,333.801483,61.042168,101.917267
169.575989,330.108765,61.755722,103.653877
170.454636,330.796722,63.689880,103.230324
177.032959,330.067535,64.680855,103.023285
178.365021,329.760956,65.479492,104.235741
178.420868,329.713989,65.667496,104.564194
182.372284,327.772430,65.797699,104.777130
184.560638,324.596313,66.349884,104.362373
185.318436,324.353424,66.511147,104.116531
184.769775,322.921051,69.768082,107.442863
188.671631,323.034149,70.186691,105.758301
194.308151,324.093048,69.263824,106.317719
194.515091,324.341400,69.630318,106.351746
194.823486,324.552032,69.973724,106.354980
195.703293,324.300140,69.706406,106.451172
196.053314,324.149414,69.916801,106.434547
196.508194,323.890259,70.081200,106.300293
198.519104,323.705841,70.281525,106.294075
201.581879,318.571686,69.521301,107.959175
202.733887,317.525238,69.604141,107.957855
203.325867,316.162933,69.966423,107.554276
207.073181,311.653717,69.731712,108.102005
208.015152,309.697968,69.384415,108.128098
208.417343,309.111786,69.232628,108.193405
208.233902,308.307739,69.008011,108.800682
208.476151,308.394165,69.533936,109.057976
209.796539,307.676239,70.152946,109.984581
210.935043,307.798584,70.122337,110.627823
211.147491,307.977325,70.425095,111.020775
211.171906,308.210419,70.461693,111.453720
211.012299,308.131531,70.457153,111.525925
210.928024,308.214905,70.271637,111.834961
211.120285,308.182465,69.921295,111.998871
211.037643,308.200287,69.904129,112.019264
211.277466,308.197632,69.839424,112.442596
211.274796,307.868744,69.828232,112.448364
206.925354,307.513733,69.198463,112.123047
206.752289,307.192322,68.577805,112.530441
206.910187,307.466125,68.974045,112.905357
207.171066,307.336151,68.186462,112.883484
207.501053,307.447174,67.987541,112.716545
207.312073,307.530334,67.897446,112.829987
207.643921,307.622528,67.039406,112.725357
206.997681,309.682068,67.033913,112.381088
206.984711,310.334167,67.201859,112.125679
207.302063,310.876282,67.332512,112.380875
207.903275,311.365082,67.123817,111.824509
208.182022,311.250305,67.390373,111.603058
208.911865,310.706879,66.866913,111.687271
209.165710,311.141510,66.814888,111.303368
210.019470,311.757782,66.584450,109.824615
210.324966,312.752808,66.702324,110.055969
211.880920,316.243805,66.972443,113.368111
217.841217,322.534149,66.478951,113.614792
218.183380,323.998566,66.322235,112.969162
218.370743,324.152740,66.469894,112.834717
218.404266,324.218933,66.468430,112.936440
218.446091,324.222015,66.457932,112.925758
218.595901,324.201263,66.455421,112.862259
219.386261,323.101654,66.282455,112.725052
221.722687,321.822968,65.772530,112.574059
224.262344,319.444946,65.594971,111.592026
226.874542,315.897003,65.889824,109.717094
229.495224,313.340210,65.401604,108.970566
228.988037,311.534119,65.520012,107.944588
229.233307,311.661163,65.940620,107.905205
229.435760,311.750763,65.956131,107.858757
232.236038,312.128967,65.683395,105.962196
235.159210,313.065186,65.430946,105.515106
237.807465,315.474060,64.478470,102.847794
239.331116,315.793427,64.174355,102.183311
242.206955,315.869781,63.907730,101.323158
243.057541,315.949097,63.606083,101.127373
243.906204,315.959076,63.658173,101.317139
244.743423,316.156647,63.788628,100.776016
247.311340,313.324890,61.768616,100.053276
247.070663,311.975372,61.044678,100.066368
247.966888,311.820892,60.643143,100.025421
248.588821,311.565369,60.940472,97.996391
250.040222,313.105499,60.332241,96.230247
254.410492,313.486816,58.449429,96.400757
256.424011,311.511353,57.442425,95.364204
257.942810,309.771942,56.014683,94.529343
259.990082,309.603973,55.529491,89.931282
260.519897,309.905334,55.527924,89.535370
261.294067,310.913910,55.575279,90.325348
262.117676,311.824066,55.776455,89.654869
262.500122,314.962524,55.894295,89.843826
263.968262,315.535675,56.495785,88.640511
263.882294,314.709991,56.458767,88.608780
263.480225,315.701996,54.991070,87.815521
263.530090,315.806366,54.924774,87.893478
265.606903,317.123016,55.050751,86.784775
265.773376,317.153778,55.493374,86.836708
264.366974,313.388000,54.960842,84.483627
265.228149,309.912231,54.264164,80.247627
266.216736,308.162231,53.448059,76.487465
266.064026,306.367767,53.195038,76.279533
266.641724,305.277100,53.052235,75.840141
267.272186,305.293335,52.770870,75.970604
267.390533,305.255219,52.925846,75.945526
267.607086,305.305847,52.826950,75.997711
267.767853,308.273560,52.932461,75.675316
267.085541,310.724152,51.379391,77.728920
265.609894,313.913116,49.236221,79.005424
265.764465,314.296356,49.450485,79.670502
265.810608,314.220734,49.525944,80.017326
266.193085,313.817383,49.755180,77.884438
263.749115,310.988220,50.142433,77.512093
262.893250,310.151062,50.759075,77.403450
258.798492,310.476288,51.221642,76.862640
258.804413,310.773773,51.509232,76.795395
258.968109,310.831207,51.969509,76.956100
258.856689,310.073212,51.838074,76.400589
257.570374,309.455139,51.614201,76.139496
254.894394,310.379181,51.694401,75.318253
251.882904,310.772369,51.669407,74.594948
251.383453,310.361450,51.724834,74.588753
247.738693,308.810883,51.968311,74.569366
247.886139,308.046539,51.752567,74.834679
246.353348,303.544800,51.511726,74.460182
244.573334,300.845703,51.843536,73.587975
243.053406,301.396576,51.672962,74.060471
239.955048,304.626953,51.607574,74.987221
239.104156,307.588623,51.826481,75.516510
239.466705,310.726807,50.607216,78.419373
239.249405,313.240448,50.607922,78.732628
239.177994,315.528381,50.529408,79.469223
239.024902,319.374512,49.332607,80.448326
236.330887,321.923035,52.376064,79.829025
237.514130,320.480316,51.845055,80.604713
237.371597,315.331024,51.176140,81.603188
238.080093,312.449585,50.919525,81.816498
236.374802,310.625092,51.413811,81.944298
233.763855,314.746033,51.608604,84.171967
233.320999,317.334076,50.134590,89.381065
233.185318,322.313354,49.906811,91.306358
233.620819,323.152832,49.785099,91.288322
234.441422,323.302917,49.712124,91.235367
235.446350,319.902313,49.595490,91.018394
234.409302,315.333160,49.389404,91.349861
231.347275,309.484344,49.463097,90.266792
229.545151,308.295624,48.743954,89.647041
230.248672,308.217590,48.802853,89.388969
231.853302,307.037842,49.073208,85.277870
231.982971,306.201355,49.222130,83.884735
231.981903,305.809235,49.155472,84.465057
231.651093,306.528198,49.274757,84.160057
231.202850,308.568207,48.700428,84.557632
231.405243,308.830444,49.022247,84.773132
231.625870,308.777466,49.476768,84.934082
231.818237,308.940582,49.390854,85.006653
231.779266,307.232422,49.270916,85.085106
230.157135,308.668640,48.909359,85.505013
230.560822,310.672546,48.576801,85.495026
231.784653,311.409393,48.596302,85.311012
232.332199,310.993378,48.888657,84.842888
233.653381,311.274078,48.558998,83.457863
233.324341,311.990143,48.557438,83.698555
233.866837,311.736511,50.062046,85.141716
234.116074,312.067017,50.307377,85.387039
231.465698,313.747681,49.904865,85.053085
231.394379,314.140717,49.874336,85.289200
233.547134,314.503357,49.663197,86.043037
232.666122,316.734009,50.099159,86.020332
231.651276,319.322266,49.681194,87.421799
231.180786,319.433655,50.348686,86.953682
230.844208,317.157257,51.095276,86.258858
231.618912,311.970062,50.722282,86.528946
229.275772,306.369965,50.833328,84.330780
228.411606,306.432892,50.716125,84.254143
226.149139,308.670685,50.741329,85.610542
224.224228,309.414062,49.954178,85.562660
224.676453,308.158142,49.952843,86.215950
226.302567,305.240570,49.870850,85.322464
226.620697,303.966736,49.471115,85.627815
226.766983,304.024323,48.865425,86.562515
224.335983,308.074646,48.164551,89.235191
223.582199,311.503052,47.087082,90.633331
224.169937,315.760803,47.402561,89.367966
227.952927,320.042328,46.724430,87.847237
229.399826,320.351990,46.830254,82.725151
228.764877,317.354370,46.948528,79.644745
228.747742,318.888702,45.974220,82.474396
227.186386,318.588074,45.168419,82.243767
226.908432,317.030334,45.075630,81.943863
226.860825,317.395142,44.800407,81.500610
227.211273,318.448395,44.618095,81.459991
227.402679,318.495392,44.895771,81.456024
226.690826,317.546356,44.825031,79.838608
225.725555,316.114197,45.009068,79.682678
224.540070,312.951599,44.951744,79.090485
224.920486,310.188141,44.676025,79.641151
225.339966,306.078522,44.584797,79.274452
222.203064,300.126007,44.196880,79.284294
222.025085,301.614197,43.951786,79.764191
222.139862,304.144287,43.775982,79.827538
222.891571,305.076538,43.558952,77.880157
224.153564,305.075592,43.268108,77.495003
224.043594,307.600922,42.454861,79.245842
224.200714,308.008240,42.430496,79.178986
223.722900,311.258942,41.876743,80.699844
224.052887,318.683868,40.981117,82.962250
223.726288,321.332245,40.822517,80.558807
225.042557,323.546051,40.355412,80.965294
226.421844,327.446442,40.239983,78.488861
227.113602,331.980286,39.954712,76.541084
228.163116,333.845154,39.075703,77.256805
229.275070,333.740082,39.302990,76.667358
229.462936,332.800598,39.468231,76.234985
230.921204,331.526917,39.218117,75.043884
232.753403,323.217773,39.159145,73.152557
232.805756,317.784546,39.296616,72.709663
232.578354,317.276886,39.428680,72.728180
230.522430,319.399048,38.819401,74.081268
229.686996,325.349365,38.884613,72.424469
231.862198,324.906860,38.801285,71.257248
235.886948,326.316254,37.869621,71.347023
234.901505,325.729218,37.549500,72.288086
233.799973,327.131775,37.725899,72.715820
233.591583,326.840393,37.817345,73.438812
230.381470,324.501221,37.739128,73.827156
230.600403,324.169647,37.774811,74.253860
230.149979,322.291504,37.747299,74.824883
228.865585,321.667664,37.687660,75.168312
228.386063,322.107758,37.719223,75.769539
228.017151,322.316040,37.815163,76.068314
227.788773,324.064056,37.689125,76.627167
227.918198,324.198242,37.931755,77.005531
227.643204,325.113617,37.891552,77.171516
224.160858,328.059082,39.491756,77.324768
222.371857,329.756622,39.063831,78.364532
219.102142,334.657867,39.587555,79.872757
218.314392,340.018860,40.692154,79.683662
220.882339,339.993835,40.263039,78.260666
220.982864,339.738922,40.461960,78.432770
219.904175,337.047821,40.280991,79.052200
219.043304,331.020477,40.265102,79.123116
219.452271,330.565887,40.028145,78.983536
217.436249,328.549805,40.384357,79.299965
216.336319,327.708282,39.992188,78.579544
215.864395,325.942474,39.971107,78.644211
216.397141,325.186859,39.905785,78.226936
215.964523,324.724365,39.570320,78.059692
215.061050,327.337006,39.331009,78.253075
215.280212,328.907562,38.933556,77.911476
215.347137,328.785248,38.885174,77.851952
214.617264,327.087585,38.728222,78.205536
214.612137,326.881256,38.826523,78.380623
214.529083,325.478455,39.031563,75.642754
213.439102,326.426514,39.248466,76.268967
212.140030,328.966858,38.706875,77.641426
212.163818,328.695007,39.173283,77.209320
211.768570,326.688721,39.705597,75.353844
211.916199,325.338898,39.464867,74.913742
211.963455,323.448547,38.839703,75.147629
212.600845,327.463043,37.941544,75.849991
212.682434,326.763275,38.135231,75.273468
213.232010,326.684021,38.390720,74.887215
216.893829,326.059387,38.289776,74.492737
215.744629,321.419556,38.753670,73.957634
214.204163,320.016113,39.070427,73.573212
213.361252,322.713684,38.941647,75.959137
211.572876,325.366425,38.978386,75.654709
210.678452,326.702637,38.753456,76.516708
206.800552,328.993317,39.572231,77.233727
204.957703,327.613373,40.154118,80.286507
204.099762,326.614655,40.611542,84.066864
201.648132,324.327423,42.114861,85.265686
197.107559,324.909180,44.468834,89.359444
197.073181,324.419464,44.813931,90.082741
197.455933,321.876251,45.643341,90.760063
195.961899,316.625549,47.427311,91.355080
194.994141,316.518494,47.794514,91.390038
194.440247,319.578674,48.204552,95.073318
194.843155,322.912079,48.906956,94.942856
199.267334,325.420135,51.140511,94.345192
198.742233,325.259857,51.523441,94.593842
198.810684,325.138092,52.041439,94.832535
199.677429,324.457886,53.575161,93.631516
199.523483,325.390350,54.504715,93.970444
199.080399,326.283966,55.022781,93.647339
199.127716,327.210327,55.494411,93.997993
199.327484,326.813477,55.562466,93.138672
198.823318,326.853943,56.308086,93.131813
197.992447,326.321320,56.771980,92.397469
197.659271,326.805878,57.055443,91.567787
196.938705,328.222961,57.361324,93.947571
193.384598,330.214081,57.549824,91.925156
191.819733,329.840424,57.996433,91.817436
191.592438,327.930939,58.056686,91.079659
190.470718,325.507660,58.569283,90.367538
190.244385,322.841736,59.122623,90.740326
189.126373,318.395966,60.013489,90.822556
188.431061,317.055542,60.785366,90.812622
187.133713,316.662109,61.130524,91.028236
184.782578,312.474487,63.040695,92.394089
184.239380,312.119293,63.560547,92.465149
182.933899,312.028015,63.892189,92.727783
182.790009,313.175690,64.328499,92.812943
183.571365,315.544067,64.881126,94.356499
182.933655,316.221039,65.223724,94.664131
179.487381,315.410461,65.356323,95.339600
179.387741,315.196930,65.479118,95.476768
179.014633,313.733612,66.071548,94.538193
178.788055,314.682892,66.608948,94.879051
175.687622,318.366119,67.626816,93.099464
174.566528,325.441650,68.194191,93.048286
174.692871,325.718689,68.528114,93.510269
174.981110,327.625122,68.970001,93.308304
172.765915,328.935516,69.218567,93.806183
172.856995,329.561035,69.508858,93.952560
172.822800,330.535797,70.164299,93.777718
172.504929,336.692810,70.360237,95.115234
172.519775,337.043365,70.495842,95.455727
172.684906,337.234253,70.512749,95.439690
172.806702,337.138977,70.925758,95.396362
172.771927,337.052612,71.007622,95.375511
173.024521,337.203552,71.482742,95.391518
173.023987,337.339294,71.449501,95.404816
172.888809,337.737061,71.456947,95.408844
172.904388,337.841064,71.433235,95.470497
172.937637,337.850464,71.466949,95.455872
172.943771,337.866425,71.458748,95.465294
172.901779,337.921112,71.429436,95.505058
172.795898,338.060638,71.411484,96.044388
172.828293,338.307251,71.449303,96.489204
172.771393,338.285889,71.428856,96.508873
172.748993,338.459778,71.432114,97.039368
172.489929,337.105927,71.173218,97.808563
172.569000,337.142242,71.438354,97.994743
171.328995,337.521942,71.174370,98.602104
171.347946,338.184723,71.388985,99.077713
171.360672,337.277710,71.334175,99.559761
169.181137,337.058899,70.812714,99.645912
169.263596,337.266174,70.957924,99.935196
169.575439,337.251709,70.569992,99.891899
169.721832,337.253510,70.913307,99.864784
169.414474,337.368225,70.773216,99.849113
169.210800,337.382904,70.491653,99.474243
169.432953,337.153809,70.196671,99.456024
169.590744,337.076324,70.396202,99.403877
169.732407,336.696625,70.141953,98.969917
169.870239,336.641327,70.360481,98.874336
169.868469,336.743835,70.394524,98.996056
170.848328,343.072662,68.522331,98.874489
171.336212,346.053833,68.204376,98.665512
172.188416,346.130249,68.171906,98.978935
172.859100,344.620941,68.133453,99.178253
173.147888,344.452881,68.266342,99.258636
173.447220,343.808838,68.323448,99.258949
174.214096,340.960266,67.962677,99.885941
174.660950,339.312927,67.729210,100.233299
177.489578,334.375397,67.546593,99.943344
179.886139,327.982178,67.429260,101.401123
180.975677,327.035797,66.842529,101.800560
181.260132,325.018799,66.461380,103.145744
181.271866,325.194580,66.464066,103.453880
183.464340,328.531494,64.152817,104.790855
184.732498,332.595734,63.176910,105.222672
184.589783,333.924713,62.941605,106.065132
185.161057,335.040924,62.381149,106.510460
185.614563,335.607788,62.369324,107.166016
185.577087,335.541290,62.238037,107.925697
185.552155,337.932709,61.842979,109.380386
185.514542,339.067383,61.577435,109.648827
185.729721,339.178467,61.813972,109.959229
185.391891,338.019684,61.848118,110.378067
185.373657,337.825836,61.935169,110.401131
185.058075,337.280670,61.610043,109.964447
184.180511,336.879456,61.718853,110.649307
183.141754,337.552704,61.404957,111.195908
180.977890,349.741302,60.716034,108.467178
182.011688,351.400360,60.829540,108.522240
182.078629,351.533752,60.948227,109.060928
182.047852,351.775635,60.973877,109.456055
182.002594,351.816711,60.944092,109.484268
181.989868,353.948547,60.688839,109.468742
182.180222,354.880096,60.853603,109.479927
180.678345,359.649475,60.048424,108.352859
180.523468,361.389618,59.649780,108.304878
180.782684,361.590393,59.927956,108.444817
181.005096,361.599701,59.879486,108.418976
179.736404,360.861755,59.970039,107.832764
175.157242,360.168884,59.675018,107.627426
171.567047,358.308563,59.565300,108.500565
170.597504,358.275940,59.354317,109.516953
167.896530,360.318665,58.674820,110.238388
163.161789,359.084595,57.807690,112.256493
162.633926,353.040070,57.335907,112.388290
159.547195,344.384460,56.388103,114.456757
155.632278,338.580780,55.699196,115.476166
153.660919,336.779419,55.130726,116.238312
153.185898,334.902985,55.017353,116.392967
148.147446,331.746979,54.902775,118.311424
143.080978,329.136047,54.254547,120.004974
142.822647,329.043243,54.250259,120.599159
143.664474,328.571716,53.560879,121.758690
143.002136,329.707977,53.375595,120.719414
136.371613,333.974213,51.959263,118.722145
136.142609,333.815338,49.609261,119.956284
135.053024,334.602539,50.129272,118.420868
135.530426,334.607513,50.459835,118.718948
134.835083,337.609436,49.550850,118.255241
136.309021,338.203186,49.820202,118.285881
136.349167,338.173553,49.981594,118.474083
136.077759,338.156738,49.679626,118.608322
136.491791,338.343658,49.868546,118.854126
136.665100,338.502625,49.913742,118.946518
139.595642,337.777863,49.202801,118.939476
142.550873,336.302734,49.353321,118.725746
144.356522,335.987091,48.672489,118.173538
144.674515,334.898163,48.671650,118.713287
144.419693,333.716858,48.930489,118.851334
144.578552,333.664948,48.935238,119.025993
146.204590,332.812134,49.021511,119.649048
145.983994,332.685669,49.427006,119.845093
151.455078,331.463562,48.921852,119.007492
151.599380,330.857391,48.987953,119.177719
151.418243,331.026459,49.037880,119.284668
152.383408,331.703125,49.554497,118.505440
155.243210,334.429840,50.254623,114.384789
155.788467,334.322815,50.533714,114.184242
156.032883,334.461761,50.962460,114.426697
157.813293,334.162292,50.514763,114.671318
160.800812,333.495483,50.977795,113.506966
163.992111,332.108490,50.427269,113.384033
166.499771,327.730530,49.691563,113.105408
167.263275,326.907684,49.991291,112.567711
164.465805,326.939423,49.614559,112.812874
164.930222,326.876892,50.028645,112.878212
165.382080,326.774353,50.614998,112.715652
165.579468,326.930847,50.968365,112.959526
166.139069,326.377136,50.904022,113.020668
168.662827,325.886475,50.637650,113.288155
168.839386,325.886963,50.935219,113.615562
167.891312,326.116608,50.702095,114.315826
168.106232,326.799561,50.840229,114.612183
168.181534,327.019073,50.973068,114.946320
168.192627,327.045013,50.974354,114.950562
168.208694,327.056549,50.979172,114.933586
168.212677,327.084717,50.956348,114.953613
168.513977,326.649780,50.878017,114.909142
168.701721,326.939240,51.015324,114.790276
169.426865,327.865540,51.276165,114.872749
169.986237,328.208191,51.502174,114.891113
170.233185,328.257660,51.974781,114.951416
170.778015,327.207336,51.984482,114.803818
170.750397,327.208496,51.859081,115.005241
170.815338,327.076202,51.887165,115.661026
173.934052,323.181641,51.033360,117.117149
173.958755,319.691193,50.887310,118.338615
173.544861,318.044891,50.303055,118.507042
170.469894,318.434082,50.113125,118.331154
170.535278,318.530151,50.326931,118.375130
172.558182,315.751953,50.084351,117.624657
172.692352,315.136505,50.305325,118.261292
171.565140,313.261475,49.950844,119.257866
171.618881,313.104004,49.953537,119.483238
171.689850,313.061859,49.935890,119.386124
166.838303,310.068481,52.718559,121.672249
162.745468,311.421143,53.232738,120.843117
163.295685,311.542694,53.456230,121.085175
163.718597,311.930481,53.677376,121.238800
163.878647,312.061432,53.973335,121.447647
163.448807,311.660553,53.948696,121.302376
163.107086,311.690125,54.028175,121.158188
163.199020,311.894012,54.522259,121.146408
162.958694,311.420746,54.999828,120.515617
160.208054,310.928833,55.117813,119.654808
160.898117,309.490234,55.528301,118.606995
162.556534,308.183441,56.004036,115.823120
163.251816,306.684784,56.834866,114.608070
163.317490,306.442749,57.182415,114.567520
162.001282,304.933929,57.776661,114.193832
161.833908,304.107758,57.954990,114.007263
161.225266,303.705109,57.870075,114.351387
161.176025,305.010010,58.893486,114.432655
161.321854,305.140656,58.941059,114.429405
166.334900,310.400482,59.355389,114.829018
168.066818,310.250000,59.594707,114.836876
167.853241,310.366455,60.041714,114.749077
163.542618,311.004425,61.042946,114.635490
163.420563,313.666840,61.044151,112.459747
164.809418,313.825684,61.792507,112.801003
164.907761,313.936127,61.967930,112.924416
164.643433,314.017853,61.667965,112.108139
164.260071,314.623901,61.767197,111.488998
164.408676,314.887543,61.940327,111.281532
163.080490,318.734619,60.751820,106.907600
163.019608,318.776184,60.917690,106.870888
162.705887,318.987946,61.007435,106.607765
161.439758,319.447388,61.438923,106.200867
161.125458,319.989075,61.268494,106.139030
161.298843,320.131653,61.477245,106.424568
162.041733,319.861786,61.451172,106.467033
162.062851,319.856598,61.453060,106.421242
162.056824,319.916260,61.405460,106.398247
161.893051,320.162231,61.474491,106.224525
161.883026,320.313904,61.450855,106.418053
161.911972,320.376434,61.461357,106.439117
161.923538,320.628876,61.451355,106.302521
162.180069,320.831909,61.312477,106.358032
166.236969,319.859772,61.101257,106.550812
167.107178,320.183502,60.894905,106.793648
167.155197,320.291046,60.969864,106.952972
167.235855,320.297852,60.922565,107.038177
167.352707,320.529846,60.947227,107.429794
168.502838,320.642059,60.510204,107.219795
169.378677,319.201385,60.854259,106.879761
169.657669,314.340912,60.446571,105.797379
169.371979,313.176575,60.172703,105.642303
169.797607,312.175751,60.400654,105.234756
170.542267,310.016754,60.145191,104.675171
169.679749,307.970856,60.527611,103.588051
171.110291,306.927856,60.720482,103.111679
173.917816,306.395050,60.511566,104.619713
174.087769,306.272827,61.248489,104.982254
176.514587,300.825989,61.328289,104.693848
176.525070,300.932251,61.497063,104.108017
170.550735,299.727997,60.764492,106.509445
171.238602,299.177917,60.962948,106.439857
171.255692,299.170715,60.980206,106.443985
170.853851,298.869385,60.706787,106.246735
169.618088,298.008514,60.536205,106.520401
169.639740,296.639069,60.823895,106.923767
168.825607,296.935944,61.367691,105.310097
168.767944,297.081818,61.630268,105.382942
168.248398,296.515198,61.301373,106.315216
168.812820,302.126312,60.550304,106.759773
168.887299,303.944122,60.550476,107.512955
172.192459,309.535980,61.618351,104.444183
173.506393,308.355713,61.960667,105.312233
172.349396,304.168060,61.345757,107.016228
172.406754,302.473175,61.541756,107.216141
178.103210,297.326904,61.973301,107.326118
178.532013,294.896027,62.215031,107.442284
178.729767,294.416718,62.504009,107.439690
179.070145,294.018188,63.014511,107.439835
179.827957,292.596344,63.504597,107.529854
180.222046,293.225586,63.847931,108.206673
181.700943,295.082916,64.688858,108.978630
184.529541,294.362671,64.887695,109.223251
184.413147,295.110291,64.940681,109.427444
184.491974,295.423615,64.985542,109.468216
184.507812,295.440125,64.950790,109.488525
184.398788,295.782074,64.850723,109.390549
184.449371,296.301605,64.744644,109.444145
181.918182,299.204712,65.236305,108.753166
178.417114,305.819611,64.987877,105.915756
174.915787,311.336151,65.218475,105.431664
173.260895,316.679230,65.763809,105.600410
175.218033,320.550659,66.435493,104.988304
175.159866,320.722534,66.498131,104.840538
175.110840,320.858459,66.466461,104.927170
174.008713,321.355530,66.593636,103.970673
174.075180,321.161102,67.026581,104.150467
173.626221,321.011261,67.258629,104.223595
173.721878,321.056580,67.455521,104.467529
173.355591,318.842560,67.211960,103.541183
173.484299,315.846130,67.176674,103.965706
173.328583,313.730194,67.405182,103.980370
172.784363,313.315094,67.541298,103.462822
171.139542,311.667633,67.405197,103.088303
167.928635,310.925629,67.102745,102.740746
167.995789,310.593140,67.371109,103.058228
166.320053,305.521271,66.334839,102.864067
161.875809,308.036926,65.663788,104.317680
158.429825,310.315308,66.507523,105.101601
158.586197,310.455017,66.985641,105.478516
154.516800,316.565552,67.898651,107.300507
151.833679,318.633820,68.988670,108.763214
151.576874,319.190125,68.833046,109.036438
151.675751,319.566650,68.933983,109.613533
151.707138,319.760193,68.965927,109.952606
151.692368,319.811951,68.974289,109.934319
151.568771,319.831970,68.913261,110.166168
151.531052,320.057220,68.926361,110.461983
151.366684,320.753418,68.942474,110.341751
151.393494,320.832428,68.965828,110.452682
151.408966,320.856384,68.965927,110.452393
151.423065,320.876953,68.965851,110.452927
151.430313,320.879974,68.964211,110.463280
150.390274,320.234070,68.123764,110.771370
147.288422,319.993103,67.859779,111.830383
142.552399,325.334198,67.459297,112.798035
142.673035,327.239471,67.501175,114.022430
145.630661,327.701935,67.565392,116.055214
145.697189,328.291473,67.900597,117.097221
140.887650,332.853882,66.372055,117.820076
143.562668,332.595490,65.695663,119.284607
148.110001,332.023956,65.153008,121.611984
148.280518,332.218933,65.466736,121.947342
147.658585,331.524170,64.661873,122.090996
148.743286,330.838165,64.582092,122.356033
149.299927,328.852661,65.044823,121.853943
149.572418,328.497986,65.473862,122.062370
149.602310,328.681000,65.450981,122.463867
146.918091,326.971588,65.183983,124.555260
147.281433,327.305939,65.366959,124.941597
150.583649,326.614044,65.286423,126.918068
150.674484,326.512299,65.489647,127.044479
150.521133,324.098053,65.898354,128.937744
149.555099,321.917633,65.217567,129.116104
149.483368,319.811096,65.417938,128.373627
149.632050,319.735291,65.195686,128.389725
148.511688,319.194092,65.017029,128.607132
148.657486,318.855804,65.467262,128.906006
149.357834,311.975647,65.440338,130.509094
147.813217,310.083588,65.183922,131.213226
147.096954,307.594879,64.770203,132.843307
147.210419,307.655609,64.966614,132.940018
147.193787,307.735138,65.061417,132.912872
147.515961,307.458862,65.406303,133.747894
150.548935,307.336304,64.982323,133.922775
151.031769,306.112000,66.422005,135.218872
150.882660,307.353760,66.489937,135.049454
150.776657,308.880096,66.470024,134.951233
152.492859,308.188263,66.961411,135.493713
154.309647,307.103058,68.071449,136.566483
156.989487,309.842255,69.024948,134.416473
162.715805,309.819275,67.751228,134.549866
170.937836,309.961761,68.335022,136.253632
172.530975,309.726837,69.066704,136.360550
173.134186,309.312500,69.365646,137.062180
173.202713,309.546448,69.467453,137.439117
173.626404,309.941528,69.465317,137.183914
177.580612,307.556244,69.465866,140.152908
181.714600,306.239563,69.539108,140.012955
182.376724,304.529175,69.457230,140.922028
182.499756,304.533234,69.344109,140.829697
182.575180,304.631073,69.467537,140.934448
182.821228,307.602905,69.117989,140.013260
184.212143,313.065186,67.751274,137.800720
187.203598,315.091980,67.301346,136.222534
187.427368,315.211304,67.382523,136.492752
189.186630,313.588776,67.502876,138.051422
192.814316,312.229004,67.541756,139.636871
193.751556,311.731812,67.586029,139.901718
197.020370,311.473938,65.991219,138.961319
197.357147,310.915955,66.133751,139.511383
197.648376,310.024689,66.977364,140.246399
197.503677,309.799225,67.336800,140.756149
197.167618,309.752625,68.194885,140.901337
193.696121,311.072113,68.939774,138.335342
190.747025,309.634796,69.960960,137.884003
189.688049,309.962006,70.637718,137.896927
189.849457,312.522766,70.682449,137.082932
192.345779,318.610382,68.201675,134.538528
192.796829,320.463135,68.141396,133.504074
193.298248,321.441803,68.463318,134.149902
193.326355,321.859497,68.470627,134.325470
193.743973,320.800262,70.567429,135.957062
194.034882,321.061249,71.209000,135.808563
194.393478,318.928467,71.858406,136.466934
195.465073,315.505920,72.293213,137.327621
198.855118,310.574921,71.416382,137.703537
199.945358,306.164337,72.785919,138.836304
199.788818,305.803345,72.965546,138.809692
196.669006,307.611542,73.989815,139.969864
195.747787,307.968140,73.199303,139.434952
196.759186,310.930023,71.672958,138.930893
196.860611,310.919922,71.990990,139.135025
194.096390,309.090851,73.387505,140.289902
193.948990,309.157440,73.853386,139.737823
191.754959,300.684113,75.233475,144.665787
188.964859,296.357635,76.673523,145.828400
184.389236,297.936707,77.100746,144.870438
184.415497,298.010925,77.512909,144.983231
184.461777,309.189911,74.147514,139.662445
183.827179,306.822601,75.507278,142.264481
183.381180,306.316223,75.645325,142.520126
181.231964,305.532379,76.622574,143.765091
177.960312,311.910339,75.772453,138.907959
178.014633,311.832764,75.944817,138.993286
181.715256,308.919739,73.730690,139.896896
181.979950,306.835297,74.163910,140.462845
181.411133,305.687805,74.874695,140.565643
181.461258,302.551239,76.035873,141.689636
182.051514,300.426575,76.352501,142.243958
181.873993,300.195343,76.940018,142.651672
181.922012,300.303101,77.022873,143.011215
182.594925,300.682861,78.452782,142.853455
182.128082,297.380035,78.945084,144.938797
180.897751,292.257904,80.503967,147.825180
179.716797,287.402710,82.232956,148.286301
178.593918,282.571625,83.722000,152.894684
176.944489,284.426117,84.343338,152.325851
176.671921,285.067902,84.209259,153.195633
177.214554,285.637268,85.617363,154.314651
177.685287,282.530182,88.268120,158.133881
176.307968,280.310760,90.273376,161.981277
174.719879,279.991791,91.415443,163.099762
172.479874,278.207275,98.028580,167.434128
171.564972,276.295563,98.887878,171.232346
169.152557,275.114227,100.733223,175.003250
166.863739,275.803864,100.806519,175.891220
166.772675,274.975769,101.580711,174.139816
162.055817,273.007874,102.365845,176.087021
