1
172.493011,74.789482,48.984241,55.962299
172.389740,74.965828,48.996876,55.905392
172.313660,75.127853,49.022476,55.879646
171.985123,75.422371,49.663143,55.881798
171.958008,75.636986,50.086094,55.878067
172.134323,75.735825,50.494438,55.968136
172.094070,75.780228,50.503887,55.948215
171.842651,75.906647,51.365067,55.804489
169.687103,76.528297,52.541660,55.247684
167.660950,76.949799,53.857010,54.748657
160.266434,77.597855,56.595089,53.446663
156.109268,77.229614,59.844955,52.575184
146.352524,75.949348,62.265068,52.602165
143.628738,75.869408,63.095005,53.317791
142.109970,75.617615,64.669617,53.268970
136.979874,74.379044,66.040993,53.617538
136.166611,73.690750,64.108025,54.320095
131.584976,72.562645,62.394615,55.457687
128.606644,69.002182,60.578735,56.804981
122.895340,65.103012,60.128849,59.238434
117.536926,62.103584,58.384972,60.444702
113.364479,60.669971,58.338032,59.805340
110.885544,60.057491,58.819973,59.049557
107.538551,61.125191,59.433819,57.781578
103.539375,59.504082,57.624607,57.863995
99.214355,59.250137,57.915588,59.681553
92.077461,59.207775,57.743877,60.080399
89.294395,60.212246,58.862949,59.608017
88.230919,61.223602,59.661400,59.990555
85.614861,62.299831,61.018337,58.663517
83.044418,63.740032,60.371872,58.669903
82.925751,64.639740,60.228527,59.065125
81.930016,66.510109,59.369991,59.262680
81.226791,68.239952,58.003532,59.666340
81.568192,69.639542,57.103069,60.919365
81.808708,70.032051,57.060280,61.132061
82.065002,70.449471,57.087654,61.591717
82.611595,71.417252,56.967373,62.135860
82.869774,72.352776,56.604832,62.357388
83.334274,73.722725,56.645908,62.306213
84.493240,77.128441,55.551594,63.167820
85.345734,81.001961,54.806095,63.347488
85.640671,82.813911,54.719746,63.211296
85.270912,86.670029,54.026012,62.306480
85.317680,89.564651,54.571384,60.566212
86.021599,91.447594,55.339390,60.081688
86.535538,91.873848,55.367542,60.501186
90.103485,93.305504,56.043972,61.509632
95.033112,93.373268,57.243099,61.941071
96.725060,93.672714,56.570045,62.166588
99.696495,93.874458,56.083496,62.802490
106.383827,92.052750,55.587624,66.185326
110.608673,92.326187,56.330170,67.897095
116.430565,92.700928,56.351856,70.288948
122.248970,94.618294,57.828480,70.492363
126.090225,95.104652,58.559891,69.869072
127.297974,94.337234,60.591068,69.871727
128.459808,92.980453,60.982338,69.697556
130.619598,95.228691,60.734268,69.313911
131.325272,96.401711,61.232224,68.496933
131.513412,95.883186,61.716923,69.272202
126.520294,91.938255,63.500992,72.355865
122.893829,89.347855,64.541313,76.139267
121.670265,83.903091,64.214310,80.629478
121.879936,80.748352,63.430870,83.121758
122.217674,80.255157,63.477211,84.874741
122.842361,79.588829,62.644409,86.179955
122.792168,78.791664,63.027637,87.576843
2
0
0
0
0
1
199.795959,117.508026,50.927395,56.234703
201.856079,121.235596,50.230259,56.118828
203.779373,124.831429,49.534695,55.846111
204.288818,126.756378,49.836536,55.361050
204.314667,127.993347,49.961555,54.896049
204.812714,130.570709,50.105164,54.199932
205.854401,133.395233,50.915035,53.726257
206.226120,134.050522,51.336422,53.808117
203.970581,136.882477,51.538143,53.407646
200.477417,139.968903,51.406258,53.163078
198.260590,141.860092,51.839989,53.355438
195.173340,142.884293,54.021973,52.523811
191.961838,144.362259,54.654537,52.314175
189.379501,146.541992,55.311764,50.853634
185.167313,147.235413,53.706116,50.156757
180.577850,147.969498,53.185200,49.939644
176.810837,147.708359,52.753666,50.271229
175.041016,147.386520,52.214142,50.822086
173.963593,144.046661,51.555130,52.873997
173.465286,139.152130,52.194202,54.023430
172.612381,135.187958,52.473568,54.218010
171.918228,131.508820,52.561352,54.509144
172.658066,126.809692,52.513783,55.506924
171.219635,121.328552,54.141178,55.151711
170.296829,117.841995,54.472900,55.149071
170.182739,115.359215,54.203156,54.618801
169.576019,112.716217,54.254997,53.017952
168.973526,107.232292,53.300247,52.771896
168.519196,100.922516,51.703449,52.640221
170.077164,97.484955,51.268604,52.757061
171.100510,94.120758,50.387638,53.480133
173.115616,89.227036,50.952347,53.083782
173.418365,88.341003,50.759911,53.221840
173.602356,87.502563,50.666054,53.243065
173.747238,87.630241,50.937645,53.471367
173.516174,87.639793,50.826359,53.478863
173.475464,87.734245,50.920574,53.442780
173.017380,87.918289,50.982079,53.469498
170.826370,89.337120,51.802425,52.963825
170.921097,89.484924,51.923256,52.916340
170.958252,89.526901,51.974323,52.977165
170.970688,89.541122,51.970909,52.980869
171.289688,89.675339,51.804913,52.850079
171.388397,89.751808,51.971985,52.977249
171.412888,89.769867,51.961735,52.976929
171.439224,89.783188,51.974449,52.972004
171.461899,89.793190,51.975998,52.974384
172.273117,89.810371,51.503853,53.129578
172.968491,89.974228,51.860779,53.519016
173.268890,90.189247,52.020947,53.946579
173.660141,90.305443,52.533970,54.040833
174.837585,90.554146,52.924366,55.094063
175.320755,90.735886,52.888184,55.400730
175.951385,90.652954,52.418907,55.970493
176.850861,90.196289,51.634598,55.602486
177.788376,90.170555,51.462654,55.658730
177.805557,87.864090,50.297886,55.179245
177.356491,87.160469,50.277588,54.749950
178.138672,86.484200,50.157658,54.911407
179.035431,83.145866,48.811047,55.208008
178.648315,83.245544,48.508492,55.421108
178.986374,80.407570,47.156776,55.853180
179.230225,80.698860,47.070972,56.027519
179.288742,79.238914,46.527817,56.971443
179.559464,81.141472,47.039082,56.598289
179.852219,81.253204,47.239540,56.708145
179.826553,81.780602,47.330231,56.657776
180.139038,82.944000,47.404209,56.367950
180.063522,83.383743,47.605740,56.031624
179.704056,82.098846,47.966995,56.720505
179.706512,81.889961,48.050148,56.904312
179.975311,81.923988,48.619625,56.934727
179.351654,81.251175,49.211926,56.641014
178.107422,81.207420,50.422127,57.004124
177.390686,81.576096,51.190845,57.227432
173.193710,82.011780,53.409351,57.303200
174.103012,83.461296,53.740479,57.179558
2
0
0
0
0
1
171.855011,55.077251,28.795368,51.266663
172.057114,61.540127,29.273285,50.939400
171.620224,62.104668,30.259262,52.289154
171.587692,64.737656,30.806614,52.387505
172.004745,68.264664,30.886648,53.224857
172.093262,70.669052,31.275503,52.923538
172.650787,73.044708,31.446774,52.659641
173.203171,76.356819,32.654869,52.679005
172.788330,77.995636,34.743206,51.945061
173.567261,79.796295,35.768845,50.928291
174.561401,82.311462,37.309734,50.615948
180.253738,85.208282,38.910080,49.677246
180.550217,86.511597,39.192165,50.929104
180.808640,86.714638,39.446022,51.021908
180.782562,86.964973,39.463051,51.504314
180.223587,87.897118,39.716362,52.286736
170.547531,88.085426,45.112900,50.446171
167.997177,88.259705,45.955845,49.214100
158.320328,87.033905,46.482590,48.479836
154.558426,87.342438,45.488285,49.665142
146.453751,86.610107,44.993465,49.224289
138.304733,84.590645,44.614040,49.159801
129.915482,83.757973,44.562546,50.283905
124.907509,82.416077,43.405075,53.946327
122.262657,79.200439,42.627369,55.034325
119.707367,75.949196,47.001423,55.376434
111.323639,72.802116,52.072189,55.035526
101.360435,70.608406,59.640396,56.061008
88.628441,71.977798,60.222481,56.959766
73.794838,74.717857,64.462082,55.201653
63.342350,75.562729,61.635674,59.981956
59.732136,72.740776,59.376316,61.237404
51.600380,72.699921,58.056690,61.444851
45.309250,70.607834,58.253082,61.967743
39.202511,70.233681,56.188488,62.611229
34.633526,72.354858,56.548939,61.526253
31.485622,75.124290,55.823780,60.876415
30.074123,78.144279,55.373268,60.205200
30.056843,80.441154,55.232903,58.878830
30.642344,83.865440,56.384872,55.877609
32.174133,85.097321,56.568748,54.795555
35.363190,86.427055,56.449192,54.321850
42.052185,89.019470,53.972733,53.361572
47.858845,93.303978,51.291687,52.351807
49.812393,97.624710,51.185749,51.605888
50.792507,100.785210,51.368172,50.636192
52.044209,104.405945,51.205933,49.817814
53.485142,110.264572,51.798672,48.032536
56.708561,116.533234,52.791328,47.593010
59.452320,122.196953,53.435902,45.702023
63.268795,126.594498,54.331875,43.793587
65.725578,130.361542,54.406227,43.479130
67.200302,131.718170,54.229893,43.443802
69.271729,133.388870,54.488220,43.337929
73.436028,134.127274,54.054779,44.325203
77.060768,134.800308,54.529743,44.833847
80.203346,135.015472,54.887695,45.685970
80.812202,135.376282,55.204697,46.054085
85.609322,135.558441,55.411602,47.327930
89.300041,133.276978,54.651031,48.492165
95.211464,129.096298,52.863026,49.862507
96.674263,128.457001,52.623146,50.038418
98.977989,129.201569,52.817924,49.825478
100.581535,129.876328,52.107479,49.953583
101.274689,130.220901,52.176319,49.849400
2
0
0
0
0
1
155.168350,174.144836,53.884972,48.971363
155.111877,173.813141,54.950554,48.542458
158.780518,172.521866,57.222919,48.010628
159.782761,169.103485,58.023624,47.595936
160.024261,165.457733,59.973675,46.136906
160.647736,162.254211,60.339157,45.398304
161.768784,159.240112,60.055340,44.915321
161.395737,157.657257,60.834183,44.453953
161.225113,155.241165,60.667046,44.635975
162.143112,153.555252,60.692688,45.302410
165.215698,150.933792,60.140331,45.958195
165.612885,148.204361,58.816971,46.479469
167.683014,145.770218,57.594131,47.545586
170.309067,144.016266,56.723904,48.396507
170.244217,142.357590,56.538002,48.072178
170.235245,140.507080,56.183517,48.362118
169.016235,138.380386,56.908726,48.306644
168.831055,135.599350,57.071312,49.145882
168.253189,133.257645,58.081959,49.463493
166.589035,129.503677,60.728336,49.708210
166.567825,126.702522,60.384087,50.322899
165.540115,122.235382,60.261417,50.352322
165.371155,116.809013,60.098351,49.840855
166.953918,113.892242,59.003338,49.113724
167.731873,111.050285,58.404011,48.308502
169.129196,107.286957,55.706249,47.932568
167.609451,102.143822,54.139099,47.889389
167.937241,102.132515,54.298908,47.769142
167.936874,101.938072,54.175362,47.851883
168.385483,101.371506,53.550789,47.544643
168.724045,101.185364,53.431084,47.759254
169.140167,100.867393,52.617245,47.876888
169.311371,100.819115,52.900562,47.948612
169.273468,100.427658,52.771542,47.673859
169.395935,100.175591,52.721954,47.899124
