1
275.765656,123.850830,103.226295,77.829498
278.029785,126.630997,102.045509,77.339630
278.572662,126.924469,102.337746,77.235832
278.919617,127.179985,102.315941,77.165314
283.895874,128.657227,101.195999,76.580650
287.120270,129.694733,100.969933,76.210548
292.861542,130.712814,100.404144,75.929092
295.554932,130.822037,100.311661,75.692612
296.931519,131.140732,100.462502,75.551682
299.065186,131.428192,100.024513,75.796921
300.528290,132.240982,100.158440,75.919151
302.234314,132.032944,99.580765,75.894974
305.874115,132.692215,98.766266,75.550972
313.696381,132.528061,96.969200,75.504478
314.573822,132.615341,96.440407,75.759407
315.859985,132.715515,96.073235,75.610863
316.389923,133.524231,96.819466,75.574066
324.479980,136.446167,96.691856,74.973579
327.072021,136.731674,96.400238,74.431793
329.548584,138.290604,97.787697,73.808449
335.046356,137.211365,99.853943,71.815346
335.580078,138.778137,100.749939,69.434258
340.610870,136.533264,101.267860,68.522720
344.432220,130.109665,101.545715,68.148392
347.238373,125.503502,101.223083,68.265900
349.611572,125.587288,100.031647,68.628120
351.794922,122.965202,98.835770,69.558807
353.028381,119.143784,97.347786,70.578140
349.617523,120.214012,105.012756,70.951157
350.204346,120.079422,105.055779,71.258659
350.445892,120.192276,105.405220,71.483139
350.571350,120.305565,105.437210,71.454865
350.600464,120.329277,105.447556,71.468582
350.579071,120.322350,105.429565,71.473885
349.540344,120.001076,105.327927,71.418961
348.884552,113.313858,104.624863,70.675507
346.183228,108.080284,104.967239,70.066269
343.334625,106.800026,105.476639,70.743706
339.476227,103.859589,104.823860,71.421448
334.780640,103.327881,103.431175,71.340492
337.738586,101.221169,102.845566,71.437271
338.083160,100.685822,103.732986,71.104362
338.189972,100.799133,103.892860,71.524635
338.360046,101.074081,103.939835,71.931816
339.742767,100.516487,103.731842,71.768204
341.294678,101.417343,103.625710,71.972702
342.220459,100.468796,103.820633,71.606926
346.480042,102.491661,103.728569,72.440300
351.426147,102.545753,103.621483,72.199493
354.335144,102.001968,103.543144,71.831001
359.021210,103.355431,103.619003,71.904709
359.172211,103.410789,103.903702,71.973351
358.469482,103.131317,103.710144,71.988663
355.045715,100.935211,105.891693,72.345650
355.103699,101.530190,106.413361,72.413780
354.775238,100.954742,106.258667,72.856804
354.787506,100.994926,106.500374,72.814293
355.122192,101.133408,107.311470,72.596741
350.433319,99.121483,104.715775,78.030121
343.657074,92.900681,104.970963,78.431763
342.527985,89.947998,105.955421,77.133034
343.597656,95.323944,111.907501,77.527832
341.089417,108.509506,111.728539,77.512703
343.358368,112.698929,111.552155,76.580254
339.515350,117.431366,112.762283,75.694481
339.311920,117.656265,112.493446,75.922241
335.385376,119.782997,113.514320,75.463799
335.496521,119.799515,113.927361,75.471771
334.761383,120.433228,112.639214,75.404755
334.780731,120.591148,111.099060,75.406616
335.345947,120.820297,110.869240,75.652679
335.112274,119.848053,110.844086,76.564743
335.067627,119.675880,110.809532,77.163971
341.514587,112.173782,107.811615,79.342743
338.640686,114.107857,106.691727,78.587433
340.649689,113.644279,106.238251,78.402809
340.917419,114.986130,105.498238,77.568787
340.092346,115.430031,104.882988,77.973824
338.161285,114.315704,102.592285,78.814804
333.471710,114.344513,101.243019,77.313881
337.111023,114.048141,100.323174,77.143570
337.048279,114.172371,99.884979,77.375168
336.997650,114.055397,99.879158,77.372101
336.550690,110.298637,99.065826,76.842613
336.397675,110.526138,99.123924,76.812973
335.979858,110.920959,99.349396,76.527023
336.050262,110.980461,99.407509,76.995239
336.150238,110.949196,99.286858,76.934128
336.677551,110.606964,99.291023,76.943138
336.773651,110.605827,99.350868,76.905418
336.832306,110.734924,99.391060,76.856186
337.002228,111.008873,99.323463,76.922089
337.471649,109.943184,99.930305,76.377609
337.354401,110.034500,99.901779,76.502403
337.750824,109.735725,99.777618,77.270256
337.043335,108.628075,99.740326,77.591736
333.933777,109.344704,99.225586,77.917915
333.786346,109.865791,99.265762,77.677208
333.953583,109.267975,99.464409,77.579269
333.592682,109.560402,99.443169,77.803772
333.373383,110.066460,99.175674,77.968315
334.353943,110.381317,99.305824,78.003426
334.402374,110.682159,99.423828,78.375153
332.419403,111.160606,99.292641,77.674461
334.424377,108.839500,99.568665,77.206108
334.688751,107.369957,99.585464,77.265732
333.101349,107.094429,100.028030,77.317825
333.282471,107.272728,100.414474,77.421547
329.121796,109.349380,99.631371,77.096718
328.896606,109.325546,99.634850,77.787918
327.774719,108.897621,99.949890,77.214180
327.733276,108.604523,99.762199,77.602234
327.455658,108.657089,99.826645,77.939453
328.948364,107.374985,99.697845,78.031509
328.365417,107.356064,99.436676,78.601044
328.373962,107.543953,99.342918,78.975136
327.932098,107.197563,99.208473,78.914841
330.189819,106.420876,99.532845,78.037888
329.346039,105.232971,99.467361,78.602997
329.055878,105.295547,99.256721,78.830971
330.837799,104.812340,98.688835,79.226509
330.896027,104.222809,97.906677,79.267479
336.893280,106.306473,97.474480,77.985451
342.688782,109.508095,97.957878,77.254715
347.692291,113.598183,97.649841,76.585938
348.811066,115.071121,97.893089,76.371033
351.392029,116.833916,97.554901,75.759903
352.000366,117.785172,97.498802,74.818375
351.238770,120.023781,97.070534,73.555588
352.835815,121.378098,97.246414,72.912804
358.196991,124.145432,96.369911,71.774376
362.950775,125.510498,94.627022,71.322311
368.635864,124.013153,92.540520,68.949654
2
0
0
0
0
1
319.555267,138.846252,58.434464,34.522984
315.454987,137.892410,59.996113,35.581451
312.258148,135.813721,60.996452,35.849525
310.872528,134.023376,61.661472,35.616051
309.208191,133.220993,62.191364,35.430618
308.856781,133.222214,62.635746,35.116081
307.803986,133.488403,63.439396,34.429276
306.918549,133.650589,63.545708,34.236965
306.269745,134.729568,64.294815,34.061607
306.806763,135.634445,64.235603,34.238510
306.909943,135.801727,64.634483,34.398945
306.842010,136.381638,64.447983,34.462582
308.643463,137.188797,63.619904,35.038040
308.596588,138.529373,63.828403,35.320911
310.785828,140.842346,64.033997,36.177494
311.112061,141.055939,64.467461,36.568756
309.545044,139.799332,64.755760,38.196499
308.270264,140.222900,64.469841,38.464409
307.635712,140.374176,64.135719,38.599155
306.676880,140.947403,63.217022,38.675835
306.931549,140.901459,63.191307,39.010273
304.571198,140.463791,62.462982,39.715717
304.412354,140.165833,61.313370,39.874565
304.438293,140.063736,60.111362,40.065765
300.767365,141.228058,57.550625,41.306377
292.782562,140.613342,54.965889,41.547394
279.877777,143.395401,55.002609,39.906830
280.464539,140.439819,54.186302,40.385254
282.317383,138.436951,54.368565,40.571415
282.616577,135.328690,55.337765,41.115921
283.761719,133.519562,55.119385,41.595940
285.054626,131.896988,55.082573,42.288879
284.962158,130.434341,54.702415,42.345589
285.705902,129.096405,53.691460,42.529167
280.960083,128.492126,53.239719,42.409866
278.184326,127.356697,53.564812,41.932011
2
0
0
0
0
1
358.909973,116.142303,70.353867,31.254910
359.547852,115.757553,70.617851,31.406248
367.796906,111.502594,72.352020,31.245634
367.924072,110.758888,72.492813,31.381374
372.048035,109.822220,72.380013,31.381191
373.263306,109.118965,73.193314,31.776434
380.660370,107.953056,72.904274,32.171745
384.969330,108.014809,71.949982,32.756306
388.689819,106.972427,72.269264,33.018940
390.275055,105.108719,73.123642,33.356094
391.675812,104.027420,74.109344,33.780270
399.911865,102.827766,75.166534,34.474453
401.880371,100.039238,75.421371,34.443542
403.961151,98.484970,74.934319,34.493481
411.737946,96.510468,75.851143,34.502472
413.071259,94.508911,75.613930,34.434486
413.671082,94.573425,76.015411,34.525391
414.525391,95.073097,76.639488,34.958607
416.079681,95.565422,77.287399,34.718708
417.271301,95.881805,77.746681,34.854580
417.066895,96.748993,78.009094,34.153679
417.388184,96.927628,78.510818,34.463505
416.268280,96.565567,78.691315,34.584389
420.309998,98.224457,77.559998,35.297512
416.920471,98.735641,74.690689,34.956768
417.179535,99.841362,74.310310,35.021355
414.846222,100.816696,71.911736,34.913879
411.693481,102.378769,71.742996,34.556210
412.931549,103.393303,71.385063,34.887012
414.621674,103.720634,70.681160,34.736427
414.757599,103.867920,70.969826,34.976437
413.740509,106.119156,72.144394,34.987755
414.018524,106.994904,72.510712,34.920143
414.351898,108.503014,73.164543,35.352390
414.804260,108.881813,73.469513,35.297287
414.868500,110.534309,73.675735,35.802563
415.839905,113.173370,72.623268,37.484566
420.696747,116.005363,71.951416,37.309864
420.850952,117.346062,72.725342,36.481026
420.915741,117.792427,72.876305,36.735947
421.118500,118.161362,72.957153,36.851406
421.192841,119.524551,72.579056,37.715748
423.527222,122.437180,71.966179,38.224037
423.807800,123.586517,72.174820,38.319439
423.978607,123.690956,72.459526,38.481552
423.940125,123.746490,72.538033,38.519630
424.802155,124.102478,74.280663,38.657417
424.914948,124.288231,74.456894,38.979500
425.670685,124.334724,74.421898,38.957958
426.106171,124.445831,74.556183,39.143749
426.537689,124.284004,75.106430,39.474258
426.530792,123.543358,75.495697,39.747692
426.599609,123.718643,75.515633,39.962257
426.743530,123.547020,75.892952,40.152550
427.330444,123.356750,75.779800,40.708782
428.813019,121.286682,73.041672,47.284519
429.920227,124.093788,72.607903,48.410599
429.980164,124.740356,72.299675,49.682903
430.156403,125.005447,72.410408,49.919605
427.007202,125.689232,71.575584,51.206463
427.627136,127.101562,69.870514,51.631824
428.962952,128.347458,67.872765,52.993683
427.136932,130.508453,66.864815,53.436432
426.243011,130.727463,66.482140,53.514572
425.192444,132.899628,65.715469,54.204540
423.377075,134.759689,64.744713,54.207115
421.127808,137.523087,63.209251,54.060215
421.032471,139.427597,62.354469,54.441864
423.332336,142.362457,57.081619,55.313053
423.310791,142.920563,56.877083,55.747009
422.914825,145.587891,55.211967,58.977562
421.495026,145.553772,54.815205,59.344681
419.996582,146.774002,54.324661,61.134754
418.832062,144.854340,54.142662,62.544556
417.313538,142.063828,53.430561,62.750423
421.234100,142.298462,51.765820,64.196671
421.827667,143.571915,51.959690,63.677948
424.103149,153.440826,51.168148,63.171608
421.002228,154.937759,51.556046,62.925632
418.197327,156.612427,53.028954,61.726162
415.655243,157.990692,55.295940,60.322384
414.886261,158.977600,56.318169,59.619617
414.387054,160.282898,57.143406,58.732483
413.796173,162.001404,58.863338,56.121738
408.786652,160.437012,60.791367,54.509899
405.772186,162.519470,61.874550,53.014397
399.948822,162.811768,62.216217,52.269806
396.727936,160.635773,63.411335,51.578522
393.099701,160.733261,64.461845,51.357330
388.601776,159.806763,65.116280,51.646320
383.547729,159.214050,65.102852,54.434559
381.417847,159.565475,66.326546,54.766392
378.139252,158.493088,65.738838,56.964485
374.735077,158.598389,65.835449,57.126087
372.928528,158.349899,65.930153,57.484318
368.453461,157.269821,67.774345,58.406677
367.029694,157.667175,67.749092,58.655468
366.022797,157.993378,67.802048,58.936985
365.358612,157.999939,67.915779,59.271683
360.153046,161.414062,69.014297,61.717613
356.204010,162.610199,68.226730,62.671871
352.446838,165.171677,68.582832,63.197212
350.301056,168.791260,70.592888,63.456570
348.430328,170.431717,72.127533,64.673782
347.272461,170.094009,72.994255,65.486961
344.612946,169.228058,74.436462,68.117516
341.240387,169.422958,75.847153,70.722694
328.705536,174.471008,77.776268,75.197838
326.157684,180.986481,78.608543,77.648315
324.041046,185.060745,81.077629,78.520142
322.332703,185.887329,82.955956,78.644859
318.369141,187.798737,85.005608,79.983727
315.769592,189.322128,84.711426,80.653412
319.584045,184.716034,86.056931,81.221954
320.444275,187.812531,88.426277,79.795868
319.641815,189.246140,88.051804,79.983727
318.250427,188.343414,91.322021,79.893524
321.607758,187.184799,91.352730,81.520462
324.502777,189.855103,91.244423,84.071770
324.123779,191.310410,90.745872,84.455605
323.935699,191.762238,90.952316,84.239517
321.468140,191.594208,90.920303,84.151474
316.618011,191.593369,91.315125,83.388451
311.714020,190.665222,91.335007,82.921654
310.115021,189.724014,91.395065,82.811386
307.116638,189.460190,91.904343,82.455048
304.309357,189.323257,91.620216,82.313461
303.712860,188.643936,91.428635,82.603218
