1
262.653168,126.490120,114.054062,75.304092
271.003265,131.143188,110.974648,75.080498
271.228912,131.671707,110.725006,75.191109
277.583496,136.460938,108.584854,74.776535
281.164581,138.236176,107.666397,74.630066
282.828644,139.005768,107.589966,74.542427
284.625092,140.172073,107.063225,75.035294
291.100037,137.828140,106.955307,75.484787
292.795563,137.295212,106.678276,75.380226
294.699646,137.298340,106.621765,75.460678
296.330231,137.649292,106.566757,75.493080
297.151764,137.785278,106.770164,75.372902
299.064545,139.089828,106.934578,74.930733
303.371094,135.240524,105.254265,75.232361
308.555145,135.461060,104.240257,74.707130
310.658051,135.629837,103.936707,74.637550
312.772369,136.911789,104.066803,74.592392
317.452667,138.160614,103.887779,74.532104
322.844299,138.437119,102.793846,73.924683
325.692719,137.460968,102.776611,73.509727
330.939484,135.210739,104.530411,72.573685
337.420593,134.562912,104.015953,70.836990
341.560699,129.626953,104.108192,71.394173
347.026855,122.794327,103.266876,71.359825
348.746094,119.819763,102.095001,71.868736
351.090668,118.992104,101.285576,72.119133
354.106628,118.512413,97.924507,72.624115
354.324860,118.514236,97.933098,72.149467
352.603821,118.065544,101.398964,74.956528
353.312164,118.157188,100.889488,75.085182
353.213470,118.942207,100.796104,75.233948
353.422546,119.094383,100.950378,75.455956
353.566528,119.663063,101.078529,75.278412
353.800385,119.849197,101.374771,75.441643
353.192963,119.122498,101.259430,75.510399
352.446045,114.172920,101.163895,75.568001
351.096924,107.509972,100.194130,75.715073
350.447296,106.728706,100.188698,76.146851
345.777863,101.126945,99.485291,76.806198
350.169342,99.200157,98.501335,77.081345
353.055847,98.995056,98.615585,76.004105
351.947571,95.957161,99.066788,75.645828
349.913605,95.368088,99.003448,75.957962
350.852844,95.719788,98.881737,76.278015
353.360718,95.374931,98.778267,75.621025
353.454620,95.599869,98.893127,75.582870
353.598114,95.773941,98.891052,75.848381
356.391174,96.151512,98.919434,75.672775
356.678680,96.384254,98.956734,75.830574
356.798279,96.454269,98.885399,75.900757
358.879089,97.400597,98.427269,75.821869
359.455292,98.802498,96.967178,76.006180
359.639252,98.792168,96.515511,76.324417
359.332428,97.784760,97.207176,76.162712
359.419739,97.926208,97.549652,76.389137
359.248779,97.340996,97.577576,76.697815
359.512726,97.390892,98.000664,76.505920
359.740906,97.623276,98.448311,76.961380
354.360748,98.998291,96.525566,82.428467
354.706848,97.632179,96.807510,82.293137
355.859375,98.174805,96.924507,81.970192
355.537415,101.042397,98.178986,80.811844
356.772308,112.031013,99.440125,79.483681
356.710571,112.502449,99.429359,79.282852
355.700470,115.744263,99.477386,78.625511
352.086395,121.750336,98.924576,78.410309
348.686371,122.055206,98.827202,78.239769
349.010529,122.450195,98.278748,78.617599
343.830139,123.411720,96.750061,78.294388
345.201477,122.215492,94.355736,78.594574
343.952942,123.962051,93.626320,78.657799
347.413025,122.088051,93.755424,80.717682
348.762573,120.131798,92.595131,80.949577
348.935272,119.707741,90.560905,81.583725
349.306885,118.825195,89.372665,81.603409
349.698853,119.607979,87.662056,81.767555
345.286621,123.076118,84.648415,80.749092
344.075531,123.311440,83.968864,80.702065
342.036346,122.653030,82.360062,81.080856
333.757782,122.924316,80.814575,79.394081
347.242218,121.216087,80.236168,77.717346
340.287018,123.026909,78.498917,76.943512
335.700562,120.920052,78.049408,77.149879
329.904236,116.813797,77.188774,75.286018
329.949127,116.873390,77.128532,75.446304
329.679047,116.757446,77.036118,75.370087
333.138947,116.230759,76.504143,75.509766
337.768219,114.995766,76.468910,76.232742
337.759064,115.069168,76.432182,76.488823
338.093475,115.078308,76.037827,75.771744
338.357269,115.216042,76.431076,75.894516
340.028259,114.556854,75.773598,75.615242
339.876678,114.432114,75.775284,75.942665
339.891327,114.435814,75.801102,75.921783
340.016510,114.234093,75.853127,75.951462
339.823364,113.510414,75.995323,76.036522
338.414795,108.253319,75.062805,76.844299
338.375183,108.332550,75.386497,76.860764
338.506378,107.910248,75.463585,76.737541
338.442993,108.015305,75.438301,76.931473
338.515076,108.166924,75.447723,76.891220
338.722504,108.225571,75.399727,77.008568
339.510529,106.974548,75.407784,77.582176
339.735321,106.890533,75.450798,78.030754
341.587219,102.899117,75.807541,77.765617
341.802216,103.146400,75.951370,77.894951
341.931244,102.259361,75.820404,77.769005
342.709778,105.140335,75.699409,77.250343
340.490356,105.710876,75.941223,76.747948
339.985077,105.781433,76.222900,76.257263
338.730927,106.383034,76.452950,76.218452
338.741760,106.631485,76.498604,76.396873
339.236847,107.147362,76.752907,75.796989
342.718719,107.676224,77.066238,74.915863
347.812012,109.543709,77.272507,74.187592
2
0
0
0
0
1
332.512604,137.602676,28.915026,34.873802
332.937500,133.718582,29.319239,37.746124
335.625916,132.372971,29.359486,38.172215
335.378601,132.160385,29.317837,39.705441
334.689636,132.859070,29.464039,40.951920
334.325958,132.737503,29.560858,41.048779
334.268646,133.022079,30.065468,41.546062
333.648254,132.940506,30.599947,42.030106
333.781555,133.165756,30.989662,42.500618
333.066406,134.103165,31.732033,42.703819
333.464783,133.633682,32.174313,42.936024
335.244690,131.893341,32.782398,42.991306
337.217987,132.956268,33.811020,41.346317
338.409546,133.898987,34.186470,41.021175
338.141907,134.261200,35.066444,41.299767
337.875122,133.165451,35.892891,41.218723
337.626678,133.353546,37.596886,40.748840
332.483429,131.796173,40.548485,41.355549
328.493317,131.798981,43.326420,40.796844
324.212524,128.460480,45.621662,42.419739
319.261505,130.227417,47.133972,42.198139
317.554626,129.026566,50.017464,42.214802
315.766388,129.610947,51.926342,41.736019
314.350311,129.750534,53.643196,40.381626
313.551514,129.849716,54.655373,39.349102
311.439423,129.995972,56.705971,38.460434
309.659424,131.116150,57.608383,38.267941
310.587341,132.685730,58.125134,37.904030
310.631744,132.807968,58.829163,37.849438
310.843719,133.437973,59.079487,38.053005
311.880219,133.857559,59.726627,38.897999
312.043091,134.622147,60.136005,38.891930
315.035980,136.605194,60.778847,39.399368
314.642639,136.617935,61.003513,39.493111
311.742737,136.306381,62.215599,41.178589
310.562408,136.901154,62.283863,41.308540
309.162384,137.958206,62.443581,41.580967
308.073395,138.834152,61.314365,41.733021
308.041626,139.075119,61.523872,41.767376
307.296143,139.760651,61.576836,42.053551
306.646545,138.680237,60.589020,42.611961
310.547119,139.714539,58.394791,42.587528
311.462524,140.244003,55.309307,43.881886
313.449036,138.686783,53.387074,43.225613
299.244293,140.637604,61.046787,41.831543
290.391449,140.263641,59.018745,41.883419
287.736755,136.919128,57.700848,42.180786
289.346863,130.258667,56.750572,43.137600
289.969482,129.265778,54.741085,43.472031
289.766785,126.191177,53.942791,43.194153
287.397980,123.591110,52.362526,43.520828
284.877258,123.151840,51.552029,43.974503
282.480164,123.110497,51.780125,43.843353
280.575775,121.161827,51.505020,43.487869
2
0
0
0
0
1
360.333466,116.770638,70.466667,30.467505
361.345612,115.650795,70.988907,30.430984
369.841217,111.773796,71.377899,30.040619
369.901276,111.934135,71.484535,30.456598
373.077515,111.315712,71.713852,30.619476
374.306549,110.578812,72.463898,31.377499
381.341705,109.929855,72.595703,31.448702
384.554352,108.392540,73.021011,31.974831
388.371613,106.756485,72.656616,32.291943
389.233246,105.183075,73.626144,32.350933
390.879669,104.139511,74.643990,33.007431
396.148163,103.541801,75.222534,33.836678
401.215485,101.450188,74.756599,33.875023
403.768890,100.034172,74.827316,34.097805
413.143036,98.247787,75.765213,34.685680
412.342377,96.115768,76.668633,34.304535
414.411530,95.557564,76.545288,34.969677
414.645660,95.696327,77.261627,35.210487
414.942017,96.162201,77.774170,35.273411
417.322998,96.940010,78.464745,35.447323
417.131500,97.615700,78.540680,34.345768
416.962646,98.018936,79.278931,34.158394
417.016113,98.131355,79.358154,34.533340
418.408844,98.956047,78.446869,35.088387
418.355438,99.608475,75.275208,35.555931
417.469666,100.589790,74.810097,36.261730
414.699829,100.944336,73.527367,36.250721
411.597839,102.418968,73.816147,35.783665
412.062500,103.377274,73.459892,35.863796
413.862091,103.546112,72.310593,35.751274
413.942688,103.687416,72.470917,35.978889
412.380341,106.731049,74.037880,35.781651
412.543610,107.337776,74.645988,35.748539
413.237213,108.803780,75.002998,36.284904
413.567596,109.349640,75.439621,36.324562
414.162140,110.631264,75.886978,36.889778
414.628296,112.495964,75.858955,37.471687
418.171448,115.257896,75.313957,37.323891
418.354004,116.738762,75.973167,36.548996
418.194885,117.939362,76.094688,37.346024
418.937897,118.398537,76.223732,37.439133
418.925323,119.391472,76.172905,37.699703
421.278992,121.587654,75.564651,38.181797
421.605255,122.619072,75.976967,38.527534
421.611694,122.926720,75.965736,38.958847
421.566010,122.995964,76.066727,39.044758
422.780243,123.343079,77.206535,39.361439
423.358887,123.771881,77.360176,39.559254
423.512817,123.965683,77.450874,40.005680
424.175720,124.325394,77.462082,41.040493
424.682831,124.402130,77.640388,41.579304
424.791656,124.177650,77.947670,42.204842
424.821472,124.325546,77.960815,42.480183
424.436859,122.174644,77.768784,42.742249
425.179260,122.153572,77.853439,43.067173
427.158569,120.679703,76.274757,49.802910
428.199341,122.335869,75.833672,50.481777
428.135315,122.485298,75.641281,50.814884
428.368744,122.673386,75.813583,50.965450
423.347198,123.794685,75.560043,52.663166
423.153229,124.485268,75.335449,53.160919
423.013031,125.720467,74.102432,54.097595
420.972534,127.978638,73.910538,55.483955
420.970337,127.975212,73.292397,55.984467
417.840088,132.123337,73.136909,56.332237
418.112274,134.142670,72.213448,56.714092
414.088226,135.793411,70.132462,56.437759
411.528870,137.838318,70.071510,56.770611
417.791656,136.145584,62.996372,59.932556
418.069366,137.395218,61.908215,60.299759
418.889679,138.964355,59.703457,62.506901
415.602600,137.422195,59.593357,62.671997
412.547089,137.131760,59.274437,63.173367
411.746307,136.641632,59.399048,64.153732
409.273010,135.163849,58.167728,64.427010
411.633026,126.268883,57.117592,66.564598
407.138000,127.915474,58.323303,66.827835
408.357574,129.936844,57.632687,67.565331
408.907440,130.839920,57.586975,67.692604
408.096619,133.498871,58.749744,67.110855
409.583801,139.455200,58.729527,67.116997
409.126007,143.584518,61.147900,64.458847
409.673401,145.988419,61.868221,63.486679
410.407440,149.211990,62.067501,61.629013
409.524139,149.812881,62.541889,60.785599
406.193512,153.955185,63.137276,58.436142
401.398468,154.566391,64.366295,56.758701
399.757141,154.814407,64.631889,56.230324
397.668976,155.330276,65.930214,55.548885
393.275208,156.808456,67.292587,55.662518
388.527039,157.344498,68.175728,56.160236
385.620239,157.455063,70.450775,55.803455
381.082428,156.724594,70.495262,57.403545
376.887909,156.176331,71.638184,57.467472
372.983185,156.497894,73.633873,57.222260
367.970428,155.527084,75.338470,58.022137
366.581696,155.836319,74.974449,58.470219
364.379547,156.203003,74.707382,58.247017
363.915344,156.195236,74.867729,58.514191
359.617950,158.039093,75.784019,59.849247
354.763611,159.734024,74.732742,61.098621
349.249603,162.648361,74.037178,64.609039
348.270355,166.699097,74.727715,66.446800
346.565613,169.765137,75.963539,66.840721
344.909485,170.772552,75.457260,68.316795
341.353333,169.990250,78.946884,73.043312
335.068268,171.313873,80.701340,76.084480
325.231964,176.855621,84.455635,77.741310
319.987274,183.025620,85.946114,79.244591
316.535339,185.128174,88.723381,80.245644
316.446625,185.071381,88.767357,80.782097
317.332092,185.272415,89.494896,81.938866
313.879272,183.875137,89.417244,83.221893
315.678650,181.104874,91.592339,84.134468
315.092102,182.967148,93.470734,85.082802
313.162994,184.908401,93.803757,85.807640
313.831177,185.702362,94.777763,86.092346
318.071716,187.811890,95.118248,88.073975
319.744049,186.214218,96.312050,91.455292
319.875366,186.291183,96.260963,91.556808
319.700500,186.657394,96.615845,91.840042
315.876953,185.606964,97.844017,91.266632
308.453491,183.650543,99.016106,90.386375
305.261414,182.740860,100.285423,88.986076
303.561493,182.521759,100.160278,89.073067
300.377472,182.462021,101.075623,89.507385
298.743225,182.071411,100.783325,90.050682
298.062012,181.110641,100.403786,90.936081
