1
262.200165,141.005219,105.559814,85.581490
263.271240,144.262085,104.794449,86.360718
263.879944,146.611557,103.772293,86.806664
264.590546,149.616943,101.143188,87.424606
265.869843,152.190323,99.170029,87.302818
266.110199,152.297928,99.502441,87.474739
266.492676,152.590454,99.592636,87.327881
271.887939,153.812561,100.346100,86.300880
275.104370,153.180893,100.754547,85.734253
275.620667,153.409424,100.562904,85.329155
276.833710,154.052933,100.087990,85.564064
276.824493,154.805008,100.222160,85.732117
276.833344,160.455017,99.519531,82.779297
274.267548,165.460785,98.262878,81.866142
270.022736,169.366135,96.986946,80.322937
269.180908,171.039383,97.197128,79.430511
269.462219,172.324493,97.389244,78.088333
270.401154,173.254318,96.751747,77.873055
268.485321,174.239975,94.586876,77.640457
267.852661,176.025772,94.052010,77.914345
269.476227,177.738541,93.134178,79.065445
269.639771,178.315765,93.354973,79.432144
269.599487,178.125259,93.031998,79.957573
270.729034,177.845886,93.626862,79.853485
271.868835,180.389740,93.621223,79.194374
269.320190,182.293915,93.709373,78.543839
267.183289,182.518631,93.373878,79.006203
267.048401,182.510254,93.400055,79.514900
265.611206,181.982788,92.952919,80.686958
262.572998,180.863846,92.132881,81.685951
261.510803,178.560425,91.689163,82.336990
259.263336,172.059479,91.012619,83.099571
2
0
0
0
0
1
357.593079,138.332916,117.932465,104.427353
356.689606,142.744675,117.957550,101.272942
355.692169,147.303360,118.628624,99.075363
355.877228,148.510834,118.892418,99.728485
354.747162,149.543182,118.025322,99.361092
356.659973,154.692184,115.190735,99.279175
356.978516,159.108704,115.711395,97.364365
357.177216,159.917969,115.495316,97.422340
357.477753,160.908203,114.440468,97.124596
357.516754,161.683395,114.102554,96.658676
357.959930,163.268173,113.153557,93.243080
359.639893,164.273697,112.589684,92.611771
371.202057,166.191483,110.844566,90.599449
372.690582,166.787018,109.493935,90.060562
374.733032,168.800156,107.503357,89.235031
373.189636,166.470108,106.151352,89.518967
375.951996,164.714447,105.023148,89.921234
375.629700,162.534363,101.322136,90.390007
371.660950,160.167099,101.014359,88.558105
372.220825,159.886566,100.947296,88.211548
369.650665,159.693542,99.826637,88.942276
365.801880,159.072525,99.437569,88.136574
366.454987,156.810760,98.756828,87.283730
361.673126,153.026352,98.951790,86.283669
355.694611,150.410156,97.772560,85.438271
353.670532,148.022079,97.287361,82.080482
347.783783,142.626633,97.825821,79.296272
344.626953,139.674484,98.328545,77.948685
340.971466,139.894287,98.812729,77.058830
339.328125,137.882217,99.226639,76.896294
337.573425,136.521362,99.242584,76.697784
335.614960,131.979340,98.417267,76.002205
329.043060,132.713089,99.182396,75.496010
333.853241,127.800392,99.876884,77.415665
336.662628,125.728905,99.504089,78.314659
337.691559,123.026337,98.111351,79.062576
337.157074,123.340149,96.651550,78.899841
338.773621,122.610672,95.941429,78.677475
339.319275,123.304924,93.132515,78.485542
339.982513,123.737793,91.980858,78.331108
340.823761,122.545731,90.779739,78.599030
335.954010,122.177826,88.459602,78.049995
336.135162,122.384064,87.687180,78.291763
342.790161,121.332886,85.035271,78.443520
343.227448,120.603691,85.259407,78.164368
337.072632,118.069534,84.581276,74.865227
337.231262,118.185524,84.792427,74.957359
336.582336,118.414169,84.790421,74.369263
336.623840,118.248665,84.849854,74.430099
336.750885,118.293602,84.613914,74.426109
336.108093,118.144783,84.577591,74.499969
335.960052,117.507828,84.617226,74.161911
336.364655,117.518333,84.464256,74.358932
339.349762,118.623940,83.798279,74.607262
339.933685,117.809929,83.438004,74.684090
339.955475,117.960541,83.150185,74.931816
339.495728,117.534271,83.279991,74.927116
339.709381,117.085938,83.368607,75.035751
334.538177,112.289909,82.308769,76.440002
333.400574,107.870514,81.831917,75.647339
333.584442,107.839935,81.908730,75.877075
333.558960,107.833878,81.935699,75.923111
333.712097,107.886017,81.930283,75.959930
334.432831,107.463455,81.883934,76.090874
334.626465,107.851051,82.037598,76.216354
335.189514,107.900551,82.643631,76.331482
341.684723,103.041306,83.328712,76.007179
338.069733,104.059395,83.309135,74.558189
336.708496,104.374908,83.623138,74.535133
336.247772,107.271370,83.770271,74.499062
332.814514,110.757950,83.782562,73.731094
331.938995,110.828621,83.831573,74.153557
330.860870,111.691444,84.152115,73.893829
330.483490,112.246483,84.711441,73.534462
330.480621,112.670319,85.021454,73.798553
331.839752,112.420204,85.560036,73.849129
333.171234,111.844589,86.070816,74.267067
333.509064,111.483871,86.983604,73.382378
336.914368,112.678619,87.324203,73.489136
342.769592,111.823067,88.274658,72.419182
346.949463,110.378525,87.781822,72.212723
349.621063,113.609924,87.897087,72.103134
2
0
0
0
0
1
331.533875,136.227295,36.540852,33.907150
331.648163,135.895554,36.975254,34.264057
330.461609,134.534531,37.360123,35.809444
330.602936,134.667923,37.430439,36.032688
330.701477,134.914825,37.479084,36.498222
330.780304,134.779694,37.505947,36.527538
331.972443,133.860107,37.911690,37.202671
332.592255,134.155884,37.821442,37.380344
334.276703,136.325150,38.099007,37.437283
335.091614,136.403000,38.508404,37.701778
335.862335,135.720932,38.809906,38.268818
334.709595,135.149826,39.510826,38.661106
330.970551,132.987518,42.369835,39.279125
327.957886,133.463715,43.810551,39.325607
322.816101,131.359772,46.476875,40.506077
318.864410,130.339249,48.784378,41.296589
315.762604,129.322815,51.353580,40.990334
315.923309,130.234085,51.548954,41.326534
312.350677,129.645340,53.647053,39.670101
312.302094,129.285141,54.937092,39.467499
312.430511,129.815628,56.001743,38.579170
309.199707,131.708389,57.257931,38.871647
310.813995,132.926132,57.337921,38.718987
310.872925,133.222321,57.653015,38.871906
312.135559,133.321655,58.604305,39.406586
312.666260,133.767624,59.314354,39.717361
312.705627,134.687363,59.628254,39.955593
314.627106,137.221130,60.489738,40.477516
314.198944,137.244156,60.554142,40.423271
311.225464,135.907410,61.877094,41.536240
310.507843,137.272217,61.221889,41.874832
309.821320,138.713394,61.372082,42.079166
308.969269,140.778122,59.836246,41.786938
308.254852,140.198669,59.529636,41.927044
306.245117,140.379349,60.243870,41.827702
307.338745,140.350632,59.002651,42.042240
310.961823,141.427322,57.259872,42.785103
309.953125,143.695053,54.599319,43.725479
310.304993,145.642593,53.005539,42.392292
299.127411,150.903015,52.740368,41.921299
296.944336,150.746674,52.050625,41.864887
298.711975,148.120743,52.356853,41.466530
293.035858,144.152588,51.763378,41.842403
290.898712,140.071869,50.828491,42.005428
302.624878,134.464706,49.753082,43.531250
302.939087,132.263596,48.551552,44.350452
299.384583,132.012787,47.838806,44.594746
292.677155,130.543579,46.845287,44.712219
289.993561,129.344681,46.681789,44.817520
289.156982,129.195938,46.551929,44.446362
2
0
0
0
0
1
357.797638,115.723923,75.288963,32.944805
365.072296,111.631615,76.435211,32.930725
365.361969,110.930344,76.684235,32.955471
367.108368,110.325607,76.729851,32.929230
370.214355,108.999504,78.030479,33.454231
377.808044,107.514778,77.493843,33.459126
382.721802,108.134056,76.156738,33.745007
385.960022,106.721504,75.773972,33.996902
387.167114,105.307686,76.422989,34.058022
389.565887,105.575661,76.990326,35.545231
395.961700,104.018013,76.611671,36.343185
400.906921,101.244461,75.524940,36.426071
403.680603,97.569862,74.996208,36.552963
411.678711,96.049866,75.349701,37.113552
411.253418,95.528030,75.569946,36.532494
414.655518,95.878441,75.176277,37.392673
415.047577,95.682541,75.493324,37.467361
415.377533,96.093964,75.881889,37.417179
416.736053,96.483803,76.087425,37.600594
417.495697,97.756172,76.531967,36.496609
417.541504,97.879135,77.276482,36.094090
417.651184,98.084236,77.423447,36.479511
419.834747,98.527878,76.917496,36.448063
417.401520,99.020676,73.986320,36.376789
416.980896,100.793724,73.122887,36.253540
414.725342,101.381302,72.022179,36.437859
411.827759,102.620323,72.485771,36.297836
412.079102,103.023170,72.320084,36.378422
414.082672,103.271904,71.427101,36.266296
414.074463,103.403778,71.465042,36.473881
413.926178,105.649529,72.560364,36.208241
414.161713,106.405502,73.015121,36.298393
414.806915,107.378342,73.544868,36.702435
415.881104,108.876892,73.539001,37.038860
416.216370,109.864540,74.371590,37.578041
417.685394,113.539139,73.693787,38.888580
418.909363,114.076317,73.936462,38.735962
419.400208,115.979958,74.931740,37.541473
419.029663,118.058617,75.348404,38.303822
419.290131,118.825974,75.293434,38.332146
420.057373,119.263657,74.863815,39.448254
421.926880,121.391777,74.536346,39.948544
422.280090,122.183609,75.052132,39.933945
422.507904,122.242302,75.461693,39.967278
422.224243,122.652222,76.282532,39.966454
423.379883,122.680161,76.988426,39.792725
423.972137,122.924515,76.831436,40.040421
424.061890,123.156609,76.968018,40.477718
425.559937,123.320541,77.258949,40.782440
426.080688,123.233185,77.660217,40.961979
426.204834,123.203728,77.956062,41.016003
426.225677,123.444397,77.961151,41.481754
425.505646,122.254158,77.630249,41.742271
426.100098,121.683884,77.608269,42.197918
427.908508,120.857643,76.652237,47.310154
429.485291,122.753098,75.911140,48.393097
430.398621,124.546677,74.172081,50.396709
430.540802,124.607971,74.441002,50.469620
429.033691,124.701820,73.182793,52.995823
429.458130,125.941147,71.465431,53.347015
429.646820,126.778610,69.923729,54.024265
426.998291,129.208466,69.098160,54.681301
425.473267,129.025894,68.806602,55.308918
423.129242,131.008240,68.330963,55.570450
426.139191,133.449738,66.042603,55.751934
422.895752,135.027573,64.704674,56.139130
422.299622,139.867065,63.281963,56.099670
423.909210,142.457718,59.061478,57.124146
424.845978,142.951019,58.033550,57.719913
427.632141,146.451370,55.263912,61.486076
423.894135,144.470581,54.926369,61.764957
419.919373,143.286102,54.451477,62.136814
418.982635,142.001236,54.113506,63.265327
419.082611,140.893524,53.003998,63.711227
420.181061,141.316025,51.335052,65.252556
419.001068,141.697296,51.735954,64.196838
420.762787,150.264725,50.719803,63.577351
419.739349,151.792023,51.432575,63.123882
416.887848,153.153473,52.760609,62.356853
414.501556,155.528015,54.408234,60.513767
414.167297,158.154282,56.519680,59.388645
413.857391,159.467590,57.297668,58.076324
413.830505,160.504379,58.153603,56.390358
409.239380,159.741730,60.129955,53.920410
405.509064,161.037888,60.803150,51.599117
401.788330,161.556824,61.322697,50.904583
398.496887,160.873428,61.838295,50.129372
394.330597,159.218460,62.659641,50.413418
389.054657,158.829559,64.089386,50.325245
384.772247,158.316360,63.970947,50.993153
380.941071,157.324539,66.603889,51.030460
378.267578,155.118301,66.944237,52.873550
376.126190,155.176819,67.279945,52.693398
374.381683,155.442551,67.938660,52.589542
370.610565,153.948639,68.836990,54.028339
369.139435,154.210007,69.079010,54.260223
366.847778,154.978531,69.310539,54.023979
366.139954,155.643158,69.244370,54.673161
363.319916,157.141464,70.815834,55.052372
360.341980,158.047394,70.539314,55.468849
355.047211,159.042130,70.243301,55.427460
350.859192,161.270538,70.157440,56.385555
349.339508,163.907333,69.816254,58.816360
346.714142,165.759201,70.043030,59.568726
342.852936,163.942017,71.083565,59.812412
340.605042,165.824844,71.861580,62.148544
335.131683,167.613678,72.737885,63.611057
329.309418,169.632339,73.823174,65.875099
322.733856,169.784485,74.572807,67.449478
321.176453,170.338135,74.019020,67.571419
320.886108,168.466171,73.141434,67.717018
319.673126,166.767288,73.948532,66.286407
318.510437,166.331970,74.389702,65.715561
316.628815,165.744827,74.638344,65.465462
312.989227,165.637497,75.529015,64.994774
312.231567,165.616486,76.178169,64.699707
309.588928,165.633682,76.249420,64.002556
2
0
0
0
0
1
336.953186,195.419098,95.418518,78.645363
332.194061,193.822266,95.263947,78.025505
327.400177,192.879120,95.047615,76.239922
319.481781,188.696793,93.786415,75.513451
