1
277.688965,127.812592,110.335938,76.840546
279.070679,129.190979,109.530220,76.925674
279.617188,129.356995,109.815918,76.784737
282.925415,131.118729,108.746338,76.261642
287.030823,131.333603,107.807838,75.724869
287.777985,131.387848,107.403511,75.973778
290.529144,131.867676,107.029106,75.367722
292.716492,131.499680,107.044212,75.137016
294.882202,132.278168,106.852470,75.253998
296.837219,132.112610,106.190361,75.190315
297.603973,133.391724,106.344643,75.068840
299.444977,134.546585,105.474785,75.336212
304.643890,137.423065,104.046379,74.356941
311.369965,135.010864,101.668404,74.312187
314.031097,134.017029,100.489250,74.121849
316.096771,133.835983,99.664757,74.090233
316.205750,134.403000,100.055283,74.227898
323.342102,137.655731,100.205124,73.348335
325.225830,137.431229,99.776588,72.711121
328.974365,136.359360,100.192322,73.305145
334.888000,137.042160,101.088524,71.524895
335.140686,135.913635,101.727654,70.177261
342.764679,130.833359,101.787567,70.700249
348.568848,123.945282,101.068909,70.710114
349.895905,121.533272,100.519249,71.465050
352.697174,121.346390,99.922020,71.281639
356.470764,119.215012,96.061104,72.257774
356.702515,119.002167,96.406517,72.128838
356.398987,118.744400,97.360008,73.379066
356.685974,118.902687,97.606613,73.671143
356.873932,119.070396,97.915459,73.982903
358.805817,120.519165,97.630524,73.620300
359.080322,122.215164,97.921486,73.685585
359.088013,122.408623,97.889244,73.952209
356.314117,117.930496,97.413979,73.538910
355.803986,111.079109,97.007858,73.194962
356.406189,106.535370,97.808441,72.305634
356.422211,106.323830,97.705978,72.659004
353.707153,102.350082,97.066200,73.303619
355.451111,99.807884,96.550056,72.338921
355.273590,98.231552,95.454544,72.300636
354.525848,97.519188,95.216682,72.484383
352.394104,96.836899,95.156487,72.203728
352.466095,96.941010,95.150490,72.339890
352.913757,96.637352,95.230278,72.402245
353.562622,96.443787,95.249481,72.525894
353.698090,96.540596,95.386070,72.945297
355.064545,96.593422,95.165352,73.074867
355.397400,96.775421,95.387978,73.285805
356.869446,96.905876,94.927582,73.209305
359.879883,99.123543,93.770592,73.154221
360.671112,99.369759,92.937012,73.491745
360.732361,99.360878,92.927605,73.471619
360.828369,99.197273,93.100212,73.242561
360.912384,99.297653,93.591721,73.356613
362.097748,99.847099,93.117638,74.118301
362.271484,100.042465,93.472900,74.391502
362.073700,99.980629,93.461243,74.257156
357.586548,101.712074,91.285706,76.858513
354.837524,100.500923,91.249634,76.455711
355.722015,100.264923,91.382805,76.073578
355.384521,101.179703,92.319954,75.552948
363.537384,107.471672,93.002327,75.211815
366.571075,111.903084,93.270889,74.357269
365.604980,111.604340,93.314392,74.558693
365.018097,115.047592,92.609962,74.577705
364.681061,115.066788,92.211021,75.352715
363.405487,118.089729,89.106400,75.908714
360.017212,120.482323,88.580345,75.060532
362.145081,120.562660,86.359978,75.755821
356.484314,125.323700,83.584610,75.778809
357.745300,124.489838,83.645020,76.658577
363.611877,122.524643,82.023361,76.773026
364.482880,119.610855,81.709869,77.420586
362.936432,120.153175,81.139648,76.775650
357.415558,119.580406,80.771889,76.249107
351.699524,117.861557,79.187950,75.260208
346.096741,120.040047,78.323486,75.178986
347.758209,118.454399,77.926552,75.869156
337.867920,117.056816,75.470184,75.168427
343.768799,117.096001,73.418571,75.752724
343.373383,117.391174,73.214531,75.866898
340.279449,117.313812,72.390511,75.732132
336.248718,116.003059,71.600494,74.989525
333.340057,117.141769,70.108040,74.658531
332.250397,117.184219,69.968422,74.824928
333.042023,116.852173,69.476189,74.994591
333.303131,116.557541,69.306778,74.970741
333.749878,116.195145,69.297325,75.119087
333.776093,116.180359,69.381233,75.416733
335.868439,115.867851,69.111687,75.562340
336.966492,116.036819,69.302589,75.754013
340.175598,114.588066,68.909462,75.407127
340.312561,114.358467,68.861565,75.453300
342.501129,113.641014,68.283089,75.848663
341.879883,112.421829,68.362762,76.272461
339.793610,108.972191,67.998314,76.113007
339.720673,109.113754,67.923790,76.437195
339.751953,108.987244,67.866638,76.543724
340.028687,108.840431,67.741585,77.054863
340.178833,109.041985,67.957779,77.454857
339.981384,109.125496,67.888863,77.476807
339.972046,108.463783,67.961006,77.461815
339.701172,109.911942,68.328995,77.110893
341.583008,107.934113,69.111519,76.558189
341.924835,108.246902,69.481621,76.825523
342.058563,106.757538,69.481262,76.948860
342.444153,107.087463,69.264999,77.255051
341.156921,107.827713,69.307236,77.149460
341.200836,107.879250,69.397751,77.587967
340.551941,108.218529,69.370186,77.862579
340.974152,108.234184,69.470856,77.992523
342.977264,109.231857,69.190872,78.232132
343.173584,110.945511,69.686279,77.641487
343.429504,111.081902,69.980591,77.785950
343.411041,111.344139,70.056793,77.783424
346.039001,111.953903,71.605476,76.247826
2
0
0
0
0
1
332.379547,130.704926,36.978428,38.146667
331.690277,130.700714,36.757481,39.257660
331.609314,130.575500,36.974415,40.167747
331.096954,130.655212,37.032310,40.488998
330.412598,131.389603,37.585011,40.355881
330.580994,131.397995,37.987572,40.504948
330.594391,131.627380,37.983070,40.983624
330.618774,131.679611,37.970654,40.979015
330.787109,131.899170,38.062252,41.034012
333.441406,131.286407,38.612812,41.584728
333.772614,132.079803,38.982201,41.811066
334.321228,133.241180,39.079243,41.660110
334.524994,134.000519,39.553162,42.236904
334.800842,133.865097,40.013626,42.514309
333.939392,133.535492,41.114681,43.355320
330.199707,130.894485,43.594654,44.085220
326.156342,132.284363,46.433384,43.563072
320.120209,130.374573,48.651955,44.103893
315.188080,129.139435,51.919071,44.606808
316.363647,128.362442,53.130596,44.538933
315.043488,127.393837,53.875458,43.940815
314.130035,128.056732,54.380867,42.688892
313.734406,128.213211,54.932480,41.817322
311.345490,128.651810,56.503677,40.655796
309.277649,130.068420,57.030624,40.762428
311.477814,131.360016,57.423004,40.587818
311.210846,131.678238,58.074593,40.745903
311.117889,132.802322,58.403561,41.147041
313.644623,132.993347,58.993931,42.267639
313.781372,134.458969,58.627125,42.451138
314.252625,135.264725,59.625324,43.810127
314.041260,135.405716,60.043396,43.966595
311.318481,134.708359,62.328438,45.075539
309.081726,135.281448,62.280769,45.044044
308.326233,137.381073,62.078293,45.715782
306.441956,137.871155,61.371284,45.393887
306.455994,137.873077,61.466461,45.455231
305.462982,137.559738,61.423077,45.396244
305.398315,137.633942,61.141933,45.248348
306.556274,138.471985,60.037666,45.396339
307.463409,139.905777,56.036198,46.723133
312.490051,140.175552,52.925095,46.031963
312.421295,143.499008,57.380009,42.920067
311.302856,146.140656,55.736004,41.741833
314.875397,147.555649,55.440601,39.922142
321.867462,147.563766,54.772526,39.435043
323.759399,151.473129,54.414780,38.378170
329.858032,151.604889,55.300636,39.830273
323.692200,152.055298,57.241581,40.611809
314.719177,155.272903,56.139538,40.381710
2
0
0
0
0
1
356.841370,117.316948,69.211342,27.376623
362.794067,116.021431,67.806206,27.456928
364.836945,116.035652,68.456490,27.314350
364.761475,115.482849,68.785393,27.435524
371.036804,113.687355,70.269844,27.193233
371.029694,113.407104,70.550873,27.416792
375.406006,112.664734,70.941338,27.604193
377.487579,111.568474,71.054596,28.388977
385.821289,109.545471,71.511368,28.660585
388.590302,108.581100,72.403046,29.660360
388.946167,107.283310,73.020508,29.768993
389.050110,106.082802,73.702141,30.214167
389.714966,105.956055,74.454697,30.963326
393.216492,104.132683,75.254608,31.967728
397.635376,102.039352,76.063599,32.106087
400.228607,100.777016,75.800255,32.643620
405.477356,100.264244,77.358612,33.283844
406.654053,97.296494,78.019875,33.283634
407.769287,97.160179,78.493774,33.731876
411.180328,97.333031,77.888901,35.454166
411.446594,97.399673,78.057053,35.470364
414.395935,97.390694,78.546631,35.920208
414.501068,98.006584,78.928406,35.221642
414.420288,98.414734,79.183121,35.235367
414.739014,98.601540,79.359360,35.417858
417.423523,100.053551,78.520454,35.645256
416.311218,101.610397,74.848244,35.858337
415.443451,102.708908,74.319794,35.648499
414.069885,103.816032,73.310600,35.466068
410.770508,104.460953,73.557152,35.342533
411.594482,104.926712,73.688065,35.481068
413.533508,105.002480,73.240952,35.128220
414.089844,105.452934,73.066727,35.622337
412.317749,107.331772,75.526733,35.315990
412.436798,107.901619,76.098030,35.374527
412.480103,108.779427,76.534279,35.606590
412.804382,109.566078,76.812965,35.861755
412.702911,110.271996,77.436844,36.188538
413.728455,112.751991,76.320389,37.420612
416.037567,114.121780,76.155365,37.524078
416.606598,115.437851,76.889336,37.218121
416.513367,118.103600,77.098480,38.016960
416.933746,118.342041,77.407951,38.510754
418.259094,120.097473,76.733986,39.897556
418.798889,120.103172,76.731544,40.109539
419.934448,122.247078,76.756966,40.732666
420.153351,122.646164,76.900978,40.913830
420.217285,122.803406,77.029305,40.997223
421.161133,122.801193,78.083740,40.767433
421.525085,123.003746,78.421982,40.980221
422.101410,122.972885,78.636307,40.905163
422.738586,123.055763,79.131584,41.064507
422.979736,123.263939,79.522812,41.461113
423.171570,123.051155,79.973862,41.662407
423.183167,123.221558,79.959793,41.980927
423.209381,122.715866,79.672333,42.313877
423.591492,122.760582,79.892227,42.534554
425.096924,119.638863,77.332794,50.347969
429.130035,123.330742,75.435371,51.933357
429.104462,123.965248,74.917793,52.381855
429.166809,124.190514,74.839874,52.419098
426.006226,124.010307,74.444824,53.117195
426.552490,126.508469,72.367348,53.485462
427.960846,128.046356,70.989616,54.110340
426.748993,129.570969,70.377121,54.621632
425.452423,129.435883,69.982536,55.112530
422.027069,132.198486,69.357086,55.703312
422.780945,135.180420,66.967995,55.489841
418.327087,137.203598,64.764481,55.121037
416.902771,140.556580,64.528137,55.274666
420.225281,142.093246,59.250172,57.454754
422.294434,143.024918,57.793968,57.732090
422.567413,144.665192,55.883709,61.535267
421.784180,144.443756,55.459686,62.501530
419.171234,143.698380,55.084694,63.344269
418.881714,141.521393,55.055332,64.331718
418.177277,141.899612,54.606346,64.579956
421.370453,143.726913,53.614552,66.903732
421.905823,148.274094,53.236259,65.779182
423.466644,157.363968,52.498196,64.818802
420.945374,160.083481,52.184479,64.255486
418.388397,161.088882,53.271202,63.723499
414.168427,162.101028,55.539860,60.747314
413.387665,162.842133,56.990170,59.745773
411.631500,164.297714,58.490982,57.699608
411.081970,165.022003,58.586945,55.922832
405.847137,165.895203,62.004032,53.849613
400.063995,166.503464,64.154694,52.403862
394.292847,165.883270,65.297050,51.387489
390.105133,165.658035,65.873962,50.391930
387.429962,165.851639,66.119270,50.438591
383.084534,165.785324,66.724884,51.627262
379.151886,165.516876,66.384155,54.358852
378.435211,165.501236,66.691002,54.696888
376.225830,164.344986,65.886307,56.241055
373.343079,164.123779,65.868515,56.813591
371.969849,164.087982,66.597450,56.942318
368.586395,163.569489,66.803970,57.590885
368.046478,163.839828,66.549263,58.086906
366.367828,163.785233,66.870026,58.958687
365.026733,163.964783,66.819771,60.764046
361.027405,165.203903,67.194962,61.661903
355.846100,166.932037,66.872025,63.109596
350.629242,169.510849,67.645607,62.659767
348.100494,170.015686,69.263870,63.503670
346.559692,169.822540,70.431671,63.850407
345.352570,170.511826,70.538857,64.355835
342.871399,168.992111,72.404213,67.274307
338.601379,168.506165,73.570351,70.335266
330.208038,173.223923,78.510658,71.895294
326.499908,179.247391,79.286652,73.679482
322.280121,183.083908,81.542015,75.108360
321.073547,184.576843,82.303841,75.399467
321.192474,190.688187,83.374321,74.919121
317.536255,191.205093,82.414207,75.207352
319.926666,190.274124,83.365158,75.494843
319.702026,191.257385,83.989822,75.469658
318.687256,192.065140,84.192368,75.020866
317.698120,192.398834,84.708298,75.585724
314.986633,191.839493,84.887207,75.868454
312.503754,191.135574,86.220673,77.399529
312.512604,193.361450,86.667519,77.805969
312.584747,193.813263,87.054451,77.672005
312.146729,194.667953,87.463303,77.979874
311.296051,195.137680,87.309258,77.818474
308.885590,195.434845,87.400200,77.393837
308.474243,195.794067,87.345062,77.309952
307.187775,195.829391,87.525490,77.386505
305.157806,194.867813,88.110390,76.890358
305.000824,193.494751,87.964989,76.703720
