1
262.315979,133.273056,119.645508,78.099739
265.945709,135.508850,117.437775,78.505852
270.753967,142.804260,115.827103,79.001694
271.043182,145.158173,115.222481,79.898193
271.689453,145.025818,115.498726,80.123863
276.869751,144.561157,115.690758,80.730263
278.700073,143.517731,116.009705,81.603081
282.527466,143.660812,116.454712,82.085762
286.555847,142.333313,115.870544,82.038979
288.267578,142.121445,115.525421,82.447975
290.458527,141.977783,115.520294,82.511261
292.266327,142.725037,115.435493,83.114403
297.445862,144.436676,114.731094,82.911003
305.210602,144.036499,112.457054,82.992706
308.722595,140.188751,111.813698,83.347931
310.038544,139.959824,111.063576,83.657234
310.534088,140.208206,111.857056,83.690964
312.227173,140.753922,111.854904,83.749367
315.840607,139.596771,110.781944,83.369667
317.646790,139.663925,110.713165,82.992340
324.306824,136.743317,110.588181,81.812828
327.055786,134.506516,111.043373,80.317894
334.146942,129.933990,110.574615,79.949890
341.513245,121.029518,109.227196,80.299042
342.698334,118.975594,108.780243,80.115295
344.751129,116.966087,107.406097,79.818726
347.853119,114.264793,103.464752,80.238846
349.748627,112.314934,102.564484,79.837952
348.365784,115.362617,108.472305,78.517906
348.622681,115.392433,108.241989,79.119843
349.451965,116.545296,107.438278,79.499275
349.770172,116.702805,107.497711,79.247482
349.816376,116.985497,107.475250,79.409554
349.887390,118.286850,107.405045,79.073669
349.565948,118.458481,107.405922,79.455956
349.590820,118.479774,107.449654,79.459808
348.166229,111.016754,106.182785,79.246880
346.566681,102.765015,105.175407,78.966316
347.062866,102.601814,105.340271,78.982674
349.213959,96.581558,103.722214,76.631371
356.535675,98.253479,104.368187,74.975410
357.580780,97.731537,104.916435,74.543999
357.592072,97.891647,104.941330,74.970528
357.916687,98.148605,104.892403,74.883240
358.885254,97.524002,105.021812,73.346474
361.226746,98.070183,105.567619,73.493034
361.331268,98.226021,105.939842,73.489891
362.187378,98.371567,106.370186,73.241470
362.256500,98.482414,106.425529,73.424950
362.658051,98.516594,106.290977,73.457840
362.863678,98.793671,106.320175,73.413284
360.956299,99.166969,105.281616,73.345703
361.030975,99.229073,105.422714,73.476013
359.986877,98.528046,105.524261,73.243896
357.798889,98.747917,108.401161,72.804390
357.538300,99.063896,108.118660,73.244286
357.602814,96.222794,108.744553,72.133118
356.203094,94.446838,108.917068,72.420456
351.139893,94.835121,107.570435,74.692719
346.202728,90.083755,107.935226,75.024490
345.580963,86.808960,108.074455,75.000824
341.835327,87.661972,112.652931,72.442810
321.352081,85.479683,112.717247,74.828705
2
0
0
0
0
1
364.565430,146.906845,65.412216,51.404011
358.231232,150.715363,63.975029,50.965530
358.648621,149.052719,63.700386,51.484272
359.426483,149.087112,63.556408,51.548027
357.690704,146.489838,62.690193,53.453720
355.255646,146.050537,62.507866,53.338337
352.088654,143.143158,60.626476,54.122288
344.913086,142.973495,59.776402,53.781178
344.549042,140.847870,59.341053,54.561230
340.937988,138.619598,57.265514,56.420692
336.195282,138.601166,55.328091,55.971512
336.718781,136.850128,53.769733,55.730755
336.527832,136.148697,52.700085,55.734161
335.940308,133.851532,52.491631,56.231758
333.040588,128.322464,53.322617,55.254005
332.379120,128.636887,53.275917,55.363949
331.351318,128.707886,53.306198,55.064251
330.052917,128.412857,52.407444,55.295467
328.996216,125.690613,50.750572,54.681252
328.609619,124.978874,50.606358,54.695293
330.528687,122.209946,49.894108,55.259491
330.433746,121.522415,49.410633,55.712990
328.558044,120.833839,48.917286,55.907635
328.740814,119.693886,48.245064,56.545036
329.202606,117.469872,47.711555,57.350220
331.622742,118.321861,47.028217,57.744617
331.973572,118.700035,47.072826,58.344074
333.769196,118.354866,47.198078,58.872280
334.046600,118.668083,47.124428,58.987736
335.385162,118.952370,45.767357,59.645702
337.059174,119.129646,44.057755,61.505104
337.113495,117.989479,42.533295,62.805092
337.505615,118.403885,42.813065,62.958656
337.332703,118.273872,42.918346,62.857140
336.459686,117.993240,42.797264,63.096149
336.297485,118.009079,42.832638,63.351585
336.001770,118.441147,42.697060,63.271374
335.379852,118.339577,42.772182,63.492298
334.996704,118.130959,42.992146,63.304134
334.775482,118.360306,42.665737,63.597576
334.410980,118.412582,42.740971,63.861649
332.614349,118.961655,42.560390,63.569344
332.472137,119.254341,42.770966,64.041580
332.735626,120.192314,42.914246,64.064430
331.965179,120.067604,42.574715,64.397362
332.056641,119.550453,42.774445,64.263268
332.442017,119.422531,42.925915,64.357674
332.614166,118.849075,42.897446,64.253662
332.522156,117.150719,42.927452,64.359825
332.458771,117.267998,42.955296,64.330322
332.438141,117.409157,42.724808,64.545708
332.431213,116.885239,42.818447,65.154404
330.513977,118.088142,42.797218,64.804581
330.130859,116.837975,42.718056,64.693504
330.526367,118.291611,42.637009,64.823982
328.957214,119.766838,42.682430,64.846886
328.773407,122.348373,42.613689,64.737495
327.207031,122.479507,42.859329,64.720535
326.191101,123.405800,42.815456,64.752991
326.205750,123.522400,42.980106,64.902206
326.212372,123.711082,42.963192,64.934044
326.050720,123.405869,43.069508,64.693230
328.345734,121.069191,44.290283,63.524845
329.815399,119.534790,44.487030,63.126167
331.801544,121.537132,44.661041,62.421967
332.946899,120.437927,45.598450,62.185535
333.263977,121.618706,45.780159,61.706482
333.092224,121.391029,45.779423,61.546906
332.678436,123.877945,45.821938,61.205135
329.614502,120.912315,46.232841,60.680595
327.345734,118.292130,47.428082,59.983467
325.438293,121.015121,50.267952,57.385612
317.161743,124.152267,55.215389,55.734695
312.369324,120.273041,58.140347,57.109280
311.353851,119.808723,58.920483,56.107067
311.643463,120.092323,58.808590,55.052853
311.496643,119.987480,59.878357,54.514328
309.122223,119.041000,61.992725,53.536213
304.439514,120.909592,63.122189,53.213154
305.445374,121.534210,63.381557,53.122974
305.461731,121.485413,63.472534,53.276222
305.202148,121.278839,63.492237,53.287045
305.292389,120.957237,63.272198,53.361458
305.822662,122.903397,63.219570,52.937233
306.840088,127.407127,63.627972,53.031338
306.668701,128.041870,64.382072,53.166172
305.770325,128.139526,65.508217,53.324955
303.345825,128.188431,66.097046,52.868267
301.537354,128.002975,66.508705,52.788044
299.159576,128.403152,65.906242,52.578842
297.972351,128.369736,66.188385,52.449806
296.016357,126.793411,66.070763,52.532539
296.429169,126.873955,64.274788,52.617241
297.205261,126.173271,62.326153,53.143509
293.138763,126.067764,59.941616,54.325752
287.856598,122.237274,58.789330,53.980907
277.495239,118.455055,59.921349,51.599789
273.910858,118.594467,58.433571,52.410229
271.446747,120.673386,57.479710,51.582607
271.736877,120.629372,57.266968,51.865330
271.910431,120.844917,56.807041,51.803272
269.800812,121.922768,57.157467,51.632122
269.178284,119.737816,56.232998,51.947906
271.050049,119.217850,56.193226,52.125534
2
0
0
0
0
1
352.917725,116.546967,75.298203,30.399956
359.218323,114.147652,75.097824,31.117519
362.392059,114.042259,75.753845,31.413649
362.525848,113.119835,76.532448,31.150080
366.483856,111.677071,77.221252,30.936079
366.786011,111.192032,78.386620,30.617393
367.677094,111.249275,78.415329,30.992666
368.319275,110.957474,78.628105,31.340420
376.402954,109.203590,78.065948,31.766918
380.696930,109.078979,77.988945,32.231800
386.138519,107.977127,77.521988,32.514664
387.391327,105.408730,78.328140,32.922298
388.805847,104.804115,78.622055,32.980988
392.972168,102.714973,80.160599,33.335964
395.658051,100.236725,80.474442,33.410160
398.610809,98.792236,79.633614,33.735645
403.582428,97.397629,80.993820,33.786865
403.975861,96.427193,81.055664,33.763763
407.747070,95.885056,81.542816,34.003437
408.393555,96.291222,81.990097,34.807152
409.174927,96.674690,82.233871,34.845432
410.573578,96.701050,82.714066,36.519604
411.286469,97.603340,83.066261,35.898457
411.220886,98.900787,84.093719,35.300037
411.339142,98.995911,84.414246,35.488800
417.077332,100.091164,81.560196,35.968147
416.693970,101.007858,77.321236,35.915222
416.151917,101.332825,77.176918,35.906250
414.239990,101.716682,76.067108,35.694065
410.918701,102.734032,75.426620,35.203392
411.059326,103.215012,75.075401,35.396111
413.336151,103.549431,74.458168,35.186054
412.838287,104.197449,74.152916,35.607403
412.104004,106.668037,75.551598,35.795803
412.493256,107.076286,75.983368,35.844002
413.163239,108.696480,75.826393,36.226234
413.418640,109.388733,75.782074,36.293346
414.358826,110.733467,76.214638,36.761208
414.864746,113.516296,75.912743,37.659443
418.040741,115.433517,75.102356,37.865875
418.470459,116.300179,75.727539,37.336185
418.223114,117.815109,76.207787,38.009464
418.880707,119.051170,76.269882,38.243591
419.174622,119.242737,76.010735,39.346287
422.156982,122.398651,76.213371,39.566803
422.166138,123.050827,76.622330,39.825077
422.353180,123.138397,76.961975,39.982765
422.338196,123.174873,76.996094,39.984085
422.838684,123.166023,77.444786,39.843403
423.041473,123.388268,77.439728,39.949738
423.155609,123.386833,77.450874,40.005680
423.818512,123.746536,77.462082,41.040493
424.325653,123.823273,77.640388,41.579304
424.434479,123.598793,77.947670,42.204842
424.470215,123.764091,77.953453,42.474281
424.047424,122.614441,77.854355,42.713676
424.653412,122.783958,77.728592,43.178135
426.830475,117.846840,74.863167,54.174973
427.785706,119.311226,74.376503,54.595051
427.814117,120.053368,74.365097,55.147926
427.856018,120.261864,74.374687,55.449490
424.178680,120.400459,74.683517,55.825775
423.727509,122.183479,74.345474,56.014648
424.050293,123.336288,73.863525,56.759846
421.339813,127.479416,73.562668,57.232967
421.603546,127.600052,73.834633,57.529861
419.638947,132.294113,73.427620,58.394749
421.085510,128.772598,71.520966,60.194908
414.256073,129.204941,70.397034,60.853218
409.049316,133.733154,71.112457,59.941425
416.734711,133.172897,65.400024,61.908672
416.470093,134.752502,64.247963,62.247196
416.899780,136.896332,61.843864,65.615623
414.317780,136.821426,61.285011,65.566719
413.081726,136.021393,60.589405,66.164436
410.882874,136.188980,60.644897,66.796669
408.056061,131.108322,59.593719,67.398415
409.054443,119.599480,58.430260,69.451065
404.781677,115.829903,59.703510,68.647156
403.292053,119.549713,58.608200,69.105698
402.844910,122.143425,59.299847,69.261665
399.652374,121.408134,60.882713,68.908394
398.543701,121.029594,61.517097,70.271935
399.162445,122.525345,62.648750,69.892998
400.893768,125.297272,63.305035,70.738968
402.043427,130.254990,65.384186,69.868385
401.420349,139.111893,68.267105,66.719246
397.540253,147.591888,69.998627,63.297470
396.230560,149.005524,70.239914,61.637527
395.611938,150.486740,70.503784,60.565830
394.216217,151.288391,71.360313,60.516315
390.422821,151.054077,72.239021,61.166828
387.607391,152.292755,71.605965,62.072430
384.658386,151.265152,72.740952,62.056286
379.809967,151.074677,73.756699,62.908920
376.082214,151.285828,74.563942,62.818428
373.143646,151.467346,76.642960,62.508762
369.170227,149.945847,78.327591,64.432007
365.877960,150.123459,78.065796,65.191162
362.605286,152.009476,77.887260,65.388481
362.202087,152.579956,78.040352,66.020554
357.912903,154.955063,80.496712,68.213501
354.082794,156.818741,79.641724,69.410912
348.261871,162.090271,80.148323,70.482277
346.966064,165.915741,80.787231,70.911179
344.802551,166.665451,83.297630,70.171394
340.379486,169.178070,83.554222,72.263100
336.508698,167.243698,86.116158,75.788246
332.979553,167.562866,88.217796,78.201363
323.995911,171.239548,91.211319,79.651596
321.268341,180.217850,90.420532,81.264954
318.160889,182.448547,90.653069,81.588028
317.210724,182.594299,91.294930,82.067162
315.894196,183.679596,90.605339,83.533958
314.622070,184.622284,91.021164,84.671066
317.987854,184.551270,92.728523,85.049492
315.081360,187.952530,94.772354,86.697411
311.352417,191.048218,94.985435,88.023926
305.929962,186.872528,97.782562,90.861610
308.059875,188.695908,97.648064,92.464752
305.905579,188.107956,98.752419,93.410332
304.372955,189.942322,99.468468,93.656387
305.795746,190.981644,99.785110,93.376755
302.902893,189.508453,100.467125,92.896065
295.977478,189.196457,101.433250,91.944252
294.955353,189.044678,101.353706,91.862289
294.413971,188.861252,100.990028,91.893494
294.282623,188.875656,100.906357,91.966583
292.030731,187.723923,100.897110,91.497368
290.455536,182.353653,100.780060,91.232307
