1
279.441162,120.694695,107.347847,75.904297
280.417725,122.134842,106.132484,76.026360
281.211395,122.914467,106.092331,76.209023
282.926270,123.497101,105.585556,75.777107
286.242584,123.671730,105.055695,75.660553
289.314056,124.527733,104.668259,75.718620
292.033325,125.438271,104.302246,75.761337
296.359772,126.357613,103.449539,75.488396
300.304565,127.801414,102.383934,74.800240
301.696136,128.296204,101.892128,74.644150
302.164764,130.000320,102.278236,73.864372
303.069855,130.011642,102.077377,73.447929
305.259277,131.579941,101.486916,72.249107
309.776672,130.412552,98.848770,72.252312
313.125275,130.137375,97.703224,71.407249
313.960724,130.087585,97.453140,71.307129
312.727631,132.263290,99.669487,70.660347
320.692719,136.681580,98.667801,70.449661
325.477264,137.539185,98.742065,69.416580
328.289032,142.092697,99.812355,68.192093
335.400513,138.165161,100.037720,67.802475
335.493652,139.770477,101.422401,65.524025
339.243958,137.790863,102.632446,65.450737
342.489044,131.718674,102.486115,64.365295
346.717224,126.030945,101.441566,65.261452
349.060913,125.742554,100.668793,65.620903
351.883209,125.146683,98.949181,66.675987
353.453766,122.587997,97.209030,67.277496
351.987061,121.641678,100.655228,68.083984
353.042542,122.295349,101.090981,68.853149
354.499695,122.757019,99.258499,69.125122
355.405457,123.336121,99.330650,69.444420
355.485260,123.373672,99.452744,69.469406
355.407501,123.036423,99.379059,69.420479
354.337860,124.273811,99.097717,69.037605
353.871826,118.267151,99.036644,69.122154
354.418243,105.594101,97.770134,69.231750
355.335541,106.004585,97.502182,69.755898
351.208130,103.925362,97.196976,70.229828
349.367645,103.350052,98.096642,68.849304
350.765045,103.282410,98.500572,68.603638
350.749756,105.640602,99.747055,68.506378
350.698090,105.929192,100.044769,68.910294
350.942322,105.894318,100.088295,69.224533
351.508606,106.058174,100.196968,69.508362
353.022095,106.127090,100.200729,70.238091
353.067780,105.438324,100.750809,69.941818
356.095520,106.168335,101.141876,69.963585
357.263306,106.225853,101.505470,69.923813
357.357147,106.242867,101.882408,69.975327
358.083344,106.335442,101.675323,70.008881
355.505219,106.190651,100.775696,70.635887
355.607422,106.372551,100.942818,70.969627
352.576782,104.956848,101.638634,70.543579
348.795776,106.867661,104.358727,70.769936
351.069672,105.887306,103.567467,71.673050
351.159180,104.127525,103.949219,71.448692
351.106659,104.146370,103.977821,71.350410
348.286316,103.246849,102.750160,73.149902
345.751404,98.984863,103.578453,72.523033
344.773560,97.537727,104.236145,72.818947
344.230042,101.964127,112.110229,70.788086
343.772186,116.904800,111.292267,71.095528
344.461578,120.565544,110.608070,70.710670
343.384766,123.654160,112.190155,70.271309
336.608124,124.714859,111.454521,70.681931
338.341339,125.440651,110.532280,71.574150
339.582825,125.732430,110.033295,72.127647
335.780029,127.109581,108.756432,72.547585
337.028198,126.604225,108.384018,73.311676
331.031860,127.850990,106.343330,73.644768
331.622406,124.651482,104.751846,77.632751
330.918793,124.068680,104.278893,78.304840
333.953522,121.511459,103.663879,78.962303
335.210388,120.135941,102.091827,78.599327
336.785889,119.771492,101.698547,79.114906
336.112549,120.966072,99.258530,77.621941
336.262146,120.559708,97.910202,78.216682
334.408661,118.873367,94.624138,78.583534
329.384460,117.727539,91.551788,77.813965
336.548340,114.621880,88.784477,77.822395
337.686401,113.662064,88.483101,77.990883
337.295197,113.287270,88.072533,77.901840
332.279510,111.096672,87.428009,76.692154
334.737610,113.295219,86.624275,76.568268
334.786621,113.831017,86.914330,76.795616
336.986115,113.101036,86.826027,76.511650
336.375000,113.670799,86.308975,77.101921
336.299622,113.818893,86.255867,77.437363
333.629547,112.639206,85.971199,77.033958
335.065491,111.945564,85.177437,77.280991
335.118744,111.937553,85.333237,77.482849
333.595764,108.292816,84.885483,78.289459
331.035339,107.764740,84.173042,78.574692
332.669342,105.181534,83.480965,79.383583
331.823029,104.928688,83.439674,79.505661
330.290619,104.658661,83.234467,79.860001
329.046295,104.724930,83.128769,79.648628
331.547943,102.712418,83.460152,79.536255
331.598083,102.779221,83.450363,79.869164
332.208405,102.818825,83.459641,79.919617
332.257050,102.940941,83.428925,79.952148
332.561523,102.776329,83.608559,79.760056
333.084778,102.845695,84.083351,79.845062
334.306335,101.968719,84.615799,79.684586
333.944061,102.897438,85.098495,78.831345
333.615906,103.413132,85.666084,78.278641
332.523132,104.083687,86.282211,77.802071
331.174561,104.818382,86.054703,78.026131
331.814453,106.186890,86.212463,78.750450
331.440002,107.178436,86.703285,77.775383
331.398315,107.752769,87.759079,76.685173
331.420898,107.846840,87.863800,77.115829
331.524628,109.321198,87.806709,77.278511
331.263580,109.859444,87.548416,78.350479
332.739349,111.254448,87.780174,78.056320
333.279541,112.179169,88.093361,78.208214
335.540344,111.850601,88.912292,77.553780
335.540253,112.281029,88.798012,77.768478
341.573517,115.954224,88.415054,78.039085
349.051727,114.368057,88.905151,77.953407
345.093567,118.130104,88.604210,76.502396
349.470886,122.867966,89.692314,74.519379
342.769379,125.791908,88.256538,73.788094
338.115784,127.116554,88.662476,73.147858
337.601776,129.090881,88.586540,72.894424
338.141052,128.492889,88.851051,72.869698
338.877472,129.564865,89.330612,72.338921
337.693146,131.793808,88.294998,72.337273
340.039734,134.112396,88.268341,71.476250
340.706146,133.008667,87.950294,71.290161
339.186462,133.984985,87.422195,71.535484
347.085541,141.824905,89.618187,70.364853
356.487488,139.242172,91.389038,68.604843
360.898651,139.001648,92.967285,66.742180
367.237000,133.825897,93.291122,65.090157
366.238495,128.679947,92.871078,65.431061
367.815521,128.515289,90.798241,64.027382
2
0
0
0
0
1
306.838348,136.551849,65.425735,31.145784
303.916046,136.173950,65.716072,31.068359
304.426758,136.423218,66.317703,31.419790
302.624725,136.608398,67.333923,31.275404
303.415009,137.337753,66.831116,31.284161
303.549194,137.499588,66.947449,31.453165
304.340912,137.661545,65.961189,31.632910
306.864105,138.750290,64.249275,32.536907
307.942383,139.888443,63.852932,32.988781
310.907776,142.245590,63.357430,33.741497
311.645416,142.859879,63.046055,34.147999
308.424713,141.170761,65.064362,36.233746
307.591675,141.468613,64.940025,36.541756
306.688171,141.841995,64.512314,37.251244
305.814331,142.110458,63.084282,37.348820
306.004272,140.826675,62.434601,37.423141
306.120697,139.865494,62.115837,38.025276
305.715424,139.408447,61.208073,38.710300
309.667908,140.775040,58.190250,39.157722
312.480042,142.155869,54.046402,41.116821
316.805298,141.204025,51.862720,41.068424
310.890411,141.153763,58.302513,39.182930
310.843597,142.628159,57.484436,38.466785
315.660095,142.539139,56.433064,37.248474
322.402618,140.238495,55.797695,37.342579
324.352112,139.945923,56.208065,36.722202
328.062439,141.656967,56.018635,37.684715
326.184845,142.006546,55.428905,38.221539
325.568024,137.800797,54.221916,38.497181
326.632324,137.255127,54.115124,38.390793
328.589813,135.275314,55.245819,38.176907
329.500671,135.368484,53.567245,38.673103
336.934570,130.389420,52.784603,40.687237
343.889374,127.691437,49.784428,44.754333
350.732422,128.993454,50.101097,44.848663
352.181183,127.890877,51.915493,44.499565
367.534241,119.195442,52.665371,43.518166
371.526428,118.791176,52.595238,44.489052
373.052765,120.672531,53.374340,44.651203
379.210052,120.665970,54.894001,44.323612
376.839600,119.201927,56.814388,43.033134
376.662903,117.994171,58.229141,42.923332
378.249908,116.892853,60.663380,42.545033
379.065247,115.164932,62.142483,42.581406
383.641632,114.638199,63.894821,42.635788
382.786041,113.697380,64.687538,43.234879
381.894531,108.252892,66.656792,42.859943
381.499847,108.113266,69.662399,44.689899
377.836487,108.969788,70.160347,44.792316
372.349487,109.642632,69.992760,45.258873
380.261414,107.277527,69.082428,45.533195
384.657349,110.850784,68.833366,46.560329
400.406555,106.263191,72.561203,46.156239
402.856384,110.301987,70.780266,47.545303
403.954620,106.988518,70.816093,47.581005
411.088562,106.228592,70.569054,47.757633
413.115143,96.864876,70.745422,48.205711
413.271881,99.133041,71.281517,45.845432
410.685669,98.901245,73.577133,43.377110
411.403046,98.732407,74.004387,43.040813
415.023499,99.751587,74.134323,42.552010
416.339203,100.461258,72.168793,42.529152
416.309296,100.482086,72.182983,42.949089
413.491821,100.327240,72.069267,42.606365
409.432007,101.589966,73.404900,41.563015
412.632935,102.345352,71.312912,42.051212
413.564178,102.642166,71.182350,42.122971
413.924774,102.810860,71.427223,42.497181
414.095276,104.615875,71.859291,42.299152
414.387024,105.427818,72.268188,41.971626
414.873749,106.221291,72.613800,41.956184
415.802917,106.839035,73.088730,41.779320
415.849365,107.225395,74.558548,41.978413
417.171173,109.595695,74.651009,42.514286
418.298981,110.432083,75.010880,42.530159
418.902435,111.918976,76.038826,41.657303
418.950653,113.519234,76.813400,42.114735
419.741119,115.199203,77.040344,41.450298
422.674744,116.957138,75.402588,42.485683
423.301697,118.513710,75.679489,41.961926
423.326508,119.969589,76.127281,41.626740
423.484344,120.218765,76.476265,41.957336
423.425507,120.327988,76.506180,41.953857
423.620239,120.970879,78.067017,41.358685
423.869446,121.143356,78.462502,41.489655
423.961121,121.162491,78.529709,41.462975
424.357605,121.156067,78.962769,41.568779
424.400787,121.367455,78.998604,41.970444
424.399231,121.381981,78.960968,41.981956
424.419922,121.398918,78.960640,41.977833
424.304504,121.265137,78.887169,42.034184
425.128143,121.444725,78.732475,42.532249
427.202454,119.816887,76.780235,51.019512
429.109497,121.881279,76.099747,51.962032
430.020111,123.035255,75.620590,53.162273
430.202026,123.218147,75.946442,53.473427
423.781433,122.021309,75.366135,54.520599
423.533325,123.652733,74.760025,55.098076
424.018951,124.200623,74.417686,55.812347
422.492950,128.371002,73.847534,56.220871
421.786926,128.355087,73.309166,56.812084
419.958466,131.571228,72.294411,57.573746
420.908325,135.657257,70.353020,58.040222
419.202454,135.837784,68.705185,58.558243
413.731659,139.202896,67.823334,59.071590
418.035919,140.367050,62.502598,60.289135
419.486633,140.969650,61.652554,60.471912
420.557465,142.441025,59.570774,62.444080
419.208008,142.610977,59.443531,62.686966
417.955475,142.307617,58.773586,63.421555
416.875580,140.390656,58.320301,64.570213
415.360748,138.665314,57.609360,65.514442
415.029938,132.872635,56.884258,68.291557
415.215485,130.426147,56.139397,68.907776
417.730804,130.347229,55.390766,69.835442
417.941101,129.245041,54.747948,70.939720
416.790100,128.889450,55.433475,71.275871
413.053314,130.945847,57.445328,72.756737
412.696594,136.725357,59.348293,70.902580
412.046021,140.588821,60.595779,69.597321
412.320709,144.455994,61.761673,67.790924
410.668060,146.939133,63.310459,65.688881
404.539520,151.774429,64.431061,62.657280
398.963440,151.857758,64.988792,60.959881
396.963470,152.811111,65.093758,58.907181
394.458282,152.742126,66.033867,58.373444
391.739410,154.726715,66.995956,57.582672
387.555145,155.557251,67.090202,57.636600
385.317505,156.062759,68.120033,57.535625
382.575653,155.699142,67.954185,58.405289
378.423676,155.752548,68.301048,58.365387
373.882721,156.203461,71.251106,57.783653
369.811737,155.305603,72.001221,58.055904
369.102478,155.472031,72.028877,58.371868
365.739471,156.015366,72.420532,57.891670
365.059875,155.915161,72.103485,58.005787
360.660675,158.563339,74.014236,59.438156
355.244873,160.728867,73.536766,61.334164
350.537384,163.838776,72.617065,63.377216
348.586212,167.301407,73.900650,64.482544
347.021942,169.065735,74.636429,64.382751
344.878845,171.573151,74.471451,65.273537
342.182831,169.563293,76.051170,67.907440
338.299957,169.370239,78.302673,71.285248
327.721619,176.285721,80.239815,74.857964
325.856079,181.212570,80.190041,77.991760
325.366943,184.045639,81.581703,78.922478
323.465424,187.308456,82.412247,78.677979
322.202148,189.501678,85.273766,79.005142
315.866943,186.222275,84.219666,79.586227
320.074280,185.245667,86.118111,80.964798
320.598297,189.465683,88.421799,79.942917
319.462280,191.020996,88.814896,79.435989
316.964569,189.392105,91.252007,79.698921
317.758240,189.406433,91.591370,80.387817
310.339905,188.593094,93.675995,84.114815
309.281952,189.430389,95.778961,84.934875
310.437195,191.324890,96.323967,84.663261
308.543610,191.285080,97.446236,84.686447
308.515381,191.506943,97.496582,84.917671
302.893066,189.737762,97.918549,83.971581
302.775421,189.636612,97.636246,84.160332
302.155365,189.469940,97.837051,84.425926
299.724548,187.461777,96.144920,83.877525
299.615967,186.746979,95.893913,84.025780
