1
115.564835,19.590546,56.670452,33.648827
115.841888,20.215361,56.307861,34.054447
117.912094,18.784973,53.891224,34.332848
116.149796,17.133480,53.954639,33.849922
107.135094,19.097570,56.814777,32.599762
104.842407,22.752876,57.246506,32.670490
102.358482,26.150003,57.011395,33.308044
99.321014,28.204201,56.371830,33.261826
97.234222,30.436712,55.485607,34.659264
2
0
0
0
0
1
149.519608,21.705635,19.010231,28.960405
150.328430,24.432858,18.858315,29.355755
149.186310,24.577990,18.385235,30.816391
149.067490,23.854267,18.766342,30.496931
149.091675,24.115030,19.131105,30.778271
149.190826,24.364862,19.510052,31.097507
148.840164,25.671940,19.962475,31.665529
148.050735,26.824383,20.061504,32.007164
147.858429,28.027634,20.465477,32.890980
147.631912,30.063808,20.428617,33.408298
147.577408,30.130743,20.479273,33.547573
147.212311,30.375463,20.503342,34.078861
147.738144,31.603464,21.029488,34.950283
148.296005,31.908056,21.419449,35.084957
148.348434,32.144852,21.487289,35.468449
149.061737,32.933880,21.506716,35.504246
149.737915,33.840546,21.997082,35.458321
149.724976,33.921383,21.987164,35.462524
2
0
0
0
0
1
123.817368,58.092442,16.273966,27.786255
123.357697,58.049145,16.509483,28.534065
119.921448,58.004868,16.950672,28.825846
119.609512,58.483292,16.990654,28.984959
118.050316,59.846882,16.913271,28.783438
116.607414,59.545616,17.097733,28.821669
115.005180,59.815063,17.558666,28.764055
112.383499,59.194607,17.935001,28.737707
110.626167,60.056538,17.730312,28.923025
109.993286,59.921307,17.916138,29.098862
108.377411,60.090172,18.017759,29.120686
107.930511,61.525303,18.516663,29.036102
106.985191,61.441872,18.820812,29.448088
105.513916,62.328526,18.925789,29.317041
102.222641,62.045895,19.293659,29.184870
100.203697,63.414433,19.314739,28.667990
99.182404,65.146049,19.187038,28.309418
98.517891,67.301422,19.155205,28.400137
96.524254,68.158401,19.562557,27.961325
96.275162,68.177681,19.949598,27.799994
95.782730,67.794144,19.928244,27.930710
95.498024,67.823769,19.784052,28.158735
94.994553,67.655556,20.678057,28.289318
94.857658,67.878540,21.098326,28.435940
94.661827,67.647675,21.514614,28.309029
94.202324,67.676003,22.129690,28.211905
92.960945,67.642464,22.921627,28.148365
92.864151,67.743507,23.007233,28.568953
93.117775,68.000793,23.455271,29.039286
93.166931,68.357567,23.454987,29.509956
93.186409,68.641457,23.496681,29.952457
92.910835,68.702477,23.511791,29.947914
92.882484,68.690590,24.024035,29.931425
92.352943,68.018578,24.624517,30.174782
92.781502,67.625633,25.459768,30.531300
93.800034,67.187828,26.249685,30.600983
95.765411,68.103516,26.659943,30.896622
98.005463,68.223160,27.659973,29.749046
98.257965,67.651451,29.048681,29.228189
100.690926,67.961998,30.074476,28.945835
105.875244,67.737808,29.803539,28.748692
105.814743,67.579018,30.011320,29.010092
106.685043,67.509842,30.270552,29.599918
107.258858,67.465660,30.385427,30.124458
108.467384,67.561867,30.684565,30.271538
108.641609,67.633423,30.964016,30.485901
108.957130,67.660751,31.265556,30.491123
109.264709,67.644363,31.479317,30.507858
109.282242,66.879303,31.521301,30.983498
109.746346,66.233040,31.944824,30.930786
108.963028,64.767632,32.170170,30.770088
108.935310,64.874893,32.385128,30.998072
108.660049,64.574669,32.315399,31.243336
109.273453,64.403702,32.573967,31.350204
109.368156,64.467148,33.106598,31.480421
109.136330,66.027802,35.539902,33.675125
106.651421,66.096275,39.915874,33.231777
105.262070,66.222893,44.030254,34.165878
103.770592,66.217476,45.050236,34.173203
100.962021,66.575417,50.268017,34.008591
100.019424,66.991753,54.838562,34.440491
99.120117,66.572617,59.742741,34.683189
99.173012,66.696579,60.113010,34.979324
99.318100,66.419296,62.560776,35.568272
101.744392,67.504478,64.090294,35.621483
103.059441,67.584030,65.033844,36.127098
104.987434,67.750374,65.623779,36.481281
112.679733,67.387146,66.855698,36.534000
113.583130,67.635117,66.913910,37.225639
116.253693,69.529121,70.874100,37.073517
117.027466,70.062157,74.329666,37.306507
117.136734,70.161484,74.452202,37.483364
119.618546,70.099022,74.075851,37.341743
119.926422,70.166420,74.524879,37.463676
123.192665,70.526741,75.157822,38.567738
124.426727,71.059578,75.776115,38.867954
126.061409,71.121918,77.215179,39.388397
127.604233,72.019615,79.087784,38.511570
128.065521,72.281357,79.515678,38.971931
131.413055,74.182953,82.268646,39.855743
136.453873,75.581749,81.390366,40.610153
137.550171,75.703186,81.359451,41.099792
137.956482,76.113525,84.018211,40.605728
140.805954,76.996902,84.695419,41.883057
141.463898,78.300407,85.980118,40.960014
145.289841,80.886635,88.228050,40.509533
146.502457,81.586777,88.357124,40.692688
149.441879,82.666901,88.758904,40.098972
154.126846,83.796356,88.589615,40.352741
156.419632,84.253662,88.100212,39.988335
158.156677,84.187958,88.213631,39.957752
163.623001,84.492470,89.877594,39.171162
167.547928,84.637779,89.833397,39.282146
172.331406,84.309700,89.907600,39.229763
175.833755,83.243698,90.124191,39.037674
179.140869,83.062271,91.826294,38.758629
180.951553,82.862343,91.972473,38.946602
188.378189,81.956245,90.791130,38.886116
193.466309,80.912376,89.469719,38.397663
199.988983,79.537682,85.562325,38.970657
204.380264,79.096710,82.027031,38.876907
207.883041,78.056000,80.988167,38.775463
210.837372,77.127029,78.892593,39.169884
212.292999,77.251923,77.848450,39.290508
216.161316,76.789108,77.393639,39.002739
221.775391,74.598465,75.115242,39.410080
226.778214,73.971054,73.726959,39.915302
227.435699,73.851967,73.969826,39.962799
234.720566,71.989700,69.582840,42.545322
235.323959,72.019348,69.592552,43.058842
237.819992,71.733246,70.427849,43.434967
240.508972,70.660248,69.763290,43.201668
242.561539,70.150742,70.201500,43.334366
242.964066,70.238075,70.474358,43.473713
243.499756,70.126122,70.054390,43.612724
245.196671,68.862541,69.382668,44.949589
244.765640,68.434525,69.893394,44.460823
244.168610,66.383858,71.324028,44.744129
244.111679,66.533386,71.503883,44.944424
245.785553,65.736038,71.697731,44.819477
248.608154,62.680984,71.526627,45.068420
250.642242,62.651814,71.713692,45.404217
251.660965,62.194836,71.783936,45.246140
257.767670,59.041401,71.867126,44.870472
259.098724,55.749775,70.782967,45.491734
260.286194,54.383797,69.804482,46.223461
260.383911,54.331032,69.543129,46.558689
260.696594,54.033638,68.967018,47.015774
259.253815,53.601482,69.295204,47.293777
258.631622,53.398777,68.434288,47.625500
257.807922,52.715694,68.217888,48.033035
255.354614,52.541370,68.387802,48.163769
252.899551,52.039433,68.011528,48.356979
248.530899,49.214920,68.216629,48.858856
245.118378,48.394039,68.572731,48.872169
241.317810,47.653751,70.126717,48.783791
237.020889,47.445274,71.241096,48.433979
233.004562,47.427860,71.964508,48.142319
226.131714,48.261826,73.324966,47.121582
222.861252,49.446007,74.203659,47.226627
219.022186,50.677692,75.347511,46.379910
215.300003,50.761822,75.633469,46.100147
209.422791,50.575127,76.263245,45.193283
206.482712,51.015137,76.259193,45.189938
197.046814,51.719696,77.245834,44.601616
193.223145,50.909039,76.787346,43.800621
190.201645,52.114765,75.780174,43.704865
185.479767,51.721851,75.959015,42.455097
178.020401,51.850883,75.239067,41.878323
171.463623,52.536121,75.034760,41.053741
165.327576,52.896042,74.217873,41.497467
158.857407,54.695110,76.500809,41.008797
158.035217,55.059013,76.356651,41.414528
156.078934,55.330608,75.991951,41.374809
149.314194,55.701958,76.404137,41.289074
146.472015,56.544140,77.693573,40.468483
146.141647,56.867996,78.304634,39.798916
144.925049,57.071770,79.217506,39.231445
143.251724,57.267975,79.741783,39.370220
142.412613,57.257587,79.996536,39.458939
138.449203,57.175041,80.088562,39.247738
133.488953,60.980186,83.224648,38.327572
132.696991,61.486221,83.400620,38.486645
128.108185,61.885662,84.101875,38.186134
127.871002,62.461369,84.823425,38.491047
123.867836,62.885616,86.324905,38.179546
124.014610,63.081188,86.453674,38.452637
126.882988,63.321728,86.039986,38.258591
130.537003,63.724258,85.698814,38.367760
146.110626,62.310802,84.794746,37.520157
146.546753,62.376141,84.559052,38.042412
147.541809,62.592514,83.613907,38.810711
147.736649,62.749435,83.940132,38.990856
146.851608,63.140831,83.104538,39.539528
2
0
0
0
0
1
76.962166,83.137474,47.368217,40.347378
76.791962,83.040184,47.152325,40.553219
75.949615,84.720947,47.679703,40.381817
73.307159,85.296875,47.844444,40.169571
71.300980,85.633896,47.317436,40.101212
70.110802,86.187691,47.231823,40.232025
69.244392,86.317238,46.956375,40.404976
67.808372,88.896034,45.875801,40.630180
65.525322,90.871307,45.348450,40.510834
61.995609,92.907639,44.698933,40.891773
62.420692,94.822266,43.580250,41.123043
53.387890,93.619980,42.804489,41.607197
52.387676,95.095863,42.277374,42.556442
52.081211,96.189110,42.026787,43.087627
50.290665,96.847031,42.213539,43.606976
50.393295,97.215721,42.431194,44.040108
49.219181,97.395668,41.902786,45.150082
49.265770,97.563095,41.982231,45.484966
49.299458,97.599731,41.966805,45.500435
49.733509,98.870712,41.723518,46.041580
50.624573,99.484589,41.557907,46.501583
50.929195,100.772659,42.119408,46.687687
51.630363,102.183334,42.554623,47.024666
52.259941,102.605972,43.057961,47.397877
52.634743,103.122070,43.447224,47.500488
53.294724,103.849945,43.542576,47.871685
54.638119,105.431534,43.907982,47.853310
56.927982,106.821152,44.269974,47.269932
57.040367,106.950577,44.479160,47.474770
55.745121,107.258560,45.182755,46.770912
56.577240,107.110718,46.212048,46.542889
57.083317,107.379288,46.449604,46.930115
57.477901,107.596619,46.537903,46.743015
57.574192,107.931671,46.935772,46.911850
58.141666,108.819855,46.998726,46.763660
60.453957,109.204140,47.067513,46.528038
58.874123,111.761940,47.175552,46.726475
59.207130,112.424202,47.355438,46.820457
59.674938,113.907524,46.632538,46.970757
60.574299,113.006676,46.037281,46.985828
61.250317,113.181374,45.704002,46.842125
60.393848,113.516808,45.555912,46.810596
57.992470,113.911697,45.205990,46.877243
54.451988,114.298782,44.092968,46.961838
49.557003,113.480988,43.650135,46.792286
45.305645,112.279510,43.186710,47.380409
41.802658,109.800034,43.324287,48.826996
40.844540,108.174675,43.052120,49.284542
39.025101,107.860954,44.329601,48.470341
39.053440,107.829720,44.468334,48.427544
39.124348,107.270432,44.653431,47.924747
39.132412,106.709015,45.527798,46.812538
39.510612,106.713585,45.995117,46.890575
40.236248,105.043915,46.171806,46.451176
40.951176,104.084763,46.603184,46.182076
42.982761,103.223343,47.681347,46.062153
43.403587,102.919983,48.452358,46.119366
43.495445,103.036598,49.113605,46.168411
46.285732,101.927132,52.055050,45.623718
46.741451,99.468094,53.749969,45.799629
47.332966,97.769539,54.506729,47.752644
47.474072,97.737892,56.104214,47.739960
49.019985,96.912659,59.757576,48.235775
49.393623,97.104553,60.586845,48.457920
52.061188,96.504555,62.655903,48.416801
54.485432,95.249573,66.524132,47.835854
54.539547,94.979378,68.781906,47.269085
54.499554,94.429077,73.926956,46.271996
57.656563,93.690491,74.489517,46.006817
59.236752,93.449265,74.969948,46.402260
62.717552,92.613762,77.891510,46.017700
67.440224,92.333450,81.156357,46.466717
72.082085,91.612648,82.168526,46.451881
73.308487,90.843407,84.202042,45.963459
77.294250,90.888847,84.936966,45.741570
80.736221,90.571129,85.206032,45.768864
83.473572,89.454521,86.618073,45.701363
87.497025,89.674179,86.756195,45.742718
89.980949,89.292587,87.418709,46.366409
93.255798,88.897911,88.199844,46.289490
97.848465,88.995674,88.301025,45.770531
98.297882,89.182953,88.545349,45.976650
101.744606,89.651840,88.470222,45.652706
107.035881,89.767982,89.675583,44.958488
110.336571,91.396111,93.163696,44.172585
116.853531,88.019264,92.976318,44.142673
118.580200,88.391464,92.874420,44.056995
126.721985,87.085136,90.113098,44.401081
132.425354,86.351555,89.111900,43.987591
135.754761,86.009430,88.425629,43.753658
139.247726,85.515923,87.900017,43.714920
141.197601,83.553642,86.430641,43.430206
144.271835,83.434685,85.356567,43.247383
148.237579,82.170387,84.081345,42.696365
151.315002,81.306458,81.432465,42.729767
159.425446,83.006424,80.270599,42.286076
160.723007,82.176987,80.438187,41.603935
160.888687,81.974716,80.282967,40.931610
161.642365,82.358246,80.100204,40.963493
162.270325,82.409370,80.229538,40.878494
162.163116,82.049286,80.442329,40.683170
162.427795,82.120178,80.383369,40.834160
163.068619,81.644135,79.485710,41.058990
162.292709,82.282143,79.452736,40.345226
163.038315,82.583717,78.876808,39.941368
163.459381,82.650894,78.317787,39.970615
163.701233,82.874725,78.052467,39.384125
163.762665,82.916245,78.478462,39.419571
163.610291,83.294319,78.286522,38.361343
163.715240,83.364029,78.461227,38.483097
163.733719,83.370735,78.459900,38.483166
163.402740,83.213188,78.828758,38.467716
163.159409,83.379524,79.288033,37.701950
160.638931,83.706741,82.161018,36.406239
159.495056,83.502029,82.983253,36.156029
157.093536,83.579224,84.870255,36.098778
154.366531,82.783928,86.905609,35.774406
152.888809,82.836586,87.709595,35.041767
149.813339,83.359299,89.525642,33.565487
147.745697,83.685608,91.023376,33.429348
146.074997,84.246170,92.438477,33.261734
139.540314,85.154922,95.409607,32.869770
135.038406,85.354256,96.809578,32.788197
134.830383,85.518997,97.127190,33.035957
131.837662,86.101028,99.110374,32.993740
127.229294,86.168533,101.643204,32.365925
123.092606,85.910347,101.844780,32.135948
116.449997,86.011948,100.944763,31.945740
109.904350,86.349556,102.881065,31.562298
108.786858,86.952484,102.666901,31.504154
105.976181,87.054420,102.226051,31.692806
104.319031,86.849174,101.854095,31.853653
103.302231,86.847267,101.276390,31.876001
99.970184,86.940636,100.498703,31.953615
98.137932,87.008743,100.500778,31.938522
95.674316,86.643959,99.062241,32.266182
94.410004,86.827248,97.875908,32.630241
91.737015,86.835693,97.720337,33.012890
88.674049,86.930405,96.861496,33.514542
85.247215,86.720146,94.596672,34.280655
83.793335,86.739311,93.278572,34.657795
79.864014,86.735268,92.041618,35.142704
79.507828,86.829842,90.388741,35.532188
77.502174,87.016045,88.157181,35.991123
77.633209,86.941727,87.194656,36.031803
76.607079,87.101028,85.868111,36.356747
76.194168,87.407127,83.872009,36.402306
76.059464,87.444954,83.175377,36.543694
75.868279,87.689987,82.683426,36.959038
74.803459,87.478783,82.107750,37.216034
74.423653,87.555084,82.301628,37.480747
74.511963,87.562737,82.453629,37.485470
74.476807,87.546646,82.353493,37.470810
71.922195,87.583534,80.909698,37.420616
72.120735,87.579201,80.601372,37.419807
71.710777,87.063522,79.379761,37.610882
71.433716,86.832024,78.468285,37.936474
71.749542,86.570564,77.985191,38.083225
71.485374,86.676727,77.551720,38.487663
72.830170,85.929474,75.843880,38.595867
73.883430,85.444160,74.715866,39.321468
74.170807,83.956932,73.772491,39.980862
70.658035,84.027046,72.069740,41.354416
71.034042,83.486061,71.648598,41.356663
71.028801,81.574432,71.129211,40.897636
70.302437,81.512878,70.907051,40.916462
67.208710,80.596634,69.239632,40.868961
63.337475,79.113060,68.699753,40.474327
63.823421,77.248627,68.349548,40.169060
63.594696,76.302795,67.717758,40.275364
64.604187,74.524956,66.042145,40.445400
63.434155,73.870255,65.840363,40.417164
62.322048,71.716370,64.193672,40.020157
63.405483,70.687500,63.937271,40.126667
62.151314,69.595436,68.214737,39.482311
61.918606,68.397667,68.396706,40.375599
61.840084,65.767883,68.430702,40.243607
61.865578,65.746361,68.437164,40.349907
61.835712,65.815338,68.578972,40.434807
61.840210,64.913132,70.115578,39.875412
62.292465,64.969009,70.732033,39.885979
64.924042,62.383556,71.746727,39.150043
66.747391,59.664623,72.988159,39.719585
65.533569,59.173462,79.610435,39.136478
68.069893,56.267380,80.780235,39.846050
73.809258,56.125454,83.999123,38.196934
75.513680,54.525719,84.721802,39.520832
80.256828,53.744473,84.432121,40.110817
84.304253,52.489773,84.941788,39.961720
89.755478,51.545403,84.840439,39.783157
94.671600,49.547989,84.292473,39.531620
102.506676,48.420914,82.654968,40.290630
107.574852,46.502571,82.828751,40.807301
111.817879,45.246849,82.997826,41.358208
120.594917,43.151627,81.386047,41.198875
120.884262,43.239899,81.394249,41.505466
122.125504,43.371490,81.164352,41.896099
125.119041,42.910423,81.215408,42.749928
126.658707,42.551865,81.378098,42.868969
128.611481,41.544643,81.309891,43.021217
130.437622,41.497540,81.868713,42.800507
137.033966,37.235874,80.374680,46.973217
145.556717,34.692108,84.001602,45.056812
151.973953,35.973991,83.228088,44.663528
158.612137,35.979416,81.958351,45.430481
161.577011,36.908680,81.988647,43.774342
168.983749,37.022472,80.809555,43.735023
170.833755,37.462868,81.098755,43.251591
176.286575,36.317898,80.991241,43.035088
182.357986,34.000668,81.777657,43.094902
186.914276,35.443542,81.708290,43.297737
187.584122,35.641911,81.848785,43.308922
189.189163,35.996078,81.668411,43.218571
192.887878,35.608936,83.723106,42.179577
200.978104,32.641571,84.731140,41.924648
208.136398,31.287222,81.640671,42.232525
