1
128.396667,16.040983,46.460487,34.076256
129.036484,13.925092,46.306236,34.323383
131.643585,12.704014,44.229568,34.277607
131.624725,12.223601,44.540211,34.195782
132.284073,11.354762,47.147255,33.978729
132.985092,10.885903,47.124798,33.693237
134.032257,11.282761,45.547047,34.155994
133.195480,11.305191,45.593807,34.447830
130.047348,12.348257,46.265537,34.192280
125.408783,12.533249,47.994114,33.049034
122.229515,12.434148,47.567429,33.295280
122.207558,11.924932,47.645313,33.501640
121.421371,11.554816,47.364834,33.825054
121.078316,11.097501,47.184174,33.981209
120.430344,10.286995,47.267151,34.040707
120.369019,10.013908,47.331306,34.452770
120.343246,8.580721,47.019684,34.374878
121.203697,7.877787,45.817856,34.174927
119.088829,6.567495,45.940441,33.980003
118.540367,5.419463,45.733685,33.911137
118.872826,4.155718,44.832722,33.853043
118.341492,3.973730,43.450409,33.986740
117.534615,4.021723,43.022793,33.620628
119.953857,4.129206,43.029892,33.091320
122.543701,4.649920,42.754257,32.762554
2
0
0
0
0
1
147.828415,47.454678,21.120432,31.371161
148.116943,46.707619,21.488932,31.163460
147.838760,46.593029,21.593544,31.399330
2
0
0
0
0
1
121.758766,58.480663,17.237139,31.644377
120.500900,58.508827,17.400007,31.759144
119.948418,58.986416,17.457674,32.015244
118.638435,61.400906,17.570078,31.732216
116.649666,60.527710,18.505743,31.594353
114.963135,60.370564,19.253054,31.675741
112.340515,59.758789,19.457596,31.682976
109.715446,60.260345,19.194429,31.879164
108.721581,59.935085,19.390350,32.062862
107.197647,60.040459,19.396254,32.374882
106.232018,60.819336,19.465717,32.221581
105.514999,61.005463,19.423229,32.603024
103.788788,62.445927,19.555624,32.998348
101.888206,63.665531,19.797024,33.031914
100.579704,64.011650,20.051601,32.946598
98.851509,64.206169,20.357267,32.562279
97.734268,64.472649,20.513247,32.742062
96.344620,64.999924,21.098829,32.482933
95.916183,65.017113,21.483763,32.098511
95.593338,65.099922,21.440269,32.275459
95.547272,65.113739,21.381994,32.644684
95.074951,65.251755,21.906630,32.627178
94.300903,65.532005,22.175779,32.683029
94.013374,65.544937,22.653961,32.621517
93.014893,65.724380,23.385019,32.180557
92.240410,65.993362,23.707664,32.152737
92.268494,66.222931,23.971077,32.584435
92.221733,66.600700,24.032150,32.848274
92.455330,66.677101,24.487692,32.985603
92.440712,66.786484,24.490059,32.951122
91.967072,66.923149,24.496958,32.895836
91.851555,66.957336,24.466003,33.019150
90.939209,68.178482,26.344856,32.614212
91.087555,68.555832,27.364141,32.632603
91.687584,68.114578,28.028803,32.807957
93.548927,69.133095,28.425344,33.105000
93.387505,69.802216,28.821980,31.921886
91.739525,70.036964,29.382538,31.522137
93.259529,69.513802,29.482555,31.723579
95.309151,67.758232,29.055315,32.082874
95.147812,65.996307,29.463161,32.221775
97.915154,67.122917,29.829639,32.283928
100.348763,66.113113,30.033308,32.360130
101.370911,65.891808,30.606495,32.279301
101.663284,65.958321,30.992458,32.468201
101.843132,66.248146,30.992737,32.481491
102.202652,65.998611,30.943411,32.431763
101.388580,65.129898,31.038403,32.294575
103.384499,65.329262,31.519438,32.707375
102.928543,64.290543,32.057148,33.133358
103.043610,64.464615,32.471489,33.503990
103.140213,64.017220,32.396290,34.314247
104.177719,63.590221,32.563293,34.169579
106.557358,64.196259,33.446545,34.404423
105.807022,64.876465,36.577892,36.207172
105.040779,64.997604,40.074768,35.791965
103.162804,65.125740,44.924957,36.302116
101.616966,65.343712,47.818424,36.612629
99.513725,65.474220,52.056194,36.541073
97.937439,66.008537,59.399265,36.523422
96.568138,65.993790,63.708477,36.547588
96.670746,66.244911,64.325569,36.966259
95.606293,66.087196,68.032211,37.473892
96.883217,67.822624,69.581810,36.712769
98.630112,67.329247,69.765976,37.144928
100.543724,67.147690,70.081833,37.499546
108.323044,66.382751,71.628403,37.772171
110.927757,66.773476,71.621353,38.281479
111.607353,68.100586,74.134605,38.111328
116.272659,68.597710,76.453888,38.093643
116.298897,68.800766,76.463631,38.482174
117.684166,68.886681,76.049042,38.469994
118.541069,68.951012,76.419853,38.521175
120.401535,68.983360,76.597984,39.463623
121.133194,69.109589,77.802971,39.607578
123.105461,69.854065,80.424103,40.655304
124.285690,70.214050,80.778664,40.628674
124.867325,70.502350,81.301407,40.838951
125.291260,71.301331,85.734535,40.990543
129.904327,71.893730,84.720360,42.140038
130.406021,72.031029,85.034958,42.381088
135.428299,73.340988,87.413742,43.100643
139.787598,76.177299,88.578178,43.428207
140.531723,78.137840,91.770790,42.444515
142.391617,79.669350,94.114815,42.248371
143.523193,80.575356,94.433945,42.091900
147.503922,82.104530,95.069504,41.800236
152.430923,83.172440,95.569214,41.378235
153.234924,83.426071,95.769714,41.261711
154.927856,83.885277,96.248367,41.090900
157.979340,84.329407,96.607903,40.959686
162.838303,83.595375,96.030510,40.701736
165.616562,83.686966,96.458939,40.427734
170.359558,83.450760,96.477165,39.508179
172.639542,83.690392,96.201797,39.927792
178.891571,82.865822,95.224045,40.328522
182.139954,83.162018,94.722145,40.381058
187.672546,82.170525,94.183174,40.218060
192.468262,81.211258,92.631889,40.308857
199.394760,80.309731,88.117958,40.051651
204.449905,79.440224,87.215630,39.978714
207.538803,78.280266,85.437447,39.855167
208.515640,78.263092,84.641785,39.672504
210.293610,78.281837,84.701385,39.502342
212.520859,76.854324,84.000465,39.856480
222.517334,76.070290,81.011459,39.690933
224.071899,75.848450,80.410591,40.003803
230.511749,74.741226,75.710091,41.945904
234.734818,73.107712,73.345810,42.638897
235.325806,73.185402,74.130318,42.764111
237.232315,72.226227,74.047096,42.581432
240.751389,71.302841,73.218018,43.802383
240.964218,71.410721,73.448952,43.961586
242.785324,70.201874,72.621078,45.204178
243.304932,69.553703,72.261726,45.879860
243.819611,69.399574,72.445580,45.927956
245.372589,67.877701,72.100639,46.600178
247.425934,67.437843,72.395470,47.138172
247.725800,67.665291,72.416779,47.262802
248.959137,65.765793,72.924248,47.055798
252.005157,65.241714,72.661133,47.194630
252.253601,64.914940,72.613747,47.521881
251.960724,63.160061,72.800125,47.599579
252.888504,59.872032,72.769211,47.944492
256.512482,55.741047,71.273506,48.875908
257.492767,53.141113,70.606506,48.670609
257.734650,52.975945,70.496429,48.994213
257.804382,52.711323,70.062790,49.114578
257.786682,52.841358,69.318718,49.504768
257.618988,52.951153,69.388985,49.943165
254.722595,52.790871,69.842667,49.578766
253.387161,52.535500,70.203865,49.823738
247.214630,48.869442,72.541588,50.340012
243.851990,47.301563,73.135620,50.432838
240.314713,46.325249,77.741600,49.472225
236.061752,46.637032,78.108131,49.649994
229.346542,45.315701,79.764198,49.078777
222.896454,45.513988,82.496613,48.253735
220.714722,45.975761,83.049316,48.138260
216.199768,47.160725,84.548904,47.826481
211.295502,47.837677,84.443756,47.862411
205.302032,47.734264,84.443497,46.914852
202.492569,48.248177,84.332504,46.349316
195.309921,49.553188,82.236763,46.409569
191.585144,49.399734,80.689613,46.319077
189.356598,49.514969,79.949814,46.321976
183.775513,49.964691,79.217918,44.664650
176.303543,50.252445,78.179817,44.392914
169.339844,50.971466,78.776894,42.949173
165.310852,50.990303,77.245811,43.152855
161.586166,51.905399,77.495094,43.210159
158.424164,52.895458,76.681084,43.038696
156.023743,53.353062,76.588852,43.409939
149.340027,54.634789,77.022522,42.950462
147.648209,56.123203,78.498581,41.286392
147.256424,56.251286,78.623192,41.385555
145.733185,56.266731,79.625137,40.926804
144.854294,56.422218,80.289703,40.862072
142.489807,56.383511,80.381302,41.111336
139.189377,56.430027,80.598740,41.246151
134.132263,58.888538,83.268333,40.173889
133.333771,59.108711,83.372620,40.414326
130.329086,59.462231,84.186989,40.216938
127.448395,59.773403,84.411781,40.457172
124.557091,60.181461,86.178383,40.315136
126.035469,60.238010,86.534248,40.388596
127.851456,60.236050,86.873016,40.393044
132.751282,59.414066,85.879601,40.290066
143.239182,59.065235,84.776398,39.976509
143.534622,59.315292,84.277092,40.213280
143.964676,59.881123,84.060631,40.722710
144.286697,60.512856,84.313805,40.989746
144.281860,61.343426,84.019737,41.143368
2
0
0
0
0
1
78.017899,81.804726,45.874294,39.003250
77.547600,82.178238,45.798046,39.431068
76.550728,83.382156,45.679878,39.477478
73.524864,84.621895,45.654793,39.180958
71.758629,85.304985,45.333920,39.359798
70.638794,86.215881,45.266113,38.993958
68.099915,86.518799,45.176563,38.668198
66.768959,87.348335,44.477310,38.990688
65.272179,89.525360,43.871109,38.751320
63.043159,91.423943,43.283573,38.288418
63.139790,92.310905,42.376926,38.327984
58.106560,92.271721,41.501095,38.191761
56.003941,93.343628,40.689056,38.968826
54.762589,94.242210,40.401642,39.193222
53.817097,96.232254,39.903797,40.160526
53.604229,97.145088,39.484268,41.137810
52.416988,97.635490,38.905560,42.031929
52.448292,98.079964,38.917168,42.682823
52.602230,98.383179,38.893082,43.057541
52.746983,100.214371,38.892960,43.467297
52.795876,100.670708,38.940380,43.382641
52.651306,101.505829,39.138176,43.428928
53.050133,103.934151,39.388878,43.620724
53.340988,104.431747,39.368759,43.996319
53.525013,104.565094,39.449806,43.996063
54.787251,106.053940,40.047897,43.473373
57.669456,106.543243,40.481174,43.179356
57.917103,108.059929,41.127953,42.900219
59.219181,108.114212,41.610298,42.773224
59.290592,108.641174,42.115696,42.760586
65.076439,109.100494,42.339924,42.761562
65.515121,109.413261,42.335869,42.832256
65.508087,109.526993,42.405197,42.786537
2
0
0
0
0
1
40.756096,115.420898,25.744125,46.080250
40.897068,115.557602,25.950855,46.062141
40.548527,115.604355,26.186674,45.606510
40.625725,115.118546,26.642878,45.408829
40.763489,115.130264,27.002653,45.413048
40.755482,114.678635,29.164972,44.825527
40.591232,114.206520,30.135548,44.591560
40.831467,113.508759,30.767572,45.824539
41.227726,111.180588,31.298098,46.439835
40.988968,110.029297,33.329163,45.460457
40.916679,109.925385,33.827232,45.456551
41.457134,107.808151,35.273869,45.264225
42.261150,106.961220,37.220581,44.328209
42.875198,106.982895,37.820686,44.439762
44.429893,105.205574,38.691780,44.592346
44.904942,103.716484,39.406147,45.001225
45.553345,102.618912,40.042515,45.325607
45.908554,101.552399,41.078682,45.118866
48.501030,101.007133,43.499924,45.399429
50.458809,100.161072,45.984215,44.935009
50.656616,97.188950,48.759418,45.723831
49.802685,95.191978,51.669369,47.079269
49.527943,94.987404,52.784676,47.650398
49.607693,94.136147,56.956585,48.594273
50.806183,94.740707,60.798119,49.131924
52.094288,93.677452,62.848129,49.110485
53.074390,93.348732,68.003319,48.330032
53.001259,92.962204,70.455986,47.241459
52.476276,93.100723,76.197830,46.298447
53.978302,93.189751,76.521729,46.268108
57.075752,93.034782,76.959969,46.399895
61.732529,92.922523,78.703552,45.679722
67.462746,91.818504,81.253639,46.291409
72.719620,91.850983,81.353333,46.477257
73.979118,91.453041,83.283173,45.960159
75.412216,90.909409,84.704796,45.476025
78.423683,90.649033,85.196281,45.361771
84.226898,90.586708,86.130669,44.642494
90.096191,90.651993,85.656281,44.586540
90.298088,90.824768,86.058006,45.015514
95.545586,90.442291,87.026260,45.147984
98.165939,90.605766,87.124496,45.179817
99.646027,90.765297,87.768738,45.410316
103.979889,90.875786,87.393547,45.243839
107.120651,90.839088,89.409325,44.347832
112.417366,92.537285,91.925461,43.353886
117.237892,89.543114,91.140129,43.302116
120.018768,88.781929,91.089325,43.099903
128.330261,87.281120,87.638733,43.606167
132.965515,86.544800,85.876411,43.569466
135.535690,86.799004,85.139542,43.686867
139.761749,85.996254,84.401329,43.818134
141.767929,83.983826,82.447357,43.789265
145.478806,84.250801,81.812164,43.594860
149.540451,83.350250,81.345108,43.224995
153.767319,82.667854,78.345062,42.846142
162.349518,86.850983,77.216904,42.239868
163.115631,86.097855,77.186951,42.084213
163.128784,83.502678,76.639877,42.050205
163.502289,83.689552,76.721741,42.351219
168.050095,84.593773,76.488609,42.246429
168.124451,84.512405,76.443909,42.502300
170.203552,84.172951,75.531975,43.043957
170.815094,84.067589,75.615234,43.632164
170.735947,84.026863,75.648544,43.822254
171.009033,84.074753,75.885674,43.975212
170.373169,83.999825,75.831642,43.692997
170.694580,83.919167,75.396156,43.705887
170.749390,84.167801,75.337021,43.687813
169.209702,83.041832,75.201279,43.155796
168.850403,83.380531,75.151466,43.099220
167.941589,83.285873,75.455070,43.306881
164.754395,80.986687,76.894394,43.514149
163.098587,81.606941,77.637268,42.589054
161.354599,81.614395,78.694000,42.305794
157.376755,81.548630,79.736023,42.134720
155.447510,82.173447,81.325790,40.754860
153.683899,82.768707,82.972733,39.718803
150.694366,82.787109,84.090240,38.537079
146.487823,83.850601,85.937759,36.535480
142.589279,83.863060,85.706017,36.266544
140.060944,84.902367,87.439339,36.060162
135.205994,85.566467,88.660011,35.285473
132.711380,85.874008,89.406166,35.460022
131.379623,85.945671,88.293594,35.287807
126.962791,86.083138,88.925049,35.312550
122.607224,85.753281,89.558327,36.179390
119.213074,85.521172,90.133751,35.751625
116.461693,85.994987,90.537094,35.230900
111.030952,86.030289,91.762276,34.722214
109.136978,86.887520,92.002579,34.163738
106.032883,87.337997,92.308632,33.907890
104.099480,87.427711,92.573128,33.704967
101.211693,87.606552,93.131737,33.710194
99.705551,87.750046,92.824631,33.934151
96.798836,87.690109,92.678146,33.872349
96.147980,87.559914,91.720169,34.059155
95.233017,87.636452,90.408012,34.516594
90.056175,87.237877,89.097717,35.711143
88.763527,87.131836,87.464760,36.018509
86.359253,86.899185,85.187332,36.722767
85.108940,87.128983,83.902176,37.014214
80.282372,87.033195,82.389465,37.586552
79.711082,87.014038,81.283241,38.026730
78.897072,87.241722,80.586021,38.512367
79.185966,87.403374,79.871635,39.032169
77.770607,87.395515,78.748184,39.571842
76.963959,87.459137,77.967888,40.013176
76.524925,87.606171,77.593559,40.550888
76.606674,87.768799,77.792137,41.008671
74.369995,87.706650,77.802879,41.340195
73.702065,87.736984,77.748375,41.370834
73.777687,87.772766,77.907738,41.469849
73.793198,87.753815,77.890236,41.370453
69.791458,87.228386,76.410454,41.107952
70.103271,87.408630,76.022995,41.452873
70.201286,87.282005,76.397301,41.359730
69.715103,86.649925,75.433014,41.441868
70.156593,86.520355,75.012642,41.562843
70.317871,86.801353,75.286079,41.954391
70.857086,86.695419,73.999535,41.949291
71.089981,86.623543,72.362144,42.139786
70.949295,85.995956,70.842216,42.873039
67.287796,86.274834,68.301758,44.636787
69.938812,86.802460,68.919395,42.624210
71.871643,84.818054,68.306885,41.811268
71.587486,84.080368,67.707947,41.955498
68.851952,82.052925,65.947578,41.923058
62.288673,80.024712,64.563896,41.672047
62.973026,79.648376,64.655624,41.666443
62.150990,78.687469,65.097351,41.263985
62.797855,76.586784,63.028847,40.989532
63.120163,75.677399,62.705448,40.615513
63.110607,72.105270,60.399624,40.366997
64.379677,70.827019,59.467838,40.133701
63.123829,69.353394,64.171692,39.013905
62.974674,68.488106,64.710793,40.043404
63.398045,66.378525,64.878044,40.325516
63.390373,65.526512,64.970314,40.204124
62.749386,65.568863,66.113823,40.088394
62.301006,64.479881,69.117218,40.295212
62.803944,64.557266,70.063095,40.195309
63.097214,62.880116,74.416336,38.975426
63.925533,61.426952,75.234497,38.634182
64.114487,59.621239,79.506927,38.469059
66.671692,57.721844,79.241554,39.277397
70.549553,55.944939,81.569305,38.425514
73.860443,55.458817,84.925163,38.112373
81.174416,53.838291,84.898148,38.715683
84.228065,52.049496,85.338341,38.635357
88.811607,51.402157,85.185158,38.739929
93.906448,49.139168,85.035240,39.028084
101.709976,47.898354,83.854134,39.307198
106.923561,46.763649,83.165024,39.645096
112.808769,45.710571,82.700798,40.436638
119.531067,44.048306,81.630455,40.298344
120.236649,43.784485,82.194130,40.383072
121.861969,43.662853,82.095238,40.375225
123.990578,43.019016,82.330452,41.709461
126.963104,41.985683,82.439034,41.843578
130.463181,40.507591,82.107056,42.400532
132.419510,40.484158,83.844833,41.970886
139.734161,37.294373,85.194588,42.171604
148.716629,36.221035,85.629494,41.570038
155.938812,37.743645,82.949455,41.562023
160.167847,36.600594,81.031631,42.769596
163.493515,36.770252,81.265396,41.304882
171.259399,36.636841,81.071869,41.244118
173.725540,37.196800,81.076790,40.505898
178.133820,36.566517,80.085007,40.806747
181.812180,34.924183,81.057449,40.529995
187.733398,35.835899,81.495148,40.829796
189.962723,36.038105,81.414093,40.681515
190.659073,35.865345,80.711533,40.812073
192.717422,35.006683,81.273376,40.408554
199.201660,34.229027,83.290878,39.501648
206.501389,32.196079,80.296364,40.465984
