1
200.715393,337.399963,56.454247,90.576866
200.822784,337.585419,56.373577,90.850754
200.861694,336.628387,56.523979,90.750542
201.087509,336.538452,56.966972,90.838913
198.979843,334.900848,57.495667,90.245720
195.132477,332.345764,57.788612,89.778206
192.252899,328.668243,58.447861,87.790192
188.693832,327.146454,58.844181,87.024551
188.371643,324.068756,58.449165,87.065315
187.806412,324.068970,58.510094,86.221832
184.122543,325.655548,58.245869,86.443428
182.403717,326.578125,58.160488,86.698509
180.196228,333.518890,58.220947,87.888077
178.466614,337.972412,58.925117,87.301414
176.323990,339.461334,58.711971,87.942245
173.101013,336.144409,57.788486,89.246811
170.949677,337.618866,58.205791,89.108513
168.929718,342.296509,58.575993,88.549385
164.417404,348.251526,58.680058,89.701843
163.106674,351.499695,58.665363,89.955040
160.838547,354.833130,58.593159,89.697922
156.895660,358.653870,58.448277,90.144997
156.954071,358.921906,58.465508,90.462135
160.529724,358.985138,58.067368,90.160767
160.087845,359.110016,58.313225,89.904884
158.732864,358.207397,58.370426,89.230774
156.657211,356.689636,58.688217,89.049301
156.721237,356.079010,58.998783,89.205719
157.525742,355.356781,59.191841,89.366669
164.464737,345.989990,58.826477,92.126534
165.783035,344.077393,60.633713,92.719795
166.004944,344.038330,60.992668,92.922447
168.184952,341.999725,60.603359,93.892097
171.867722,341.724976,62.568230,93.589104
175.418884,341.513702,66.497681,92.685783
176.807632,341.033661,67.002655,93.389214
176.885590,340.775391,67.502281,93.668930
180.991257,335.847656,67.625893,95.683098
182.045670,333.302368,68.238480,95.861824
182.697266,332.869049,68.207504,95.719200
185.997116,333.427917,68.598083,94.505554
190.840866,334.167664,69.303986,93.668892
193.211044,334.686707,68.894745,93.791946
196.678818,338.167572,68.807518,92.573158
197.308334,336.526917,68.228043,93.197639
198.047531,335.474701,68.109360,93.633217
198.881943,335.109283,68.269524,93.952339
199.371552,334.202454,68.440018,94.015282
201.295944,330.330688,68.401115,94.945488
204.469910,320.587067,67.357521,100.830704
205.108414,319.334198,67.221924,101.586304
205.371017,318.686676,67.477173,101.923088
208.986557,314.411987,67.183212,101.529236
209.641983,313.464874,67.214577,101.746185
209.791733,312.423981,67.444611,101.916954
208.642700,312.130585,67.038124,102.709373
208.950562,311.930237,67.527145,103.615608
210.336578,310.706360,68.455513,104.085274
210.727570,309.914551,68.360832,106.208382
210.819458,309.992401,68.483627,106.661812
210.973053,310.041504,68.343224,107.131081
210.949326,310.184631,68.414848,107.679192
210.840820,310.280212,68.389366,108.000122
211.063950,310.174835,67.771812,109.369057
211.226288,310.519470,67.676636,109.819923
211.315033,309.870331,67.996208,109.577362
211.029739,308.900940,67.870041,110.326286
207.053772,307.642853,67.423958,110.241440
206.920837,307.978058,67.330826,110.360046
206.959732,307.996307,67.476700,110.413261
207.743073,308.135681,65.505981,110.254448
208.789825,307.916534,64.655266,110.242630
208.257019,308.001099,64.836716,110.133293
208.626526,308.167145,64.053772,110.227386
208.215576,309.699768,63.872616,110.212929
208.175186,311.088470,63.414963,110.765717
208.353943,312.396454,63.472115,110.947563
209.193436,312.364685,63.277161,110.503075
210.087646,311.286896,62.282555,109.898003
210.453262,311.162048,62.387737,109.691223
211.038956,312.022034,62.403233,108.475136
211.710678,312.499084,62.446911,107.104614
211.882751,313.655792,62.283474,107.313187
212.246704,318.666229,64.968689,111.474869
217.214020,323.146912,66.128830,110.014442
217.629150,324.662445,66.393501,109.532906
218.496109,325.598419,66.365875,109.460464
218.717621,325.631287,66.456497,109.424812
218.794235,325.633575,66.443192,109.396736
219.030121,325.684540,66.455910,109.296661
220.343903,324.769348,66.114532,109.053001
223.354294,323.773773,65.851799,108.678688
224.246216,322.758331,65.857445,107.874649
226.099091,320.074860,65.607979,106.506790
228.867432,315.605499,65.149635,105.948692
229.063141,314.136536,65.367828,105.221848
229.107452,315.112854,65.339394,105.104294
229.220901,315.516418,65.671791,104.358253
233.240173,315.643127,65.421280,103.048424
235.753006,316.446930,64.698700,102.995369
238.877182,318.212372,64.132118,99.476654
240.299591,318.443542,64.209450,98.709023
242.183136,318.718018,63.715843,98.565422
243.113647,318.597992,63.545612,98.860275
244.222519,318.104034,63.474678,98.551888
245.570084,318.143005,63.018772,98.103073
246.583710,315.981873,62.351570,95.574196
246.406174,312.763855,61.672493,96.073471
247.214462,312.819122,61.182152,96.546227
247.484543,312.211182,60.984516,95.486107
252.322784,314.904907,60.350288,94.669456
253.591522,314.723328,59.953617,94.086777
255.514557,313.449707,59.147316,93.564278
255.180496,311.199890,59.345642,89.646500
256.670929,310.958801,58.331142,85.862648
258.800690,311.136475,56.710350,85.175568
260.538971,313.732849,56.237968,86.615349
261.208313,314.081390,56.226467,86.859077
261.683716,316.133636,56.075634,87.765991
263.306213,316.551971,56.690113,86.541504
263.510010,316.823120,57.080265,86.514252
263.410370,318.353180,55.980598,84.976204
263.322296,318.304840,55.925091,84.921524
264.622253,318.550415,55.972427,84.513847
264.733917,318.226990,55.847382,84.722054
264.636139,315.080963,55.107712,82.910248
265.415131,311.797821,54.931240,80.617317
266.756226,309.249359,54.430557,73.889145
266.008453,308.785492,54.184006,74.185150
266.314606,308.361877,54.358463,73.942009
266.465332,308.363403,54.416069,73.964455
266.559387,308.225250,54.450256,73.775505
266.594788,308.331787,54.467648,73.947853
266.415863,309.133820,54.567177,73.698067
265.750916,311.767426,53.499928,74.465881
263.657440,316.218018,50.379833,74.376717
263.774414,316.694672,50.685219,75.836433
263.960266,316.754120,50.962959,75.986008
264.895569,314.483154,50.301342,75.104836
264.674774,313.939178,50.644440,75.177750
261.039124,311.119415,50.835800,74.092606
259.939209,311.700897,51.153885,74.156593
259.780212,312.173370,51.430511,74.343338
259.495361,312.007141,51.521580,74.164497
259.660858,311.968658,51.913315,74.423050
256.529663,310.849121,51.222549,74.178719
256.318787,311.579285,51.391773,73.309196
251.864044,311.870819,51.350483,73.060799
251.344833,311.474548,51.205868,72.736282
248.494202,310.113708,51.818546,73.092484
248.146362,308.516235,51.617928,73.379089
247.254837,304.441864,51.409557,73.431908
245.004547,301.202209,51.186180,73.048058
244.076828,302.264557,51.057880,73.651848
240.104095,305.842224,51.357384,73.772507
239.530228,307.379333,51.408508,73.963387
240.372971,310.338104,50.134098,77.721519
238.992767,313.783112,49.893005,78.491730
239.020432,314.699921,49.782143,78.768478
237.950104,318.499054,48.266788,80.030815
237.645218,319.821777,48.822197,79.990608
237.987595,319.635101,48.824268,80.090172
238.707413,314.890503,47.756538,81.589180
239.508453,311.817474,47.595749,81.886734
239.687851,310.786682,47.690044,81.508522
236.861023,314.171143,48.200199,83.463737
235.753036,316.639252,46.633213,88.099129
234.377380,322.578888,47.189865,87.855347
235.422607,323.326447,46.887856,88.412216
236.619995,322.869080,46.759064,88.559914
237.400131,319.961151,46.583771,87.142868
236.341919,315.773346,46.754925,85.812035
232.098389,309.655731,47.463799,85.206154
230.463837,309.209320,47.242279,83.941261
231.552856,308.837463,46.913036,82.500999
232.449646,307.356628,47.112705,78.706955
232.272583,306.355377,47.066879,78.045860
232.252350,307.341217,47.182449,78.777580
232.164200,309.053253,47.099186,78.910492
232.132919,312.703461,46.960899,79.538780
232.463242,313.206238,46.932507,79.578186
232.579575,313.238495,46.936504,80.040939
232.162277,312.503174,46.964104,80.170815
233.117355,311.490173,46.690304,79.981232
230.551178,311.557343,46.709625,78.896530
230.618454,311.920441,46.736206,78.966377
232.526077,312.374786,46.527676,78.956039
233.135056,311.644348,47.276264,78.251175
233.554474,311.885406,47.215549,77.701721
233.931549,313.268829,46.804062,79.091736
234.779709,313.386627,46.928600,81.218018
234.864029,313.734772,46.695686,81.422920
233.896851,313.929565,46.156269,82.466934
233.463486,315.057709,46.203819,82.102974
235.375214,315.487793,45.851196,83.747108
234.113251,317.600525,46.298500,83.169640
233.640030,319.461029,45.755829,84.160538
233.395844,319.566498,46.119289,84.143539
232.807037,317.869232,47.107368,83.192444
233.866043,313.406830,46.981030,83.641167
231.777405,307.454987,46.845837,82.270248
231.477097,307.385498,46.534130,82.561493
230.651581,308.506470,46.418743,82.994110
227.293671,307.871094,45.837097,81.755699
227.403503,307.834290,46.063194,81.975098
229.048981,306.926056,46.448708,80.902672
229.747055,306.101807,46.000130,81.338478
230.296341,305.644592,45.517124,82.019669
229.781540,306.946930,44.677414,87.085732
228.722412,309.718781,43.995094,88.518806
229.332123,315.115723,43.615688,88.997719
231.438995,316.479126,43.790943,89.271584
232.924423,316.412048,43.435497,86.531898
233.304581,315.755798,43.394035,85.180695
232.818802,316.898041,43.532364,85.006454
225.913483,314.444824,43.533203,85.335167
226.086304,314.291534,43.874481,85.357033
226.011917,314.719086,43.943756,84.998787
225.786484,316.780731,43.947289,83.267876
227.174484,317.634460,43.329071,82.924210
226.692474,317.201599,43.455364,81.830368
226.445602,316.313965,43.429127,81.779739
225.864609,313.041748,42.888386,80.349930
226.506668,310.303925,42.660854,79.864487
227.116257,307.193817,42.633850,79.254272
226.144135,302.528290,41.973171,78.754578
225.572418,303.965363,41.519596,79.239899
227.437561,306.974487,41.181068,79.487320
228.944443,307.241821,41.218307,78.950165
229.082458,307.280762,41.400589,78.891869
228.561905,308.292084,41.183910,79.066429
228.905777,308.713165,41.258629,79.379623
228.206223,311.979370,41.063419,80.087791
226.388123,317.125031,40.787800,82.329475
227.372375,322.062622,40.344711,80.331200
228.604233,325.342651,39.500648,81.293442
229.630356,327.602966,39.742893,80.648254
229.833633,329.039032,39.788704,80.560921
230.498901,331.728607,39.590199,80.629036
231.006653,332.084961,39.879005,80.899010
230.774536,331.493652,40.061378,80.355537
231.768295,328.769165,40.449699,79.263466
232.673233,322.902405,40.317234,77.245529
232.246887,317.464996,40.232616,76.427559
231.794876,316.714020,40.336823,76.151779
229.723450,318.180878,40.075100,76.256767
229.325775,323.898590,40.269035,75.008629
230.941666,325.134918,40.460274,73.861916
232.212982,325.629272,40.091923,73.691902
232.147476,327.435303,39.833511,73.864281
231.699875,329.922028,39.790150,74.851288
230.341461,329.200012,40.149551,74.802666
230.296173,328.815247,40.167931,75.015244
229.108322,326.733582,40.104694,75.267258
227.423294,323.330017,40.201862,75.404144
226.808105,323.316711,40.348297,75.746246
226.159027,323.681854,40.410702,75.983040
226.056412,325.009491,40.055012,76.340240
225.852707,326.108459,40.129303,76.804192
225.885513,326.126984,40.312233,76.998283
225.348282,326.768982,40.231190,76.924202
223.108597,327.425171,40.525806,76.804466
222.327835,329.858643,40.286312,78.141266
218.320480,335.487061,40.169449,79.159660
219.050186,341.447174,39.671055,79.629295
221.150879,340.660736,39.319862,77.172997
221.558105,340.007019,39.134514,77.433098
219.738785,335.325989,39.756844,77.562538
220.121155,333.779541,39.278214,78.121803
219.985153,332.090179,38.660755,79.100494
218.002151,329.202911,39.125076,78.556313
216.871506,327.274139,39.114372,78.920334
216.410370,323.963074,39.414165,78.028587
217.557846,323.150787,39.182053,77.926178
217.930237,324.751709,37.970608,78.764374
216.875305,326.444763,37.602608,77.986694
216.930389,327.009216,37.804489,77.867264
216.922287,326.874573,37.905487,77.698029
215.584305,324.906250,37.534546,77.076813
215.794937,325.136414,37.938576,77.378868
215.441025,324.244995,37.927467,75.564743
214.784271,325.386536,38.121597,75.817360
214.120255,327.699402,37.990376,76.047478
214.037643,326.997437,37.971409,76.541458
212.166672,324.042114,38.331059,77.178375
210.287094,323.150970,38.411098,77.561287
211.247498,324.118408,38.203148,75.674225
212.811935,328.219910,37.918285,75.238388
212.858063,327.553558,38.385345,74.229675
214.207596,328.136169,38.482605,73.282326
216.945648,327.644226,38.402340,73.070877
215.056396,321.939667,38.368263,73.062233
213.952240,319.882538,38.441837,73.629677
213.742981,322.552429,37.808052,74.676933
212.940903,324.985321,37.735851,74.791542
213.337234,328.543976,37.367184,75.240028
209.806656,330.162811,37.993065,75.717026
209.543747,330.246429,37.793686,76.587730
208.512222,331.064850,37.444561,77.807846
209.818619,332.939331,37.047562,77.390999
205.665543,335.484192,38.291645,79.250748
205.102493,333.793274,39.097359,78.143677
208.547852,330.917023,39.671345,78.398933
210.106094,330.361877,39.860817,79.778870
203.677750,327.579193,40.748970,78.745743
203.181229,330.907440,41.084766,82.389076
207.088425,337.120789,41.117397,85.671577
208.318954,335.302673,41.668358,85.561867
207.918701,335.979431,42.074070,85.940895
207.526062,332.342865,43.027817,85.166420
208.516678,332.903290,43.642704,85.107239
206.001678,330.739380,45.435612,85.658783
204.638046,333.113495,46.369919,86.068298
205.226532,335.351227,46.348110,88.967041
205.172668,334.355804,46.717037,88.666145
204.353363,333.021179,47.601986,88.683472
203.862915,331.829620,48.034153,88.645065
203.456345,332.153687,48.670383,88.483047
200.840057,335.447632,49.247108,90.324661
197.748505,335.214813,50.073643,89.315689
196.047852,333.823608,50.683704,89.719849
193.298157,329.473328,51.530453,88.513794
190.668228,324.178894,52.840099,86.963799
190.217056,320.962708,52.932690,86.923027
190.007050,317.156128,53.057423,86.213013
189.976990,316.455017,53.563679,86.397705
188.310791,315.257172,54.447037,86.557098
184.879486,310.140839,55.616386,87.554192
184.740433,309.824310,56.105961,88.248367
184.437073,310.354767,56.600647,89.277122
184.332047,311.923920,57.145809,89.857910
185.068268,313.401550,58.524178,90.205879
184.969360,313.897278,59.135277,90.388069
183.570953,314.214569,59.847530,90.291672
182.880783,313.949524,60.183662,90.439156
182.741943,312.975647,60.736984,89.601318
182.057236,313.523865,61.066326,90.033089
179.517517,321.957184,61.742981,89.241837
178.621750,325.095154,61.993477,90.398010
178.662216,325.462891,62.089348,90.406700
178.683487,325.740540,62.540112,90.330460
177.420502,327.682465,63.292610,90.370285
177.396088,328.288361,63.502720,90.423325
176.644775,333.242676,64.271271,90.111366
175.038773,337.029694,64.103828,90.651527
175.248016,337.349915,64.487160,90.930595
175.281204,337.316650,64.477882,90.962395
175.289505,337.333557,64.468613,90.960052
175.288010,337.293854,64.470558,90.912544
175.253113,337.552704,64.433411,90.968269
175.317657,337.765381,64.433250,91.013779
175.515533,339.167297,64.572800,91.140396
175.683411,340.310211,64.840622,91.729782
175.740189,340.417603,64.956192,91.992081
175.687820,340.340942,64.942917,91.994217
175.506058,340.201721,64.836784,92.143059
174.994659,339.973511,64.750053,92.884354
175.005966,340.058960,64.914642,93.016838
175.042542,340.296173,64.965477,93.463295
175.036041,340.235474,64.946442,93.482430
175.186707,337.476868,64.484322,93.951622
173.704529,336.687836,63.989582,94.473473
173.391968,336.817871,63.831326,94.704872
173.630310,337.423096,63.858437,95.060852
173.788284,335.951660,63.780067,95.434174
172.488876,336.577057,63.484596,95.233665
172.616455,336.709930,63.194786,95.461380
172.997833,337.126251,62.999012,95.354401
172.987808,336.959747,62.412346,95.525391
172.684631,338.218750,61.568439,96.148186
173.041519,338.342468,61.823696,96.496460
173.325195,338.108795,61.753956,96.595558
173.442749,338.133362,61.922195,97.028122
173.554779,338.069366,61.916386,97.286095
173.446686,337.887054,61.762135,97.680313
173.024826,338.530853,61.435627,98.198685
173.906586,342.055176,60.554127,99.142159
174.596542,344.408966,60.427994,99.652229
175.072525,344.583649,60.238419,100.491730
175.511688,343.695709,60.387981,100.457924
176.143524,341.726898,60.110115,101.354095
176.805161,339.112244,60.136780,101.740906
177.776184,336.807770,60.157536,102.396111
179.033707,335.317230,60.203968,102.990417
180.944748,331.447327,60.373138,103.382408
182.612274,326.992523,60.228954,104.294899
183.680878,324.241760,60.339405,104.909737
184.058365,322.834808,60.209446,106.244156
184.299026,322.864014,60.090477,107.005310
185.740921,328.056274,59.744461,108.151184
186.987885,332.059509,59.485607,107.737007
186.964249,332.524139,59.287357,108.116081
187.725815,333.257538,58.822258,108.222801
187.548645,332.887512,58.816185,109.062767
186.907379,332.710266,58.602783,110.015701
185.994476,340.492889,58.601906,110.718163
186.115417,340.618530,58.783035,111.454872
185.970016,339.904999,58.894173,111.663391
186.056290,339.751495,58.932194,111.953812
185.630768,338.568329,58.606350,112.103439
185.738464,337.949677,58.812382,112.413803
185.415833,337.354126,58.888866,113.084381
185.129181,337.574524,58.748253,113.648155
182.141815,348.930817,58.371319,109.829063
182.424179,349.197327,58.469013,110.104950
182.587891,349.442047,58.415413,110.607399
182.643967,349.665894,58.443508,110.969765
182.249832,349.561493,58.278919,111.606392
182.808487,354.958221,57.962856,109.556496
182.896027,355.514313,57.919056,110.256058
181.812759,358.493469,57.206982,109.518501
181.441757,360.844879,57.044704,109.458206
181.882645,362.069824,57.209702,109.347549
182.060913,361.964844,57.431221,109.328819
181.069794,361.128204,57.435986,109.124626
179.600540,361.062317,56.956635,109.221466
176.935730,359.510101,56.184483,109.475128
173.766998,360.724396,55.893822,108.893379
169.871063,360.296234,55.387760,110.203644
166.779541,360.331604,55.199879,110.959763
164.728516,354.317078,54.754803,112.288429
160.393097,344.386658,54.846210,115.395432
157.240448,339.808563,54.539169,116.536972
155.249832,338.575500,54.668331,117.922432
154.107651,335.833740,54.560959,118.556763
149.230423,332.501831,54.073818,120.246071
142.488708,329.502106,53.926903,120.223274
142.277359,329.244995,53.743839,120.666206
143.313507,328.825714,53.063221,121.468185
143.148422,329.325195,53.327724,121.218567
136.140060,332.799469,51.967148,121.463943
135.249649,332.302368,49.887497,121.406784
135.232956,333.583282,49.853180,119.255920
135.270874,334.174011,49.900475,119.460373
136.007645,337.691162,48.546570,119.680641
138.199356,339.166870,48.699104,119.309822
137.969849,339.124695,48.984097,118.816330
136.446930,339.256165,49.000111,118.664291
136.717712,339.237488,49.459896,118.758110
138.735855,338.647614,49.018536,118.615189
138.989532,338.814789,49.470467,118.921425
142.756683,337.288818,49.290771,118.074883
142.993500,336.840607,49.256081,118.319786
143.618668,336.088898,49.411526,118.186569
143.597656,335.752106,49.466164,118.352600
144.837982,334.765289,49.263065,119.165230
145.608429,334.130920,49.579582,119.622673
145.729965,333.892670,49.977524,119.544403
150.214813,331.925781,50.058800,118.536224
150.438232,331.792114,50.491619,118.979202
150.437317,331.811829,50.473152,118.948387
150.856613,332.000031,50.543228,118.364258
155.155853,332.668549,50.551422,117.523643
156.126480,332.817719,50.987953,117.357903
156.131805,332.888855,50.974739,117.448250
157.291153,332.374420,50.839138,117.182274
163.119217,331.844177,50.434479,116.266571
163.425400,331.185028,50.366661,115.931404
165.944138,325.852844,49.390717,115.542572
167.558563,324.843414,49.051815,114.932381
164.370605,324.785492,49.173359,114.467499
165.183609,324.089966,49.503365,114.105827
166.241821,324.073486,50.175148,114.406090
166.476212,324.525909,50.463749,114.353058
166.508301,324.613983,50.482960,114.424728
168.009583,323.774658,50.181446,114.597023
168.272873,323.948608,50.407089,115.096756
168.147110,324.764587,50.241722,115.434143
167.749924,326.236237,50.062950,115.956718
167.967575,326.266998,50.474350,115.949257
167.976746,326.317017,50.461914,115.939186
168.003159,326.371552,50.478546,115.932312
168.024582,326.434509,50.465725,115.955986
168.815918,326.471313,50.334381,115.599762
169.640198,327.405884,50.560818,115.607231
169.832901,328.963806,50.730019,115.938927
169.992035,329.285675,50.961483,115.908531
170.385345,329.056854,50.907116,116.095825
170.774002,328.895813,50.943455,116.420380
170.659180,327.242523,50.748940,117.218613
170.772736,327.264435,50.983036,117.474678
172.959778,323.391510,50.120407,118.437920
173.507187,322.210510,49.992260,118.717018
172.621902,320.479248,49.384106,118.874191
168.876923,320.120209,48.919964,118.549301
169.019409,320.380371,48.853298,118.931458
172.736374,317.673492,49.606453,118.454155
172.869125,314.442993,49.673454,119.536308
171.397980,313.118225,49.940868,120.216415
171.047760,311.424103,49.749878,120.627487
171.229034,311.510101,49.851707,120.855553
167.206482,309.564117,51.217495,121.815819
162.678680,311.775269,51.220013,121.397598
163.264648,312.649658,51.419144,121.282143
163.753784,312.636719,51.516804,121.472427
163.994156,312.650848,51.974323,121.447647
162.820618,311.825317,51.856899,121.097984
162.390854,311.818939,51.871189,121.229454
162.404709,311.984253,51.999489,121.312622
161.543640,311.007477,51.968819,120.009201
159.456985,310.449707,51.670990,119.793030
159.841721,310.160065,51.991463,119.741592
160.372162,309.315155,52.016087,118.925865
160.602798,309.058563,52.503201,118.720146
160.495575,307.823761,53.227516,118.686859
159.199875,305.730011,53.334843,118.811012
159.508270,305.639130,53.609398,118.710854
159.696518,305.765594,53.975395,118.943504
159.589828,305.931030,53.942085,118.819191
159.819244,306.379181,54.105003,118.979065
164.333527,309.068634,55.639702,117.853172
167.487885,310.430969,55.787975,116.609200
167.520645,310.665497,55.983982,116.856400
163.167023,312.055511,56.440475,115.942345
163.109848,312.608704,56.483696,115.637573
165.400665,316.887726,58.491592,112.809395
165.257462,316.919189,58.363976,112.636368
165.148483,317.188324,58.494488,112.564583
164.737442,316.914307,58.401245,112.743553
164.786102,317.048737,58.473206,112.951805
162.734268,322.970184,56.821136,106.138382
162.798187,324.152649,57.037575,106.188988
162.540146,324.006531,57.477631,106.435616
161.569275,325.797607,57.453609,105.324753
161.472015,325.963135,57.427074,105.399979
161.595306,325.886047,57.471363,105.461609
162.447403,325.484680,57.357071,105.227654
161.835129,325.081024,57.363457,104.763634
161.496353,325.253937,57.362053,104.446152
161.316956,325.773743,57.473328,103.921852
161.316208,325.850525,57.457832,103.898476
162.448288,326.571259,56.530529,103.832344
162.689957,326.661896,56.967651,103.955032
163.483215,326.579224,56.686630,103.784538
165.031219,325.811768,56.657143,103.706299
166.250900,326.226044,56.831547,103.393356
165.392487,326.473846,57.055607,103.028137
165.758713,326.672089,57.419209,103.536903
165.798935,326.904083,57.471466,103.954117
167.680283,326.464783,57.442394,103.510300
169.518158,321.790558,57.398460,103.468002
170.053970,316.755676,57.333214,102.082970
168.537704,315.229614,57.060852,102.215408
169.097977,313.964081,57.215393,102.382866
171.380356,312.215332,57.145176,101.832207
171.332794,310.532379,57.392632,101.538643
173.587234,310.026520,57.204758,99.882652
175.484772,310.065918,56.866199,100.114220
175.208878,309.586578,57.200951,100.376450
179.630234,304.868652,56.689251,100.899902
178.953400,304.065155,57.103455,98.829369
173.739655,303.186890,56.448498,102.575188
174.496201,302.597443,56.100235,103.339622
174.693314,302.676025,56.470966,103.456947
173.791855,302.382965,56.170399,103.092674
172.988831,301.775970,56.368668,103.491562
172.335617,300.189545,56.508663,102.514137
172.374588,300.272736,56.954174,102.879066
171.698364,300.644409,57.115437,102.699242
170.838089,301.775299,56.892593,103.793365
171.369064,309.664795,55.261421,103.381622
171.590683,314.366394,55.320454,102.803642
177.805801,314.848877,55.115620,103.644012
177.775223,311.293396,55.680019,104.058357
177.078293,309.171356,55.986053,104.306854
177.466995,307.301575,56.133297,103.410561
183.945068,301.878845,56.103123,102.733444
184.615906,300.259033,56.585335,102.719109
184.673233,299.444611,56.916019,102.970352
184.533524,299.054993,56.991238,102.884201
185.206543,297.516541,57.037445,102.747353
184.369064,298.117249,57.328857,103.227692
185.445053,297.808960,57.510136,104.106926
188.273788,296.781525,58.073078,105.098030
188.253983,297.084412,58.479805,105.472595
187.976669,297.133209,58.449940,105.424889
187.976822,297.160675,58.460747,105.455956
187.871765,297.714722,58.514050,105.445686
188.465302,301.129913,58.530441,104.837173
185.632034,307.198730,59.497349,102.398262
180.769730,312.193390,59.478325,97.806007
177.862259,316.048340,59.326946,100.094139
177.081467,318.632935,59.600967,100.070641
176.635727,320.230194,62.001373,99.223396
176.900848,320.785614,62.469254,99.277534
176.846695,321.036285,62.502422,99.345009
176.432663,321.130096,63.041527,99.250214
176.391953,321.305054,63.467239,99.418289
175.667618,321.287109,63.515259,99.107216
175.834427,321.382904,63.933723,99.472313
175.235580,320.490845,63.943668,98.889305
175.379959,317.248718,63.225925,99.059250
175.096893,315.060669,63.486427,99.703201
174.857590,314.952698,63.205894,99.711906
173.448425,314.050842,63.177925,99.609749
171.240143,313.596008,62.674179,99.964371
171.014450,313.178802,62.616585,99.896889
169.291580,307.158173,61.775288,100.018555
164.462646,309.683960,61.920361,101.535217
161.139084,312.210052,61.786507,102.665283
160.923981,312.380371,62.033730,102.979980
157.288345,317.191406,62.858017,105.444389
154.150192,320.607605,63.425915,105.835670
153.938171,320.399811,63.753326,106.983528
154.046371,320.410248,63.977119,107.034882
154.046631,320.659271,63.962212,107.450363
154.057602,320.697052,63.968102,107.446640
154.059662,320.780884,63.947399,107.464844
153.450134,321.329010,64.051125,107.276901
153.534058,321.810547,64.302589,107.910141
153.630585,321.859192,64.467285,107.952667
153.645432,321.883148,64.468147,107.953468
153.661728,321.878601,64.446533,108.044121
153.685715,322.031891,64.441917,108.578735
152.072662,321.179718,64.553802,109.952614
148.928513,321.877228,63.889290,110.736534
144.451447,330.009583,63.930656,112.109215
143.420151,334.236786,63.317184,112.906235
148.678131,334.688873,62.179295,114.225250
148.803970,334.842896,62.455353,114.457558
143.446075,335.419281,61.397446,117.756294
144.695877,335.531494,61.326447,117.981789
148.728882,333.820129,61.986679,120.023727
148.734100,334.058594,61.969383,120.448082
148.765747,333.801392,61.758976,120.714745
149.561752,332.860626,61.687744,120.744904
149.094070,326.331818,62.329147,121.050011
149.556854,326.326233,62.254505,121.374763
149.452148,324.449860,63.148075,123.240898
149.542557,326.839172,62.049625,123.138580
149.975098,327.868652,61.650074,124.220909
152.217651,328.088440,62.090549,124.895584
152.408417,328.137787,62.460644,124.945915
151.845383,324.411896,62.759109,126.414413
151.841309,323.477417,62.122871,126.561180
151.707047,321.479736,62.192398,126.944229
152.224823,318.014160,62.880344,128.486816
151.637680,317.935089,62.644466,128.396240
151.828125,317.292877,62.705467,128.539886
152.243546,313.394165,63.227406,129.583389
151.559586,311.819916,62.934795,130.304535
147.402802,303.760498,64.812386,136.408142
147.479294,303.718140,64.972115,136.452667
147.499893,303.920593,65.014618,136.408005
148.144073,306.374512,65.366196,135.120926
149.105743,305.750397,65.788315,136.053070
150.540405,305.832794,66.855537,136.210281
150.194550,307.414398,67.147705,136.063354
150.316284,308.412018,67.400505,136.267563
151.579758,306.609131,69.738449,137.236435
153.173691,306.448334,70.736809,137.757095
156.842331,307.903381,72.699951,136.856049
160.899963,309.174713,73.036072,136.040710
167.077713,308.961212,73.742615,137.685654
171.245117,306.864716,74.667915,138.741257
171.629150,307.140869,74.949257,138.935715
171.652512,307.446167,74.976234,138.861191
172.165115,307.432037,74.829933,139.096680
174.263870,306.475311,74.195824,140.310944
177.572433,306.603790,73.610008,139.412552
179.152924,304.384338,72.607269,140.143021
179.432083,304.337341,72.927010,140.478409
179.488098,304.364471,72.960083,140.430008
180.387939,308.056091,71.929947,138.810852
181.943924,310.316864,69.715324,138.642410
187.580139,314.499847,68.305954,135.727646
187.787537,314.531525,68.445557,136.063782
189.009567,314.836945,68.229805,136.274033
192.476913,312.031616,68.529388,138.929459
193.610504,311.642120,68.138596,139.022079
194.886627,311.107697,67.889519,139.316681
195.844635,310.238251,67.857857,139.874725
196.606827,308.375519,68.443382,140.177826
196.627792,308.527100,68.469971,140.439682
195.819000,307.725677,69.708984,140.546844
194.438721,306.851105,71.368942,141.062576
190.046127,306.672882,71.252800,140.833725
188.413956,306.940826,71.744858,141.314102
189.154968,310.025055,71.307007,140.099533
190.247742,315.894836,70.711113,135.960190
191.007858,317.230042,70.485611,136.009598
191.150864,317.797882,70.764801,136.605072
191.343460,318.248688,70.941772,136.823593
193.241730,318.474304,71.222656,137.557648
193.489929,318.862915,72.167664,137.487122
193.806519,318.109222,72.521400,137.923294
195.053223,315.562805,72.843910,137.839767
199.889725,310.785034,70.129242,139.173248
201.769714,304.892273,71.520775,140.975510
201.081375,303.847260,72.358887,140.938095
197.478714,304.824768,73.286453,141.879257
195.340454,306.388580,71.263115,141.632812
196.092010,307.719818,71.180832,141.320068
196.099716,308.032959,71.695816,141.752747
194.153336,306.187134,73.390221,143.185150
194.104584,305.790253,74.385948,143.457352
192.981888,296.356903,75.448509,151.227890
188.266739,293.667480,80.354897,154.247101
183.829819,294.788300,80.757385,153.517044
183.100220,295.792877,80.797249,153.218994
182.971039,298.756989,79.386818,152.146851
182.142670,298.037506,79.942688,154.050003
181.744125,298.959747,79.985321,152.816971
179.930893,298.875305,80.789742,153.422379
177.637497,298.372406,81.356117,154.039078
177.685318,298.732025,81.458267,154.378006
180.228119,296.363159,80.857338,156.145645
180.538422,296.049957,81.393387,154.455215
178.748154,296.281036,82.053604,153.003479
179.143326,285.709473,83.678978,160.869217
179.372650,284.962921,84.110794,161.107208
179.207001,285.036896,84.412476,161.364426
179.214005,285.469971,84.462418,161.219223
180.149185,285.283417,84.807281,161.839279
180.837509,282.715881,85.688805,164.549347
178.896622,278.963135,87.285500,167.263596
173.394196,273.379120,90.931358,170.434067
173.528137,269.705627,92.410049,172.995270
172.659088,270.261566,92.916000,173.059082
171.903702,272.992279,93.688690,174.303665
171.077820,272.141388,97.451050,178.459015
171.703171,272.032501,97.517540,178.570862
171.875992,272.088348,98.251007,178.917648
171.721191,271.477600,99.637115,178.987167
169.105133,274.889862,99.285408,180.525787
169.178970,275.123718,99.599640,180.885239
169.150833,275.276459,100.348190,180.617859
166.258224,275.940643,99.852440,180.269836
164.113907,274.930481,98.919746,178.826569
162.561478,271.071442,100.663445,178.189514
