1
183.236130,209.197983,54.944798,106.383186
183.017624,209.124710,54.891495,106.384605
183.208160,209.864410,54.843479,106.124069
182.477707,209.833099,54.514591,105.983734
180.150558,209.748108,54.380493,105.266457
172.511551,215.247101,54.323170,103.829742
172.349533,215.953812,54.336121,103.769203
169.008194,220.361862,54.424671,102.940994
169.196930,221.626434,54.403759,102.251129
169.192352,221.992599,54.477055,102.367340
171.058884,225.432068,55.026394,101.327751
170.744919,227.952866,55.547367,101.189949
170.323456,229.220840,56.054554,101.520012
171.793381,229.475876,56.344742,101.690247
172.101044,229.552887,56.408119,101.865463
171.177216,233.086273,56.214264,101.254280
175.192307,234.451050,56.242126,101.478065
187.278610,230.224533,55.739372,103.887825
187.760284,230.850052,55.814655,103.361671
196.341690,229.257034,55.881256,102.299164
204.864288,225.529938,55.902893,102.970734
205.635468,225.322678,55.957283,103.372536
211.754776,228.513535,57.079208,103.375481
212.051361,228.166824,57.536491,103.648636
212.863892,227.779190,58.052826,106.034698
214.515594,227.697220,58.071606,106.235588
217.129745,227.521225,58.218708,106.757805
222.193329,226.298874,57.701302,104.135147
230.040466,224.737137,57.154144,101.965462
236.685013,224.629913,57.569885,99.575424
239.541916,226.021622,57.753078,99.441559
241.183914,226.123474,57.668953,99.161171
246.551178,225.719681,57.817749,98.136322
251.720200,226.106857,57.691124,98.376381
255.705154,225.129059,58.355213,97.836418
259.179443,224.235153,58.717361,98.605492
261.917419,224.528229,59.825619,98.458664
264.992004,224.883591,59.999851,97.198235
268.800629,225.542847,60.347153,96.279892
271.671936,225.868347,60.333511,95.399109
274.688080,226.927490,60.628357,94.879845
276.611969,227.770523,60.661835,95.181107
277.496490,227.980667,60.857586,95.595253
277.652313,228.185745,60.943771,95.990402
277.678986,228.190811,60.969879,95.958633
277.692627,228.211746,60.969879,95.958633
277.710419,228.227066,60.968254,95.958954
277.730682,228.272781,60.957706,95.983231
277.772736,228.305603,60.975121,95.976295
277.219452,228.521683,60.900059,96.108109
276.432892,228.042191,60.878185,96.881699
276.330658,227.645218,60.828079,97.143684
276.424347,227.733765,61.016712,97.563103
276.641113,227.533417,61.539185,98.526955
276.890167,227.528549,62.032936,99.019844
277.169891,227.617783,62.565811,99.401672
277.383209,227.555923,63.218861,99.629585
277.270386,227.613861,63.499702,99.768211
275.630524,229.142151,64.335381,98.393898
270.672974,229.947388,66.259270,97.860710
266.226532,231.122025,67.570274,96.345413
262.399292,231.906830,68.295914,95.618477
258.273285,234.110336,68.157700,95.352432
253.027328,236.480637,68.806526,93.704445
248.980042,238.593887,69.078934,92.213814
235.143494,240.712234,67.929993,90.774170
221.209381,241.325455,66.162643,90.566231
217.019821,238.518402,65.904068,91.075874
212.840332,237.543991,65.115005,92.088257
207.405289,235.327713,64.803497,90.843941
206.310410,235.685699,65.304657,90.730026
200.281845,235.402832,65.457832,91.623543
190.544281,236.683090,65.017120,91.585953
182.799133,236.196884,64.563179,93.266716
175.875641,238.281693,63.660358,93.399063
170.119003,239.548615,63.289490,91.523163
162.778900,235.425949,62.678509,92.376961
160.687042,234.837418,62.022247,92.459274
155.685318,234.108337,61.930801,94.245567
148.820068,234.454453,61.686104,94.457726
141.395386,233.068787,61.038647,95.076393
140.182526,232.732971,61.347198,96.722458
135.415222,229.292633,62.950115,102.348274
129.604568,228.257385,62.948086,100.892555
119.750107,226.168549,63.287365,99.278671
115.701103,225.163712,62.381065,100.141861
114.276741,224.793610,61.857498,100.326797
112.425667,224.693680,60.709198,100.387367
109.832504,223.123184,60.961422,101.127274
105.959846,221.385590,61.319923,100.578285
103.487175,219.576950,61.466072,99.635544
103.621811,219.492325,61.424877,100.384766
102.523781,216.753098,61.333241,102.681549
98.726753,211.158417,61.497478,111.147713
97.292549,210.030365,61.302082,112.058235
96.087578,209.726379,61.132664,112.804695
96.130936,209.628143,61.254204,113.065666
96.155846,209.790558,60.912369,113.643311
96.537842,209.887070,60.392864,114.133453
97.639397,206.989944,59.998917,113.275749
100.575905,205.073990,59.836910,115.405518
100.949829,203.029236,59.783733,114.324272
102.976189,200.735489,60.076008,115.335381
103.780342,199.386932,60.300995,116.941620
103.989120,198.974121,60.397640,117.337494
104.351166,198.375244,60.855164,116.870720
106.589714,196.948807,61.192650,115.825294
112.711746,195.073151,61.398838,114.204483
118.761871,193.968369,60.568581,113.280121
123.855118,191.856552,59.286079,112.870262
127.652061,188.791290,57.321842,112.741974
130.539566,185.709000,57.306671,110.521042
134.216583,185.438248,57.832279,113.682930
136.633865,183.897247,57.086781,115.955956
138.074066,183.446091,56.368263,116.479355
139.931717,182.122070,56.407337,115.560005
143.843567,182.775574,57.993462,113.689072
146.999557,182.636185,58.143616,112.979057
153.408401,183.909668,57.750774,110.882637
158.807831,184.214737,57.144272,109.474358
163.317841,183.290405,56.531391,108.518379
167.139313,181.099106,56.295021,109.320541
171.397293,173.999985,55.186798,106.469696
174.618561,174.789001,54.501595,107.603424
175.922852,174.440247,54.705299,109.213974
177.724487,173.996841,54.742813,110.335640
180.138596,173.067245,54.923077,111.779655
185.736816,171.918701,54.463299,111.089767
187.884171,171.963608,53.911018,110.716713
192.959503,172.184692,52.308914,109.625565
195.082886,171.553497,51.787178,109.460037
197.602203,170.827682,49.717590,109.032486
201.158493,167.960098,48.358658,108.904213
204.199631,168.163101,48.430603,108.310356
206.080414,167.650131,49.225941,108.254456
206.384903,167.313080,49.635975,108.543312
206.454453,165.901779,51.145607,105.335388
207.048416,163.669891,51.276001,104.019592
207.689987,161.433640,50.790489,103.733810
207.873093,161.321320,50.928963,103.902954
208.780548,160.693359,50.545162,104.306763
211.912888,159.373184,49.749760,106.838516
212.777130,159.272110,49.684593,107.455536
213.764175,159.014572,49.528652,107.861412
216.843887,157.202179,48.636852,106.713173
218.499039,157.350464,48.301155,107.534645
218.636856,157.583237,48.455555,107.952354
219.692245,157.262955,47.924267,107.636871
222.383514,156.251556,46.757999,107.196793
222.556503,156.376343,46.975491,107.531464
223.136581,156.305298,47.050789,107.821999
225.112411,156.203629,47.701248,107.308327
226.519760,156.856369,48.166256,107.924164
231.137039,159.426895,47.338322,109.185928
233.090317,159.396957,47.561939,109.716064
235.462112,159.388748,47.983345,109.855797
237.760193,158.104538,50.852180,112.033241
238.570557,157.391602,51.227516,112.304344
240.357651,155.448975,51.402309,112.470253
241.964859,155.417557,51.227707,112.229546
242.619064,155.183990,51.413342,112.629219
242.992584,154.757385,51.216179,112.849571
244.354935,152.406754,50.797642,112.584793
247.485977,152.231522,50.499447,113.370895
249.547470,153.090988,49.603355,113.279587
253.671982,150.549561,48.960598,112.677849
256.308014,149.084473,47.825928,112.781166
260.288208,148.861877,47.072247,112.172775
260.760406,148.873459,47.339577,112.404572
264.504028,148.130692,46.700912,111.936920
267.172333,144.607956,46.836941,112.281563
269.549072,143.477524,46.276825,112.090881
270.291443,142.207077,46.248863,113.078827
270.416473,142.428360,46.479008,113.438629
270.439728,142.461761,46.486607,113.426651
270.603180,143.216660,46.566399,112.725075
270.872559,143.566391,47.095219,112.755302
271.412598,143.649902,47.570877,112.535690
271.527344,143.942719,47.979069,112.827576
271.440033,144.584564,47.931110,112.640289
271.475311,144.793793,47.973122,112.908752
271.689209,144.641541,47.796146,112.922653
273.502380,144.176666,46.766636,112.544006
274.290253,144.737640,45.740089,112.582787
274.795624,144.992020,44.970268,112.359222
275.403229,145.001190,42.672203,111.037384
275.551331,143.784195,41.945633,110.287643
275.619354,143.385895,41.427265,109.682320
275.581360,143.349564,41.046158,109.251732
274.085327,144.557053,41.016636,108.765205
272.765106,147.437195,41.415058,107.942009
271.531830,148.169373,41.340240,107.296974
271.852997,148.972137,41.435898,107.173668
272.535248,149.470596,41.462009,107.691887
273.993591,149.759521,41.411995,107.746063
274.009033,149.971802,41.473412,107.988243
274.062714,150.495895,41.382343,108.232880
274.377258,152.416504,41.051193,108.287811
274.716919,153.388138,41.361881,108.017143
275.240723,153.603607,41.066898,108.186371
277.404327,153.545975,40.324440,106.211563
277.292389,157.295959,39.369816,105.619728
277.529846,157.119781,39.353500,105.976555
277.613373,157.191299,39.482796,106.156410
277.766998,157.289078,39.512951,106.834114
278.015411,157.399261,39.974434,106.973564
278.090942,157.528610,39.992493,106.941490
278.579651,157.914749,40.048592,106.661949
279.567993,157.001053,40.634632,108.699203
280.061890,158.224808,41.264771,108.852409
280.203705,158.304642,41.473572,109.002068
279.817688,158.550995,41.390186,109.606354
279.410278,159.225403,41.424263,110.009621
279.307648,158.423035,41.164043,111.942505
277.373352,158.332687,40.242264,111.951996
277.351685,158.247986,40.063641,111.853027
276.094879,158.574905,39.896725,112.138458
275.175262,159.011536,39.647221,112.475380
274.481171,160.268463,39.729156,112.056709
275.014557,161.966766,38.622208,108.585335
275.336823,161.843185,38.954384,109.195206
275.345001,162.039337,38.975555,109.446945
274.322693,164.675232,39.647011,108.133575
273.427643,164.925461,39.871098,108.165565
272.746735,165.394226,39.879028,108.278374
271.399231,168.056061,40.133038,107.481026
269.987823,168.668488,40.221699,107.019386
268.413513,170.767929,39.899796,107.460526
267.225098,170.715500,39.086857,108.389748
265.933350,169.827408,38.207108,110.368210
263.771881,167.718582,37.375301,111.508667
260.920929,169.814270,35.804947,110.629303
258.395538,168.806229,36.732681,113.503090
255.556274,169.290833,36.406452,115.085884
252.015472,172.415939,36.282230,115.170517
251.051437,174.239426,36.432495,114.953712
248.130142,175.686874,36.747986,114.740448
245.639526,179.812729,37.382065,113.746605
244.907852,179.964172,37.615433,113.685791
242.024231,178.761215,39.114704,115.547737
240.713470,178.372955,39.627705,116.614571
240.078827,178.774979,40.034142,117.210938
236.163025,178.562134,40.860748,117.640312
234.682022,179.213928,41.015194,117.629166
231.143814,181.377884,42.100735,119.147705
227.759689,182.159515,43.392467,120.024391
225.218307,182.326706,43.427845,121.045265
224.460999,181.769958,43.108719,121.677963
221.698914,179.555313,44.189278,122.803955
220.235016,177.857010,45.688568,124.651421
217.579514,176.145020,46.360729,125.453003
215.921524,175.067566,46.313545,125.667091
213.563492,172.714050,46.689301,127.898514
213.195206,171.446823,47.338421,129.381073
212.714798,171.469330,47.540768,130.029968
211.567261,171.737946,47.942677,130.356354
210.724976,172.244598,48.565292,130.077301
208.236374,173.293365,48.909992,129.847626
201.208649,177.456345,52.440529,130.368103
197.477509,178.816086,53.108940,128.852692
193.434570,182.050415,54.006763,125.993820
192.342957,181.870956,54.265480,124.732834
190.860901,182.263016,54.478619,123.561150
188.796982,183.065079,54.509518,122.120232
187.954849,182.898651,54.442165,121.740547
185.758392,181.805191,53.619102,120.529366
185.796555,181.890854,53.912807,120.830849
185.246857,181.546097,53.759037,120.482414
185.068832,181.372055,53.983906,120.279922
184.717590,181.004883,53.717205,119.979988
184.878357,180.848862,53.895523,119.782333
185.014557,181.029831,53.851467,119.930634
185.150513,181.124420,53.814419,119.937767
185.076630,180.952560,53.939030,119.336151
185.049683,181.123535,53.955959,118.892944
184.892654,181.219345,53.938290,119.045410
184.915756,181.437241,53.971569,119.448807
184.894913,181.449585,53.982075,119.424194
184.500992,180.800949,54.319244,119.111359
183.925613,182.397232,54.078114,120.238937
179.784332,184.402481,54.395844,123.933029
179.020813,192.099777,54.028053,123.141190
180.082565,195.545334,53.824818,124.540207
181.693344,193.266296,53.735954,124.253891
182.666428,192.945892,54.115589,123.383133
183.554367,192.299576,53.976154,122.742943
183.725815,192.289322,53.924973,122.713249
184.051468,191.971558,53.828228,122.445412
185.770798,189.975830,53.092991,122.560120
186.163879,189.198181,53.193020,122.617722
187.713226,188.377197,52.752308,123.532234
189.193436,187.922272,52.161491,124.103661
189.522736,188.264175,52.413727,124.451271
188.235703,187.146988,52.451351,123.484543
188.112152,187.049194,52.812950,123.535301
186.304688,185.022430,52.996342,123.746101
184.960541,184.716049,52.994926,122.815514
185.816238,181.919937,52.991737,122.822807
180.685410,181.574356,52.975330,121.001877
178.876740,182.925522,52.478638,121.246437
176.610382,186.627335,52.262001,120.861755
174.831223,188.861908,51.816010,121.311623
169.917007,192.711334,51.883087,121.540222
166.707657,194.807007,51.809387,121.377350
162.690628,197.750717,52.255730,121.133629
158.152756,200.017532,52.325504,120.482094
156.818130,199.755188,52.517818,119.720573
152.549515,198.260620,52.097935,120.796028
148.745392,198.122971,51.895187,121.665215
146.441010,198.765106,51.637188,122.558044
144.237366,198.993118,51.649303,123.236984
140.750809,200.572449,51.582058,123.648483
139.508057,201.509613,51.631916,123.942627
137.230118,202.961685,51.152630,125.686104
134.087067,204.089447,50.710804,126.902336
132.405487,204.285370,50.469982,127.533463
131.416428,204.036423,50.636261,129.124252
128.849640,204.189575,50.980473,129.543213
127.402130,204.263367,51.073456,129.784149
126.707497,203.923843,51.401699,130.275848
122.737968,204.405396,51.379082,130.186539
122.364906,204.547516,51.668289,130.410049
121.328514,204.291000,51.926704,130.834366
121.358047,204.388077,51.974102,130.958771
121.331963,204.474915,51.987827,130.934723
121.334770,204.516373,51.974300,130.946518
121.369476,204.540085,51.955055,130.976501
121.407661,204.561996,51.953545,130.933533
121.438576,204.586197,51.955490,130.977875
121.532089,204.548523,51.909409,131.031448
121.706970,204.750458,51.829426,131.564850
122.710709,205.969864,51.212910,131.286484
123.162941,206.367767,51.196907,131.255310
124.703918,207.171387,50.645634,130.964508
125.593575,207.360947,50.393097,130.714859
126.503288,207.767471,49.809822,130.827545
127.619186,208.297699,49.071335,130.548965
129.031815,209.474976,48.663391,130.444412
130.587585,209.491684,47.894604,130.170074
132.856857,209.591202,46.153099,129.328796
133.859299,210.068542,46.146519,129.083450
134.272873,210.421097,46.329540,129.320602
134.378448,210.567429,46.457119,129.397141
134.555832,211.393738,46.388714,128.514313
134.812073,211.638092,46.431992,128.630203
135.207581,211.649567,46.476715,128.828339
135.780319,211.658051,46.422939,128.723068
136.062866,211.635284,46.371204,128.760696
136.674866,211.282913,46.428452,129.137344
136.724091,211.430450,46.474949,129.417007
136.745636,211.454224,46.470852,129.455231
136.768204,211.457474,46.470268,129.452377
136.786911,211.469788,46.475105,129.444870
136.709366,211.800827,46.463116,129.212143
135.387299,210.938766,46.027813,130.199554
134.290894,211.197586,46.117577,130.311172
133.962906,210.943497,46.190586,130.414566
133.393768,210.657471,46.123093,130.177124
133.092773,210.689301,46.130798,130.161575
132.815750,210.906830,45.650623,129.986877
132.868591,210.968246,45.879642,129.926804
132.817413,211.070129,45.897636,129.810333
132.866592,211.116745,45.917126,129.897980
132.914261,211.180756,45.961479,129.923813
132.951614,211.201187,45.969009,129.954926
133.079483,211.095474,45.916348,129.938248
133.428223,211.053574,45.853981,129.794037
134.144257,210.830109,45.867054,129.508148
134.389740,210.959839,45.936016,129.667908
135.153305,211.285049,45.816517,128.669250
135.997894,212.114670,45.752972,127.251114
137.516235,212.749191,45.765373,125.380188
139.031967,213.321075,45.931725,123.580650
139.598511,213.644943,45.813377,123.543022
140.085999,213.668121,45.820316,123.856476
141.035889,213.796860,45.382931,123.536163
141.343521,214.516144,45.457947,123.558449
141.812820,215.270828,45.428715,123.412155
142.371841,215.677277,45.330807,123.139175
142.713150,215.841705,45.378757,123.501945
143.119965,217.004440,45.380219,122.792961
144.072403,217.243179,45.303616,122.481331
144.958450,217.411850,45.255245,122.202240
145.158875,217.463821,45.445602,122.457741
145.269318,217.463730,45.435497,122.472122
145.737656,217.428879,45.407642,122.571114
146.244080,219.135132,45.507408,122.346268
148.667633,221.886795,45.381069,119.589684
148.755890,222.135040,45.485683,119.887512
148.691483,222.293869,45.512600,119.728516
148.929428,222.400650,45.984051,119.868843
148.934845,222.428192,45.992241,119.906517
148.933105,222.457321,45.982456,119.935669
148.902298,222.945068,46.016487,119.759056
147.687302,222.288528,46.652599,119.069183
146.335724,222.121094,47.072876,119.096451
145.615906,222.512756,47.693172,118.936607
145.687546,222.446075,48.000034,118.847504
145.777603,222.396439,48.508003,118.734688
146.027893,222.528992,48.965736,118.824005
146.040756,222.669815,48.976696,118.908226
146.059402,222.711136,48.975655,118.932892
146.181458,223.163605,48.964661,118.731407
146.332245,223.227554,48.903557,118.799141
148.170486,224.011551,48.648792,117.910652
148.388885,224.027954,48.953060,117.929230
148.433151,224.082474,48.968220,117.938705
148.476929,224.179962,48.967979,117.913467
148.652374,224.389862,48.963192,117.908188
148.743027,224.366714,48.951675,117.930824
149.900574,224.393631,48.829247,117.629616
150.825089,224.462967,48.668884,117.780243
151.839264,225.364105,48.905418,116.873116
152.769119,227.180969,48.910904,115.327995
153.160629,227.145309,48.893215,115.157700
153.653107,227.483124,48.891003,114.750412
153.991882,227.868988,48.952694,114.644592
154.061142,228.168518,49.018242,114.756096
154.374817,228.148407,49.470566,114.820107
154.779709,227.916077,49.442722,114.763901
154.823837,227.980209,49.475410,114.924858
155.082321,227.664017,49.437527,114.792877
156.001083,226.846817,49.358826,114.671021
157.663300,225.828842,48.613132,114.740997
158.570175,225.586395,49.070011,114.784103
159.783630,225.700455,49.314236,114.284790
160.731277,225.214569,49.224758,113.652863
162.486694,224.819778,49.109917,112.914528
163.656235,224.401108,49.148907,112.341408
165.824524,224.179230,49.043251,111.864952
166.776337,224.685089,49.255501,111.681587
170.067932,227.495941,49.063450,109.999664
170.444992,227.768280,49.411434,109.643440
172.782669,229.643570,49.399696,108.437218
175.545883,231.269470,49.111893,106.627586
179.460999,232.206085,48.355213,105.610245
181.008911,232.127838,47.882500,105.947670
182.846863,231.027817,46.703026,105.931580
184.200287,229.726456,46.026077,106.176140
185.765274,226.820984,45.361233,106.383720
187.486069,224.032791,45.260136,105.807213
192.479126,224.174316,43.329102,105.525940
193.611893,222.311539,42.853630,105.553734
194.879547,222.425598,42.447193,105.352379
196.921646,221.466492,41.451958,104.622192
198.053375,221.372147,40.656689,104.679993
200.375916,219.444977,40.310040,103.960831
203.503387,216.262054,38.571487,102.983185
204.400574,216.541534,38.579903,102.059067
206.070450,215.605164,38.309826,101.909584
208.522491,215.187149,38.013039,100.684319
210.156219,214.728897,38.092484,100.368477
212.502213,215.278244,38.274799,100.620758
214.187592,215.861435,38.269634,99.455681
216.464188,216.947922,37.967041,97.432495
218.067001,217.905716,37.603550,96.179329
220.523941,221.797867,38.099136,93.771782
225.074219,224.692841,38.897259,90.491623
230.711075,226.528198,39.217178,88.050705
236.431198,227.449310,39.318302,86.407722
242.514816,227.904861,39.913517,85.220596
248.622696,227.484848,40.217300,84.616516
251.517792,227.175964,40.626579,86.053299
257.535187,227.933823,41.174248,85.096939
267.051147,224.281189,41.516846,84.858307
271.093903,223.738953,40.487358,86.671722
276.880951,218.069672,39.489750,90.735779
276.628387,231.538620,39.066010,90.104317
282.771698,226.688339,39.239742,90.480316
293.777161,219.958878,38.601055,88.600037
300.438812,215.937988,39.023281,87.982590
308.149017,218.218048,38.683281,84.648918
313.271484,220.179993,39.749279,81.145287
318.490723,221.849289,40.412262,79.949570
327.268982,224.948486,40.393848,78.708237
331.487976,225.736359,40.186951,77.149567
337.246918,225.092056,40.243835,75.554024
345.301025,223.872086,40.687763,74.115646
354.889038,221.297714,41.801765,73.247887
364.608673,216.715393,42.572350,73.612556
370.502899,221.667969,43.608276,75.573654
374.868805,212.910904,43.365185,76.082230
372.878082,209.427872,46.644249,75.340210
373.413177,207.049515,46.990200,75.038353
372.569244,205.897949,47.033386,78.047333
371.429138,206.644745,47.497234,79.611618
371.260498,207.175201,47.495464,80.065331
2
0
0
0
0
1
409.049286,213.724396,61.367382,128.151123
407.843567,212.690659,60.790127,128.501404
406.915375,211.035980,59.938606,127.996277
405.021698,208.862930,59.108234,128.455276
402.614349,205.667191,58.730297,129.750076
399.032715,201.074005,58.275986,131.898544
396.683685,197.709717,57.999565,131.610092
392.753998,193.317749,57.249638,133.282379
388.335144,188.594208,56.058838,134.124557
384.774658,185.011276,55.555038,134.964478
381.442047,182.068527,55.123421,135.414047
376.255432,180.133057,54.079563,135.971283
372.091095,180.289658,52.517906,135.145599
367.804779,180.830734,51.479557,134.888275
364.823822,180.830063,49.927803,133.450272
362.602203,181.033737,49.617561,133.152252
359.752106,181.447739,49.452412,132.204742
356.110962,181.672974,49.295864,131.104965
353.633942,182.423798,48.803268,130.293076
351.986969,182.141769,48.567303,129.408340
350.793518,181.361755,48.407513,129.379532
349.158112,180.124344,48.117908,128.668655
347.690948,180.016647,48.443199,128.219727
346.986633,180.289703,48.324413,128.426956
346.380371,180.667465,48.487434,128.130798
344.688965,179.854416,48.248089,128.119919
343.008636,178.652328,48.305187,128.576324
342.335846,176.193039,48.541065,128.666992
340.686737,172.841934,49.011742,129.659378
340.523743,170.894241,49.329205,130.708130
340.590302,170.777130,49.444580,130.863419
340.782867,169.232452,49.214825,131.073227
340.937805,169.224487,49.462952,131.524780
340.955139,169.317902,49.460052,131.878189
340.961090,169.380524,49.460003,131.884415
340.915009,169.415665,49.475677,131.884659
340.461639,169.066010,49.432335,131.618011
339.055359,169.555237,49.600437,131.540573
338.417908,169.334396,49.978989,131.648056
337.331329,168.899521,50.011082,131.738846
335.983765,167.984894,50.465946,132.085495
334.030273,167.133545,50.223133,132.490906
333.220795,166.978134,50.266872,132.195618
331.603424,166.922073,50.406010,132.620438
330.741669,166.364761,50.206070,133.453568
330.317688,166.257736,50.432655,133.425247
329.327972,165.994797,50.179016,133.856750
328.843353,166.206223,50.423038,133.983017
328.303375,166.691483,50.465260,133.969849
327.670074,167.023926,50.364090,133.841248
326.518402,168.334320,50.315628,133.534256
325.716003,168.803665,50.525639,133.595581
324.325317,170.061295,51.030792,133.361603
322.655762,171.549210,51.417397,132.877350
321.243408,173.177353,51.704517,132.615143
319.988953,173.204361,52.161060,132.947205
318.777283,173.185699,52.555508,132.973450
317.699066,172.429413,52.860588,132.857330
315.958313,171.623108,52.895912,133.182907
315.039612,172.086395,52.691322,133.582321
314.980438,172.145737,52.733433,133.982590
314.321350,172.397964,52.738243,133.941513
314.074554,172.539429,52.426102,133.784164
312.640289,172.032104,52.195290,134.122696
311.967285,171.450897,52.143612,134.587204
311.137848,168.392044,52.306976,135.294647
309.829224,167.564499,51.806522,135.469391
308.400269,167.265274,51.851414,135.408295
307.238434,166.957458,51.896080,135.562759
305.595428,166.875626,51.871174,136.388168
304.242615,168.037292,51.983963,136.864456
300.841156,167.271561,52.324875,137.782654
298.513153,168.028793,52.760509,137.432236
296.588287,170.020828,53.080620,136.820129
294.246307,173.102173,53.502716,136.158783
293.755463,172.878479,54.253784,136.470703
291.386902,173.822647,54.612709,135.609772
290.897766,172.730209,55.224445,136.205780
289.690247,171.617645,55.215122,136.008286
287.782654,168.868057,55.011635,137.067993
287.864227,168.285049,55.458733,137.586197
287.874115,168.248413,55.491623,137.960205
287.973785,167.760284,55.555084,137.649643
288.237122,167.492340,56.058418,137.962662
288.575775,167.159531,56.460529,137.916077
288.620392,167.040482,56.497887,137.980133
290.212494,167.499237,55.664391,135.604858
290.321503,166.757690,56.842953,136.755737
290.449554,166.277618,57.051628,136.788239
290.523163,165.894485,58.021351,136.646576
290.761566,165.750381,58.976467,136.753723
290.017151,165.263794,61.256935,136.471573
289.661499,164.707611,63.053406,135.240799
289.019501,164.642288,65.386780,135.147141
289.039917,164.702301,65.831093,135.317307
289.324524,164.185211,67.027145,135.657639
289.475647,164.506058,68.153099,135.779739
289.726074,164.613190,68.624802,135.699707
289.646942,164.880859,69.048798,135.580933
289.671722,165.003723,69.593750,135.930847
289.712158,164.749435,69.965736,135.590469
288.418427,163.366760,69.828308,134.192551
287.698975,162.331085,69.792336,133.433517
285.666840,159.662766,68.478294,132.129608
284.609375,158.377899,67.628029,131.946426
284.612396,158.055161,67.720192,131.462570
284.684021,157.372971,67.907852,130.623657
284.809601,157.146332,67.887161,130.595917
285.735413,156.038559,67.067368,130.582123
288.274811,155.229492,65.316643,131.119370
289.163727,154.505585,65.082878,130.934311
290.846680,154.233719,65.433151,129.863190
293.507263,154.312195,65.169708,129.075394
297.889526,155.671204,65.058121,127.684799
301.929382,156.265808,63.872467,126.850418
306.503754,155.530289,62.089592,126.038742
307.538208,155.109848,61.834316,125.985313
310.545074,153.558746,60.415752,125.894058
313.308655,153.158737,58.999680,125.423729
316.117035,153.291245,57.833054,125.009171
318.965057,152.274567,56.270012,126.674713
320.683563,152.365570,56.032204,126.746483
321.164856,152.323807,56.292633,126.672249
321.826782,152.440079,56.177490,127.067436
321.841705,153.007904,56.453938,126.952980
318.900391,156.703873,56.236835,125.796684
317.493164,158.610855,56.421040,126.026054
319.580353,156.564255,56.513412,126.580048
321.331238,148.779755,55.958527,127.385216
321.760986,148.612564,55.731579,127.713142
321.759064,147.053619,55.702026,128.730896
321.318665,136.535004,55.506069,128.919815
321.587341,135.787018,55.903011,128.910950
322.472015,136.262543,55.784382,129.229523
322.242188,136.571625,55.955814,129.345093
321.554413,135.703735,55.854927,129.606735
321.406189,134.751419,55.947140,130.100647
320.284821,131.214203,55.688835,130.849350
320.552429,129.786011,55.523258,132.652924
320.662048,129.947647,55.896065,132.951660
320.814514,130.732956,55.677383,133.159531
321.028748,131.727173,55.799629,133.362411
319.572052,133.095688,55.512012,133.178879
318.618958,136.035278,55.961777,133.326859
317.769897,137.725616,56.354973,132.484055
313.508575,146.036545,57.621696,129.307922
313.985962,147.073441,57.221191,129.561935
313.536469,150.574509,57.680634,130.977753
313.672333,150.703232,57.950726,130.936218
314.092499,154.084702,57.918030,131.215668
314.285370,154.932999,57.964493,131.089874
313.572571,156.098663,58.261093,130.498550
313.506348,159.825317,57.366936,130.495239
314.789337,162.746338,56.637344,130.279831
319.062836,167.884186,55.898296,130.847519
322.702637,184.330795,54.028797,131.276016
324.943451,166.156372,54.073170,127.681427
324.992859,166.300156,54.388000,127.994492
325.150696,166.556686,54.404110,127.931267
325.437439,169.311249,54.018940,128.360703
325.121307,172.033279,54.373577,128.909988
328.322632,174.034439,54.634815,129.189133
333.712219,166.699783,53.974567,130.587540
334.582764,168.235825,53.807186,131.290619
334.622162,165.617874,54.750767,135.208252
336.634583,161.907547,55.244633,136.280945
337.599243,160.402191,55.668961,137.018158
343.433105,161.670609,56.283340,138.656067
348.567047,168.141022,59.929844,140.412613
354.883484,174.984879,60.395172,141.611237
361.740601,179.668594,60.450127,141.030396
366.376160,182.797089,60.644161,141.568924
375.449524,184.229385,60.171997,143.019684
2
0
0
0
0
1
339.163849,214.517303,43.778873,111.088249
339.375122,214.675278,43.875412,110.926994
339.575256,213.610062,43.925407,110.592926
339.692108,212.470764,43.878807,110.363182
340.370117,210.471191,42.576336,111.488029
340.418457,210.700043,42.939980,110.929230
340.466888,210.676636,42.964272,110.987625
341.036255,209.890640,42.762066,110.859344
341.370636,209.116608,42.909645,110.765152
342.041626,208.781143,42.593895,111.098534
343.598175,207.667999,42.571362,111.491707
343.833191,207.655914,42.967514,111.450546
343.890472,207.598663,42.957355,111.439552
343.950195,207.577393,42.958221,111.461586
344.281219,206.453293,42.744160,111.321808
344.592896,203.025421,42.822277,111.134293
344.839386,202.545059,42.714970,111.490005
344.793213,199.995621,41.691311,111.129982
344.605988,199.677353,41.811810,111.462830
344.701538,198.988937,41.673111,111.891823
344.484650,198.910767,41.797783,112.075790
343.902588,198.413208,41.920536,112.786835
343.837341,198.489532,41.945873,112.944946
343.112152,198.796112,41.896030,112.913048
342.909332,199.006119,41.999027,112.849464
342.906342,199.071564,41.980415,112.949669
341.974884,187.297409,40.704556,121.580238
341.199646,196.930832,41.018284,115.682487
341.436066,197.057114,41.477798,115.956642
341.447021,197.096176,41.477989,115.938896
341.377045,196.935333,41.470688,116.044418
339.908020,196.080811,41.652267,116.128807
337.739166,194.249130,41.883694,116.249176
336.461029,192.111191,41.577034,116.959045
335.895081,191.338730,41.577393,117.672432
334.020416,189.955856,41.962265,118.579033
333.918671,190.136322,41.952255,119.048149
333.932678,190.374542,41.969425,119.465240
334.065948,190.298584,41.913361,119.609383
334.240753,189.797531,41.759998,119.862907
334.363495,189.860321,41.976074,119.956841
334.317139,189.480743,41.969891,119.831924
334.399719,189.476288,41.932533,120.004608
334.446472,187.331924,41.804058,120.572144
334.246918,184.667862,41.955959,121.175537
331.464874,185.151321,41.417191,121.539070
330.096771,183.730179,41.634937,122.573326
327.523438,183.332825,42.197643,123.274788
325.120911,184.638184,42.756866,123.184021
323.820557,182.214645,43.070778,123.411766
319.647797,177.553680,43.362328,123.062927
314.200409,174.123138,43.657932,120.690529
