1
182.251938,208.122940,49.688766,120.958092
182.384827,208.041260,50.000210,120.745934
182.720749,208.719315,50.419796,120.704956
182.059097,209.663132,50.469574,120.377747
178.190125,213.500458,51.331406,118.070374
174.022476,222.810989,52.640873,114.364143
173.760422,225.056839,52.985115,114.011208
170.208832,225.669724,53.015194,113.422592
170.020676,225.743622,53.535725,113.221954
170.254196,225.887268,54.004044,113.424797
171.645935,227.763092,54.791397,112.794296
171.499741,228.235626,55.639481,112.287582
171.843307,228.485641,56.058208,112.212677
172.141983,228.491714,56.504047,112.039886
172.104355,227.697052,56.972797,112.103477
172.091141,228.426529,56.936642,112.046356
174.824615,229.088928,57.374508,112.033409
185.834732,225.691910,57.152718,115.263054
185.817627,225.786896,57.367481,115.272324
194.343918,225.056259,57.400745,114.143333
201.930313,221.196289,58.235382,113.652077
202.954224,220.153015,58.461998,114.100586
206.199356,221.762405,59.110958,113.982018
206.981430,221.807388,59.584530,113.863701
208.157944,222.577560,59.688087,114.655426
214.603638,224.210175,58.746460,113.881355
218.766830,223.945862,59.060673,113.652824
225.716339,223.021362,58.536106,109.351654
233.134933,220.396225,59.191307,106.807137
237.772903,223.458054,60.270424,104.134209
240.028671,225.304962,60.971191,103.844505
243.449493,226.015793,61.015450,103.375938
244.078064,226.270370,61.430374,103.457458
248.249039,226.072083,61.137104,103.596504
252.054230,227.503799,62.066402,103.764915
254.924866,227.360031,62.683716,103.394188
257.121826,228.427734,63.855396,102.325302
260.060150,228.915344,64.415565,101.224716
263.675781,229.650497,64.567558,100.143394
266.595490,230.909714,64.779747,98.984283
269.200073,232.012527,65.418762,98.403275
273.013885,233.040100,65.917290,97.888054
274.909851,233.074493,65.917664,97.893822
275.451294,233.291382,66.047279,98.157745
275.731720,233.443817,66.454376,98.477371
275.882721,233.469513,66.524734,98.486137
276.325287,233.342743,66.950737,98.578796
276.355927,233.560577,66.972824,98.963173
276.551208,233.458176,67.010376,99.186195
276.777008,233.441025,67.507980,99.490410
276.770111,231.869843,68.082932,100.043266
276.958984,229.320648,69.115334,100.074699
277.064575,229.282288,69.635117,100.449257
276.960510,228.774811,70.697968,100.532570
276.941406,228.518677,71.178436,100.954124
277.204163,228.694534,71.969322,100.473549
277.887207,229.825531,72.812485,100.159149
277.482635,231.252655,73.331581,99.384659
275.360809,235.103622,76.572662,94.635849
268.200500,240.162872,84.658661,93.437721
262.690277,245.058517,90.036377,90.444809
261.949219,245.260880,91.441483,89.386620
261.962860,245.406769,91.514870,89.398605
258.112671,243.763306,93.702759,86.833458
255.380020,243.974060,95.496613,85.310608
246.728149,244.183350,97.541756,82.333382
246.188339,244.771637,97.994949,81.998795
245.901642,244.921753,98.212227,81.684669
246.379623,245.565842,98.469391,81.546463
247.001236,245.985626,98.487251,80.172142
247.012589,246.119446,98.423088,80.352890
247.085175,246.189667,98.004913,79.923317
246.221420,244.503891,98.141487,78.552231
246.424438,242.227524,99.241554,78.068649
2
0
0
0
0
1
140.346161,222.070221,64.443993,106.661751
137.827530,222.713913,64.749504,106.975876
133.867111,220.384247,64.943253,111.213837
128.441040,219.702423,64.715652,110.274750
119.801285,219.199783,64.740280,108.475060
115.496140,220.597687,64.103722,107.570648
113.992897,220.815445,63.806770,108.009476
110.485748,221.390289,62.565437,107.323952
109.505852,221.581711,62.909588,107.677132
105.659431,220.260483,62.834095,107.126198
102.986084,219.590591,62.949944,104.702850
102.650215,219.160538,62.978100,105.224007
100.314583,216.367798,63.016060,107.703758
97.483360,213.892105,63.470016,111.513672
96.030746,211.054352,63.212383,111.933769
95.704132,210.816940,63.266949,112.111168
95.778763,210.971161,63.437908,112.470383
95.811089,210.993729,63.202766,112.539520
96.384712,211.038925,62.901348,113.139435
97.721535,206.244705,62.318966,112.907631
98.120903,204.896194,62.462925,113.421890
99.239288,203.512405,62.176914,113.118515
101.701645,201.080673,62.449135,114.267990
102.427834,200.493454,62.406101,115.447014
102.502502,198.748688,62.419819,117.719658
102.879250,198.110779,62.573452,117.508514
105.486740,196.732880,63.097889,117.239281
111.906128,195.315262,63.525669,115.939049
117.625473,194.163956,63.014122,115.073387
121.864647,191.680832,61.501053,115.512199
125.030716,189.150955,60.653103,115.725502
128.763947,186.817886,60.963032,114.586807
133.149246,186.693604,60.811790,116.456284
137.054169,184.203888,59.684132,118.701309
137.945175,183.336395,59.415283,120.034485
139.424057,182.193542,58.790886,119.533417
141.868683,182.616699,60.295856,116.654007
146.600632,182.385941,60.939785,114.593842
151.509048,183.254807,60.174973,111.813225
156.953873,183.770721,59.870853,110.391685
161.446426,182.420761,59.016853,109.523880
166.770706,180.522827,58.595020,110.015610
169.384384,174.183090,58.119137,107.857590
172.419128,175.063324,57.759056,108.978767
175.115784,174.355576,57.391632,110.549774
176.011337,173.800827,57.571209,111.777733
179.243729,173.363327,57.506832,113.776054
183.920456,171.605072,57.103249,114.236488
187.510071,171.517410,56.435505,113.532883
190.555359,172.074738,55.792225,112.648491
193.631577,171.059204,55.015156,113.423637
195.843399,170.178055,53.427200,113.571823
198.753754,168.144180,52.103638,114.967834
202.904724,168.608414,52.706718,115.250504
204.931015,167.119843,53.204060,114.479645
204.556061,166.148453,56.773411,113.554619
204.105042,165.621231,57.576527,111.840149
204.963806,165.462692,57.977764,111.588799
207.003326,161.539673,57.387276,113.155785
207.112747,161.023056,57.379501,113.228142
207.978714,158.225082,56.711540,113.711845
209.334457,156.794876,55.347084,114.020981
211.053284,157.023621,54.797329,115.642754
212.265152,155.848846,53.232681,116.251694
213.624146,154.500900,52.447289,115.997551
215.596054,153.973434,51.089100,116.005760
216.321701,153.926270,51.079662,116.209686
218.125336,153.306320,50.363083,115.523621
220.400360,152.381195,49.973377,114.878891
220.613144,152.318161,49.897118,114.876266
221.250824,152.639633,50.325493,114.333771
222.326355,152.467453,50.776878,113.389259
224.731125,152.877594,50.651005,113.716301
229.859085,153.621780,49.442871,114.074783
232.646271,152.806503,49.304432,115.007668
236.246429,151.873032,49.289520,115.628464
238.880600,151.229324,50.627869,115.823387
239.959000,149.242798,51.097092,115.875870
240.190277,149.201355,51.459763,115.937347
240.698608,148.620407,51.294392,115.909477
240.897217,148.622757,51.422462,115.956535
241.821777,148.124863,51.134609,116.139359
244.360718,147.655441,50.823807,116.332298
247.656845,147.795807,50.217239,116.703232
250.834442,149.825363,48.591114,116.677376
253.989975,148.837860,48.336586,116.237022
258.174042,145.901703,47.417126,116.452545
260.709229,145.783676,46.859600,116.618805
261.132263,145.751068,46.778820,116.921280
265.650452,146.267105,46.132610,116.163933
269.456940,139.444824,45.843445,117.174721
270.089630,138.463028,45.715935,117.329697
270.384247,138.409866,45.891762,117.487694
270.435272,138.481735,45.981934,117.418137
270.514374,138.673508,46.016926,117.262047
270.776764,139.083939,46.519356,117.167595
271.050598,140.084045,47.064133,116.977638
271.231506,140.137756,47.490501,116.596619
271.202118,140.565140,47.487530,116.649864
271.125153,141.521378,47.444530,116.449867
271.157227,141.633469,47.477776,116.372391
271.315979,141.603271,47.402523,116.398598
273.315399,141.430038,46.609505,115.461975
274.384369,142.313339,45.313667,114.854385
274.911774,142.691299,44.454353,114.151466
275.437286,143.189972,42.681007,113.119553
275.407104,142.634399,41.777805,112.329361
275.530670,142.143723,41.535927,111.649582
275.519745,142.187836,41.422291,110.697174
274.637817,143.003922,40.647453,110.292542
273.284241,145.375412,40.654640,109.300713
273.309479,146.412109,40.900703,109.059227
274.560791,147.894333,40.603024,109.051895
275.021057,147.322708,40.897804,109.750305
275.409332,147.334167,40.899837,110.020126
275.443848,147.667053,40.951145,110.530716
275.269684,148.211349,40.911755,111.170540
275.374512,149.462769,40.817169,111.400848
275.538605,150.314957,40.854950,111.256599
275.743835,150.805984,40.878220,111.235352
276.809723,150.989944,40.406078,109.718391
277.321472,154.453247,39.556179,108.538033
277.562408,154.647766,39.959969,108.938957
277.586365,154.687225,39.978973,108.974503
277.766937,154.615082,39.921299,109.206207
277.966583,154.908920,39.966721,109.574966
278.289276,155.219864,39.983742,110.112190
278.355499,155.692642,40.048698,110.311562
279.185577,154.630585,40.599907,112.151253
279.790375,156.122025,41.154522,112.126083
279.961456,156.336578,41.482716,112.451706
279.780365,156.517166,41.415497,112.467865
279.540405,156.658218,41.408981,112.516861
279.487305,156.881912,41.379074,113.185066
277.748840,157.792633,40.270302,112.925858
277.636932,157.696869,40.137787,112.774078
276.444183,157.813141,39.863483,113.120171
275.458618,158.480621,39.609909,113.271629
274.816650,159.894455,39.751259,113.145111
275.105042,160.981613,39.032417,110.227882
275.339233,161.072510,39.482349,110.497864
274.715515,161.148560,39.432640,110.640022
274.156677,163.158737,39.706486,110.149086
273.030518,163.196045,39.868965,110.200340
272.293854,163.550507,39.855400,110.410728
271.507446,166.483414,39.946960,109.308769
270.328308,167.755035,39.854816,109.188171
267.674103,169.362534,39.611191,109.754112
267.470032,169.441818,39.502449,110.839417
265.816742,167.859665,38.426788,113.147255
263.939240,166.084656,37.891193,114.100677
261.796021,168.552612,36.753529,113.169861
259.049927,168.541611,37.042473,115.320732
255.801071,169.013290,36.828495,116.220673
252.093430,172.125015,36.612900,116.032860
249.973465,176.083740,36.852177,115.227371
247.212967,177.109192,36.961067,115.026520
245.947891,178.592896,37.069973,115.071930
244.389160,178.863892,37.761627,114.989624
242.948013,178.652710,38.388870,115.498886
241.169357,178.740662,38.736938,115.902428
240.373978,178.752899,39.048603,116.103531
236.740036,179.064819,40.207233,117.138214
234.161804,179.698792,40.905006,116.941658
231.345566,181.613113,41.240829,118.812042
228.588364,181.797440,42.113922,119.637138
225.520309,182.137909,42.730747,120.591011
224.137878,181.746384,42.537273,121.084999
221.782776,179.680710,43.551441,122.616310
219.333389,176.997849,46.046154,124.910652
217.073914,174.676376,46.532513,126.263130
215.855301,174.102295,46.871925,126.346191
212.595535,171.625534,47.782993,128.294922
212.655411,171.563446,47.996372,128.551849
212.545807,171.809631,48.006321,129.015823
211.714447,171.728409,48.295349,129.434280
210.584808,172.736374,49.485222,129.076630
208.688156,173.375916,49.561626,129.042953
201.997574,178.107544,52.923332,128.933060
197.278000,179.699265,53.736382,128.004272
193.136154,183.059433,54.552044,125.102089
192.274078,183.147888,54.731586,124.496460
191.731369,183.270065,54.784908,123.486046
189.844391,183.369736,54.942818,122.132286
188.320923,183.148560,54.064129,121.846680
186.516632,182.286835,53.396328,120.987907
186.186081,181.979752,53.334816,120.770981
185.299530,181.573883,53.388474,120.404991
185.223495,181.540100,53.474743,120.362915
185.039261,181.316818,53.322502,120.156418
185.160934,181.406433,53.371014,120.349113
185.180130,181.473206,53.436005,120.387085
185.246994,181.541092,53.415398,120.434013
185.050323,181.407669,53.471123,119.123672
185.101425,181.939835,53.402157,118.179611
185.039261,182.142883,53.452183,118.467506
184.986038,182.105042,53.448498,118.508209
184.644135,182.258118,53.599049,118.706779
184.781952,182.073807,54.055538,118.869873
183.324921,183.781982,54.344601,119.558044
180.019272,189.819092,54.378582,121.675980
179.515732,199.228958,53.564484,121.856880
182.120331,206.278732,52.839729,124.919571
185.060776,208.330048,52.963242,124.291458
186.189911,203.363266,53.701347,123.132637
186.609467,201.510300,53.559982,123.022804
187.009659,197.269119,53.780342,122.698448
187.187149,197.362625,53.943619,122.645828
187.636826,195.059601,53.962624,121.813919
188.629944,192.204575,53.337154,121.619263
190.637787,191.207779,52.859840,121.950386
190.770096,189.212952,52.278824,122.009659
190.650650,189.042831,52.384018,122.373024
189.449905,188.304581,52.391094,121.892090
189.276306,188.493958,52.700558,122.112930
188.712692,188.086609,53.409801,122.409592
186.399612,186.595276,53.823112,120.049438
188.337082,183.839966,53.485088,120.935410
188.674118,178.810638,52.710766,118.710777
183.268997,182.136230,53.105560,115.460518
177.765854,183.005325,54.483963,113.450821
170.578506,186.035019,53.645561,113.867004
167.415115,188.350983,53.768013,114.120918
163.005249,191.189331,53.809151,112.476387
160.171555,193.131989,53.581013,112.555557
156.959259,193.901199,54.127995,112.505196
155.738571,194.341476,54.668690,112.681488
152.667480,194.613800,54.159496,113.946152
148.149597,195.194321,54.057491,114.969231
144.505173,197.028046,53.779827,116.084846
143.751663,197.287613,53.588703,117.277107
140.639771,200.563843,53.238102,118.666603
138.516510,201.469437,52.983974,120.113190
137.025162,202.732513,52.028713,122.527031
133.678741,204.565308,51.967659,123.270813
131.983459,205.069000,51.445961,124.038948
130.828445,204.424423,51.339825,126.032150
129.430969,204.047073,51.328590,127.487892
127.143333,204.241104,51.517822,127.628769
125.878036,203.923141,51.977070,128.808945
123.255875,203.760147,52.067471,130.270737
122.000923,203.452713,52.576317,130.821991
121.028358,203.103302,52.992275,131.668152
121.026665,203.279709,52.974728,131.942459
121.008621,203.346954,52.983654,131.954086
120.994980,203.408997,52.966480,131.932098
121.008537,203.457596,52.972313,131.950195
121.022652,203.642105,52.951496,131.812759
121.145592,203.657135,52.840229,132.067047
121.297241,203.937027,52.892769,132.468689
121.556694,204.242493,52.725887,132.447418
121.935638,204.680603,52.742279,132.098022
122.788895,205.399780,52.277596,132.239273
124.577026,206.114655,51.440315,132.000656
125.840912,206.713089,50.687210,131.794983
126.454369,207.166061,50.587383,131.756470
127.370117,207.791504,49.981335,131.744675
128.956085,208.977921,48.869659,131.216599
130.554062,209.283386,47.802948,131.021301
132.513321,209.683701,46.256943,130.178040
133.389557,209.865723,46.040379,130.167221
133.917526,210.232224,46.306755,130.250671
134.557343,210.548203,46.146881,129.919800
134.845215,211.198441,46.400600,129.046204
135.194702,211.484070,46.425472,129.024185
135.630096,211.569687,46.485432,129.380432
135.906754,211.542282,46.431225,129.219711
136.471176,211.280365,46.279011,129.277359
136.782196,211.181015,46.424553,129.502258
136.851242,211.378998,46.466877,129.907196
136.889542,211.399857,46.463299,129.965439
136.907791,211.414459,46.472332,129.943283
136.918930,211.450897,46.476948,129.946869
136.817322,211.720245,46.453133,129.783676
135.678009,211.241943,46.085655,130.272095
134.452103,211.631073,46.123470,130.220367
134.121155,211.422394,46.190586,130.414566
133.300629,211.147797,45.923607,130.253494
133.191483,211.400314,45.901913,130.267303
133.141953,211.561722,45.377407,130.019012
132.843369,211.956390,45.096313,130.307251
132.648087,212.052353,45.278801,130.333420
132.539185,211.940536,45.282631,130.282135
132.667862,212.042206,45.454685,130.446381
132.722870,212.040604,45.460365,130.462814
132.882690,211.947586,45.390278,130.448029
133.321472,211.977020,45.331375,130.025452
134.176407,212.048996,45.246002,130.031326
135.023453,212.445740,45.303322,129.644073
135.640259,212.596313,45.331394,129.025330
137.514999,213.298050,45.065784,127.814293
138.449081,213.585373,45.264626,126.663498
139.156067,214.074020,45.353863,125.960083
139.670364,214.156937,45.365353,125.260292
140.104538,214.078812,45.385799,125.075584
140.598526,214.424118,45.220409,124.790703
141.463989,215.634659,45.412670,123.703476
141.630157,216.035736,45.460941,123.575478
142.289154,216.143707,45.254520,123.681984
142.529236,216.260361,45.412212,123.946701
142.688370,216.403183,45.439106,123.794945
144.739899,216.768478,45.258038,123.326653
145.010880,217.308151,45.457333,123.166008
145.073639,217.420883,45.461651,123.440529
145.114685,217.460037,45.464794,123.449936
145.404205,217.539841,45.432098,123.529015
146.124619,218.749557,45.372169,123.215225
147.557556,220.669891,45.023560,121.185043
147.881287,220.988892,45.536076,121.284340
148.118195,221.211304,46.003082,121.166054
148.353256,221.438156,46.493946,121.335358
148.342773,221.475327,46.486790,121.398407
148.335175,221.481613,46.490135,121.408829
148.131729,222.134232,46.516911,121.088196
147.384262,221.785538,47.143288,121.153114
145.031433,220.024246,47.682964,120.766090
144.974365,220.217453,48.060772,120.531944
145.189026,220.605972,48.508785,120.849037
145.344437,220.617188,49.009712,120.793053
145.675217,221.183990,49.473774,120.467644
145.684311,221.149521,49.488819,120.398117
145.776993,221.178940,49.463554,120.444435
145.968887,221.930374,49.402393,120.115768
146.061584,222.091705,49.451260,120.314911
147.501434,222.454361,49.187393,119.736885
147.792984,222.644714,49.409058,119.863983
147.957520,223.035629,49.468094,119.776405
147.973358,223.174667,49.476067,119.912117
148.053513,223.290482,49.463890,119.962799
148.127625,223.310287,49.469994,119.952049
149.237381,222.799988,49.360085,119.669273
149.993790,222.863327,49.291122,119.868645
150.749741,223.381073,49.436470,119.407196
151.728500,224.918320,49.451996,118.029289
152.472900,224.988602,49.275082,117.877808
153.426270,225.369995,49.273903,116.832161
153.947998,226.559570,49.407333,115.856644
154.001160,226.723175,49.484276,115.850540
154.066757,226.748291,49.479370,115.798622
154.412292,226.422302,49.411079,115.695061
154.492722,226.436371,49.468315,115.807564
154.797516,226.147324,49.415649,115.605095
156.205322,225.087692,49.271099,115.483620
157.488052,224.235382,48.923828,115.122261
158.703354,223.833389,49.039440,115.433861
160.092667,223.497482,49.481934,114.582802
160.613144,223.453629,49.348194,114.435471
162.613510,223.380432,49.290546,113.579620
164.244858,222.858627,49.012333,113.520195
165.944077,222.536346,49.178825,113.451523
167.786774,224.597809,49.161076,111.772804
169.248871,226.264648,49.002190,110.483376
170.467270,226.802704,49.160233,109.932335
172.908188,228.937881,49.218567,108.862228
174.982147,229.863663,49.071316,107.887695
178.452744,231.405655,48.489529,106.806824
181.326279,231.532837,47.327957,106.892517
183.159668,229.884369,46.416824,106.802505
184.333145,229.131393,45.417084,107.212273
186.006744,227.531021,44.245911,107.671417
187.735336,225.803177,44.143909,107.326935
191.574265,224.170486,43.614029,106.191101
192.901154,222.377777,43.277859,106.171379
194.316788,222.226334,42.778927,105.977211
197.004562,220.315765,41.601383,104.515297
198.071976,220.251404,41.487537,104.684059
199.541687,219.131409,40.620392,104.308952
203.512924,216.921677,38.857082,103.227318
204.455093,216.297089,38.460842,103.034813
206.318909,215.117981,38.104492,102.854095
208.370911,214.674744,38.037815,102.106674
210.301605,213.991699,38.075264,102.129257
212.763397,214.947861,38.297909,102.159592
214.267929,215.017792,38.259327,101.316124
216.740601,215.586029,37.657307,99.899376
218.100586,217.009796,37.788506,98.660049
220.086273,221.062668,37.962826,96.280479
224.327148,224.903580,38.361847,91.788231
230.233063,227.717529,38.801819,90.183609
236.246292,228.588074,38.422394,87.788231
242.065399,227.679733,38.802723,87.304070
248.389557,228.883011,39.401337,86.576965
252.214722,228.697220,41.558243,87.311089
258.399719,229.195190,41.261955,86.705116
265.829956,226.486847,41.771820,85.870178
271.336731,223.468094,40.816093,87.706566
276.813843,217.772705,40.137482,91.390297
277.085571,226.030334,39.980640,91.164230
280.733490,221.937469,39.884491,91.101128
291.999115,220.128967,39.680511,90.562973
299.614441,215.341904,39.695618,90.629227
307.965942,217.934097,38.393341,87.903137
313.178497,219.464706,39.396000,84.544411
318.527344,221.214890,39.882572,83.347458
326.712738,225.368317,40.374046,82.119934
332.331909,225.992233,40.052818,79.535721
337.891022,225.469360,39.832355,78.231483
347.154419,223.163254,40.358795,76.487953
355.264496,222.869980,41.948658,74.932930
364.548279,217.789459,42.700336,74.203453
370.399719,223.523605,44.464577,74.547363
373.398682,210.764328,43.591629,74.992836
372.949585,206.364395,44.929958,72.255920
373.241943,206.358261,45.071587,72.272346
371.817505,204.520264,45.429855,73.901855
371.299683,205.440048,46.080719,75.622429
371.266296,206.080124,46.620113,76.036118
2
0
0
0
0
1
412.863342,208.749359,58.968533,112.451065
412.368652,208.646057,58.950382,112.606834
410.825867,207.523544,58.160606,114.882759
407.403229,204.021927,57.634594,117.693497
405.231415,202.536026,57.544456,120.011436
401.773071,199.948227,56.878868,122.942345
398.647675,197.272125,56.521076,124.502991
394.342438,192.465347,55.893902,130.012787
390.247986,188.865677,54.214066,132.018082
386.036102,185.208618,53.426151,132.758499
381.785461,181.494202,52.685768,133.172119
377.140198,180.330154,51.468372,133.809082
372.649628,180.815369,48.955154,133.958160
368.097382,181.655167,48.085377,133.461319
364.999634,180.613159,47.601353,133.150818
362.473450,180.874100,47.846695,133.453659
359.913239,180.492813,47.388786,132.963623
356.596558,180.074173,47.027802,131.947372
353.620209,180.775101,47.263241,130.713699
353.343719,180.444641,47.332798,130.484848
351.947388,179.840790,46.773254,130.134521
350.051025,179.078720,46.713028,129.043945
349.110260,179.130844,46.919170,128.911987
348.242249,179.474365,46.939152,128.634171
346.849030,180.091187,47.027149,128.509109
346.030212,179.349518,47.402878,128.783966
342.348938,176.774933,47.249165,129.281891
341.540955,173.272934,47.751328,128.714188
341.364227,172.308701,47.933369,129.486160
341.339417,170.116043,47.739010,130.397934
341.249146,169.754807,47.931828,130.369949
341.630920,167.450638,47.472336,130.782425
342.240356,165.664963,47.281796,131.754684
342.374786,165.765152,47.407932,131.969849
342.421387,165.791031,47.444965,131.927277
342.438934,165.794159,47.475502,131.881622
341.854492,165.561661,47.334915,131.697006
340.999512,165.776810,47.414227,131.433487
340.347748,165.858337,47.526890,130.961868
339.524109,165.461960,48.006760,130.416550
337.380859,164.835449,48.405880,129.896133
336.012299,163.830048,48.368660,129.676117
334.964111,164.516739,48.367874,129.571686
334.163940,164.878952,48.394405,129.836746
333.645172,164.721466,48.371181,129.952942
332.708832,164.718811,48.345932,129.698990
331.351624,165.065491,48.230289,129.745041
330.562775,165.613876,48.385197,129.559814
329.938019,166.364075,48.466938,129.657883
329.379608,166.953506,48.448208,129.652649
328.092072,168.369476,48.481213,129.615982
327.582764,168.722382,48.530254,129.721039
326.513245,170.562103,49.040390,129.053650
325.474701,171.837173,49.579559,128.892059
324.203674,173.185699,50.096642,128.314453
322.675446,175.075256,50.992596,127.630241
320.367706,175.446548,51.061565,127.810013
319.671448,175.210480,51.318829,127.652222
318.553741,174.974777,51.389069,128.116180
318.269012,175.164886,51.343422,128.476151
317.316956,175.129333,51.217831,128.283951
316.399689,175.248871,51.232475,128.222641
313.640076,175.543137,50.996506,127.670639
312.439667,175.416107,50.925793,128.005630
312.078522,175.120682,50.622681,128.724533
311.121735,174.737366,51.022671,128.894928
310.405518,172.318283,50.891533,129.525192
308.988251,172.431442,51.105000,129.698181
307.127472,171.669357,51.224476,130.474701
305.940704,171.479797,51.356659,130.887329
304.114929,171.188019,51.527054,131.578522
300.637573,170.661758,52.236156,132.317291
298.558533,170.901138,52.814003,132.157288
295.950684,172.629761,52.870113,132.023514
294.346802,176.494965,52.404522,131.203674
293.444366,175.630859,53.268471,131.293518
292.171448,175.873138,53.696274,130.718262
291.328094,174.975769,54.121834,131.146576
289.478760,172.359253,53.988785,131.226089
288.963776,169.667831,53.881527,132.705826
288.353271,167.974899,53.918274,133.779312
288.408813,167.543716,54.011379,133.921188
288.654205,166.529709,54.637432,133.660568
288.816467,166.264145,55.126450,133.946960
289.015503,165.800201,55.469727,133.907684
289.034882,165.802399,55.494522,133.981323
290.245697,165.609619,54.861980,133.043381
290.539215,165.485352,55.127693,133.837753
290.737671,165.413849,55.534431,134.017532
290.391937,164.511673,56.883488,133.717743
290.362427,164.234390,57.406605,134.219955
290.142426,164.140549,60.182991,134.214035
289.836884,163.938248,61.666405,133.466309
289.730621,163.667938,64.303169,133.470108
289.891052,163.658905,65.284584,133.515961
290.713043,164.165649,67.656540,134.041458
290.873291,164.487213,68.070732,134.437546
291.088898,164.510803,68.471504,134.437546
290.701263,164.828369,68.562141,133.416321
290.856598,164.824341,69.025787,133.481430
290.104980,164.106522,69.191826,133.030182
287.583649,162.759140,69.201263,131.207764
285.265198,160.217621,68.842827,130.233521
284.510376,157.457016,67.471649,129.049438
284.373657,157.713211,67.234337,129.354019
284.357239,157.564987,67.235703,129.167068
284.494232,157.722443,67.431160,129.302292
284.613831,157.493073,67.400841,129.231781
286.326416,155.586044,65.461601,128.965866
287.354919,154.782852,64.804382,129.052078
288.467285,154.466095,64.570267,128.993271
289.845337,154.422318,64.775223,128.643356
293.010193,154.580444,64.627724,129.290558
296.731049,155.909470,64.547913,127.864670
303.019073,155.559097,63.567158,126.274765
304.166992,155.768402,63.118828,126.542076
307.938232,155.153427,62.073254,125.931488
310.228363,153.615067,61.122860,126.373940
313.512787,153.021225,59.945374,125.623344
314.488770,152.849457,59.226158,125.719696
318.458191,153.032913,58.102356,125.665565
320.595520,152.351135,57.850456,125.554947
321.047363,151.998184,57.668404,125.270699
321.444519,152.133560,57.833298,125.502251
321.531586,152.399689,57.965912,125.895668
318.326752,154.413773,57.667618,125.834763
317.078522,156.589615,58.172203,125.517654
318.680542,154.070038,58.143848,126.357307
321.003052,148.645645,57.530155,125.959885
321.910583,149.429596,57.052528,126.501839
321.633972,146.919159,56.880585,128.595474
320.951080,133.912201,56.549110,128.692245
321.287598,132.571564,56.942421,128.583588
324.041534,138.049988,56.422359,129.234818
324.060913,138.193832,56.458790,129.441437
322.767273,137.295609,56.390366,129.630112
322.458435,136.448318,56.389580,130.236252
321.277039,134.494598,56.200928,130.705368
320.487030,128.109756,55.557884,133.734085
320.651093,128.180923,55.942772,133.990173
320.757294,129.004730,55.694397,134.137039
320.575073,134.342865,55.715492,133.434097
319.931824,135.019379,55.650375,133.276062
318.753937,136.778931,55.934971,134.045807
315.811920,141.438156,57.454105,131.739975
313.222473,145.166534,58.499981,130.378647
313.808380,147.934418,57.866440,130.285416
312.704498,152.474747,58.615162,131.327698
312.717804,152.440918,59.008511,131.213333
313.119385,156.725021,59.234707,131.781097
313.183228,156.450867,59.480301,131.496567
313.221100,156.604141,59.461548,130.415558
313.933350,159.746475,57.920731,130.547058
314.251831,162.993011,57.459564,130.861557
318.066681,165.992554,56.249836,131.087784
322.361176,177.150772,54.560238,131.778976
325.419739,172.020004,54.487759,129.938538
325.416077,172.030777,54.462139,129.945129
325.657043,172.905838,53.938385,130.091232
326.031830,174.476547,53.678051,130.400665
327.119751,178.007904,53.801704,130.308594
329.767914,182.284393,53.503441,129.840363
334.094788,180.186661,52.941658,131.275848
335.707733,178.648926,52.854721,131.100159
339.392212,181.923325,53.020695,132.625046
341.958588,176.024841,53.681618,132.730988
343.425110,175.370285,54.079288,133.334869
347.088654,177.470596,54.678379,133.714691
353.699066,183.024933,55.997448,134.419937
361.188843,191.521667,55.963913,134.568619
366.209564,192.390274,55.758503,133.646744
369.078033,193.751709,56.017647,132.573746
2
0
0
0
0
1
343.765961,220.688248,41.946228,116.417511
344.269409,220.565048,41.703182,112.134193
344.275757,219.096161,41.528355,108.530373
344.138580,217.703842,41.985950,108.102272
343.346375,214.628159,41.474930,107.996574
342.901520,211.512070,39.918594,108.388214
342.921967,211.589218,39.970131,108.386314
342.964294,211.561539,39.950550,108.499199
343.138153,211.284363,39.909637,108.451088
343.335999,210.686676,39.927002,108.302048
344.278351,210.069611,39.506672,108.512161
345.093262,209.995941,39.834793,108.982231
345.276398,209.875381,39.946735,108.888519
345.509460,209.467758,39.902756,108.896553
345.698669,208.839249,39.917213,108.904556
345.831360,208.143753,39.940544,108.942902
346.345581,206.190170,39.564045,108.991371
346.941315,205.175720,39.388851,108.863899
346.859192,203.327103,38.174004,108.367729
346.463409,201.527115,38.389172,108.673286
346.449432,201.680191,38.428665,108.947945
346.085785,201.755753,38.493019,108.854691
345.707367,201.718536,38.503380,109.148079
345.389832,201.842026,39.065342,109.210175
345.172363,202.081268,39.498878,109.416466
344.999481,202.010788,39.482838,109.458603
344.894989,201.988678,39.486290,109.465965
342.643127,194.972366,39.221798,115.295532
342.513123,207.532135,39.289009,108.229668
342.592407,206.932877,39.493629,108.371933
342.510437,206.238342,39.494415,108.556198
342.092621,205.149902,39.514053,109.234993
340.886902,202.526703,39.918419,109.887413
338.998199,199.717178,40.088482,110.233589
337.047455,193.773010,39.876606,111.624527
335.827911,191.791412,39.618576,113.886871
335.085297,190.371536,39.873611,114.700966
334.450958,189.910782,40.035286,115.289597
334.656311,190.243332,40.428062,115.478943
334.916443,190.210236,40.362137,115.912346
335.161133,189.661911,40.406879,116.273033
335.202667,189.374344,40.471222,116.535141
335.259399,189.440796,40.458370,117.015968
335.278717,189.674911,40.478634,117.451263
335.240997,188.083160,40.481155,118.110771
334.689331,184.859650,40.420036,118.901138
332.605896,185.554428,40.452511,119.368042
331.113464,185.399231,40.643341,119.482140
328.702667,185.719879,41.058929,119.828598
325.872620,187.122757,41.491116,118.997574
323.731781,185.253860,41.709019,118.600029
319.896149,179.933456,41.760036,118.881142
316.062073,178.523041,42.146618,116.098305
