1
190.820862,198.859985,40.526424,117.914658
190.482040,198.487885,41.044056,117.891945
188.393631,205.022217,41.565823,116.259567
187.068085,204.309357,42.126945,114.924873
184.416260,208.021469,42.783875,113.231415
181.828247,214.564133,43.069420,111.756203
178.259552,221.245956,43.977165,109.992004
176.127411,226.057419,44.518448,108.222038
175.410873,227.067108,45.486061,107.747345
175.172791,227.409073,45.942429,107.396133
175.367752,228.868759,46.420414,107.146904
175.281998,229.116806,46.537872,107.351097
175.690598,229.766739,46.991653,107.196724
175.907394,229.712296,46.987782,106.900887
176.372223,228.724838,47.058441,106.838699
176.593994,228.887466,47.476620,106.874626
180.149185,230.871674,47.782631,105.169846
187.603683,229.358749,48.067398,107.507637
190.595306,227.477386,48.407001,107.600876
196.690521,225.475266,48.662674,105.736740
202.831802,220.898285,49.608555,106.688904
208.673355,224.048157,50.680622,107.204475
213.621399,223.877747,52.122307,108.571930
214.074509,223.192810,52.549595,109.055054
215.196564,224.989258,53.411556,110.400879
215.849411,225.090576,53.334538,110.391754
218.602905,225.078171,53.299152,111.009850
227.504242,225.758392,52.144516,106.589310
232.782303,224.945099,52.400902,104.399666
238.238739,227.161865,52.702816,101.251068
242.443924,229.509995,53.047047,100.481689
246.943848,228.864899,53.254517,99.425880
248.859894,228.991577,53.326118,99.619057
250.742645,228.534302,53.512058,100.235481
254.764114,227.485565,54.494316,99.910591
259.504669,226.654785,54.635750,99.506691
260.979248,227.187576,56.373528,99.773651
263.790009,225.938568,56.305798,98.772804
268.309387,227.012604,56.627712,96.919830
272.231903,228.161835,57.284809,94.331062
275.439667,228.776840,57.567623,93.602562
277.479004,229.699524,57.775063,93.626511
278.680756,230.150604,57.881748,94.020035
278.886322,230.338776,57.914463,94.472969
279.009338,230.251602,57.941261,94.392143
279.068939,230.281754,57.963120,94.463745
279.085999,230.300140,57.971359,94.459282
279.094818,230.283875,57.959023,94.525826
278.958496,230.467896,57.933498,95.068245
278.948639,230.693161,57.956055,95.482002
278.181000,229.504883,57.791676,96.101723
278.186218,228.621887,57.927437,96.302094
278.225067,228.623917,57.991669,96.532036
278.221344,228.636856,58.003712,97.179573
278.439331,228.526764,58.512596,97.482506
278.737122,228.229050,59.064434,97.386856
278.789642,227.349197,59.631760,97.944191
278.360535,226.637466,59.997879,97.786285
275.643616,227.237518,60.327606,97.163643
270.454071,228.658997,61.336109,96.455116
265.254456,228.867950,62.912830,95.923012
259.067383,230.463913,63.311844,95.543480
254.193558,234.034088,63.657848,95.485222
244.731537,237.202209,64.148338,92.234871
237.916412,238.354065,64.109589,92.133270
228.722992,238.671494,62.857231,91.402328
220.299393,239.530838,62.826874,92.404839
216.725449,236.986725,62.620449,92.341400
214.551147,236.775528,62.297379,93.122200
209.245544,234.534958,62.057304,91.947014
207.944107,234.950500,62.872784,91.681313
201.062378,234.200134,63.621189,92.888519
192.569260,235.394424,63.681145,92.370140
183.861969,233.954071,63.144066,94.464241
177.132004,237.343811,62.449188,93.563133
171.335922,237.954178,62.047829,92.849777
163.359055,236.297226,61.909206,94.057091
161.383484,236.215683,60.798187,93.500793
155.548538,235.225143,59.698994,96.103622
146.890564,234.575562,59.874397,96.685623
140.831497,234.053925,59.331299,96.985977
138.662842,232.875137,59.548069,98.242355
135.048599,227.349655,61.277931,105.830933
128.340729,224.842834,61.338612,105.321045
120.311485,222.848999,61.001606,104.753975
117.479919,222.335129,60.644463,105.314781
116.217010,222.438126,60.449715,105.378380
112.711700,222.941162,58.781284,104.671608
110.955803,222.372391,59.029339,105.319496
106.983231,220.075653,59.418205,104.760780
103.826508,218.793884,59.174591,101.995033
103.977676,218.671127,59.480286,102.040245
102.720673,215.704453,59.502007,105.260010
99.721436,211.148804,59.988503,111.302193
98.440300,210.223907,59.681591,111.853348
96.999832,209.495316,59.415005,112.774170
96.483200,208.977142,58.950020,113.476967
96.370430,208.990326,58.507076,113.522377
96.812767,209.148758,58.684940,114.084587
98.061203,206.510437,58.602802,113.249825
99.771675,205.116943,58.972034,114.287560
100.497871,203.589798,58.817120,113.424316
103.534294,200.874649,59.141327,114.042946
104.697372,199.956284,59.294762,115.903549
103.898689,196.681747,59.884632,119.820053
104.487213,195.847763,60.622601,119.144371
106.648972,195.218964,61.321701,118.323898
112.531982,193.446472,61.798904,116.938950
119.245964,192.295700,61.387718,115.863274
124.190315,190.257721,60.236355,115.469658
127.303261,187.748947,58.116505,114.754997
130.064362,186.189850,58.286331,111.859749
134.514664,185.531937,58.972206,114.859016
136.999603,183.377441,58.042030,117.215347
139.122498,182.655273,56.546459,118.610779
140.574722,181.803741,56.629913,118.165237
143.162140,181.951004,57.525673,116.641563
147.085205,181.666962,58.035549,115.461143
152.823090,182.989639,57.720901,112.416229
158.323502,183.853149,57.579079,110.308960
163.050156,182.798294,57.129387,109.258568
167.467239,179.405304,56.874481,109.992462
170.369873,175.618393,55.450130,106.598587
175.070831,176.036423,54.312817,108.844498
177.298355,175.507706,53.843475,110.142288
178.322189,174.778564,54.193489,111.172501
180.660370,172.160080,54.832996,113.952049
184.762909,170.409424,54.322395,114.420074
188.225952,170.384705,53.623493,114.552399
191.527145,170.900330,53.376904,113.384171
195.031586,169.545166,52.657681,112.638634
197.250656,169.034653,51.248959,112.969543
200.336517,166.500244,49.710186,112.960526
202.645981,166.286667,49.804771,112.824928
205.387039,165.606354,50.217670,113.163239
205.290009,164.851074,51.501183,113.673111
206.050659,164.710281,52.059372,112.757652
206.811432,164.981964,52.457851,112.662445
207.495422,162.645462,51.969475,112.960167
208.166931,160.396698,51.604282,112.932510
208.957535,159.405991,51.587711,113.673767
211.430801,154.247757,49.940952,114.413406
212.763092,154.043976,49.786964,115.388687
214.804260,154.294846,48.548199,115.951675
215.760803,153.662689,48.324173,115.241608
218.540771,153.127090,47.454304,115.682198
219.090973,153.104935,47.290031,115.709663
220.271576,152.374802,47.204281,114.925362
222.318619,152.172012,46.709003,114.747345
223.098602,151.804703,46.873871,114.714775
223.589828,151.993561,47.187469,114.607513
226.713577,153.883484,47.649284,113.014267
227.352539,154.101288,48.150837,114.233261
230.540878,155.082230,48.017147,115.033592
233.214081,153.849762,48.138332,115.480179
235.552490,152.443817,48.530045,116.224373
238.024689,152.668610,50.470558,116.786301
238.435257,152.180939,50.702572,116.848198
238.821640,151.953186,50.933346,116.886070
240.234512,151.039963,50.618946,116.674629
240.915390,150.283005,50.802689,116.692467
242.452194,149.595016,50.329052,116.785988
244.178314,148.334854,50.193317,117.329285
247.247742,148.015213,49.741436,118.067192
249.651581,148.922073,48.714043,118.023918
254.067566,147.677719,48.458099,117.894516
258.502472,144.199890,47.382454,118.150307
261.372589,144.725723,46.742352,118.382545
261.727386,144.833435,46.854191,118.468552
265.684082,145.396881,46.464504,117.265572
269.938599,138.274414,46.322742,119.533905
270.291992,137.905533,46.265053,119.975464
270.505981,137.376770,46.346989,120.126564
270.568970,137.534225,46.468761,120.380844
270.635986,137.634171,46.505432,120.341949
270.851959,138.161758,47.056721,120.229362
271.141296,138.687347,47.551239,120.116119
271.464172,138.629013,47.977646,120.009567
271.452911,139.183945,47.976852,120.132774
271.464508,139.834091,47.950592,119.874489
271.507812,140.305756,47.947750,119.585434
272.040100,139.609482,47.800472,119.868126
273.675049,139.633209,47.328377,119.442421
274.308411,139.937393,46.407772,119.210800
274.526154,140.111877,45.521542,118.796539
275.266418,140.262573,43.943615,116.802200
275.097504,139.603867,42.934410,115.923950
275.108002,139.250946,42.202374,114.479118
274.694031,138.223251,41.837830,112.976967
274.137329,139.420013,41.219601,112.228241
272.786133,142.762375,41.093475,111.608246
271.554596,144.314713,41.320049,111.244492
271.998016,145.305984,41.370861,111.546265
272.988281,145.222351,41.565868,112.220100
273.454346,145.272614,41.922901,112.607025
273.491028,145.722549,41.954067,113.053505
273.558868,145.959457,41.950832,113.564255
273.763550,146.452271,41.860214,114.023247
274.211182,147.391129,41.788681,114.076279
274.776459,147.830490,41.710342,114.059082
276.698120,147.062836,41.235386,112.943649
276.921570,151.001678,40.992725,111.665588
276.948395,151.242172,40.966454,111.854919
276.902924,151.551987,40.954578,112.047073
276.937714,151.826172,40.962688,112.506973
276.987793,152.885147,41.042076,113.026016
277.235046,153.228073,41.479420,113.409729
277.699310,156.371719,41.528175,111.631409
278.580841,156.182114,42.100204,112.502541
278.952209,156.762390,42.637493,112.802826
279.145660,156.852173,42.974377,112.975060
279.158691,156.894928,42.968334,112.967873
279.148010,156.926147,42.970112,112.949432
278.813263,156.804840,42.668667,113.250130
276.921844,158.236954,41.566177,112.890900
276.644867,157.814178,41.456081,112.827621
276.396973,157.939667,41.237232,112.975899
275.226166,158.162445,40.962841,113.295204
274.642792,159.241272,40.808758,113.209496
274.440765,159.934433,39.730881,111.217133
274.665741,159.834335,39.960403,111.600830
274.606506,160.173080,39.951420,111.875725
273.667755,162.307205,40.161560,111.016342
272.495270,163.245773,40.296219,110.754364
272.125702,163.593536,40.461315,110.867744
271.320892,165.802063,40.491283,109.538994
269.638245,167.484741,40.319756,109.447426
267.773346,169.512924,39.992908,109.287483
267.384674,169.576630,39.488605,110.188263
266.054871,169.074554,38.286263,111.719536
264.073822,167.243301,37.529716,112.829453
261.120422,169.616501,36.809395,112.087852
258.681213,169.403076,37.463993,113.262489
255.888657,170.581833,36.931747,114.881477
251.938904,172.511627,36.646782,114.883904
250.032837,175.030563,36.776115,114.405434
247.009689,177.667145,37.113579,113.812332
245.160538,180.238205,37.565559,113.578773
244.552277,180.218369,37.982082,113.741676
242.790207,179.045731,38.620800,114.935844
240.508774,178.705399,39.532207,115.957878
239.799484,178.680817,40.062977,116.141113
236.362503,178.845001,41.047928,117.030342
234.017410,179.574570,41.722862,117.025627
231.057404,181.700317,42.546013,118.673058
228.238831,182.094711,43.624271,119.482948
225.063583,182.075073,44.042999,120.265373
223.268646,181.640854,43.977367,120.371140
221.072144,179.929779,44.137074,121.389565
219.129776,177.668549,46.400913,123.470581
217.782410,176.184723,46.728928,124.458557
215.665970,174.330582,46.808022,125.061470
212.442413,171.367935,47.853920,127.994087
212.352859,171.164444,47.987148,128.172653
212.083160,171.371414,48.001839,128.750687
211.581253,171.427505,48.425823,128.932388
210.843307,171.842072,49.076832,128.699448
208.733749,172.169266,49.844883,128.765610
201.212830,173.230743,53.426228,131.549896
195.636459,177.932343,54.305035,130.746109
191.519638,180.927002,54.983925,128.084381
191.160492,181.275772,54.907700,127.574600
190.298096,181.635803,55.013691,127.029129
189.101547,182.398499,55.554245,125.604523
187.807816,182.734863,55.478279,125.114769
185.370621,181.333450,54.560333,124.247337
184.983932,181.136520,54.810154,124.091209
184.994659,181.164993,54.888016,124.207619
184.776642,180.945175,54.885624,123.909973
184.580597,180.803070,54.733971,123.645012
184.728867,180.854630,54.909897,123.695625
184.741974,181.008865,54.945011,123.884888
184.800522,181.075531,54.871796,123.878975
184.674896,180.874863,54.899921,122.540581
184.798950,181.614548,54.820881,121.283340
184.762329,181.776138,54.941936,121.480553
184.786346,181.782837,54.972420,121.449028
184.648819,181.238678,55.083054,121.111557
184.738861,180.785538,55.655663,121.246979
182.824905,188.122955,55.269291,121.483566
180.207520,196.200699,55.396465,122.624702
179.302933,208.035034,54.516762,122.399979
181.813644,213.101547,54.700161,124.240097
184.155228,211.863754,54.617210,124.087662
185.855026,208.473953,54.922913,123.705017
186.512390,204.091309,54.459908,123.672470
186.950150,199.420090,54.582306,122.882301
187.494827,197.294128,54.833248,121.930840
187.246567,193.336838,55.098221,120.794594
188.934677,192.345184,54.306747,120.596214
190.737534,189.755478,53.525055,120.306229
192.333359,188.166397,53.450840,120.669022
191.809280,187.386734,53.294102,120.778534
191.502609,185.774384,53.281170,120.685059
192.560791,185.118866,53.580654,121.457161
189.269180,180.307297,53.268059,121.178421
188.998993,176.478378,53.590782,118.867569
189.667160,172.719101,54.066551,118.092430
187.359116,168.930328,54.932777,117.456421
177.253235,171.511414,55.368019,116.474442
172.855789,175.303314,55.896976,116.315178
171.069382,179.743454,56.015038,116.128441
165.513657,184.358902,56.396950,117.954071
161.760437,186.733902,56.077835,114.365639
160.185135,189.806229,56.098732,115.333321
155.436615,194.050003,56.455414,114.076279
153.961731,194.101196,56.367546,114.295807
151.322144,193.505630,55.774239,116.243607
146.960800,193.864670,55.717415,116.663963
143.966278,195.014893,55.498291,118.455391
142.278641,195.338974,54.972733,119.228378
138.965073,198.881454,54.557495,119.979393
138.020630,200.355759,54.505013,120.543114
136.953781,201.817993,54.104649,122.619026
133.052383,205.127441,53.922119,122.758743
130.506516,205.897568,53.436031,123.928917
130.099106,205.254456,53.410923,125.112061
128.603516,204.570999,53.219570,126.740280
127.223549,204.568604,53.472919,126.899261
125.158989,203.766068,53.375801,128.007233
122.909866,203.627930,53.459824,129.682434
121.861763,203.595078,53.566998,130.242920
120.407387,203.277206,53.759617,131.246735
120.516762,203.426559,53.975273,131.442291
120.503326,203.493011,53.982563,131.439056
120.492844,203.564560,53.963440,131.476562
120.507248,203.586990,53.973301,131.446960
120.519814,203.630539,53.958252,131.421936
120.630539,203.624100,53.863056,131.462051
120.831764,203.869873,53.830170,131.404358
121.142998,204.527710,53.756905,131.224823
121.643112,205.175552,53.463127,131.104004
122.657005,206.053482,52.688450,131.030121
123.955635,206.822815,51.875732,130.976868
124.834709,207.089233,51.261360,130.652557
125.616760,207.909622,50.957329,130.917725
126.618156,208.586929,50.059799,130.463715
129.359299,209.283829,48.980858,129.642349
131.078247,209.601547,47.552704,129.558578
133.060089,209.994049,46.414886,129.081650
134.017181,210.123825,46.061756,129.159256
134.473145,210.438461,46.329540,129.320602
134.578720,210.584793,46.457119,129.397141
134.756104,211.411118,46.388714,128.514313
135.012329,211.655472,46.431992,128.630203
135.407852,211.666931,46.476715,128.828339
135.622009,211.744125,46.449070,128.733276
135.891495,211.716248,46.371204,128.760696
136.503479,211.363876,46.428452,129.137344
136.552719,211.511414,46.474949,129.417007
136.574249,211.535187,46.470852,129.455231
136.596832,211.538437,46.470268,129.452377
136.615540,211.550751,46.475105,129.444870
136.537979,211.881790,46.463116,129.212143
135.215927,211.019730,46.027813,130.199554
134.119522,211.278549,46.117577,130.311172
133.791519,211.024460,46.190586,130.414566
133.222397,210.738434,46.123093,130.177124
132.921402,210.770264,46.130798,130.161575
132.966187,211.044891,45.867317,130.058838
132.464355,211.422318,45.494267,130.273087
132.438019,211.561081,45.453411,130.402100
132.441437,211.600464,45.443192,130.381531
132.489838,211.652451,45.454685,130.446381
132.544830,211.650848,45.460365,130.462814
132.704666,211.557816,45.390278,130.448029
133.143448,211.587265,45.331375,130.025452
133.998383,211.659225,45.246002,130.031326
135.094284,211.969818,45.324944,129.436829
135.504517,211.819977,45.387833,128.943741
137.078339,212.006393,45.229038,127.299461
137.856659,212.049454,45.352417,126.419960
138.871857,212.099121,45.314968,125.626434
139.561295,212.081055,45.287476,125.406662
140.972153,212.223419,45.231434,125.062683
141.643036,212.895554,44.755859,124.820580
141.992584,213.669113,44.933521,124.582222
142.143097,214.098495,44.945984,124.757233
142.937607,214.236084,44.838047,124.704910
143.237976,214.400620,44.880253,125.005219
143.794800,215.105240,44.902946,124.879959
144.695053,215.228088,44.921288,124.650215
145.096191,215.636719,44.933918,124.603096
145.420273,215.708939,44.901546,124.900787
145.868088,216.047699,44.843369,124.803772
146.068420,216.170120,44.952812,124.977753
146.934280,218.927780,44.906906,123.076416
147.518158,220.176056,44.734348,121.910957
147.748077,220.366730,45.084717,121.578636
147.970688,220.561096,45.506809,121.809570
148.211334,220.650970,46.003086,121.738792
148.460999,220.724960,46.488354,121.904900
148.451248,220.637650,46.513172,121.828468
148.602264,220.991974,46.978180,121.845901
146.055206,220.439529,46.984959,121.323570
145.872360,219.989594,47.011471,121.276283
145.592804,219.788376,47.575329,121.171898
145.778229,219.995819,48.003536,121.340286
145.968307,220.231552,48.492630,121.297852
146.090942,220.634476,48.503258,120.895782
146.329376,220.647888,48.997467,120.855949
146.440674,220.588547,48.941624,120.895432
147.096237,222.210464,48.919838,120.198051
147.150177,222.322067,48.960121,120.370468
147.568359,222.385284,48.806499,120.053444
147.666611,222.607224,48.974972,120.439026
147.688431,222.730789,48.974216,120.373192
147.738129,222.839340,48.962505,120.414337
148.050034,222.965103,48.947029,120.471291
148.908829,222.817764,48.811104,120.205147
150.643463,222.254440,48.723122,120.179054
151.115463,222.245499,48.830589,120.343338
152.065628,223.053711,48.898502,119.533081
152.367645,223.422455,48.956402,119.473557
153.405243,223.857193,48.719997,118.493408
153.712723,224.251831,48.865269,117.457809
154.043228,225.070618,48.913849,116.348381
154.492706,226.160355,48.990730,115.402321
154.693893,226.236206,48.938477,115.184471
154.925507,226.152252,48.914551,115.407516
154.987793,226.104843,48.972672,115.398743
155.154709,225.820770,48.913250,115.271461
156.404755,225.074905,48.825005,115.140320
157.715073,224.607834,48.453232,115.103294
158.822372,224.529129,48.622845,115.102921
160.160339,224.586990,48.989391,114.626335
161.597092,224.363068,48.840412,114.050247
163.189117,224.440842,48.678024,113.623611
164.272263,224.017685,48.641647,113.146347
166.797287,223.367477,48.513191,112.836922
167.622757,224.149246,48.791225,112.350914
170.511230,226.824142,48.549603,110.165779
170.786560,227.181015,48.942993,110.264030
172.454956,228.508286,49.062809,109.257431
174.690399,229.641998,49.284794,108.250885
178.077133,230.919037,48.577862,107.251007
181.859802,230.626709,47.750202,106.978569
183.479675,229.550156,46.972488,106.897736
184.247070,229.251068,46.230190,107.110626
185.373352,227.465210,45.432144,107.467033
187.529846,225.239578,44.910320,106.707626
191.261276,225.123276,43.609528,106.168289
192.717056,222.814209,43.304146,106.079178
194.119537,222.708878,42.778927,105.977211
196.807312,220.798309,41.601383,104.515297
197.874725,220.733948,41.487537,104.684059
199.287704,219.501312,40.721127,104.174858
203.872437,216.761002,39.006737,103.566055
204.670593,216.706497,39.046375,103.725136
205.647461,215.844131,39.066601,103.617210
208.239685,213.311951,38.768253,103.388115
210.506821,213.024643,38.548218,102.881111
212.000946,213.557907,38.781933,102.897232
213.681183,214.019409,38.789066,101.654388
216.235245,215.546707,38.327908,100.310471
217.533432,216.341125,38.164265,99.455139
220.943787,219.365112,38.153336,97.884773
225.608017,223.284164,38.904282,93.764755
231.024872,225.206268,39.346645,91.828156
236.763580,227.898773,39.351734,89.234894
242.360031,227.171310,40.164597,89.035194
248.161926,227.682495,42.165199,89.011238
249.915466,227.033951,42.867699,91.508713
258.021912,227.735352,42.932835,90.531631
266.342377,225.742920,43.128059,89.780228
270.495453,221.757797,42.333523,91.452133
275.576324,216.313049,41.858002,93.629303
276.854645,219.543121,41.679916,93.740509
277.913727,219.728317,41.430973,93.228722
289.952271,211.417099,40.846848,94.665840
296.253784,207.574234,41.704506,92.496307
306.246765,210.137817,40.323273,90.028465
311.627625,214.657135,41.068371,86.301025
317.895264,216.943512,41.678074,83.596214
325.626587,221.406448,41.502247,82.487221
331.771271,222.201324,41.736511,79.803185
337.799744,221.873718,41.635517,78.751106
346.080048,220.604614,42.664383,77.645882
356.713928,216.620483,43.683937,77.545998
365.973572,213.083984,44.618435,76.938850
372.347870,214.286682,47.809265,84.657990
373.444183,203.739624,47.255135,85.303543
373.079926,201.717361,47.623451,84.748917
373.162537,201.037735,48.346733,84.332588
372.007507,200.210876,49.173916,87.971718
369.900116,202.036102,49.361588,92.243172
369.748230,202.668091,49.523983,92.461349
369.420715,202.715530,50.100208,92.804474
2
0
0
0
0
1
410.242706,209.708572,56.982269,123.926041
409.801941,209.469925,56.564751,124.072937
405.269501,203.601852,56.780666,128.569809
403.679871,200.639069,56.246704,131.378662
401.195648,198.185471,55.772064,132.457504
398.075165,195.367065,55.645737,132.949799
394.446869,190.333893,55.167000,136.386185
390.505981,186.658661,54.216454,137.627731
386.497925,183.616394,52.740185,138.379608
382.029510,179.438660,52.246037,138.408661
377.363770,178.982239,51.373940,137.794479
373.034393,180.500397,49.431049,137.452682
368.119263,181.295746,48.351357,137.260559
365.855652,179.867706,47.373756,135.863602
362.062653,181.027374,47.849407,135.560349
359.239471,181.659210,47.527370,134.573700
356.765564,180.778458,47.263897,134.126083
353.923584,181.453094,47.357048,132.988800
352.054077,181.356628,46.968147,131.118912
351.595001,181.275620,46.722607,131.161392
349.081512,179.808090,46.949806,130.012863
348.484558,180.096695,46.894104,129.975784
347.408203,180.304352,47.016956,129.577820
346.354767,181.114990,47.636280,129.298691
344.882172,180.860992,47.799633,129.342667
343.711975,180.247543,47.739910,129.201294
342.730072,179.732803,48.274345,128.867538
342.055023,179.089828,48.516819,129.905670
342.107574,178.408508,48.925774,130.077133
341.853027,178.149658,48.851154,130.438705
341.878540,175.696289,48.754135,130.718811
341.960327,175.719604,48.982609,130.921356
341.834503,175.919647,48.978260,130.942474
341.658813,175.567139,48.940792,131.036255
341.603119,175.767242,48.972836,131.476685
340.387238,175.267746,48.922924,131.412720
339.825775,175.283249,49.118286,131.219650
338.990601,174.098297,49.507713,130.846573
337.620300,171.546402,50.029087,131.057846
336.467010,170.499634,50.420162,131.708649
334.472473,168.868042,50.171432,132.771027
332.857391,168.933899,50.304955,132.752548
332.314362,168.151566,50.217812,133.521469
330.709045,167.382355,50.128128,134.617447
330.266785,166.851028,50.338955,135.171570
329.211548,165.383743,50.193878,136.471664
329.053925,165.234756,50.418064,136.566528
328.470062,165.651337,50.452854,137.000412
327.802826,166.227890,50.359341,137.215012
326.077026,167.809662,50.271004,137.164062
325.144135,168.358887,50.450047,137.161316
324.040527,169.380066,50.497200,137.227951
321.726440,171.145004,50.664051,136.936874
320.574860,171.180023,51.074787,136.742920
319.657257,171.643112,51.644226,136.572189
317.894775,170.968216,52.066414,136.624649
317.540283,170.905121,52.362965,136.176361
316.515442,170.936188,52.373856,136.328339
315.709686,171.402344,52.342171,136.426910
315.294891,170.696442,52.334179,136.218903
313.737335,170.871902,52.240036,136.078156
313.759796,170.864777,52.002747,136.182510
312.741699,170.501007,52.003586,136.920746
311.593048,169.553436,52.019253,136.973343
310.921967,169.218307,52.263676,136.805878
310.214569,168.752808,52.038799,137.131058
308.220764,167.728317,52.339760,137.563049
306.889252,167.797882,52.295029,138.107468
305.589569,168.166702,52.425789,138.412537
303.649689,168.111343,52.511868,139.074677
301.171021,167.730759,53.367695,139.797409
298.665192,169.461121,53.570389,139.400131
296.553772,171.141190,54.187626,139.058929
294.803925,175.386078,54.459549,139.022827
293.387238,174.735855,54.678902,139.395462
290.369781,176.884048,54.819477,135.785812
290.043701,172.298309,55.583969,137.139938
289.272949,171.464859,55.846222,137.042435
287.824677,169.600784,55.464832,137.730347
287.598877,168.200363,55.489040,138.041611
287.630554,168.152466,55.562035,138.533813
288.068817,167.468689,56.128674,138.432281
288.242279,166.491394,56.588299,138.157120
288.583344,166.411255,56.977165,138.346161
288.632141,166.270096,57.002808,138.495544
289.751068,166.109650,57.039810,137.398560
290.135468,164.953400,58.048492,138.905106
290.350525,164.732788,58.492920,138.925476
290.258301,164.466553,58.659866,138.800476
290.399628,164.124924,59.399658,139.043579
289.530975,163.500427,61.881886,139.205994
288.949707,162.902740,62.926716,137.931168
287.829437,162.340469,65.844452,137.869614
287.302002,162.137253,67.884407,137.450211
287.101196,161.930115,69.180527,137.739304
287.407196,161.970428,69.626282,137.878113
287.554657,162.090042,70.284760,137.655090
287.668701,162.231857,70.496628,137.800232
287.584198,162.038010,70.913895,137.400284
287.710419,161.767044,71.024689,137.306702
288.048706,160.531738,71.833336,136.649048
286.785797,159.771057,71.759979,136.314911
285.045105,157.338501,70.804306,135.981689
283.742462,156.385574,70.091331,135.207047
283.942596,156.451691,70.344353,135.117966
284.020660,156.535248,70.414833,135.176254
284.156158,156.224380,70.370697,134.876205
285.371521,154.302673,69.662369,133.907074
287.412048,153.285782,67.762039,133.897705
288.169464,153.078049,67.619507,133.714615
288.767700,152.974594,67.923035,133.806976
292.133759,153.749344,67.580376,132.005035
296.206146,154.806137,67.416870,130.517731
299.610565,156.942184,66.418465,128.955170
303.015839,156.803253,64.644745,128.113434
307.124512,156.115555,63.360371,127.109383
308.957550,155.075760,62.446148,127.314926
312.055847,154.650787,61.317070,126.195976
314.457001,154.295578,59.956470,126.099319
317.941620,154.339844,57.969688,127.604614
320.407959,154.110519,57.475414,127.402184
320.543579,153.966995,57.349632,127.260750
320.885101,154.165466,57.297493,127.607368
320.931427,154.391037,57.453239,127.916611
318.846924,156.369308,57.426670,127.759918
317.780640,156.991913,57.658596,127.699753
319.346924,155.828384,57.905701,128.440063
320.927246,147.248917,56.928493,128.361984
321.420959,147.354767,56.731876,128.649063
320.775909,144.524155,56.556976,130.347992
319.976807,134.644867,56.649803,130.796280
320.480621,133.441544,56.953522,130.630096
323.512665,138.129791,56.449936,131.139038
323.390808,138.491486,56.496799,131.304001
322.171967,137.466202,56.317001,131.718872
321.927551,136.722321,56.422802,132.144485
321.188629,134.210663,56.317703,132.779526
320.615997,129.215485,55.459141,135.389587
320.581543,129.242996,55.439671,135.476028
320.881561,130.080933,55.154362,135.632904
321.128937,131.655075,55.204491,135.836899
320.531738,132.028229,55.232246,135.968124
320.254456,132.474136,55.399868,136.070328
319.085785,136.319275,55.826839,135.581711
316.431824,139.938477,56.310535,134.290375
316.293945,142.556274,56.432880,133.780518
315.194275,146.796127,56.922848,134.176178
315.220154,147.176575,56.987762,134.334595
315.961304,153.478104,56.663780,135.211029
315.879150,154.078278,57.007103,135.366043
316.008514,153.639343,57.486134,135.092178
316.025665,153.782333,57.203323,135.395309
315.612518,156.289185,57.720200,135.656464
318.571503,161.855667,56.311207,136.803436
321.502228,170.052597,54.508976,138.487747
324.294250,161.758942,54.389778,136.777008
324.447052,162.039230,54.195194,137.011261
325.506805,162.670212,54.070595,137.504532
326.960541,169.294006,53.792629,138.499008
327.509827,169.986557,53.933594,138.415970
329.544861,170.490540,53.577431,138.708328
334.880463,168.179138,53.223976,139.050430
338.053406,167.583633,52.431721,137.723495
337.841370,167.793015,52.735298,138.167404
339.581390,162.233093,53.714176,139.554535
345.601776,161.780716,54.403408,140.470901
348.740204,166.429520,54.818668,141.418335
352.856537,174.231522,56.296227,142.711487
361.305664,189.233963,56.944424,142.086182
365.313080,187.978348,56.895267,140.517899
369.637238,193.870117,56.807369,138.719040
2
0
0
0
0
1
342.608368,216.078674,45.416084,116.552223
343.020386,215.890579,45.247749,114.782478
342.981842,213.905472,44.904179,111.907059
342.777313,213.343430,44.915546,111.590118
341.712067,211.513367,44.695667,111.333519
341.658783,209.025299,42.900082,112.776115
341.613983,209.219788,42.738937,112.779137
341.782776,209.243286,42.854366,112.984444
341.998047,209.092041,42.827396,112.911911
342.219421,208.674362,42.923981,112.670113
342.620911,208.501144,42.721172,112.898331
343.430573,207.762650,42.736313,112.958115
343.668884,207.547043,42.937519,112.815430
343.791870,207.208633,42.939503,112.898499
343.944824,206.869034,42.909164,113.034821
344.061310,206.287643,42.941868,113.396957
344.198212,203.424393,42.777260,113.343315
344.842346,202.450073,42.482048,113.658440
345.145020,201.103409,41.145336,113.498497
344.982849,200.078171,41.294636,113.421463
345.077179,199.883102,41.365242,113.626099
344.957947,199.957687,41.424484,113.933456
343.997192,198.405960,41.372257,114.411636
343.697693,198.124176,41.510525,114.494690
343.242798,198.181717,41.919312,114.445290
342.836609,198.532745,42.061089,114.239204
343.046661,198.661606,42.477219,114.455482
340.736725,182.482941,41.401470,125.442543
340.307678,197.296997,41.846050,117.264793
340.383820,197.413925,41.979321,117.449326
340.393341,197.438095,41.979355,117.449303
340.390564,197.448242,41.975819,117.453857
339.619904,195.830460,41.959045,117.548920
337.946106,192.453217,41.784706,118.249992
336.156311,192.030624,41.636623,118.587097
335.427734,191.367279,41.617054,119.525681
335.353424,190.591644,41.942596,120.068092
334.271149,190.126373,41.962017,120.607658
334.152222,190.418518,41.914898,121.051872
334.213257,190.474213,41.929646,121.583008
334.394104,190.310318,41.882797,122.001534
334.448242,190.402390,41.975868,122.444283
334.475159,190.290283,41.961739,122.448997
334.783020,187.492294,41.821335,122.233826
335.213898,184.182465,41.779171,122.495384
334.840637,183.480560,41.928741,122.596489
332.732849,184.293900,41.633415,122.961304
331.091095,184.059280,42.078751,123.012566
327.587067,182.987183,42.457771,123.996193
324.952362,183.848541,42.869781,123.427048
322.869720,182.394379,43.117073,122.882385
318.935852,177.698761,43.246616,122.910408
313.989807,175.441986,43.723778,119.691261
