1
182.414154,216.730637,53.396759,113.282951
181.637497,213.690964,53.400425,112.219109
182.580948,214.460693,52.613750,111.936180
178.424606,213.883194,52.749420,110.957443
177.898468,214.769440,52.872910,110.707008
171.881790,222.216675,53.439644,108.396439
171.195557,223.265289,53.548454,107.951088
167.520538,226.456451,54.332825,106.687309
167.272171,226.874573,54.482864,106.876274
167.279053,226.934494,54.473484,106.952583
168.012299,229.000626,54.945248,106.092293
168.338104,229.519623,55.120190,106.284302
168.904068,229.787460,55.412384,106.497475
170.138000,230.069305,55.362614,106.337921
174.329193,227.411438,55.549866,106.171562
174.045670,228.039352,55.953465,106.046936
175.922607,230.448715,56.306778,104.926552
185.839630,225.477768,56.360527,110.187614
186.056870,225.385925,56.379433,110.361320
194.757797,223.134399,56.669144,109.105667
201.834747,220.346054,58.013477,109.369812
202.854645,221.158035,58.670418,109.948853
207.448074,222.261520,59.734707,111.017014
208.306107,222.318649,59.981468,111.525352
209.558807,223.890732,59.831074,113.465576
213.988785,224.658585,59.504417,111.897804
219.085831,223.926651,59.980598,112.196823
224.232849,224.134583,58.017101,107.625633
232.671432,222.744400,57.892807,105.223404
237.036163,224.719971,58.534603,103.903175
239.703827,226.203537,58.853745,103.611694
242.170135,226.734177,58.742878,103.174843
244.335693,226.905289,58.690437,102.778381
250.271606,226.348373,58.458382,102.516174
253.647156,227.760315,59.152332,102.965446
256.904266,227.189255,59.577328,102.493919
258.960815,228.632843,61.251049,102.050858
261.814484,229.457275,61.834393,101.532303
265.896332,229.792374,61.960800,100.161667
269.245544,231.065536,62.009693,98.902351
272.459351,232.275589,62.984447,98.044838
275.356720,232.719406,63.255093,97.867851
276.525238,232.642212,63.376423,97.928299
276.769287,232.604294,63.436771,97.958862
276.856079,232.669739,63.535175,97.984924
277.175415,232.649689,63.960644,97.996147
277.197968,232.636993,63.965771,97.976494
277.203156,232.652512,63.965485,97.957405
277.321320,232.725601,64.061020,98.204651
277.175262,232.740707,64.507584,98.530609
276.892487,232.013611,64.946815,99.376129
276.779602,229.873611,65.265076,98.863235
276.748413,229.493225,65.574509,98.945755
276.170441,226.867401,67.044189,100.196228
276.401520,226.839081,67.514977,100.462029
276.658447,226.830933,67.999199,100.408882
276.644226,226.699341,68.068436,100.487984
276.797729,226.802048,68.489044,100.331497
275.096802,228.515198,69.979393,98.676178
270.815857,230.394669,72.476814,97.594604
267.194122,232.058975,72.986183,96.261444
263.436401,231.638687,73.437401,95.715454
259.908997,232.103943,73.555092,95.081985
254.460815,233.913345,74.466637,92.841408
250.305817,235.015045,75.203079,92.259003
243.057968,237.123642,75.521378,90.552170
228.750153,239.823044,76.025536,88.633179
212.295410,239.542389,74.557503,88.472313
205.526138,237.541840,73.546860,89.640068
201.198318,237.333389,72.139465,88.703178
198.566406,237.490692,72.553116,88.786812
195.047501,236.774078,72.590187,89.273750
187.722031,237.629623,71.270752,88.212898
180.624924,237.117111,70.410347,89.227898
172.009766,238.169586,68.447792,89.897438
166.207535,237.313797,67.638565,89.351685
158.915039,234.306763,67.540741,89.370506
157.233917,234.703873,67.243347,89.493233
151.596970,234.067352,66.324944,91.434677
146.196487,232.836243,65.953377,92.386391
140.192825,229.961411,65.176880,94.885742
138.833710,227.358932,65.300850,99.586838
133.654282,224.209778,65.831009,104.633682
128.616867,223.844879,65.769920,104.226288
119.228943,220.897766,66.615990,103.474907
115.156326,221.498657,66.090706,102.609840
113.576256,221.723907,65.984787,102.856651
111.810059,222.255539,64.091095,102.351158
110.232689,222.017471,64.209824,102.646210
107.424934,221.465652,64.399635,102.304108
103.901741,220.166885,64.330719,100.700439
103.827583,220.166489,64.444496,101.083023
102.281570,216.291519,64.503616,105.259010
98.364746,211.491425,64.736130,110.445343
96.595390,210.015076,64.804924,111.268044
95.898972,210.018692,64.850952,111.585869
95.740044,210.029205,64.636452,112.052505
95.934036,210.225922,64.595253,112.616699
96.473076,210.332230,64.581215,113.111862
97.211227,207.711533,64.384064,112.694008
97.994720,206.190872,64.474770,113.946922
98.294937,203.690521,64.528351,113.404953
100.989304,200.955414,64.809341,114.996674
101.516151,199.797821,65.054932,116.750641
101.783188,198.103470,65.361252,118.762474
102.102394,196.892929,65.460213,118.172256
103.942513,196.095993,65.331276,118.316559
110.689369,195.013809,66.181984,117.206627
116.304443,193.768555,65.119820,116.547424
121.360001,191.823837,62.693325,117.095428
124.336502,189.235931,61.532654,116.927414
127.986328,186.645844,61.783215,115.646446
132.233215,186.784943,61.407097,117.168579
135.735901,184.672867,59.933868,119.237801
136.621124,184.243408,59.265984,119.810753
138.136505,183.239975,59.720634,118.025848
140.962875,183.252609,61.181957,115.286926
145.927734,183.005692,61.491898,113.224960
151.641327,184.690613,61.121044,109.483238
156.474045,185.379318,60.446980,109.029724
161.640900,184.120819,59.462540,108.617859
165.901840,181.558151,59.435966,108.922600
168.757324,175.275284,58.482033,106.509743
173.655014,176.355911,57.031944,108.659706
174.327927,176.238052,57.224529,109.372429
175.941528,175.133743,57.438469,110.353127
179.586334,173.421036,57.206791,112.540848
184.567352,172.075958,56.853436,112.825912
187.318497,172.094574,56.013706,112.472961
190.971878,172.235809,55.502533,111.047119
193.478088,171.221420,54.922661,111.915291
196.160843,170.399017,52.777596,112.035301
199.389725,168.361237,51.654964,113.088753
202.189102,168.393890,52.088963,113.281906
204.169403,167.147247,52.860710,113.033264
204.270737,166.605759,54.620247,112.423988
204.884369,164.878586,55.283386,108.896736
205.365601,164.526260,55.366257,108.970886
206.555664,161.913742,55.008835,109.699768
207.000793,161.015305,55.327312,109.803261
207.887863,159.902878,54.814808,110.650620
209.912842,157.415329,53.529533,111.637367
211.705902,156.865707,53.458706,112.749657
212.539368,156.766800,52.653076,113.218880
214.192596,154.720291,51.846966,112.170639
215.184113,154.746033,51.185131,112.557274
217.229706,154.421310,50.707966,112.906113
218.408066,153.689560,50.210339,112.639549
219.411819,153.643890,49.967094,112.715073
220.021133,153.109970,49.879818,112.885399
221.358582,153.608673,50.229950,112.089645
223.017410,153.208466,50.852478,111.100868
224.438446,154.115738,50.852627,111.370842
229.768158,155.364624,49.369072,111.836617
232.207947,153.781204,49.268997,112.308250
236.316696,151.684021,49.162807,112.513069
239.181870,150.493408,50.239407,113.326538
239.585739,149.752716,50.528343,113.230202
239.884369,149.808090,50.948963,113.465691
240.548264,149.748260,50.759277,113.620079
240.702301,149.942047,50.956768,113.950661
241.970551,149.312729,50.542690,113.993279
244.330505,148.574356,50.630199,114.102448
246.430283,148.596741,50.457680,115.007225
249.544724,150.551193,48.692104,115.084244
253.285934,149.236191,48.270603,114.683472
256.961456,147.397141,47.319580,115.028770
259.841339,147.623276,46.807377,114.931763
260.459747,147.294312,46.694199,114.714310
265.234894,147.087982,46.230358,113.977371
268.803528,142.562180,46.258545,114.466461
269.635345,141.763718,46.047581,114.459854
270.374359,140.818436,46.269608,114.620293
270.481201,141.023911,46.469372,114.944870
270.560577,140.931702,46.486946,114.969101
270.656311,141.600311,46.522953,114.467880
270.915955,141.834122,47.011269,114.258705
271.144318,141.997314,47.490471,114.254829
270.942474,143.286560,47.475491,113.790588
270.727661,144.916977,47.352345,113.139168
270.856262,145.306549,47.451859,113.195953
271.318787,145.110825,47.289501,113.372391
273.572418,144.620880,46.622379,112.675438
274.359192,144.785599,45.823730,112.452927
274.709473,144.906723,45.197823,111.949722
275.026703,145.226578,42.980862,110.870995
275.070435,144.957443,42.244751,110.098969
275.154785,145.038956,42.274727,110.118103
274.790100,143.503052,41.636024,109.729736
273.931213,144.405487,41.524933,109.341164
272.632965,148.028778,41.750137,108.407326
272.496521,148.773193,41.913280,108.016914
272.848175,149.272339,41.888981,108.346581
273.030640,149.401031,41.957733,108.596405
273.059937,149.588242,41.973549,108.959084
272.991516,149.792160,41.988407,108.958435
273.168976,150.239166,42.002861,109.223259
273.782257,151.882965,41.993141,109.439011
273.984222,152.704361,41.801041,108.961578
274.808167,152.978210,41.238979,108.508629
276.721466,153.038818,40.524227,106.607712
277.119995,157.864853,39.895706,105.567848
277.217560,157.890442,39.912712,105.917496
277.250488,157.942276,39.993599,106.057770
277.274689,158.158752,39.969742,106.499062
277.464203,158.296448,40.009270,106.618469
277.827942,158.487991,40.475834,107.051231
278.215271,159.153381,40.550117,107.183777
279.511566,158.642715,41.052258,109.165878
280.010162,159.404541,41.747688,109.476433
280.101349,159.480530,42.114216,109.583015
279.713745,159.238754,42.341469,110.090996
279.394501,159.408386,42.361629,110.592293
278.815521,158.256271,42.025681,112.160027
276.992889,158.012558,40.937614,112.438408
276.991180,158.002563,40.780899,112.376648
276.247009,158.339935,40.591045,112.482422
275.522552,158.729904,40.580647,112.573151
274.627258,159.708862,40.560791,112.971352
274.969818,159.706177,38.957348,110.413696
274.999725,159.737289,38.975098,110.454735
274.974701,159.750977,38.983654,110.439728
274.403381,161.174942,39.276318,109.904778
273.373535,161.338760,39.367874,109.253853
272.274170,161.950653,39.541927,109.087540
271.547943,164.674866,39.889961,108.802475
270.348267,166.852402,39.781673,108.353035
267.949463,169.383011,39.154793,107.815399
267.116791,169.545013,38.762470,108.708015
265.988770,169.534729,38.175835,110.334335
263.842926,167.442841,37.375301,111.508667
260.991974,169.538528,35.804947,110.629303
258.466583,168.530487,36.732681,113.503090
255.783295,170.504333,36.385765,114.908562
252.002182,172.742706,36.278526,114.686401
250.724045,174.904190,36.235397,114.655991
248.084091,175.899902,36.778942,114.614212
245.577988,180.088867,37.382065,113.746605
244.995789,180.155243,37.534382,113.829018
242.152695,178.880676,39.114704,115.547737
240.869781,179.089615,39.788750,116.536324
240.154633,179.530762,40.034142,117.210938
236.238815,179.317902,40.860748,117.640312
234.025864,180.590729,41.128986,116.909424
231.669388,182.527435,41.929905,117.889191
228.734772,182.807693,42.624260,118.458870
225.485489,182.565140,43.125614,119.727028
224.865601,182.476913,43.084545,119.920364
221.060486,179.893753,43.952011,121.431465
219.593307,178.243011,45.052177,123.227295
217.197067,175.790970,45.890335,124.573563
215.522003,175.282593,45.919727,124.782715
212.704697,172.222610,47.439968,127.402077
212.696854,172.221344,47.484512,127.476799
212.524063,172.268738,47.494965,127.712624
212.029953,172.513687,47.506721,127.893173
210.257050,174.050858,48.869152,127.669678
207.933395,175.789368,48.866867,127.106155
202.181671,178.711029,50.658928,126.504997
197.803314,180.667587,51.879547,125.642128
193.549896,183.362473,52.548893,122.811813
192.943588,183.203461,52.728149,121.312927
192.181458,183.565140,52.896030,120.051315
191.161301,183.786835,53.007626,119.458763
189.198669,183.282333,52.591969,119.250511
187.315033,181.915329,52.022881,118.676132
186.407013,181.634476,52.205460,118.704277
184.816956,180.729889,52.516907,117.613937
185.013916,180.926468,52.984028,117.945274
184.985458,180.378296,52.885681,117.465294
185.019577,180.073547,52.892689,117.176865
185.103928,180.230347,52.887566,117.366608
185.222000,180.334503,52.883251,117.517601
185.193466,180.567184,52.873589,114.822960
185.379303,181.183945,52.874096,113.556725
185.506821,181.983459,52.829681,114.063332
185.482788,182.555679,52.979282,114.492020
185.221649,182.354492,53.029705,114.076225
185.344498,182.343109,53.568043,114.505402
183.415741,184.347961,52.931923,116.203171
180.675629,190.127151,52.804592,116.514832
178.637299,203.164581,52.638680,115.603943
179.822388,203.547043,52.762054,116.800247
181.202667,201.704575,52.822670,116.045952
181.579895,201.470551,52.960033,115.881020
182.830017,200.277756,52.224453,115.544998
183.676651,199.465408,52.371918,115.158562
184.609039,197.748642,51.987759,113.847900
185.739334,191.849243,51.698277,113.733925
187.333466,190.871185,51.084789,114.157074
189.213303,187.701645,50.303757,115.424545
189.589828,186.713791,50.283203,115.319305
189.491913,186.526047,50.244431,115.586838
188.866318,185.189667,50.340096,115.787857
192.126236,184.049042,51.176353,115.098946
191.810562,180.619781,51.217918,115.103790
188.790878,177.475418,51.301121,114.076500
185.816406,175.182144,51.969315,113.933182
183.771591,174.675491,52.054306,113.632523
182.028809,174.944702,52.467968,113.594154
178.032166,175.973618,52.805855,113.816643
173.523804,176.104858,54.239853,114.286713
166.886429,181.233749,55.128056,114.275070
162.928818,185.538208,54.991436,113.528915
160.826309,186.402267,54.659576,114.647987
157.277664,188.351837,54.721687,115.701500
156.024094,189.118576,54.880291,115.933044
153.031540,189.977692,54.394379,117.077560
148.064301,190.792572,54.333359,117.953278
144.902283,194.844757,54.092125,119.728897
143.667114,195.122482,54.094181,120.341011
140.067673,198.445663,53.928734,121.070137
138.259308,200.165680,53.396847,122.203903
136.523819,202.093628,52.627651,124.136063
133.105530,204.466873,52.151543,124.746925
130.965790,205.006470,51.983311,125.472923
130.710266,204.467316,51.950172,126.282303
129.592575,204.150009,51.895634,127.254272
126.646873,204.682175,51.907387,127.622063
125.722855,204.542984,51.921238,128.337250
123.197105,204.385208,51.916557,129.265503
122.172989,204.602356,52.137497,129.488342
121.079063,203.955292,52.280079,130.846436
121.187798,204.032440,52.474075,130.943558
121.193237,204.084610,52.474251,130.950684
121.198296,204.136414,52.473995,130.952927
121.232964,204.140228,52.456120,130.970886
121.249458,204.181183,52.462662,130.925308
121.290916,204.209030,52.426983,130.954834
121.433533,204.254333,52.376278,130.951675
121.734863,204.582184,52.226910,130.979019
122.344681,204.967850,51.962116,130.797745
122.687042,205.556366,51.653694,130.957428
123.982513,206.263977,51.335938,130.694550
124.925255,207.022324,51.134209,130.751999
125.770889,207.792984,50.957329,130.917725
126.772285,208.470291,50.059799,130.463715
129.513428,209.167191,48.980858,129.642349
130.330475,209.530380,48.124935,129.865128
132.355972,210.065735,46.753757,128.756470
133.426727,210.169861,46.708160,128.555923
133.601776,210.634598,46.950256,128.747330
133.745087,210.776688,46.858242,128.860733
133.960693,211.819260,46.863270,127.571350
134.550476,211.870987,46.817348,127.646629
134.872726,211.859482,46.934532,127.866966
135.283524,211.815338,46.898628,127.869011
136.081467,211.234787,46.735836,127.887161
136.400162,211.099670,46.963665,127.985092
136.452667,211.061600,46.961617,127.919540
136.485336,211.080917,46.967644,127.960014
136.506378,211.088501,46.964424,127.940727
136.518860,211.131165,46.977444,127.945877
136.273529,211.385620,46.901665,127.675995
135.856750,211.403946,46.796741,128.030106
134.493393,212.091568,46.672302,128.288361
133.995575,211.861572,46.631855,128.370132
133.376007,211.483749,46.457947,128.165649
132.970245,211.655090,46.140171,128.111618
133.144043,211.862411,45.904724,128.089371
132.724915,212.205444,45.680000,128.419861
132.839752,212.252106,45.916130,128.363312
132.893127,212.065475,45.891781,128.362823
132.968277,212.126602,45.945759,128.442230
133.016205,212.126755,45.969913,128.445114
133.050629,212.111130,45.967140,128.444214
133.320648,212.111893,45.868153,128.225998
133.764877,212.040115,45.910034,128.112717
134.356049,212.648041,45.807018,127.439018
134.941254,212.470963,45.836418,126.687035
136.051361,212.490875,45.678516,125.953789
137.953964,213.159271,45.749512,123.752632
139.255600,213.358200,45.740749,122.915504
140.629181,213.890640,45.725056,122.373154
140.968277,214.261246,45.890770,122.222878
141.137741,214.507355,45.753990,122.361389
141.500153,215.120544,45.961647,122.238235
141.568985,215.290543,45.956085,122.442039
142.896179,215.718353,45.778614,122.064453
143.026169,215.956512,45.958858,122.474182
143.208908,216.653870,45.953709,122.075645
144.031677,216.715790,45.791512,122.329056
144.518951,216.891068,45.924717,122.418259
145.612503,216.863251,45.751289,122.302322
145.813797,216.948288,45.943245,122.450256
146.596344,217.280167,45.947842,122.583618
146.723114,217.797684,45.965923,122.867699
148.710419,219.554581,45.325832,120.920464
148.774689,219.630020,45.536373,120.868835
149.011139,220.699677,46.076103,120.261009
149.252029,221.192764,46.484810,120.263962
149.211258,221.355240,46.486523,120.384628
149.206879,221.385284,46.489933,120.425392
149.156525,221.966583,46.502445,120.233543
148.083725,222.070877,47.046337,120.108559
146.104279,221.098206,47.538933,119.986946
145.425400,220.839844,48.115635,119.679581
145.378281,221.080032,48.587471,119.576691
145.528397,221.258209,48.984993,119.827377
145.537140,221.326324,48.975746,119.932701
145.545273,221.370880,48.975891,119.922394
145.696381,221.342285,48.927402,119.893013
146.180161,222.821198,48.916023,119.231972
146.434219,222.804794,48.879910,119.335518
147.901703,223.051636,48.693985,118.633408
148.064423,223.228775,48.970234,118.937004
148.230972,223.616318,48.940716,118.733269
148.276611,223.779831,48.969879,118.939423
148.432037,223.912964,48.966370,118.936188
148.567642,223.867325,48.954872,118.893997
150.066757,223.900894,48.773506,118.507072
150.967834,223.923126,48.668957,118.780838
151.710220,224.531036,48.934746,118.143646
152.406464,225.702667,48.917366,117.169258
153.305176,225.708954,48.740284,116.823280
153.845901,225.972656,48.856380,116.227348
154.455673,227.550568,48.927124,115.386627
154.486710,227.818375,49.017010,115.203400
154.924255,227.705170,49.494228,115.083832
155.026443,227.842224,49.474354,115.409363
155.179352,227.673706,49.484512,115.339760
155.667084,227.266785,49.395802,115.227043
156.918655,226.176163,49.333939,115.122253
157.483246,225.961075,49.145039,115.305283
158.411560,225.652100,49.475399,115.308105
160.036942,226.231430,49.395981,114.319092
161.067261,226.404694,49.260803,113.606323
162.836960,226.605972,49.055382,112.626259
164.726730,226.121094,49.168159,111.828972
165.048172,225.930588,49.376465,111.870262
166.522705,226.088150,49.067215,111.538918
169.844925,226.373245,48.934547,110.470566
170.221207,226.722443,48.829128,110.149178
173.423416,228.223511,48.686466,108.865074
176.380371,230.650970,48.595238,107.822815
179.671265,231.263779,47.950989,107.121826
181.788559,231.577942,47.157200,107.332878
182.993225,230.648758,46.587578,107.287064
184.161789,229.580688,46.168278,107.545181
185.379562,227.906952,45.536606,108.179703
187.445251,225.665588,45.365604,107.929672
191.529922,224.107101,44.170593,106.640144
192.886032,222.601608,43.833538,106.728088
194.614334,222.081238,43.252823,106.493317
196.425858,220.706711,42.407703,105.751999
198.229599,220.878662,41.473526,105.442986
199.738510,218.973602,40.698433,104.832268
203.453049,216.479294,39.116539,103.757072
204.662369,215.808334,39.006111,103.414391
205.610001,215.172867,39.101242,103.140564
207.785812,214.637634,39.047379,102.328865
209.708939,213.610580,39.050217,102.135338
212.108246,214.208435,39.240475,102.324036
213.408157,214.335953,39.314816,101.707352
215.768478,216.118134,38.778286,100.471870
217.198242,217.021774,38.665916,99.368279
219.599991,221.128067,38.852215,97.181320
224.631424,224.266220,39.302116,93.491783
230.671982,226.476273,39.779369,91.727638
236.959381,228.184631,39.832752,89.548904
241.922989,226.967865,40.950230,89.759766
248.362000,225.854309,42.607258,89.588760
251.180878,224.553009,43.597340,91.566589
257.131927,226.229904,43.621578,90.993019
265.038910,224.279984,44.015263,89.484482
269.714355,222.619934,43.111763,90.539139
274.824188,215.520859,42.539913,93.991364
276.734039,220.276062,42.272896,93.541550
278.588776,219.424179,42.447948,93.338272
292.202972,208.943909,41.547497,94.900421
295.597229,206.311188,41.329426,93.709496
306.227722,210.188126,40.263630,90.903557
311.401520,214.585236,41.009308,86.311165
317.946411,216.917374,41.875175,84.187897
326.060333,221.264130,41.489120,82.732239
331.614441,223.620270,41.321842,79.195969
338.185577,222.036072,40.589993,77.746300
346.365143,221.359238,41.902813,76.989670
356.541412,218.729401,42.849136,76.202919
366.392792,212.160172,43.353424,76.401299
372.137543,213.230225,45.322018,81.895164
374.356049,202.824219,44.689583,82.394524
372.935089,199.413940,46.112389,81.954117
373.772003,200.328735,47.004940,82.009018
373.162476,200.757324,47.526318,84.100143
371.300293,201.739868,48.227444,85.041252
370.490265,203.304855,48.668694,85.007645
369.609467,203.996048,49.031597,85.591728
2
0
0
0
0
1
406.247559,217.565323,60.426682,125.087547
405.484985,217.718445,59.984871,124.615044
402.641205,214.603607,59.878517,125.101051
400.529968,211.519196,59.555088,125.064171
398.879120,207.504288,59.412567,126.272179
396.677582,202.908981,59.227077,126.600647
392.252502,198.628296,58.591984,129.277954
388.726593,193.833420,56.976822,132.283508
384.612793,190.017532,55.217876,133.918747
379.889771,182.598175,54.369598,134.488266
376.237000,180.496353,52.940060,134.430862
372.666077,181.400955,50.205326,134.045044
368.250488,181.751068,48.748703,134.167282
365.543030,181.116486,47.925640,133.511200
362.819611,180.816849,47.802780,134.033508
360.046936,181.014038,47.575798,134.024689
356.523438,180.433334,47.586967,133.089951
354.069427,181.486191,47.650322,132.279114
352.215637,181.658035,47.576801,131.017471
351.358246,180.980927,47.393311,131.897827
349.296143,180.301483,47.358284,130.894775
348.392426,180.265259,47.355747,130.501419
347.003418,181.130402,47.612801,130.313354
346.061218,181.518784,48.047005,130.056961
344.667694,180.830765,48.403744,129.647232
342.738617,180.392899,48.307178,129.767883
342.005951,180.303665,48.656002,129.611191
341.340790,179.795563,49.030243,130.461700
341.394562,179.088638,49.387638,130.569260
341.277069,179.013718,49.395992,130.903641
341.375275,176.460785,49.239746,130.819611
341.527557,176.393524,49.476490,130.936905
341.513885,176.400909,49.473888,130.957794
341.456329,176.371490,49.463943,130.975906
341.276062,176.357224,49.506413,130.883316
340.057404,176.174103,49.859699,130.902374
338.794739,176.069244,50.227005,130.620956
338.242554,175.890106,50.617229,130.568375
337.623657,175.112335,51.190689,130.412308
335.307404,174.504349,51.477871,129.777710
334.053131,173.430267,51.460079,129.784271
332.338257,173.213150,51.296631,129.790619
331.596344,173.380478,51.361088,130.105927
331.372528,172.645142,51.359352,130.822510
331.136536,172.256287,51.378338,130.927277
330.114471,171.680206,51.158993,130.737350
329.728516,171.680954,51.366302,130.703751
328.553589,171.037811,51.090900,131.488678
327.962708,171.269989,51.300686,131.320084
326.423431,172.111343,51.259579,130.829254
325.913666,172.257935,51.454826,130.804764
325.053650,173.082428,51.513023,130.587296
323.295807,174.662689,52.140255,130.142883
320.424377,176.370789,52.615261,130.042145
319.519440,176.496658,52.989597,130.371841
317.174622,176.218216,53.005733,130.781235
317.035797,175.898224,53.380589,130.801483
316.372894,174.475586,53.266045,131.206604
316.355255,174.497498,53.334404,131.418167
314.963867,174.568771,52.996880,131.387909
314.438995,174.655914,52.822926,131.455856
312.679535,174.960312,52.283817,130.937393
311.752228,174.149994,52.103817,131.466507
311.705902,174.049835,52.088879,131.627884
310.299622,171.480865,52.522175,132.180618
309.307892,169.363144,52.000179,132.792252
307.774994,169.273087,52.308048,132.912704
307.167389,169.426331,52.384827,132.951904
305.679230,169.526428,52.331657,133.280655
303.812927,169.509140,52.614616,134.367767
300.690826,169.033554,53.099461,135.134888
298.173737,169.889786,53.484325,134.927368
295.529755,171.686569,53.526169,134.468079
294.380402,175.531738,53.608212,133.458832
293.263428,174.927139,54.134438,133.439087
292.386932,175.311874,54.597969,132.946014
291.767059,174.060089,55.133846,133.248260
290.016083,171.997665,55.227695,133.561859
288.260468,169.697510,55.077015,135.134613
288.231506,169.019928,55.420425,135.663437
288.261017,169.116562,55.478668,135.968079
288.365326,168.554749,55.530006,135.809708
288.627472,168.215210,56.026546,136.000717
289.032806,167.871262,56.459927,136.415192
289.088959,167.703049,56.499905,136.478683
290.666077,168.205765,55.752426,134.261887
290.938049,167.724609,56.473927,134.925598
290.997803,167.480072,56.515007,134.892990
291.081085,167.219254,57.355919,134.737152
291.202698,167.322311,57.663227,134.918427
290.766846,166.801651,60.017540,134.158264
290.335510,166.464767,62.122131,133.275787
290.071320,166.297287,63.957417,133.434006
290.113190,165.733414,64.844604,132.919464
290.018433,165.209763,66.460281,133.295166
289.834076,165.487656,67.461159,133.583328
289.810364,165.733337,67.635902,133.868439
289.306366,166.221649,67.671700,131.811218
288.896820,165.695084,68.009552,131.372223
288.988312,165.335373,68.429634,131.048904
288.147430,164.003769,68.338760,130.181488
285.152069,161.050751,67.805809,128.706070
283.661163,158.218018,66.306961,127.247482
283.523773,158.313995,66.280869,127.314323
283.616058,158.395569,66.438332,127.374947
283.655212,158.407715,66.452080,127.298279
283.780884,158.135880,66.390137,127.196228
285.638824,156.414108,64.606628,127.227470
287.007538,155.343002,64.140976,127.356316
289.263153,154.740005,63.284588,127.329483
291.063690,154.413177,63.280075,127.295265
293.337952,155.134689,63.686367,126.991592
297.172882,156.697098,63.603695,126.133774
302.707428,155.771225,62.375332,124.938530
305.923340,155.311203,61.256241,124.534683
307.726379,154.945816,60.775494,124.328316
309.803345,155.245514,60.190376,124.174225
315.562988,153.390549,58.418587,123.719559
316.037384,153.264282,58.063908,123.881081
318.135162,153.002625,57.234550,124.519836
320.057678,153.301819,56.969715,124.733643
320.509552,153.372284,56.738369,124.724449
322.352478,153.399216,56.350868,125.563377
322.447845,153.557953,56.464081,125.793938
317.242126,158.475082,56.401283,125.351143
316.994965,158.534912,56.467583,125.510666
318.726349,157.752563,56.506901,125.957481
320.279663,151.948090,56.264290,125.620529
320.807312,151.242584,56.137295,126.351578
320.678162,148.820663,56.079460,127.431801
320.337006,138.936554,55.946301,128.260452
322.338776,134.692215,55.427246,128.434174
324.668671,134.654175,55.074318,128.723831
324.685181,137.467499,55.387058,128.393219
323.512421,136.477997,55.410713,128.582657
323.125702,135.443024,55.345798,129.256592
320.924011,132.592667,55.158485,128.851105
320.705170,131.540421,55.001198,130.205444
320.588287,131.590851,55.323322,130.375336
320.854828,133.500000,55.036079,130.864197
321.052002,135.047180,55.134884,130.984711
320.618835,136.301025,55.289948,130.472046
318.759064,139.259369,55.728611,130.275879
314.839661,141.648575,57.606548,128.514404
311.556183,145.776596,58.995445,128.113861
312.348480,148.050018,58.108280,128.803558
312.174835,152.147781,58.875004,130.765976
312.096405,152.362076,59.003345,130.880722
312.920502,155.960129,59.132439,131.100357
313.161713,155.816025,59.432335,131.119019
313.223572,156.158081,59.461548,130.415558
313.385040,159.516357,58.278053,130.514526
313.242096,162.906693,58.059868,130.801880
316.304718,165.426620,57.652508,130.999985
324.151367,189.422470,55.347229,132.235596
326.391388,175.367935,55.014095,128.487839
326.429321,175.655594,55.345612,128.438858
326.502533,175.685165,55.461811,128.438278
326.270416,180.640457,54.811344,128.734314
326.910889,181.984085,54.961773,128.821640
331.149597,188.027328,53.694809,128.638870
334.477325,186.833923,52.779621,130.307861
337.210236,189.469696,52.311977,129.376144
341.263000,194.401474,52.657600,129.189926
343.369537,191.239990,53.158127,128.699814
348.365295,189.461792,53.526516,127.190834
349.075073,189.431107,53.998650,127.487686
353.872559,190.757812,54.271091,127.957520
361.514679,197.770416,54.744942,129.447495
365.554260,196.111725,54.802101,127.744263
371.918549,196.083984,54.707478,126.540817
2
0
0
0
0
1
330.993958,215.290176,57.810535,118.644196
331.996704,212.881592,57.168175,116.404930
332.336426,212.653397,57.204418,115.592361
332.715820,209.966553,57.058292,115.808327
333.244598,208.597275,56.556988,115.490143
335.611725,205.600708,52.316151,118.144592
335.292572,206.597412,52.130840,115.990540
335.669617,206.372055,52.133358,116.020126
337.442993,203.687637,50.778957,116.565582
337.712433,203.465683,50.806801,116.934082
338.462555,203.458466,50.285126,117.039078
339.181885,203.315506,50.000023,117.635567
339.969604,202.924500,49.970970,118.110580
340.621155,202.293350,49.617287,118.682686
341.228271,202.006958,49.670799,119.114342
341.459320,201.963043,49.900379,119.556160
341.782928,200.444046,49.411106,119.948349
342.982178,196.743988,47.230286,120.275726
342.957397,194.217667,46.198082,120.289673
342.673950,193.819916,46.108223,120.418854
342.700653,193.534286,45.779419,120.370239
341.727936,193.427277,45.733791,120.442520
341.270203,192.845734,45.643829,120.858376
341.202271,192.756378,45.824593,120.849022
340.960938,192.977570,45.862621,120.791420
341.006683,193.072601,45.958950,120.935417
341.013947,193.116501,45.964062,120.925827
337.996033,182.567169,43.889847,128.108231
338.147705,194.333618,44.611561,119.439575
338.387329,194.261932,44.949699,119.513985
338.411438,194.505280,44.977779,119.948296
338.255890,194.152634,44.941715,120.138435
337.185181,193.046082,44.923817,120.561249
335.813782,191.126053,44.740234,121.486443
334.539215,188.815018,44.119869,122.130630
334.631104,188.990005,44.403008,122.548141
333.438263,187.108398,44.543510,123.543884
332.411774,186.845215,44.903751,124.221176
332.406433,186.973648,44.975319,124.515678
332.842316,186.987793,44.747715,125.372238
333.396820,187.002884,44.603706,125.362579
333.630920,186.938965,44.948051,125.481438
333.678040,186.736542,44.948128,125.436729
333.973846,186.388641,44.747997,125.353203
334.179626,184.372269,44.823471,125.616333
332.831543,182.092590,44.882095,125.839653
330.807007,182.757828,44.530445,125.739197
329.616211,182.403275,44.872135,126.253517
327.152435,181.942108,44.780060,126.744041
324.925293,183.005478,44.848679,126.516090
322.066742,181.420441,44.762943,125.940079
318.240021,178.163727,44.673615,124.826294
312.615723,173.825134,45.334450,123.394684
