1
191.897034,212.482727,36.688229,106.941078
191.521179,212.330475,36.981586,106.825485
188.596741,212.128342,37.449284,106.011070
186.909576,211.967484,37.913788,104.815277
185.732758,213.245361,38.177742,103.987869
183.731461,217.756119,38.855572,101.630035
181.762344,223.852173,39.204906,99.993904
178.027374,227.952454,40.306694,97.989670
176.580597,228.824677,41.053722,96.994690
176.569382,228.675797,41.683365,96.414436
176.820099,228.675980,42.054539,96.391846
177.349609,229.200348,42.558414,95.965698
177.223083,230.540222,43.106724,95.639519
177.407440,233.331726,43.405258,95.342293
178.052139,232.735077,43.329857,95.309746
178.477203,238.388290,43.404060,94.504417
182.808823,240.350235,43.809265,93.758072
191.446274,236.043106,44.136654,94.783905
193.405273,235.579315,44.288521,94.683548
198.656265,234.700424,44.649822,94.381699
200.992569,231.009094,44.665230,94.137566
204.919601,229.493210,44.869209,94.261490
214.723618,231.024506,44.736126,93.916214
214.726410,230.141724,45.737995,95.038750
217.079254,230.913406,45.702736,97.700790
218.143951,229.348129,45.949116,97.789612
221.159851,230.496521,47.530270,98.144249
228.017456,231.389709,47.205978,94.679733
237.093231,228.777512,47.640053,91.973076
239.698990,228.589417,48.002983,91.323288
245.207657,228.048828,48.582058,90.272705
248.450287,227.354050,48.606045,89.702095
250.904037,227.248459,48.667629,89.805283
255.300949,226.633972,48.624359,89.062088
259.239929,228.412445,48.957138,89.509697
262.846161,228.311737,48.747257,89.225494
264.765472,228.546738,49.146885,88.670898
267.859589,228.350754,49.204109,87.484337
271.306061,227.914429,49.369526,86.326942
276.415833,228.708710,49.386158,84.187828
281.147034,230.543015,49.217960,82.799240
283.849823,232.012421,49.074795,82.536507
285.037933,232.546829,49.395164,82.940269
285.115021,232.575241,49.457287,82.940353
285.133148,232.602402,49.476013,82.961143
285.141327,232.622986,49.475739,82.963661
285.012451,232.627060,49.381760,82.990814
284.954346,232.606125,49.388256,82.920547
284.896027,232.456360,49.431667,83.698830
284.681366,232.648392,49.375591,84.059906
284.382904,232.893768,49.454655,84.535583
284.069122,232.582962,49.171043,85.046082
284.185120,232.789108,49.461929,85.517097
284.042145,232.570892,49.843204,86.772423
283.538483,232.244919,49.989887,87.256958
283.820892,231.931000,50.178711,87.761009
283.312286,232.263062,50.372761,88.348999
280.846649,231.886719,50.409637,88.641922
277.300110,233.951935,50.504456,89.579506
275.155762,234.749176,50.961384,90.339935
269.172729,235.875412,51.375462,89.514870
258.339508,237.640350,52.714924,87.704285
255.603439,238.410019,53.250168,87.965446
247.479507,240.802917,54.215424,86.193428
240.053543,243.218277,54.572510,86.554657
233.764587,243.359756,54.376659,86.092438
225.561050,243.419846,54.599697,86.672714
221.039169,240.581757,55.016033,87.244492
217.227966,237.143524,55.033451,89.445625
213.319824,234.570923,55.309345,89.133499
210.531357,235.625595,56.682274,89.557953
201.676376,235.319244,57.477970,89.674789
191.247482,236.786377,57.760880,88.929504
186.441772,237.269348,57.454597,90.223129
179.774796,239.183243,57.308811,89.428749
173.661301,240.074768,57.708523,87.778473
165.976608,236.151215,57.529240,88.092606
164.766449,236.614471,57.592293,88.111305
155.402832,234.233765,57.832970,91.543480
148.966980,232.998978,57.642010,93.352837
142.430573,229.383743,57.017933,95.171509
141.246796,228.153275,57.319080,97.235252
137.683884,226.072678,58.069901,101.651291
132.443573,225.642441,58.402706,101.369965
123.696381,221.973022,58.718712,101.939407
119.883415,221.966843,57.998611,101.533844
118.667236,222.081024,57.380337,101.752968
115.601715,222.491653,55.684803,100.951736
114.139214,221.681274,55.767658,101.879196
110.147163,219.944916,55.969219,101.073936
106.123062,217.747284,55.479156,99.402016
106.141335,217.347839,55.582169,100.168411
104.590584,214.406845,56.121330,104.345108
100.872124,209.202148,56.438526,112.365776
100.336937,208.538574,56.323387,112.691025
99.115189,207.934235,56.238102,113.711708
97.401070,207.056946,55.645191,115.371567
96.887901,207.209518,55.275169,115.636841
97.086487,207.367523,55.335445,116.027458
97.676987,205.291275,55.499542,115.715904
100.729347,202.919189,55.775936,116.635139
101.283302,202.172638,56.039398,116.222687
104.294029,199.308899,56.879475,117.089508
105.152328,198.520065,56.594002,118.612328
105.455803,198.129852,56.874981,119.452194
105.833656,197.474472,57.154686,118.756500
107.455338,196.861496,57.749649,118.369377
113.269424,194.594284,56.971325,118.502480
120.415405,192.976013,57.138760,117.134514
124.906296,189.982162,56.494339,116.470078
128.675568,186.522446,55.684513,115.545982
132.081436,183.813202,55.708473,114.158569
135.339386,183.390228,56.536049,116.440636
138.086182,182.165131,55.850307,117.890854
139.514282,181.426224,55.111954,118.258583
140.708923,180.435120,55.168022,118.045921
143.092255,180.856277,56.137070,117.202721
148.098038,181.011200,56.363720,115.559517
154.237823,182.261002,55.963993,114.131332
159.379654,182.696930,55.281830,112.770256
164.125305,182.263184,54.473579,111.776260
169.454071,180.181900,54.802555,111.877434
171.229492,174.024429,54.388493,107.128250
174.105637,174.623123,53.806732,108.545296
176.182785,174.222778,53.542633,109.772728
177.581192,173.783875,53.892715,110.581001
181.588791,173.040207,54.061081,110.998383
184.801361,171.953003,54.244583,110.879669
187.696808,171.917084,53.852169,110.845070
192.801559,172.073975,52.308914,109.625565
194.924942,171.442780,51.787178,109.460037
197.444260,170.716965,49.717590,109.032486
201.000549,167.849380,48.358658,108.904213
204.041687,168.052383,48.430603,108.310356
205.471954,167.660217,49.523434,107.946495
206.372330,167.444565,50.466625,108.183968
205.841614,166.583588,51.885628,104.496132
206.167175,165.232910,51.848015,103.617661
206.769135,161.377518,51.458336,103.853729
206.912216,161.155731,51.405121,103.890099
208.288910,160.234604,50.854679,104.407700
212.543228,159.155411,49.155720,106.760025
213.423996,159.177811,49.203842,107.346848
214.029480,159.086365,49.182697,107.794518
216.502869,157.297226,48.241135,106.831535
218.551468,157.419403,47.671650,107.504738
218.783920,157.673737,47.938034,107.950806
221.038055,157.359695,47.208519,107.245163
221.540726,157.288666,47.306499,107.386711
222.254852,157.343414,47.265720,107.775787
222.919632,157.285507,47.673412,107.691856
225.486618,156.921158,48.685310,106.259293
226.581177,156.444641,49.231796,108.298126
231.330658,158.038483,48.324799,109.335884
233.618347,157.548355,48.482368,109.482307
236.776398,157.874985,48.777615,109.525383
238.887619,156.124664,50.813248,111.148369
239.068375,154.673737,51.129017,111.471703
239.668961,154.261078,51.399826,111.455917
241.214493,153.428528,51.128174,111.348358
242.389984,152.467133,51.124073,111.552643
243.102264,152.171600,51.179951,112.006950
244.616013,151.084625,51.149967,112.656563
245.861755,150.621536,50.944782,113.070862
249.360703,152.658966,49.843735,113.093246
253.365021,150.210709,48.960598,112.677849
257.424927,149.107849,47.863071,113.111771
258.498993,149.355362,47.602142,113.070557
261.107788,148.610947,46.966702,112.985924
264.935669,148.307373,46.150070,112.507217
269.424377,140.189087,45.900242,113.162788
269.784454,140.700226,45.817810,113.747711
270.317047,141.114243,45.767357,114.093971
270.431580,141.335297,45.978897,114.437881
270.483032,141.329559,45.992699,114.433243
270.609802,141.910446,46.039074,114.060852
270.924866,142.786667,46.654053,114.133415
271.458527,142.847763,47.078983,114.123085
271.599213,143.362305,47.471508,114.211494
271.469208,144.379684,47.425037,113.846657
271.525879,144.657501,47.471603,113.798920
271.788422,144.326309,47.312893,113.793602
272.870789,144.054810,46.809708,113.605919
273.939545,144.407974,45.852524,113.388641
274.312378,144.546844,45.148785,113.064270
275.313324,144.216797,43.485065,111.999832
275.269989,143.950882,42.441216,110.745010
275.156616,143.784485,42.074032,110.511093
275.106812,142.817017,41.454895,110.109100
274.217377,143.973038,40.935596,109.398079
273.447113,146.645172,40.806347,108.748543
272.365845,147.633682,40.772015,108.259033
272.873016,148.539520,40.901783,108.119225
273.253998,149.013000,40.971760,108.757668
274.031830,149.270126,40.983040,108.716606
273.994080,149.581665,40.986126,108.951729
273.979919,149.935135,40.972847,109.055237
274.207733,151.547760,40.766689,109.170555
274.447144,152.168686,40.847698,109.328499
274.947632,153.080353,40.672428,108.696213
277.178680,152.766190,40.100220,106.725945
277.006683,157.390442,39.503433,105.913200
277.353333,157.302704,39.869873,105.939995
277.407684,157.343292,39.993599,106.057770
277.431885,157.559769,39.969742,106.499062
277.621399,157.697464,40.009270,106.618469
277.985138,157.889008,40.475834,107.051231
278.372467,158.554398,40.550117,107.183777
278.902039,158.203613,41.018818,108.128181
279.313507,160.188995,41.933437,108.237709
279.409454,160.266266,41.999641,108.544357
279.385742,160.528839,41.973347,108.949837
279.385895,160.550323,41.976120,108.951042
278.783844,159.077469,41.478863,110.322701
276.968018,159.799927,39.924824,110.244095
276.977356,159.872940,39.584587,110.309563
276.458160,159.375488,39.551708,110.989044
275.788727,159.604385,39.725235,110.984329
275.439575,159.941650,39.684746,110.863457
276.009308,160.318954,38.663574,109.351593
276.120270,160.320480,38.987930,109.411171
275.395721,160.244476,38.879810,109.781960
274.727386,161.684296,39.341640,109.499100
272.630341,161.982727,39.131542,108.898354
272.082275,162.420761,39.536358,108.614799
271.325043,165.828461,39.921700,108.154900
269.867645,168.465179,39.806095,107.900513
268.629791,169.368134,39.141773,108.004257
267.061523,170.318619,38.846729,109.278015
266.117859,169.777374,38.165020,110.456207
262.930023,166.970428,37.493305,111.867668
260.844818,168.750809,36.091114,111.231438
258.644196,168.963409,36.958191,112.707863
255.521698,171.121933,36.455906,114.049103
251.561203,173.204132,36.219528,114.188530
250.088440,175.824478,36.185028,113.886070
247.702866,176.920731,36.642002,113.789902
245.226395,179.512939,37.248981,113.358261
244.842484,179.251038,37.557106,113.448914
242.363388,179.154633,38.732243,113.561081
240.838074,179.406509,39.160187,114.592575
239.818497,179.691177,39.675503,115.291725
237.103867,179.645264,40.642895,116.100189
234.594666,180.358124,41.196152,115.928711
231.493347,182.877930,42.002335,117.865448
228.386230,183.759872,43.136940,118.448517
225.835892,183.307022,43.412571,119.246902
223.957596,182.613235,43.127323,119.560875
221.357498,180.136047,43.861355,121.435699
219.935654,178.483200,45.052177,123.227295
217.539398,176.031158,45.890335,124.573563
215.864334,175.522766,45.919727,124.782715
213.549408,173.316650,46.511082,127.171387
213.154312,172.008820,47.286438,128.957031
212.840378,172.128815,47.612679,129.307846
211.406036,171.670197,47.918545,129.600586
210.624176,172.289795,48.610958,129.667328
208.520676,172.793762,48.946667,129.480896
201.452377,176.963821,51.179279,128.585495
196.976562,178.992996,52.577469,127.677925
193.449585,181.438599,53.520630,125.240746
192.208481,181.627106,53.761200,123.567352
191.220016,182.098358,53.885025,122.915321
189.907516,182.682358,53.948650,121.447495
188.089462,182.588379,53.798653,120.612854
186.736877,181.582581,52.965214,119.988457
186.094360,181.167206,52.672451,119.612404
185.045883,180.539185,52.900352,118.678070
185.014755,180.668961,52.986565,118.929367
184.933685,180.373383,52.915222,118.677193
184.971573,180.456131,52.952663,118.861725
185.055969,180.610352,52.871582,118.922928
185.161926,180.730377,52.881145,118.969215
184.955734,180.658463,53.007828,116.628822
185.281754,181.394806,53.387070,116.089699
185.104843,181.914261,53.463467,116.678894
185.096344,182.022552,53.472050,116.952316
184.752411,182.086441,53.472366,116.957993
184.696228,181.591339,53.679409,116.566071
182.860153,181.269775,53.507099,118.393227
179.639862,183.088989,53.917973,119.915070
179.690582,183.341812,53.846657,119.975845
180.065506,182.412079,53.915443,121.059418
180.769165,181.699738,53.625782,121.156815
182.634796,181.111572,53.903408,120.609970
184.458939,180.459763,53.390362,121.031921
184.717514,180.881348,53.527351,121.367790
184.972977,180.916412,53.952229,121.381599
185.238770,180.560959,53.864723,121.254257
186.270691,179.754822,53.510471,121.517952
186.824142,179.936615,53.733196,122.012550
187.230911,178.850723,53.624432,122.593048
187.388260,179.056778,53.957954,122.809502
186.882553,177.671066,54.046047,122.880096
189.693192,177.552643,54.886909,122.510284
189.587769,170.263824,54.727882,123.736343
187.753372,168.383438,55.265945,122.816147
188.371262,165.322006,55.289558,121.683929
183.309708,164.283981,55.151180,120.752411
177.340668,169.081421,55.220627,120.585091
172.702972,175.373642,55.759827,119.537682
168.170425,182.593384,56.352146,119.714867
165.659760,186.197067,56.254475,120.160522
164.697372,188.373840,56.194656,120.142479
159.592529,193.481979,56.092121,119.676506
156.001968,195.966995,56.289658,118.447548
155.123688,195.967819,56.464859,118.198372
152.291794,195.209366,55.938644,118.498055
147.769943,195.209274,55.475967,119.024406
144.565796,196.516235,54.893032,120.019501
142.830887,196.612839,54.760056,120.627625
139.262955,199.238739,54.415997,121.503151
137.394958,201.288528,53.963562,122.817780
135.950760,202.769928,53.191914,124.535492
133.149673,204.597855,52.670452,125.029099
131.429459,205.163635,52.609581,125.574562
130.011383,204.793884,52.815914,127.650291
128.937912,204.821045,52.953629,128.443420
126.299179,204.572037,52.984875,128.701736
126.019966,204.480087,52.977032,128.979034
122.883118,204.618240,53.032642,129.982635
121.437309,204.644028,53.575394,130.020798
120.575340,204.587524,53.846603,130.903870
120.647583,204.622269,53.972054,130.949036
120.656258,204.660538,53.973064,130.953995
120.666962,204.689835,53.973316,130.945633
120.700378,204.694000,53.958885,130.960815
120.710968,204.736328,53.962940,130.939224
120.803772,204.719543,53.884918,130.980820
120.912552,204.660324,53.929173,131.039413
121.110184,204.849731,53.793510,131.561600
121.597504,205.241104,53.609436,131.746246
122.408974,206.068756,53.454918,131.456375
123.927734,206.742157,52.341610,130.930649
125.258621,207.393616,51.650768,130.452698
125.944321,207.865173,51.433205,130.261032
126.733665,208.472305,50.560745,130.276749
128.758896,209.512329,49.841885,129.707230
130.684738,209.754547,48.546307,129.711243
132.407852,210.085541,47.489582,129.185333
133.497147,210.171875,47.016621,129.113464
133.974655,210.531464,47.310562,129.283112
134.157867,210.843216,47.404819,129.259094
134.597000,211.898315,47.182995,127.662926
134.799667,212.016006,47.454048,127.912201
134.938263,211.897644,47.433437,127.921188
135.219299,211.758972,47.397282,127.938446
135.617249,211.529556,47.310516,127.860489
136.095673,211.291672,47.418674,127.917915
136.146866,211.308060,47.472088,127.930679
136.163239,211.335251,47.474998,127.945938
136.221451,211.319824,47.430481,127.960289
136.258698,211.331680,47.475136,127.945328
136.192551,211.465332,47.449120,127.834473
135.498856,211.355652,47.218277,128.139313
134.643021,211.950821,47.206009,128.273422
133.726135,211.106796,46.988632,128.563522
132.902725,210.935013,46.518650,128.593994
132.951035,211.161362,46.819649,128.860275
132.948792,211.183868,46.409451,128.586975
132.712234,211.432129,46.300804,128.958115
132.768509,211.459915,46.441502,128.906937
132.753174,211.207291,46.325935,128.809631
132.883804,211.301865,46.398911,128.923401
132.961121,211.293961,46.465961,128.936203
133.040451,211.229691,46.446404,128.939407
133.377975,211.194046,46.373215,128.677368
133.617157,211.250397,46.461159,128.722580
133.852707,211.306656,46.370491,128.669037
134.982376,211.373764,46.188030,127.842384
136.555695,211.802383,46.203411,126.175957
138.009445,212.948990,46.295391,124.465073
139.595810,212.631012,46.177200,123.680054
140.040115,212.774658,46.306526,123.910141
140.653824,213.067596,46.333729,123.756119
141.077728,213.224258,46.088882,123.815170
141.312851,213.500732,46.467751,123.855133
141.392517,213.628159,46.450115,123.937431
142.027313,213.768234,46.268806,123.868118
142.743347,214.382477,46.318230,123.755226
143.132965,214.740189,46.419094,123.822952
145.447586,215.611755,46.132416,123.064064
145.640884,215.853195,46.473022,123.441811
145.671463,215.882935,46.467491,123.453430
145.721909,215.936005,46.456791,123.457535
145.944595,216.050079,46.415092,123.529572
146.322144,217.134674,46.385925,123.519135
147.818604,219.080551,45.936375,121.905006
148.269302,219.898285,46.079807,121.163910
148.448883,220.406235,46.521568,121.040886
148.677582,220.805420,46.976852,121.344711
148.671005,220.841568,46.988083,121.400375
148.659241,220.834427,46.993908,121.402466
148.454697,221.205856,46.971191,121.235458
147.909241,221.405945,47.156517,121.079247
145.625565,219.900864,47.452011,120.890137
145.532181,220.372452,47.562023,120.520973
145.637772,220.573105,48.011589,120.817375
145.799759,220.623169,48.498981,120.859612
145.827148,220.901230,48.480503,120.676521
145.848495,221.045898,48.514553,120.854240
146.201263,220.987411,48.941624,120.895432
146.856827,222.609329,48.919838,120.198051
146.910767,222.720932,48.960121,120.370468
147.328949,222.784149,48.806499,120.053444
147.499512,223.089645,48.942871,120.381042
147.537399,223.242203,48.974216,120.373192
147.549149,223.305954,48.975803,120.448082
147.618561,223.394897,48.967495,120.450859
147.634583,223.418091,48.975578,120.446640
148.484360,222.884171,48.955528,120.201973
148.968979,222.786545,48.800697,120.434914
150.520477,223.723572,48.861286,118.989975
151.573181,224.646912,48.918785,117.816422
152.984131,225.175446,48.647953,116.983734
153.325867,225.468216,48.911564,116.018295
154.451172,228.148819,48.923775,114.720268
154.534882,228.410507,49.018242,114.756096
154.805054,228.411774,49.491596,114.852074
154.870407,228.436203,49.461914,114.931984
154.904938,228.416306,49.475410,114.924858
155.163422,228.100113,49.437527,114.792877
156.082184,227.282913,49.358826,114.671021
157.744415,226.264923,48.613132,114.740997
158.651291,226.022476,49.070011,114.784103
159.864731,226.136551,49.314236,114.284790
160.812393,225.650650,49.224758,113.652863
162.567795,225.255875,49.109917,112.914528
163.870041,225.042084,49.239544,112.129845
165.993027,224.925980,49.043251,111.864952
166.944824,225.431854,49.255501,111.681587
169.658493,226.540131,48.887695,110.561859
169.795425,226.724670,48.911015,110.755653
172.127441,227.537155,48.753124,109.538643
176.155350,230.118301,48.811119,108.275635
179.314224,231.239792,48.144596,107.417900
180.944351,231.084839,47.811653,107.474541
182.488022,229.846298,46.924900,107.342361
183.441330,229.535812,46.221092,107.586723
185.847580,226.986069,44.963619,108.335892
187.548050,224.758652,44.565048,107.802658
191.739273,224.632462,43.632469,106.684418
193.084213,222.939178,43.364746,106.568588
194.263000,222.625351,42.976963,106.709259
196.657242,220.465469,41.628479,106.220459
199.316956,220.136063,40.346680,105.699905
199.899597,218.911346,40.173641,105.429520
204.108765,215.577621,38.639091,104.360168
204.838104,215.733093,38.680664,104.035118
206.120728,214.817047,38.576797,104.177841
208.653183,214.167343,38.565971,103.381203
210.218338,213.233032,38.685219,103.169952
212.696274,214.371765,38.701614,102.852585
213.709152,214.129807,38.841190,102.115952
215.833206,215.499069,38.258175,101.095795
217.351334,217.738861,38.282860,99.890022
219.610764,221.623367,38.331745,97.948296
225.428162,225.427460,38.810364,93.512383
231.748138,227.598892,39.242561,91.949265
237.029755,228.562546,39.103096,89.530090
242.407074,227.223618,40.375031,89.600883
248.461136,226.600998,42.264740,89.622787
251.479004,223.972031,43.458691,91.662476
257.559021,226.884323,43.560177,90.258949
265.824463,224.850998,44.110710,88.687523
270.323486,222.861938,43.212864,90.366943
276.613037,213.779297,42.531113,93.646957
276.893982,226.270294,42.847076,92.766159
278.150146,226.140976,42.959694,92.841080
291.302216,217.367096,42.282463,93.248817
297.244843,214.132675,41.411945,91.707283
307.140106,217.047348,39.754787,89.138657
312.251221,218.994232,40.881531,85.676384
318.668060,221.667313,41.231621,84.469025
326.289368,224.380600,41.381195,83.207603
332.243286,225.276764,41.172501,80.671410
338.308746,225.392395,41.594627,79.451256
346.701691,224.785278,42.098324,76.924461
354.816040,224.867783,43.145718,75.564041
365.628967,215.802734,43.821102,76.738312
370.809235,222.570450,44.721485,79.004364
375.036133,212.300781,44.483917,80.436287
375.020752,209.270370,44.773548,79.815186
374.919525,205.750916,46.792068,79.068474
375.594757,206.727951,47.544628,80.862579
373.822968,207.183090,48.200058,82.864700
373.108490,207.180634,48.437569,83.063095
371.788635,207.071426,48.453777,83.522179
2
0
0
0
0
1
405.681274,195.943542,65.838959,135.437210
405.428497,196.299408,64.840668,135.737427
402.243042,193.757706,62.919273,138.095123
400.728241,193.075821,60.399368,139.013367
398.854065,192.488037,58.538795,139.794830
396.753326,191.260849,57.543640,139.586487
394.143219,188.460556,56.743073,141.106796
389.832916,185.640671,55.047932,141.649368
385.579834,183.667908,53.886234,142.396027
381.480164,179.702179,53.794502,141.620804
376.587708,179.316788,53.076694,140.695099
372.180542,180.353775,52.122746,139.874161
368.079498,181.211655,50.756210,137.795593
365.600616,180.658890,49.336796,136.757660
363.139008,180.592758,49.214878,136.333435
359.473175,181.578339,48.841576,135.129089
356.441833,181.093094,48.301224,134.076859
353.645172,181.878296,47.952721,133.591446
352.740051,181.694595,47.871868,133.276199
351.754456,181.109558,47.709896,133.465240
349.365540,180.598526,47.935249,132.436722
347.755432,180.783936,47.842220,132.187729
346.771454,181.364563,48.005379,131.969147
346.272766,181.740189,48.417133,131.945328
344.559265,180.761703,48.413055,130.880188
342.848846,179.474121,48.461952,130.660492
342.082062,178.683289,48.645195,130.426727
341.772675,178.289871,48.936111,130.982971
341.669434,176.765854,48.909634,130.708771
341.474670,175.683502,48.871239,130.688309
341.618835,172.378815,48.599514,130.920624
341.874756,172.026962,49.014347,130.934891
342.056122,172.068893,49.487213,130.917801
342.083313,172.080826,49.373421,130.926331
341.663116,171.611542,49.375813,130.884277
341.579315,171.597061,49.445080,130.773087
339.708496,169.998291,49.348217,130.948746
338.566498,169.107910,49.423622,130.549347
337.896729,168.933182,49.524471,130.665634
335.952881,166.242767,49.677425,131.871262
334.812256,165.185638,49.724083,132.040817
333.686981,165.450348,49.733894,131.966064
333.505707,165.494354,49.897568,131.911270
332.418671,164.875565,49.720222,132.216492
332.010956,164.895782,49.892166,132.411407
330.115143,165.234589,49.691055,132.408020
329.318420,165.407379,49.846024,132.447433
328.664429,165.597412,49.929680,132.316437
327.990936,166.062317,49.913544,132.147949
326.624725,167.889389,50.085049,131.847244
325.860260,168.405502,50.633450,131.589417
324.224426,171.191071,51.060474,130.702347
323.059479,172.432327,51.527458,130.436523
321.987488,173.605103,52.178928,130.064117
320.945648,174.444199,52.593414,130.161133
318.995544,174.500732,53.037472,130.180786
317.518433,174.739731,53.322170,130.043930
317.163116,174.725098,53.343349,130.405365
316.693481,174.593002,53.264618,130.473633
314.997711,173.943253,52.988842,130.193863
314.769470,173.985046,52.841557,130.479416
313.590210,174.180283,52.294262,130.128464
312.023773,173.998062,52.055122,130.837006
311.944641,173.742020,52.111526,131.115936
310.485657,171.522522,52.537857,131.338242
309.507294,170.934647,52.291180,131.634048
308.810028,170.649719,52.446087,131.942825
306.626740,170.465378,52.191177,132.180283
305.082581,170.214371,52.325848,132.770935
303.619446,171.232132,52.440113,133.056442
300.645172,170.156235,52.525833,134.544464
298.256195,170.622864,53.099392,134.421402
296.121185,172.254105,53.514618,133.808975
294.360840,175.457901,53.802383,133.362732
293.146790,174.901352,54.134438,133.439087
292.270264,175.286087,54.597969,132.946014
292.048676,174.766922,55.133945,132.943344
289.829529,171.493591,54.931908,133.217743
288.621094,170.469650,54.711815,133.841705
288.125061,169.191147,54.874126,134.206711
288.163452,168.448898,55.048794,134.559357
288.464508,168.333649,55.497681,134.909088
288.503693,168.059097,55.545506,135.113358
288.923553,167.630112,55.959656,135.435196
289.049072,167.350510,56.013924,135.590500
289.947327,167.683044,56.005028,134.757065
290.371704,166.704208,57.427170,135.697311
290.436920,166.496460,57.563217,135.862335
290.417206,165.948273,58.645855,135.659409
290.515930,165.918182,59.425533,136.032288
289.577301,165.195297,61.954010,135.651138
288.974609,165.092728,63.403496,134.631805
288.782745,164.855118,65.409500,134.658920
288.778625,164.904160,65.920387,134.895157
289.007385,164.702866,66.427277,135.064972
289.078705,164.979309,66.723351,135.342590
289.270447,165.101532,67.150528,135.176270
289.046661,165.638794,67.122162,133.403870
289.001648,165.312332,67.504852,132.904495
289.006439,165.035736,67.904533,132.507965
288.148438,163.473709,67.865395,131.252563
285.278076,161.222351,67.453873,129.958557
283.935852,157.663162,66.011841,128.155945
283.847382,157.869461,66.220467,128.276062
283.983551,157.938919,66.414978,128.294937
284.040680,158.005417,66.438599,128.265610
284.175720,157.759506,66.384621,128.142319
285.936554,156.254913,64.629883,128.125961
287.363922,155.278107,64.162949,128.496643
288.886322,154.731461,63.754829,128.113800
290.239471,154.765350,63.843708,128.098419
293.758026,154.889481,63.697639,128.261887
297.578461,156.502014,63.671257,127.045570
303.276337,155.712128,62.474182,125.726624
305.460175,155.248886,61.018375,126.179214
309.277252,153.822510,60.223274,125.217628
309.629395,153.719101,60.297966,125.504929
314.066589,154.213028,59.229153,123.989563
315.045288,153.517075,58.756435,124.075607
319.527863,152.968506,57.159634,124.743164
321.372406,152.761337,56.985432,124.600693
321.533569,152.812057,56.811119,124.741547
322.196106,152.963181,56.662651,125.139130
322.370819,153.131943,56.962643,125.382256
318.605927,156.589523,56.870911,125.285591
315.921753,161.929092,57.176533,124.939178
316.832794,160.932785,57.407833,124.636780
320.149200,150.647110,56.295494,126.335457
320.755676,150.737366,56.237419,126.830925
320.695465,149.058914,56.241283,127.788284
320.615662,140.153656,55.932838,129.210297
322.757172,136.240524,55.654316,129.742432
323.773376,136.521225,55.771286,130.084442
323.865265,136.863510,55.955166,130.341675
322.394043,135.338272,55.815659,130.721985
322.048492,134.123672,55.877270,131.159225
319.614075,129.374512,55.495525,131.538376
319.745331,129.379837,55.397266,132.176956
319.769989,129.565598,55.441730,132.445435
320.200775,131.139236,55.083416,132.701233
320.436615,131.885880,55.384865,132.826904
319.734833,134.493530,55.056126,132.319519
317.793518,136.636963,55.685925,133.027267
313.158203,141.002182,59.670727,129.479172
310.603241,147.888596,61.108894,128.648071
312.979706,150.065979,59.983349,128.695572
311.287048,151.564667,60.361198,130.210632
311.282837,151.738739,60.450577,130.384125
312.373444,156.694672,60.193310,130.581833
312.496674,156.687576,60.417419,130.636734
312.253357,156.348953,60.377529,129.910934
312.570465,158.551788,59.430294,129.801041
312.824768,158.795792,59.163429,129.951263
315.314423,162.620285,58.796787,129.843719
324.331818,177.635788,56.559368,131.456085
328.530579,175.217529,56.441441,128.164322
326.784729,175.511734,55.854935,128.838425
326.854645,175.581146,55.962013,128.937637
325.884705,178.545212,55.515602,128.867706
326.488525,180.053558,55.833488,128.778076
329.104340,186.353760,55.611107,128.294556
331.109467,188.352448,55.044201,129.057693
333.057129,192.778641,55.388756,129.039398
338.244843,212.590683,55.866409,129.797104
339.309967,209.181488,56.342300,130.586411
343.567810,207.809998,56.619675,130.669861
350.635101,205.274765,56.896156,131.228912
354.901886,202.421783,57.336105,129.052246
363.864197,207.288116,56.732780,128.407761
368.385834,206.925415,57.408760,127.555046
373.687775,207.778488,56.581779,126.137131
2
0
0
0
0
1
335.317169,206.121262,44.784107,118.212090
336.918427,207.199539,44.645954,116.003952
338.300110,207.556961,43.951736,114.414421
338.331604,207.586258,43.984127,114.438210
338.434113,207.452560,43.869251,114.440140
339.237152,205.278992,42.612129,115.559998
339.393799,205.441483,42.977898,115.556969
339.741180,205.452530,42.730473,116.086662
340.435608,205.505020,42.790573,116.277603
340.713837,205.206787,42.932606,116.324356
341.017426,205.235962,42.811256,116.489609
342.377350,204.600571,42.583241,116.339577
342.932007,204.187775,42.860443,116.220207
343.178162,203.938782,42.907051,116.292030
343.419220,203.459412,42.909519,116.338364
343.981964,201.816895,42.712513,116.488060
344.499268,198.930359,42.779869,116.498909
344.632355,198.928986,42.901550,116.429344
344.552063,195.907257,41.954021,116.034447
344.243927,195.917633,41.779324,116.255226
344.170288,195.541138,41.728123,116.613205
343.823090,195.604889,41.840416,117.180885
343.451508,195.435272,41.943554,117.714806
343.430267,195.577194,41.953949,117.933327
342.923737,195.846344,41.948662,117.821159
342.950928,196.026474,41.972771,117.867340
342.963562,196.093124,41.979259,117.949158
341.733124,185.542557,40.930161,123.277046
341.296844,196.964767,41.095856,116.623596
341.494659,197.134201,41.478695,116.957291
341.502716,197.153275,41.478619,116.951149
341.443665,196.979431,41.474815,116.995674
340.009064,195.391479,41.561447,116.732384
337.409698,193.362076,41.834908,116.717850
335.658905,190.746506,41.392216,117.379601
335.697632,190.738129,41.463917,117.553566
335.386017,189.632904,41.426983,118.474922
334.620209,189.258453,41.459946,118.804871
334.612213,189.635757,41.465199,119.009087
334.701630,189.909409,41.424446,119.558456
335.003448,189.231247,41.269428,119.942047
335.117523,189.259796,41.479408,119.948395
335.017761,189.088181,41.452709,119.845978
335.068451,189.072968,41.460293,119.991882
335.208221,187.544281,41.385719,120.238708
334.618286,184.216797,41.398750,120.906303
332.529053,184.200958,41.219398,121.492950
331.231995,184.245316,41.660168,121.418541
328.620392,183.647049,42.141209,122.399765
325.979553,184.716812,42.758152,121.641449
323.441132,183.342087,42.949089,121.217567
319.794037,177.050583,42.734119,122.285049
316.677856,174.486008,42.887539,120.694687
