1
157.138489,50.225670,81.029106,91.697716
169.848404,47.697922,80.756485,90.534904
180.384277,45.513222,79.090858,88.865509
183.884506,46.035370,78.974998,87.090469
169.100220,49.803909,81.567703,90.693718
155.584564,54.682137,80.633148,91.885002
152.818939,59.486103,80.992706,91.606331
135.555756,64.965820,81.891525,88.830711
122.046791,68.855400,79.285553,88.206161
124.484283,78.904938,76.286629,88.453156
127.957588,80.455177,76.046410,88.798340
133.630493,69.633682,78.386368,87.299713
156.473343,67.403893,78.666260,84.720474
180.167480,61.986195,77.435242,83.408157
190.284271,54.225811,76.452019,80.178528
184.333008,49.587551,74.068787,80.638847
185.235764,48.931149,74.276161,80.905685
198.813171,52.441082,74.319389,80.753967
212.319092,48.047115,74.729042,79.571808
227.203003,53.143967,73.977127,82.634727
255.965103,64.873611,74.774826,82.704445
280.277435,70.715660,74.264099,83.478378
270.816406,73.182426,72.654312,83.977928
268.192322,83.060905,74.097282,85.412323
280.845886,86.670616,73.818497,86.421997
280.154144,88.544006,74.197891,85.858200
251.739944,84.439163,77.129364,86.614120
224.553604,76.696800,76.352753,87.912346
217.586411,68.879814,78.751945,86.480804
210.843353,61.996277,78.586525,85.191269
199.826767,66.839493,78.670815,85.802689
193.887421,77.899300,80.302879,89.417221
196.207153,87.444420,80.719833,85.307800
193.477371,88.187286,80.864128,84.947449
193.922333,98.687294,79.384239,84.433716
200.428101,107.677505,78.926132,83.873871
194.199463,110.162949,77.771606,84.532990
216.216705,121.980545,77.808334,87.343567
242.173553,137.708679,78.271599,86.728523
258.058746,144.074295,77.083862,88.229187
267.147522,146.781219,74.975105,88.898560
277.770966,147.958572,74.240807,89.380127
271.334900,140.116943,75.583527,90.483749
263.624603,133.371536,73.466919,90.165398
256.646759,127.747696,74.125702,90.297882
252.902847,128.285446,74.423134,89.500610
247.918777,128.070633,73.432098,89.732864
232.823792,121.624847,73.232368,88.089012
214.615128,120.857834,71.849052,85.896027
198.677567,115.831497,72.305534,83.414543
186.545319,111.436852,74.029709,81.740410
170.869339,112.835747,73.970673,80.586365
162.381042,116.722488,69.937881,80.462730
155.556290,124.995277,71.340660,82.060684
150.231644,130.297867,72.545532,79.980309
146.285736,131.295898,72.845909,78.602501
146.627045,131.422806,73.515053,78.642776
146.882492,131.597488,73.965820,78.964882
146.906113,131.608521,73.971695,78.953384
148.294037,131.265900,73.849617,79.298462
148.912888,131.326736,74.486763,79.251930
149.148300,131.475174,75.414200,79.096237
151.466629,131.499146,75.428055,79.934090
153.369614,132.648544,76.024139,79.888412
158.874374,135.613464,76.458771,82.729614
160.013428,138.191437,76.738655,82.918953
159.981140,138.432983,77.331871,83.171555
162.076096,140.024338,78.017029,83.358452
166.830673,145.689819,78.506592,88.686493
167.979645,148.308899,80.795738,89.613167
168.240631,148.369034,82.533104,89.938164
166.429337,148.548279,84.323723,89.333328
160.250839,148.614212,89.084770,90.832138
159.903305,149.112183,89.469521,91.482315
161.991608,153.996414,88.429451,92.733192
166.372772,160.810120,90.456863,98.500565
163.446945,165.136612,92.897057,98.425079
158.836746,166.910675,96.144524,98.557114
152.137024,166.657242,96.190460,98.048058
143.024628,163.537140,96.607613,98.964760
143.102997,163.582184,97.058723,98.888550
141.719513,165.071487,98.659027,99.711533
137.051910,167.923569,100.262749,100.585052
132.337082,171.924561,103.189423,101.862221
126.548012,175.746155,105.074425,101.964287
119.427605,180.841339,106.144821,105.076691
113.959183,189.556671,106.992973,108.241058
107.965202,198.467484,110.256607,109.147072
104.135941,202.847549,112.434914,108.706512
103.535530,203.275223,112.771072,108.789696
101.377640,204.362900,113.082039,108.133217
100.001038,205.334152,114.051453,108.189026
100.242058,205.561813,114.454102,108.444153
100.270012,205.620575,114.437599,108.440384
100.292862,205.688614,114.446503,108.444389
98.992317,205.620178,114.552467,108.406998
100.651947,205.387848,114.173500,106.510086
108.255417,198.896667,114.593048,106.257889
113.504333,187.700500,114.317177,107.182938
114.192902,180.262283,113.743614,107.966507
110.831314,176.242310,114.552063,107.862617
105.903610,170.085938,116.716354,108.183640
103.296333,171.496323,116.613571,106.209831
95.654083,172.828568,116.855247,105.360703
88.904724,174.999908,114.037292,108.305542
83.723030,180.129715,117.387611,108.198616
81.486595,181.006470,117.814941,107.501221
76.788818,181.765442,117.457870,107.824295
75.206306,181.934601,117.078194,108.356461
75.414459,182.006668,117.441978,108.453247
75.420700,182.036407,117.409683,108.430214
76.014656,181.215927,117.695129,107.383682
87.025841,169.354614,116.424873,109.136299
92.319168,153.220398,111.318642,113.528679
91.352768,139.971405,111.267220,114.282089
96.108093,134.035843,113.158096,109.362099
107.478447,126.913239,113.984764,105.961502
114.702766,122.903549,113.578522,106.093880
120.176392,117.427551,113.850037,107.649643
132.705261,111.835045,114.267441,107.529305
142.067825,107.976906,110.024918,107.746269
142.205078,108.054695,110.468361,107.955353
142.223831,108.079788,110.459084,107.944847
148.128372,107.912766,112.110184,107.713463
151.094940,107.646881,113.805740,107.424553
151.946777,107.484482,114.274590,107.437302
154.696686,106.128174,114.435555,106.455872
156.726471,105.680893,114.542427,105.517555
157.129868,105.813347,115.077965,105.752815
157.360550,106.083046,115.410072,105.748932
157.388229,106.224510,115.452126,105.939789
157.056747,106.751915,115.382286,105.990753
157.537811,112.365585,115.057549,106.830711
159.580093,118.080704,113.467041,109.382851
159.655350,118.343773,113.404892,109.347916
160.287689,119.522377,113.442116,109.636497
160.545349,120.061440,113.569557,109.827034
160.764069,120.179085,113.937981,109.938828
160.792419,120.209976,113.943703,109.952606
162.308151,120.542801,114.052567,108.743370
163.695801,120.576172,113.982750,107.741356
164.834213,120.270576,112.779732,107.955742
164.759583,120.137421,113.511452,107.774261
165.155151,119.429741,113.973145,107.318787
165.150635,119.483017,113.959579,107.412178
165.161972,119.525002,113.944878,107.451904
165.186874,119.549339,113.943703,107.453682
165.212357,119.572800,113.943703,107.453682
165.240997,119.614784,113.940437,107.445076
165.296234,119.759468,113.913063,107.496056
165.335464,119.971611,114.155228,107.576439
165.640518,120.407028,114.379417,107.997154
165.801346,120.484558,114.402206,107.933456
166.478317,120.892685,114.496552,107.955704
167.629105,121.024834,114.237289,107.837433
170.031006,121.172096,114.924835,107.532684
172.599335,121.174477,115.552025,107.830215
180.753098,121.589485,117.512123,106.256927
192.360123,120.705971,117.621902,104.338791
202.680527,118.792397,118.522865,101.985107
209.728348,118.287750,116.713257,101.650429
209.864624,118.473816,116.914116,101.983063
200.243622,122.961288,117.240990,102.498695
199.333572,123.927216,113.300369,102.327766
199.536667,124.642212,113.459000,101.111763
203.224319,123.352959,112.712723,101.804245
203.365326,123.451118,112.944199,101.956055
203.082672,123.041580,112.316750,102.112358
203.121857,123.224884,112.457695,102.446365
203.135300,123.250305,112.445374,102.454445
203.131927,123.244545,112.457199,102.441063
203.150696,123.274292,112.444443,102.455833
203.175842,123.296661,112.444443,102.455833
203.201004,123.319023,112.444443,102.455833
203.226151,123.341393,112.444443,102.455833
203.250885,123.363876,112.443794,102.455368
203.159561,123.398972,112.480698,102.458092
203.157333,123.439102,112.446739,102.466499
201.941681,123.948334,112.770638,102.331535
199.277390,126.537178,114.216133,103.431923
198.792908,128.738632,113.911285,104.149887
198.719879,129.582672,113.821861,104.459053
197.866348,131.491364,114.182579,104.065186
197.854050,132.065216,114.574310,104.347160
198.054993,132.182724,114.952721,104.455719
198.064774,132.215393,114.951080,104.453117
198.086548,132.239120,114.943214,104.454971
198.115005,132.261414,114.944252,104.455238
198.188980,132.280975,115.003304,104.437592
198.701691,132.183990,115.292244,104.516701
198.834366,132.257172,115.514694,104.774681
199.217117,132.293167,116.439201,104.895027
199.319626,132.253113,116.449585,104.983032
200.265427,132.153519,116.850906,104.847649
201.702774,131.976273,118.529709,105.083565
203.847519,132.136765,120.488441,106.385635
204.407715,132.175110,120.322914,106.565742
205.249756,133.307938,120.996956,107.859238
205.339142,133.702728,120.954002,107.879692
204.497910,136.153610,122.388214,108.524994
