1
173.421127,84.044243,45.397099,48.326572
172.756012,83.902046,45.411007,48.333603
171.462891,84.012161,45.428185,48.143761
170.380341,84.086632,45.651680,48.114872
169.818176,84.305611,45.956783,48.314930
169.425674,84.338013,45.911407,48.406723
168.505524,84.209602,46.163143,48.172977
167.698212,84.209076,46.317898,48.209999
166.813156,84.263161,46.361389,48.012634
165.906799,84.576042,46.345402,47.618572
162.969009,83.948494,46.524521,47.355247
160.308945,83.112099,47.804008,46.898643
155.515472,82.486519,48.164410,46.745781
152.195389,81.572090,48.531227,46.808899
149.958603,80.455528,48.593567,47.263042
145.081909,78.134933,47.633087,48.615128
139.729248,76.368996,47.588413,48.507870
135.944687,75.751419,46.945023,48.367355
131.621384,73.594048,49.194080,47.929298
124.807747,68.327225,50.814495,51.486847
119.702042,63.909206,51.451923,52.335766
116.686157,61.825417,50.006264,51.967194
114.432014,61.954376,50.621315,50.080791
110.849548,62.886192,51.635773,48.294853
106.184067,61.575340,50.686878,48.196533
104.005058,61.431156,49.508217,48.842026
101.609032,61.604565,47.538078,48.930325
96.128517,62.877739,49.080704,47.104351
92.869896,63.713840,49.254238,47.065548
91.752701,64.922211,49.012379,46.707119
89.992767,66.546394,48.584213,46.759426
87.084572,68.800262,47.468826,46.993362
85.033661,71.200874,45.842930,46.592918
83.637634,72.461006,44.349251,46.807178
83.614594,72.874397,43.651516,47.050488
83.624222,73.359581,43.588585,47.423859
83.779938,73.569901,43.787735,47.443954
83.903000,73.922432,43.699394,47.456722
84.047096,74.394386,43.639858,47.334377
84.010452,75.394768,43.579620,47.399437
83.877266,76.700615,43.666161,47.320763
83.864929,79.517738,43.785980,47.054382
83.706657,84.178154,42.959641,47.311909
82.818550,89.825920,42.520573,46.839619
83.766174,94.237572,44.727455,45.142334
87.535515,97.928040,45.634716,45.446251
90.151627,98.380295,45.531982,45.469521
94.274513,100.096725,46.564117,45.430935
97.913658,101.699883,46.892414,45.487152
100.020073,102.806862,47.249996,45.425728
102.998619,105.513298,47.383888,43.865627
107.065987,107.924469,47.323986,42.412861
109.315147,109.450478,47.385166,41.542763
115.565620,108.630005,45.288998,43.234947
123.156105,107.204323,43.656357,45.238171
128.627106,107.484711,43.719440,45.285458
133.097870,106.834160,43.804131,45.745235
138.152664,107.315826,43.113575,46.011040
142.512115,106.725113,43.543827,46.759239
145.764908,106.465714,45.017868,47.453922
148.726273,106.125969,45.888580,47.885712
152.016052,104.765305,50.062363,49.786568
156.471542,104.184509,52.990944,50.514267
162.676208,104.071762,51.627663,52.212543
166.430359,107.920387,51.295589,52.566391
173.498672,106.502136,49.452885,54.522343
177.766876,106.386765,48.692291,55.203621
179.767731,106.849571,48.412937,55.359097
180.739639,108.581970,48.441490,55.303135
183.920410,109.773094,48.375095,54.789894
189.233902,110.608543,47.959106,54.048717
197.873459,111.956360,45.721733,54.949184
199.344360,113.170593,45.419849,54.893330
201.302811,113.687019,45.694679,55.069820
203.860428,116.711151,46.121002,55.854843
206.516586,120.533775,46.149582,55.668709
206.907486,123.816177,45.586239,55.719856
206.840347,126.488373,45.646370,55.544144
206.632874,128.965500,46.171555,54.919212
207.051254,130.715958,46.586159,54.439262
207.275253,132.262665,47.311771,54.009106
207.647629,133.261169,47.885979,54.088406
205.007950,137.011887,47.386707,53.779190
201.228317,140.114594,47.616032,53.531761
199.548813,142.941666,48.246483,53.312168
197.600555,144.932251,49.409039,52.347862
196.005478,146.679047,50.121517,51.101128
191.970032,150.648148,50.962006,49.484135
188.358566,151.003860,49.466236,48.562973
185.209961,151.719803,48.360157,48.376316
182.532990,151.787750,47.155956,48.340744
182.008545,151.908844,46.716591,48.593395
181.437088,150.484604,46.447369,49.590462
181.367798,146.429047,45.507729,50.501324
180.935089,143.834213,45.076427,50.921040
180.071228,139.926086,44.340004,50.861656
179.012527,137.376144,43.786827,50.854019
177.609512,131.608841,43.507713,50.522636
178.002502,125.110077,43.322399,50.568989
176.995773,121.559242,42.916180,50.388325
176.268326,116.748306,42.204945,49.836575
175.994202,110.986732,41.727558,49.000134
175.774429,105.099785,40.545658,49.070847
175.751877,100.535492,40.567387,48.875107
175.896759,97.501808,40.765621,48.753685
175.582901,94.298523,42.203247,48.079044
175.554535,92.853050,42.799137,47.546284
175.469360,91.993484,42.845745,47.604134
175.292313,92.011925,42.878075,47.863140
175.067795,91.986443,42.960762,47.886089
174.957550,92.071960,42.913719,47.972958
174.352722,92.723228,43.062016,47.760891
172.821075,94.368462,44.203270,47.612598
172.781967,94.970879,44.410431,47.727005
172.433319,95.380791,44.610409,47.832600
172.568527,95.612717,44.921001,47.924622
172.612625,95.786240,44.958076,47.864094
172.595032,96.046715,44.979885,47.815804
172.590897,96.334557,44.928726,47.858559
172.615143,96.570946,44.969131,47.844593
172.639099,96.682152,44.978695,47.965637
172.668747,96.700615,44.975563,47.972656
173.582504,96.612976,44.832928,48.102249
173.763565,96.880913,45.023438,48.439686
174.079208,96.976654,45.534843,48.583286
174.721420,97.077820,46.052322,49.460987
176.973206,96.987175,45.372654,50.661182
177.656174,96.677650,44.896854,51.244614
179.451172,96.573303,42.394508,52.461300
180.491425,95.901840,41.304981,52.169849
181.295792,92.840302,40.439747,52.197968
180.946350,90.747398,40.876518,52.127701
182.201920,86.863800,39.952953,53.388863
182.290710,83.446167,39.666779,53.654587
181.811325,83.292618,39.725601,53.868610
182.065903,81.808983,38.901222,54.658051
182.026672,82.180702,38.896626,54.910393
181.906891,81.832710,38.471729,55.226738
181.149307,82.694557,38.720856,54.239079
178.841797,83.842934,38.904732,52.929756
178.911453,83.961098,38.875664,52.529354
178.902359,84.129639,39.004677,52.888962
179.388779,84.255363,39.607067,52.745304
179.758575,83.916420,39.984795,52.927006
179.857407,83.819740,39.998596,52.909039
179.843140,83.753654,40.016846,52.975399
2
0
0
0
0
1
181.853165,39.689548,27.046255,51.359470
179.580063,41.519684,27.152962,51.251591
175.837555,41.629044,26.844019,54.179199
172.858612,46.992294,25.871090,56.128098
172.679504,49.942722,26.011169,55.855743
172.519119,55.521862,27.134150,54.657467
172.230621,61.259266,28.824196,52.324860
171.821823,61.773544,30.111248,52.757622
171.831680,64.003120,30.806753,52.552109
172.229034,68.462166,30.986946,53.853039
172.241837,70.255867,31.047113,53.521118
172.862976,72.956100,31.418261,53.713657
173.088043,75.323799,32.638966,53.363239
172.854340,78.625916,34.510071,51.550106
173.749832,80.624054,35.768845,50.928291
176.063995,83.149277,37.233242,50.523643
179.843140,85.626671,38.116848,50.412460
181.376144,87.360085,38.829041,51.793957
181.463364,87.469475,38.979534,51.981411
181.453369,87.502075,38.964451,52.030075
181.000824,88.097702,39.236027,52.569107
170.759583,87.764122,44.253780,51.118786
168.291138,87.993324,44.487301,50.595154
159.402924,87.363892,45.626434,49.918373
155.803879,87.468239,44.979626,50.599590
144.806015,86.117653,46.293907,49.510395
138.019226,85.480553,46.441792,49.530628
129.114685,84.420227,46.998268,49.701866
124.345352,84.357498,45.337494,53.223061
122.320526,82.776161,44.146397,54.789940
120.273178,79.740913,46.358990,54.971897
110.961403,75.114372,50.915241,53.987522
101.722656,73.986519,55.152416,53.601059
87.242065,76.505432,54.935356,55.166836
76.176483,79.854881,56.051216,52.853321
65.067101,76.586266,55.048988,55.325672
61.388294,74.123451,52.795071,57.173424
55.153988,72.178314,51.839825,57.740479
49.318607,69.121361,49.154514,59.343529
43.115311,69.488510,48.495628,59.296879
38.412560,73.102379,48.541897,58.517006
35.267017,75.515312,49.031166,58.663559
33.440617,79.391975,48.992237,58.306820
33.188820,81.061691,49.059288,57.555340
33.576389,84.889832,50.396469,55.189568
35.954556,87.818451,50.683949,52.537216
38.127270,89.265381,51.060871,52.135303
43.162624,91.258980,50.464565,51.955956
48.620258,95.274925,49.588699,50.017193
51.176552,98.454247,50.155151,50.140022
51.628090,102.389061,51.126076,48.980251
52.344296,105.772018,51.224800,47.752953
53.321316,110.529045,52.188572,46.098938
56.433975,116.672859,52.919140,45.845024
58.337154,122.293793,53.070286,43.889076
61.491028,125.601044,53.736183,41.978085
63.326542,127.847061,53.757927,41.251644
66.505325,130.940903,53.516903,41.477032
69.950043,132.709106,53.808590,41.654083
72.832092,133.918747,53.696178,42.743366
76.235260,135.814987,53.804031,43.387463
80.297890,136.581085,53.882240,44.041012
81.349976,137.341873,54.486458,44.464314
85.118492,136.372452,54.534744,45.206394
89.053108,134.279816,54.027107,46.901199
93.956039,129.726746,52.431919,47.805840
95.842720,127.952744,52.261742,47.422997
96.578903,128.691742,51.958031,47.265434
97.829231,130.730072,50.659111,46.947033
98.426933,130.820724,50.735176,46.892551
2
0
0
0
0
1
155.237869,178.212631,45.991875,44.321754
159.304260,176.692368,46.590942,44.060738
162.950226,175.415665,46.920773,44.083374
165.803986,172.044800,46.008709,45.335468
169.365341,167.514496,45.945904,45.814068
171.699249,165.381592,45.687168,46.236866
174.271179,161.540573,45.804508,46.279526
173.850418,157.901962,45.506813,45.362598
174.228607,155.674698,45.279594,44.530590
176.651398,152.297638,44.526028,45.030819
179.438370,149.163635,43.943489,45.507759
182.412613,146.034210,43.377502,46.175014
182.850388,145.128479,43.563343,46.153496
183.292099,144.905014,43.943192,46.288319
183.388397,144.459076,43.856586,46.296017
183.867294,142.513504,43.448158,46.357414
183.978394,141.358841,43.097454,46.620174
184.400665,139.509018,42.720802,46.833191
185.040833,136.630951,41.985115,47.219280
185.439896,132.698120,41.082520,47.765823
184.782867,128.095123,40.685268,47.465088
183.742676,124.373543,40.488049,47.169159
183.535614,119.558495,39.420631,46.657135
183.199768,115.404495,38.870811,45.749512
182.039490,112.085648,38.299263,44.389374
181.207321,109.620956,38.133583,43.879242
179.419067,107.737183,38.431087,43.175713
178.080612,105.890312,38.334045,42.274643
176.737976,105.517509,38.180691,42.224491
176.231812,105.183037,38.247116,42.326630
175.832336,104.352440,38.169861,42.309319
175.819244,104.100716,38.286938,42.424946
175.785782,104.031601,38.450893,42.394909
175.286102,103.773918,38.225319,42.343723
174.900467,103.515388,38.410133,42.364479
