1
162.486298,83.009117,57.813793,52.022839
162.623108,83.221939,57.947357,52.481369
162.670395,83.199783,57.946159,52.503651
162.699783,83.378067,57.968937,53.004772
162.728622,83.607628,57.965225,53.477238
162.772522,83.599365,57.957737,53.486271
162.810089,83.594055,57.962662,53.475384
162.847137,83.581924,57.961048,53.459614
162.859879,83.551170,57.958492,53.438969
162.879211,83.630623,57.994942,53.473827
158.776794,81.692444,60.713104,51.994457
153.183563,80.554115,63.313599,51.033581
146.536926,78.876740,66.202225,51.100292
141.385559,78.650200,68.854370,51.078758
141.112793,78.553070,69.131889,51.625751
137.156326,77.464310,70.066689,52.078190
136.495071,76.235283,70.925232,53.013485
130.124084,75.222168,67.643784,55.629765
127.802834,71.484718,62.929726,59.973118
123.524696,68.254509,62.685715,61.078453
117.367287,65.503494,62.977745,61.511166
113.298805,62.535030,61.684250,62.032021
112.019150,62.545361,61.977451,61.343189
106.990929,62.506542,66.150780,60.977718
105.530602,61.169395,66.120216,61.460754
105.105453,60.818439,66.758881,61.417351
101.351364,59.590580,66.497467,61.684570
97.612167,59.596069,67.145645,61.910080
93.511551,60.131302,67.875092,61.260277
91.448395,60.751896,67.397720,60.860641
90.040588,62.185688,66.435318,61.394901
87.730080,64.783516,67.094681,62.931862
87.114128,66.709396,68.889709,64.551003
86.575768,67.056183,68.382957,66.000252
87.467056,67.431183,67.199593,68.518761
87.893715,67.138931,67.316437,69.612892
88.843018,66.915276,67.353897,70.688309
90.239571,66.432381,67.296669,71.525459
90.627777,66.522942,67.384644,72.193916
91.378815,66.414581,67.721092,72.956650
92.921326,66.778084,67.936859,73.749992
93.962181,67.033867,67.714508,75.860367
95.148224,66.197594,67.474167,78.146774
95.435242,66.293686,67.635597,78.903008
96.183937,66.299438,69.084633,80.377914
97.214462,68.487541,73.022255,81.089775
100.677742,69.374947,73.646149,82.277557
104.075874,68.500320,73.503220,82.335419
106.921791,67.790398,73.518723,82.933434
109.114250,66.061440,73.321487,82.771194
110.790611,66.034302,71.985725,83.099319
112.709419,66.565079,69.608322,84.713974
113.593788,69.673416,70.984741,84.637131
114.397408,68.912048,71.348045,85.156990
114.495277,69.416153,71.898270,86.186539
114.945938,68.900909,72.224937,87.556076
115.308273,68.577217,72.733925,88.353249
115.591988,68.088211,72.974228,89.306046
116.919617,68.289711,72.026062,92.316185
117.303871,68.574883,72.067169,92.594254
117.519730,69.128151,72.213348,93.880905
117.153824,68.274017,71.896217,94.812035
117.076180,68.308998,71.725266,95.015717
117.297081,68.666023,71.778740,95.419289
117.917931,69.851761,71.229408,95.599670
118.258705,70.159294,70.917549,96.415085
119.134483,71.513176,69.712311,96.278061
119.862083,71.816841,69.153809,96.158401
120.562904,72.032059,69.027191,96.726418
2
0
0
0
0
1
209.395432,128.490295,48.536449,49.558640
210.421173,130.321625,47.482986,50.117310
210.456253,132.042892,46.668732,50.473774
210.466049,132.555023,46.913700,50.434254
210.557037,132.790100,46.970867,50.363842
210.625549,133.415283,46.982830,50.383980
210.627747,134.479034,47.185474,50.372913
208.087540,136.504089,47.148716,50.143063
204.698135,139.480621,46.850010,50.561996
201.794754,141.518448,47.141151,50.741993
199.460190,143.328705,48.034138,50.225124
196.637650,146.057877,48.441605,49.803501
192.981445,149.478256,48.658550,47.639366
190.401291,150.914581,47.641708,47.306503
187.958267,151.909744,47.651291,46.784622
185.561691,152.521103,47.069332,46.719200
184.526276,152.812408,46.598152,46.895016
184.565994,152.553818,46.697380,47.135815
183.838547,149.352341,46.265942,47.589573
183.016937,146.807495,45.586147,47.961384
182.750153,144.186295,45.282722,48.224621
182.175598,139.646408,44.258251,49.058735
179.560257,130.047897,44.105854,48.883682
179.650360,125.295914,43.386387,48.112354
178.605988,121.814735,42.861649,47.719421
178.163910,117.980667,42.140221,47.132214
177.388580,113.505051,41.551510,46.183720
177.476364,106.882912,40.602741,45.397144
177.009735,101.947060,40.603844,44.879074
177.029922,98.369377,40.479454,44.546509
176.373245,95.145294,42.094929,44.373432
176.562988,93.616264,42.264606,44.097824
176.587891,93.419228,42.369366,44.432507
176.468384,93.369858,42.353134,44.426086
176.216415,93.396584,42.412556,44.488319
175.799438,93.477402,42.571064,44.371437
175.512817,93.769073,43.057171,44.429310
173.506622,95.369858,44.019348,44.116688
172.787537,96.405518,44.765530,44.000320
172.545776,97.017921,45.036808,44.308231
172.745682,97.261971,45.460728,44.416153
172.763794,97.393158,45.466614,44.407768
172.678909,97.631859,45.497299,44.334164
172.711685,97.839012,45.377953,44.421425
172.771454,97.885109,45.476879,44.474808
172.784836,97.936829,45.475010,44.440445
172.797516,97.966408,45.477257,44.480824
173.019485,97.890251,45.406483,44.428207
173.177689,97.997490,45.466751,44.467125
173.630875,97.962326,45.394119,44.583279
174.964493,97.963829,44.998791,45.223068
176.667160,97.475380,43.952946,46.232021
178.492218,96.131561,42.354462,48.694283
179.321701,95.961769,41.589886,49.163570
179.703995,95.813118,41.567276,49.435001
181.211884,93.646744,40.941719,49.377804
181.384140,90.647827,41.335247,49.178185
183.169373,87.557312,40.353333,50.845535
183.382401,84.818802,39.893101,50.965496
182.237366,84.310692,39.640446,50.967690
181.891647,80.761574,38.409279,54.080788
182.006104,81.230103,38.281773,54.721771
182.191605,81.331223,38.007339,55.096962
181.222977,82.762299,38.959538,54.132553
178.796127,83.963936,38.904732,52.929756
178.865768,84.082100,38.875664,52.529354
178.856674,84.250641,39.004677,52.888962
179.343109,84.376366,39.607067,52.745304
179.796326,83.771797,40.108089,52.800949
180.383865,83.462509,40.639977,52.773308
180.510101,83.321915,41.010643,53.142811
179.584305,81.692482,41.085381,53.869839
179.126465,81.055229,41.117695,54.178658
178.814209,81.230766,41.525833,54.431072
177.533600,81.269539,42.609451,54.417873
176.364151,80.894341,44.675804,54.569763
176.073578,82.571648,44.513119,55.224556
173.755234,80.387779,43.070255,58.103573
177.395660,83.211128,42.566395,57.722900
175.040131,88.115631,42.020149,60.186150
175.849121,93.024109,40.835358,61.750374
175.702469,93.316841,40.740849,63.622807
173.563507,92.801987,40.987076,65.752441
173.763275,93.967499,41.010380,65.982651
174.076843,88.302101,41.241554,66.684669
173.523087,80.252823,40.931992,70.299995
171.807938,75.997910,40.729572,71.439156
171.905472,76.023682,40.941326,71.438553
171.923386,76.123833,40.924759,71.432869
171.501816,77.159988,41.552963,69.786514
170.222000,78.018181,45.635136,67.726120
170.801041,79.373711,46.470165,66.730225
172.407166,81.724472,47.760906,67.025902
176.837830,83.250191,48.373234,71.325706
177.090775,83.599495,48.374546,72.220222
177.459351,84.392586,48.326759,71.527313
177.546143,84.627235,48.474934,71.971275
177.495102,84.530937,48.624279,71.897133
173.886505,84.183929,49.401115,68.613899
167.432571,81.044945,49.917931,67.383034
161.819092,80.867683,51.194859,65.703423
152.456406,81.723129,54.424038,63.846539
138.218155,79.058891,58.011204,63.076221
128.016891,77.775558,57.953350,63.049656
124.168953,77.306183,57.355896,63.500271
121.569366,76.480301,55.800098,71.201500
119.588768,75.888153,55.214027,70.178299
118.525375,74.328812,56.188713,71.328293
116.615654,71.301033,56.698814,71.354736
116.310280,70.956032,56.740952,71.661278
116.428612,71.134857,56.805794,71.942017
116.819603,71.612236,57.273136,72.537338
2
0
0
0
0
1
37.913307,80.693459,44.952980,49.121899
35.772652,83.774979,44.137489,51.123501
35.253647,86.732330,44.507599,50.873581
35.835178,89.303085,46.796036,49.256130
37.140247,91.202850,47.775749,47.849777
39.246281,92.735275,48.941967,47.170624
43.432232,94.103416,48.214794,47.236614
48.530365,97.098457,48.039600,47.019157
50.697029,99.636742,48.865170,46.889210
52.499134,103.861938,49.363049,45.330589
53.537357,108.152786,49.410793,43.897079
54.697781,113.315636,49.378654,42.807098
57.452293,119.554924,50.568951,41.476494
60.406368,122.672256,50.026512,40.872421
63.391590,126.333618,50.189960,39.665958
65.644585,129.168304,50.151157,39.393024
67.950981,131.765121,50.172680,39.186115
70.773613,134.222321,50.105930,39.630173
74.885147,136.242538,49.936817,40.794662
78.216309,138.668564,49.551601,41.387589
84.049637,139.647400,49.837513,42.149162
85.914925,140.037231,49.989990,43.092319
90.920250,141.377289,50.063763,45.288300
94.692772,141.932083,50.440052,45.770912
94.923447,143.888458,50.609726,45.644192
95.362198,148.372940,52.679810,44.531826
96.642967,150.662048,56.090878,42.960190
108.139931,143.977051,53.206841,48.455303
111.392990,144.001923,52.794220,47.368271
113.654831,145.120941,52.128696,46.587879
116.449432,145.491119,51.786884,46.368061
120.853088,145.658691,51.158588,45.826008
124.194008,145.539474,51.085575,45.778305
125.591537,144.496536,50.010220,45.912502
126.386864,144.536346,48.801884,45.825779
127.752098,143.139038,46.928097,46.413570
127.720108,142.523102,46.541691,46.542522
128.141327,141.176392,46.494698,47.037209
128.174774,140.201187,46.152584,47.370041
128.756775,138.591492,45.820148,47.295689
129.502747,137.208618,45.519264,47.323235
130.165848,135.124252,45.076138,47.663952
2
0
0
0
0
1
183.418442,145.199371,46.703106,48.459568
183.142120,144.441238,46.721504,48.318027
183.255325,142.627777,47.008457,47.882523
183.535431,140.967239,46.791771,47.989395
183.180252,139.510788,47.040325,47.706535
183.538864,136.609543,46.859699,47.888290
182.987808,132.117020,46.206600,48.220146
182.105667,128.072922,45.345650,47.976528
181.327164,124.623550,45.025055,47.928555
181.292664,120.891144,44.363300,47.409870
180.878571,116.404243,43.335854,46.050964
180.404037,113.550438,43.011433,44.654358
179.330368,110.668053,42.513641,43.944759
177.284088,107.504814,42.526623,42.947247
176.320938,106.129997,42.941444,42.387775
174.947586,105.489143,42.795696,42.299656
174.452545,105.208626,42.695320,42.325249
174.082047,104.595657,42.611496,42.406460
174.087845,104.053642,42.479446,42.279190
173.934769,104.013809,42.443012,42.363792
173.296875,103.671120,42.155602,42.275646
173.244843,103.438927,42.366436,42.387817
