1
168.958115,83.634804,49.959721,49.974827
168.898285,83.542908,49.872002,49.965179
168.695633,83.490013,49.928547,49.797100
168.178741,83.408241,49.752831,49.934982
168.034683,83.409889,49.985806,49.917122
167.840881,83.394341,49.982841,49.965549
167.323410,83.212875,50.004051,49.774792
166.784286,83.110023,50.415096,49.756557
165.258179,82.968628,50.820312,49.263504
163.848480,82.754181,51.507698,48.515644
161.771317,83.102501,52.798710,48.146313
157.976013,81.936089,53.869240,47.573997
151.408005,80.199844,56.613937,47.605270
147.595703,79.406677,57.272350,47.702084
146.748520,79.438278,57.710155,47.792297
141.930786,78.310898,58.156319,48.158276
137.511551,76.931160,58.937958,48.210339
131.676178,75.375290,58.898682,48.518948
127.990906,71.884354,61.057972,50.900043
121.882263,66.976318,60.747559,55.245216
117.321518,62.221786,57.334381,57.158989
114.062401,60.255096,56.499237,57.988861
112.881714,60.166935,56.363560,57.485809
110.452003,60.181091,56.144844,56.619419
106.718979,59.071716,55.226124,56.669746
103.361450,58.385498,54.323330,57.474018
97.895149,58.632767,52.632294,57.501575
92.607849,60.078049,55.607693,56.852989
87.327225,61.630081,58.286083,56.086967
85.280403,62.648033,58.921467,55.582066
83.418648,64.615494,57.402084,55.755096
82.448959,65.776627,56.828186,56.029537
81.299721,67.570221,55.589172,56.238506
81.300217,68.951103,53.839493,56.837254
81.620148,70.163704,51.747925,57.663033
81.698418,70.780113,51.420212,57.892223
81.761459,71.301926,51.172066,57.996876
82.286148,72.045372,50.974289,57.898338
82.586906,72.837822,50.276821,58.228004
82.978447,74.520638,49.575615,58.513882
84.033508,77.743431,48.685940,59.214214
85.216225,81.649986,47.556580,59.380264
86.678795,86.805191,46.641556,59.047363
86.278740,89.867348,48.035675,56.559956
86.643562,93.252663,49.289875,54.069977
87.564095,94.898643,49.647804,54.094677
90.063225,95.662140,49.907833,54.397915
91.839821,96.250214,49.718941,54.616879
96.024223,98.226013,49.905640,54.836422
100.142868,99.112015,50.035656,54.888630
101.243652,99.759834,50.145733,54.601723
106.751022,102.698753,50.164337,54.207638
110.687447,105.825996,50.636402,51.598637
116.556213,105.790749,50.529701,52.058468
123.356941,106.037323,50.906708,52.337631
128.928177,107.270126,50.984554,51.567051
131.724579,106.744461,52.083668,52.236557
133.714279,106.692566,52.737175,52.277782
136.572540,106.628273,53.541088,52.469471
140.391266,106.516808,54.314194,52.374805
142.991913,106.408485,55.052547,52.579163
143.992691,106.326088,58.589867,53.940201
146.111801,105.056992,60.975307,54.428566
147.800919,105.243950,61.231789,54.443848
148.584244,107.052689,61.819080,54.523151
149.664764,106.869942,61.183216,57.006954
157.844894,106.610207,61.286743,56.985226
162.815948,106.992050,61.430210,56.010555
165.274506,109.136002,62.503284,56.888111
169.874222,110.497368,61.069901,56.950581
180.420425,112.406952,58.024960,56.786758
190.859070,113.069359,52.243649,59.802929
196.203506,113.183601,50.193390,59.832798
198.976212,114.273590,50.266529,59.608646
199.491730,115.344284,50.421700,59.912827
203.296066,120.123474,48.351490,61.298790
205.130569,122.323753,48.080692,60.829826
205.855988,126.027061,47.989094,59.576153
205.653000,128.786972,47.987518,58.633904
205.742981,130.317535,48.022377,58.239529
206.368073,131.849350,48.669811,58.073013
206.504654,134.207687,50.123772,57.371487
205.389816,136.371124,51.016361,56.157200
202.469452,139.941849,51.479168,55.917915
199.868988,142.082214,52.051922,54.896561
196.727356,145.388092,53.891285,53.608749
193.639084,147.433640,56.440521,51.871788
190.104156,148.981277,56.849274,50.605659
185.764297,148.749756,54.773468,49.981632
182.105682,149.572159,54.775570,49.180149
179.566116,150.125748,53.767483,49.233204
178.458405,150.376663,53.039265,49.415863
178.351700,150.060959,53.153667,49.604675
178.248184,147.173721,52.961899,50.258015
177.562454,143.135010,52.032036,50.828651
176.950027,139.631393,51.384396,51.248058
176.188263,135.817856,50.406235,51.759354
175.685684,129.567627,50.371880,52.340439
174.216370,124.936630,49.277241,52.282726
174.840408,121.001396,47.908249,52.012165
174.806656,117.297112,47.195263,51.978947
174.390594,113.373222,46.994434,51.326431
174.944809,105.698448,45.553310,51.292805
174.604614,100.168022,45.032143,50.377022
174.743591,96.494896,45.086166,50.359249
174.241913,93.894043,46.570278,49.207298
174.769135,92.919563,46.736282,49.104504
174.760895,92.542809,46.924919,49.177341
174.610001,92.265808,46.583744,49.443195
174.544998,92.088249,46.856796,49.378029
174.530365,92.147903,46.986641,49.460896
174.168976,92.458107,47.088051,49.356422
172.598267,93.889946,48.196602,49.460331
172.412735,94.333221,48.535954,49.229115
172.519547,94.560089,48.972610,49.422604
172.509277,94.631523,48.973003,49.462063
172.522842,94.668465,48.973305,49.461460
172.529800,94.719200,48.978497,49.446182
172.535507,94.766884,48.977722,49.460251
172.545517,94.788681,48.975750,49.476757
172.556503,94.800438,48.975803,49.478672
172.582535,94.811699,48.985786,49.488266
172.938217,94.765518,48.901501,49.486034
173.878555,95.243637,49.337894,49.190685
174.237213,95.476837,49.807880,49.701801
174.308014,95.456673,50.767281,50.345070
175.681259,95.634933,50.590469,51.162109
177.071426,95.527603,48.994133,52.334614
177.681229,94.794128,48.074398,52.700356
179.694885,94.069351,46.608856,52.719463
180.235550,90.534462,45.171726,52.505482
179.854767,90.519218,46.067219,52.099537
181.804871,87.609009,44.980225,53.389000
182.545074,84.206154,43.710571,53.920097
182.097870,84.095558,43.573257,53.956120
181.542282,80.194939,42.222591,54.858555
181.928741,80.281937,41.872295,55.068638
182.188614,80.487442,41.148781,56.073189
180.513977,80.129959,41.687996,55.941273
176.809113,80.964905,41.539349,55.197716
177.072937,81.605949,41.894066,54.937279
177.295135,81.765892,41.986877,54.802692
177.308289,81.870842,41.980728,54.966213
177.472702,80.907066,42.156898,54.985886
177.965134,80.396835,42.524223,55.193851
178.201752,80.541473,42.979698,55.469250
177.996445,79.941261,42.718544,55.587887
177.735809,79.697952,42.773563,56.179100
176.827881,79.516319,43.001759,56.614609
175.514450,79.978394,44.653362,56.733486
175.575607,80.106529,45.178223,57.049969
175.021820,80.610786,44.987206,57.833973
167.867157,74.675491,43.169083,60.574520
169.623886,72.671410,42.340355,61.468266
167.727585,73.398354,41.828571,61.439625
167.768539,72.281349,40.724617,61.902447
167.389313,68.851578,40.683559,63.559170
167.517761,68.970032,40.987133,64.006622
167.530792,69.229027,40.979370,64.469246
167.873749,69.278343,40.552361,64.658157
168.149078,69.394852,41.103691,65.266281
168.345459,69.522430,41.484821,65.466309
168.425232,69.910065,41.505760,65.125603
169.146362,70.744324,41.774155,65.419418
169.287186,71.006783,41.960339,65.387527
167.405869,72.788399,45.831425,63.361679
169.385742,74.882805,46.259434,63.081356
171.529510,77.217827,47.650414,64.429008
175.003174,78.337013,48.304554,67.113976
175.855194,80.320366,49.011059,67.525276
176.543930,81.107437,49.252018,67.695366
176.685043,80.947922,49.382740,68.386299
175.453156,80.463318,50.097523,68.702805
169.979141,80.350845,52.591877,65.590012
166.216537,80.291046,53.853252,64.217430
155.736313,78.532120,58.632347,62.474342
151.102875,77.895248,58.941875,63.298798
137.065720,76.395126,64.623322,63.395058
125.006348,76.089203,65.423592,61.936577
121.250237,74.877556,64.176872,62.192513
117.924850,70.666206,62.148651,69.887955
117.623611,69.904327,59.164230,69.816010
116.596771,69.223915,59.102703,70.165825
114.699379,66.148376,59.485931,69.766075
111.636215,64.532593,60.420773,69.604691
111.863945,64.893333,60.663670,69.808319
112.306801,65.114838,60.897720,69.994843
112.690216,65.104469,60.925346,70.693100
2
0
0
0
0
1
32.424377,72.866066,50.776920,56.272842
32.124691,75.964165,50.861042,56.043999
32.258434,79.213730,51.582664,54.443203
34.133945,81.042572,51.882862,52.865829
35.628510,82.070724,51.905758,52.381184
40.663570,85.725830,50.599567,52.242798
47.472298,91.974159,49.917522,51.291645
49.442207,95.693626,51.069313,50.034584
51.347290,100.379120,52.363464,48.185940
52.447823,104.702637,52.813290,46.618950
53.304264,110.569901,53.461063,45.625870
55.862270,116.525627,53.798271,45.193306
57.988453,122.111801,53.940708,43.710682
60.822445,125.564476,54.058559,42.069145
63.209469,128.130829,54.217911,41.699249
65.807785,130.434784,54.157227,42.046558
69.561745,132.306671,54.411263,42.705082
73.013260,133.671524,54.252510,43.585217
75.709503,135.861862,54.356739,44.362453
80.161682,136.576340,54.336758,45.210938
80.605499,137.407349,54.626957,45.464352
85.726562,136.866577,54.877216,46.814281
89.622398,136.121002,54.230186,48.152630
94.305916,134.609039,53.960121,48.592758
96.779274,134.402451,54.551640,47.359280
98.831352,134.320633,54.446804,46.194897
98.266830,134.904083,53.776966,46.327442
97.656143,135.229202,53.112164,46.219620
96.561119,136.038681,53.234180,45.470203
2
0
0
0
0
1
156.522263,178.846344,52.988892,44.043556
158.505890,175.689606,53.840748,44.025036
160.063385,173.321335,53.193871,44.366165
164.796173,169.548538,53.327175,44.208412
167.321228,165.453308,53.974918,43.837696
168.530182,162.173187,53.854698,43.031738
168.979782,160.554016,53.499702,42.846813
169.335922,158.040131,53.619370,42.263710
171.585693,156.229767,53.431568,42.560928
174.811539,153.316849,53.609207,42.594719
176.997025,150.166565,52.974861,42.439079
177.761719,148.334869,52.032154,42.713165
178.365677,147.206528,51.784611,43.310242
178.803116,146.753479,51.584023,43.410492
179.249252,145.900955,51.770477,43.331875
179.917404,144.617401,51.381802,43.591984
180.099991,143.688553,51.333191,43.838425
180.605865,141.780334,51.160229,44.061779
180.044220,138.000031,51.441700,44.488655
179.281509,134.099136,50.663822,44.516247
178.218719,128.146194,49.837208,45.744629
178.527847,124.398331,47.753510,46.085587
178.818939,120.612022,46.016373,45.858604
179.196121,117.619621,45.144794,45.233524
178.618591,112.718269,44.014347,45.187290
177.446625,108.154091,43.512287,44.710232
176.544983,105.761902,43.638260,44.453663
175.152695,104.976402,44.089787,44.021835
174.477036,104.748741,44.297943,44.241356
173.889755,104.039879,44.103912,44.353817
173.935883,103.832100,44.286110,44.419811
173.681259,103.483238,44.359619,44.231441
172.906433,102.956833,44.367565,43.962196
172.809540,102.806236,44.400715,43.947723
