1
163.777283,83.361702,53.438225,54.486649
163.763611,83.180954,53.499905,54.502460
163.738754,83.310272,53.473240,54.941544
163.730759,83.142494,53.464924,54.884720
163.749237,83.074150,53.469173,54.890442
163.747635,83.051834,53.473495,54.941166
163.685471,82.840073,53.410671,54.916004
163.626511,82.254730,53.415440,54.770741
163.618073,82.276512,53.490856,54.966167
163.264252,82.083008,53.396206,54.900826
161.154663,81.510620,54.863075,53.934196
155.182114,79.772125,57.024052,52.576691
152.796707,79.104591,58.833122,52.701828
145.530182,78.464668,62.769890,52.413616
144.639435,78.415688,63.774529,52.193283
140.227280,76.619041,63.850563,52.349384
137.516510,75.192909,65.349472,52.161743
133.702698,74.441505,62.796967,52.797150
130.622925,71.169281,58.942501,55.668823
125.367996,67.565086,58.966747,57.789429
119.279404,64.138557,57.478607,59.444469
113.571220,62.152023,57.307022,58.459610
112.189392,61.938187,57.388226,57.985027
108.779121,62.052147,57.544792,56.516243
104.834862,60.858219,57.255272,56.870632
101.515419,60.092026,56.510899,58.296505
95.882011,59.809162,57.300415,58.516300
89.253273,60.721874,59.550011,58.041462
86.433548,61.516727,61.000484,58.265759
84.662666,62.375328,62.883358,57.955303
81.943657,63.817860,62.013248,57.728329
80.977898,65.998367,62.048470,57.869850
80.447060,67.046051,61.522533,57.824772
80.040039,68.100517,60.916862,58.111153
79.692078,68.840660,59.644436,58.970722
79.666351,69.270020,59.451389,59.035084
79.723816,69.974113,59.074089,59.519642
80.062370,70.653419,59.131157,60.028080
80.920319,71.699631,58.605396,60.915741
81.949699,73.369499,58.067814,61.202137
83.643341,76.609177,56.466038,62.162037
84.181786,80.990059,55.510628,62.342819
83.985992,83.676796,55.365177,62.014774
83.160049,87.690758,54.690197,61.581249
83.721489,91.865387,55.299366,59.357925
84.006912,92.320869,55.376984,59.262486
87.084183,92.988960,55.415604,59.398746
90.195374,94.371071,55.744484,59.304478
94.588448,94.978325,56.441711,59.344543
97.041206,95.228737,55.985912,59.537525
98.984673,95.811417,55.276405,59.982231
105.908630,97.257225,54.770145,60.738564
110.162521,99.821205,55.475880,60.118736
116.026573,101.918900,55.219528,60.730373
122.326530,103.690392,55.211384,59.658718
127.187828,105.597977,55.606758,58.578720
128.927063,105.682022,56.397621,58.929897
131.307846,106.323944,56.292160,58.009220
134.038116,106.124947,57.593239,57.838585
136.620041,106.215866,58.495285,57.391716
137.888397,106.255424,58.420010,57.676716
138.238678,106.240265,58.815666,58.169182
140.016296,103.758606,59.472225,60.060783
142.372192,103.327614,59.358429,60.575672
144.601501,104.243805,59.312729,60.894386
134.381989,103.913391,61.693604,65.157066
127.236572,104.128403,60.038326,67.132797
2
0
0
0
0
1
201.220947,116.820244,53.897125,59.239815
201.919754,119.233345,53.787758,59.361858
205.839233,124.136696,53.464893,58.524368
206.771362,127.835991,52.895039,58.360615
206.890121,129.797607,53.010181,57.615391
207.699539,131.014496,53.588394,57.285328
207.877182,131.926514,53.945957,57.021599
207.640594,134.036148,53.833870,56.585766
208.056564,136.030075,53.955002,56.582645
205.761200,139.277023,53.154568,56.541641
202.378250,141.030838,52.612942,56.979168
200.431107,142.450317,53.068760,56.693920
198.422607,144.497299,55.111195,56.029316
196.161270,145.558868,55.768925,55.598862
189.768219,148.386047,56.390541,54.217480
184.871277,147.228561,53.744598,53.761627
179.004852,146.871964,53.273228,52.936161
176.438065,146.351959,52.654648,53.433918
174.331161,145.871704,51.515892,54.010010
174.310211,145.055389,51.774353,54.864277
174.042725,141.301880,52.058853,55.166534
173.250748,137.324234,52.474495,55.146461
172.587006,133.921295,52.764954,55.624065
173.024094,131.239670,51.738888,56.547298
171.711212,124.975906,52.020237,57.051018
171.769638,120.299362,52.310524,57.832336
171.483932,118.833298,52.010963,57.409786
170.847687,114.523895,51.740372,55.988270
169.981674,111.082741,51.172958,55.773590
170.572281,104.460907,50.319248,56.486542
171.061142,99.538330,50.330349,56.642719
171.862045,97.188866,49.938301,57.822845
173.917297,94.349586,49.309704,57.949093
174.042847,91.059479,49.862255,56.097645
173.987885,89.645576,49.725761,55.162971
173.968155,89.230354,49.639030,55.257698
173.933563,89.318321,49.853020,55.353352
173.574707,89.493927,49.919289,55.304493
173.244507,89.673157,49.947495,55.441097
170.815704,90.851112,51.080463,54.914722
170.967865,90.968513,51.485111,54.920895
170.966995,91.014633,51.475407,54.971661
170.976196,91.032295,51.476334,54.974583
171.093689,91.101105,51.373695,54.934917
171.155640,91.133804,51.474567,54.976303
171.167145,91.145805,51.474567,54.976303
171.181931,91.163902,51.473587,54.973267
171.552612,91.172066,51.442997,55.004360
172.630020,91.421776,51.334476,55.601387
174.728546,91.775536,50.939018,55.959576
174.785751,91.792175,50.982227,55.986927
174.902100,91.782158,51.007656,56.010181
176.654648,91.836197,51.116016,57.149750
176.935760,91.987823,51.460438,57.537254
177.414093,91.658417,50.121536,58.219799
178.823502,89.437248,48.635605,58.555569
180.656830,88.621407,47.748646,58.686062
180.498871,86.668968,47.119781,58.297020
180.311096,86.647812,47.876488,57.523815
180.455978,86.747894,47.915047,57.924133
181.177658,84.705269,46.967094,57.826572
180.207703,83.762466,46.593784,57.462723
179.841156,79.206886,44.735168,57.844456
179.846024,78.960838,44.164326,58.115852
179.824799,78.554321,43.196598,58.639702
178.761047,79.106468,43.349178,58.898113
176.630432,78.869339,43.268608,58.141460
177.220581,79.383606,43.474342,57.747189
177.938583,80.804901,43.953865,56.800316
177.993896,81.006401,43.966103,56.903831
178.040665,80.945786,43.980095,56.884396
178.053757,80.983322,43.975384,56.959499
178.070816,80.944000,43.981388,56.953426
178.061035,80.728798,43.946186,56.913048
177.677246,80.180893,43.958839,56.663780
176.846222,80.280655,44.144039,56.865417
174.634476,80.556038,46.390980,56.269196
174.826828,80.666832,46.672962,56.631691
175.478790,81.926643,46.495811,56.920116
173.088226,81.733368,44.870644,57.057941
175.466843,84.849815,44.420757,55.829231
173.814453,88.127739,44.232952,56.155148
173.681503,91.611618,43.725033,56.595779
171.920975,90.993156,43.657734,59.635357
170.547516,88.271553,44.201809,61.863205
170.298279,87.063240,44.389446,61.985832
169.568069,80.148636,43.550430,62.571072
170.269653,77.067429,42.928535,68.347336
169.552322,76.260460,42.619740,68.526321
169.594925,76.489174,43.125565,68.950760
169.771652,76.533920,43.391556,69.028336
169.560791,77.210861,43.949600,68.773407
168.960022,77.508659,46.239132,67.656021
169.652374,78.818924,46.888233,66.857903
170.983429,81.970108,48.157173,66.911880
175.923096,84.090645,47.794353,70.003021
176.267853,84.730583,47.895226,70.607224
176.600983,85.525139,47.874802,70.549408
176.905899,85.918091,47.820709,71.224510
175.134216,85.617645,49.651535,70.881020
171.490402,83.134247,50.433826,68.671127
166.603867,81.439629,51.584534,65.840530
160.333252,81.414505,53.573627,64.153397
152.939072,81.633904,55.345959,63.553112
140.291260,78.872696,59.843391,62.856361
128.482132,78.366402,59.684368,61.414864
124.780586,76.759544,59.077137,61.777725
121.115654,75.812050,55.785507,68.332909
120.061005,75.147476,54.786304,67.915443
118.515602,73.469688,55.017242,69.773651
118.429512,72.606499,55.460297,69.895065
116.936966,71.737061,54.998566,70.966301
117.010643,71.965157,54.869152,70.975586
117.855743,72.062431,54.978024,72.006958
2
0
0
0
0
1
34.390438,77.761307,49.434696,55.118835
32.797714,80.743607,49.450153,55.557545
32.492725,83.174942,49.561440,54.665760
33.117077,86.880104,51.361393,52.090000
35.164688,88.757759,51.727768,50.617245
37.607132,89.886497,52.126072,50.497173
42.048695,91.090431,51.537739,50.004307
47.766727,94.144623,50.103458,49.797020
49.378742,96.263451,50.393631,49.484612
51.221191,100.808174,51.463711,47.594917
52.494267,105.474289,51.545071,46.182926
53.245800,111.172714,53.082024,44.832863
55.835072,117.149765,53.800262,44.257328
57.931400,122.841148,54.032623,42.658070
60.597923,126.653473,54.136620,41.234737
63.746201,128.989807,53.846687,40.972256
66.759789,132.143051,53.464657,40.999146
70.188087,133.782227,53.348717,41.107307
73.790932,134.702713,52.957344,42.268543
76.651627,135.991455,52.848583,43.026772
81.081024,136.917786,52.859253,44.116673
81.838852,137.847977,53.534081,44.391575
85.347984,137.822601,54.050282,45.220509
88.468216,137.392319,53.428616,47.167328
91.630714,135.541931,52.753796,47.913635
96.275398,132.492035,52.335743,47.926498
97.726959,132.392868,52.735645,46.362812
97.407631,133.587616,51.508476,46.238514
97.346420,133.936249,51.629414,46.367962
2
0
0
0
0
1
156.688705,181.002487,48.955639,41.404781
157.548767,178.148941,49.881126,40.898693
160.151184,176.657684,50.148884,40.743347
164.068375,173.129776,49.374481,42.189255
167.426804,168.601547,49.063782,42.527027
168.654343,166.940109,49.123100,42.850452
171.481628,162.985687,49.421757,42.380825
171.754807,161.123917,49.038414,41.619297
172.751236,157.825058,49.002949,41.254639
174.897278,155.003494,48.876099,40.937855
177.895782,151.528107,48.587494,40.293789
178.825470,150.938110,48.711449,40.351795
179.575943,150.398285,48.887440,40.346817
180.553650,149.346756,48.335732,40.238937
181.367142,148.286285,47.571865,40.355629
182.137543,147.244720,47.313587,40.368473
183.285233,145.980103,46.507328,40.311989
183.803528,144.819519,46.663532,40.501286
184.671066,141.591476,46.298580,40.931099
184.427826,137.509995,45.504494,41.092461
183.562561,132.384811,44.944870,41.495380
182.665298,127.086098,44.288815,41.588245
182.226425,122.134285,41.997978,41.398163
181.563309,117.703339,40.823254,40.994038
180.884933,114.499275,40.540955,40.255894
179.909988,111.878693,39.955349,39.848228
178.849167,109.625153,39.706360,39.290077
177.959549,107.652168,39.522964,38.742317
176.419800,106.677750,39.621525,38.915157
176.384720,106.479515,39.854332,38.927273
175.799927,105.585526,39.798897,38.893402
175.747940,105.314667,39.828979,38.944099
175.719452,105.243820,39.934425,38.958885
174.921753,104.862015,39.744980,38.811592
174.328445,104.522263,39.919312,38.916836
