1
167.369339,77.851044,48.975803,48.479103
167.380295,77.861626,48.975803,48.479103
167.391251,77.872208,48.975803,48.479103
167.402206,77.882790,48.975803,48.479103
167.412979,77.893997,48.976051,48.478882
167.423798,77.904694,48.975803,48.479103
167.434753,77.915276,48.975803,48.479103
167.444260,77.926422,48.975601,48.478073
167.325256,77.989082,49.049820,48.391308
167.462952,78.081619,49.495544,48.437840
165.900223,78.474747,49.875904,48.205109
158.180328,77.834435,51.294853,48.328468
155.018921,77.276566,51.211475,48.754162
148.972168,77.134911,51.015560,49.452965
146.680420,76.556442,51.243443,49.383572
142.050568,75.978447,51.309551,50.322567
136.934616,74.335732,51.310040,49.613922
133.196075,74.524597,50.606815,49.533974
130.967484,72.407104,52.002666,50.521641
124.684914,67.778671,53.745373,55.590050
119.178207,65.084091,54.145302,57.451622
114.552910,62.177860,54.449585,56.382248
112.864426,61.978718,54.273598,56.085815
110.637138,63.055088,54.777618,54.596657
107.365395,61.771187,53.984608,54.974171
103.627373,61.374622,53.163189,55.994041
98.766945,61.213791,51.984467,56.485161
93.145447,61.601376,52.483475,55.027336
88.123047,62.361202,53.464066,55.070480
85.379478,63.606079,54.345573,54.173607
84.289360,65.676964,54.230984,54.223381
83.644470,67.325157,53.934574,54.390991
82.559914,68.783882,50.638298,54.597004
81.696335,70.698425,48.652737,55.750523
81.897980,71.792519,48.144554,56.296135
81.966537,72.257683,48.349579,56.502602
81.987549,72.713097,48.391659,56.945072
82.186226,73.291000,48.051163,57.024002
82.575027,74.179916,48.172100,57.512470
83.049782,75.953415,47.940979,57.572098
83.781761,78.325905,46.656467,58.118084
84.739464,82.540413,45.934971,58.197006
85.319336,87.113426,45.469440,57.255806
84.455490,91.319832,45.967068,54.378574
85.412041,94.707176,48.740253,52.020405
86.958298,96.577820,49.454117,51.956425
88.841423,96.730690,49.737312,51.980339
92.164833,97.789787,49.836071,52.292561
95.872604,99.176865,49.666451,52.533321
99.606392,100.146187,49.930492,53.038437
102.287872,101.571434,49.609875,51.977962
107.269646,105.027405,49.191814,51.007465
111.173607,107.463783,49.481800,49.482819
117.024994,106.967216,48.349079,50.656055
124.160316,106.033150,48.235233,51.636936
129.048203,107.007957,48.668411,51.474812
132.644211,105.833595,49.523701,52.042248
135.761780,105.854454,49.917088,52.140163
140.022110,106.213646,49.762119,52.536118
141.966797,106.405800,50.359852,52.602253
144.956146,106.140030,52.150803,53.298912
144.249191,105.939575,59.080727,54.619152
144.488480,105.113869,61.271713,55.462440
145.491684,105.066879,62.322311,55.585426
142.651260,108.480286,63.899933,55.016869
141.366226,108.565483,63.168663,56.042469
135.808731,110.900063,62.279049,57.292614
130.032730,112.688744,59.346992,58.141628
2
0
0
0
0
1
206.173233,124.590500,50.801601,48.368370
208.317032,127.025116,50.320721,48.003769
208.862015,130.721054,48.964794,48.582066
209.149658,132.876175,48.106663,48.893501
209.226395,133.442673,48.409763,48.918758
209.346985,133.687927,48.410164,48.940861
209.475204,134.308975,48.479362,48.794144
209.845261,136.779205,48.657845,48.421597
206.831619,138.485153,48.569195,48.679016
203.142502,141.340912,48.355064,49.362846
202.079651,142.014328,48.706402,49.324139
200.208084,143.289322,49.531425,48.902664
196.568161,145.086243,49.729046,48.412277
192.258301,148.170547,50.734741,46.842087
189.731949,149.140259,49.721821,46.264973
186.817764,150.192398,49.778942,45.797832
185.067703,150.693954,49.477360,45.755306
183.699692,150.954712,48.972572,45.924629
182.789764,149.845261,47.992184,46.715916
182.192917,146.515472,47.692360,47.398643
181.033539,143.528793,47.718575,46.994919
180.226471,140.553757,47.331554,46.893070
179.429367,137.294739,46.482037,47.370781
178.766251,134.069733,46.212124,47.479351
177.691544,128.469727,45.436596,47.422249
177.678787,124.522896,43.720791,47.567291
177.595398,121.102570,43.198036,47.487583
178.132217,116.538712,42.412941,46.928108
178.348953,109.448601,41.291187,46.258999
177.899704,101.995674,40.723969,45.418201
177.782410,98.367958,40.393551,45.166676
177.094742,95.087517,41.442005,44.271149
177.125290,93.374489,41.343441,44.047554
177.128448,93.204514,41.429810,44.251881
176.659409,92.949966,41.295033,44.317986
176.360733,93.069649,41.471432,44.374649
176.308960,93.171371,41.440479,44.483212
175.780182,93.665817,41.574402,44.192810
173.147522,96.014473,42.967369,43.715469
172.918640,96.678406,43.043644,43.688004
172.859711,97.085609,43.541386,43.884846
173.079803,97.235352,43.960503,43.936089
173.103653,97.394547,43.969555,43.864548
173.060776,97.651527,43.928539,43.876354
173.090881,97.781746,43.953541,43.949825
173.112793,97.819092,43.975555,43.974243
173.124603,97.837708,43.977161,43.978687
173.135880,97.848099,43.978512,43.981274
173.967667,97.679367,43.748585,44.160042
174.104477,97.883499,43.976025,44.472473
174.270386,97.847359,44.014988,44.578342
175.473907,97.867912,44.186810,45.093727
177.651581,97.531036,43.569538,46.477875
178.710129,96.713318,43.181107,48.166332
179.400620,96.239281,42.389660,48.933937
179.724182,95.683655,42.004005,48.975430
180.235626,92.723053,41.172806,49.279121
180.617599,90.752541,41.633057,49.393856
182.989685,87.311722,40.676941,50.801376
183.616562,83.701561,40.279442,51.281864
183.385117,83.753952,40.332916,51.459526
183.284088,81.504105,39.224625,52.412437
183.461044,81.625549,39.361080,52.519077
183.622467,81.855377,38.845406,53.293243
183.147903,83.155411,39.118744,53.040043
180.756088,83.659332,39.454090,52.958549
180.711884,83.821922,39.294899,52.184090
180.606537,83.943428,39.713799,51.739376
182.322418,84.525688,39.891483,51.309383
182.360046,84.169426,39.913597,51.420002
182.276718,83.391197,39.716148,51.810749
182.171310,83.366135,40.097260,52.130489
2
0
0
0
0
1
182.159546,39.963417,31.750706,52.039528
180.034576,41.129978,31.836498,52.717300
176.292145,40.872169,31.612196,53.007252
172.151550,48.708687,31.551767,55.101772
171.378250,49.620678,31.517109,55.604042
170.944077,53.608372,31.730890,55.923733
170.741104,58.918159,32.837379,54.649048
170.900162,62.250999,32.813995,55.746849
171.033310,65.538788,32.888302,55.452686
171.769974,69.130241,32.798855,55.699837
172.173706,71.231781,32.882767,55.253078
172.512909,72.154503,32.911797,55.186710
172.701263,74.605682,34.166092,54.986210
171.945572,76.356483,36.832691,53.383366
172.115494,77.784081,38.979031,52.948685
173.117081,79.067764,40.538971,53.888302
177.684448,80.292145,41.315659,54.824661
179.089523,80.571068,41.286743,56.327724
179.387421,81.163170,41.550476,56.420712
178.995316,80.503036,41.920506,57.500481
176.744263,80.755692,43.933399,58.542233
172.981003,79.563217,44.429844,59.358402
168.053772,79.444328,44.795891,59.200096
162.132507,79.535057,45.674866,60.285416
155.485367,79.798805,45.325832,61.458008
144.846985,78.004639,50.124256,59.498158
133.576752,76.608131,51.069115,58.783695
127.794899,76.136276,51.664516,58.989986
123.326828,73.192390,50.412766,66.097672
120.522209,73.120689,49.858639,65.726547
118.756905,72.188690,51.685959,66.452072
117.308052,71.020882,52.801800,66.123886
116.823700,71.010605,52.880585,66.532143
117.064430,71.256027,52.765156,66.913628
117.690834,70.750984,52.352238,67.232491
2
0
0
0
0
1
37.790653,75.628372,47.924297,53.843273
34.719631,81.015884,47.721901,52.457375
33.620049,84.384117,47.971226,50.958881
34.172497,87.511993,49.032459,49.175900
36.315872,89.250198,49.643333,48.146736
39.401176,90.729027,49.891071,47.747906
43.160461,92.109619,49.276485,47.448868
48.779873,95.002655,48.423908,47.130619
50.577820,99.083748,49.560623,46.674877
52.364704,103.651527,50.585522,45.361546
53.335838,108.451889,50.722374,43.926876
54.563637,114.134735,51.623878,42.359528
57.147289,120.533302,52.923309,41.222675
60.220840,124.602654,52.327194,40.604149
63.258663,128.451431,52.228817,39.406868
64.809097,131.033615,52.039890,39.128860
67.926735,133.643494,52.007633,39.499203
71.268219,135.530411,52.022911,39.686695
75.465439,136.654404,52.003365,40.877045
79.946144,137.925095,52.541527,41.314449
86.227692,137.530838,53.102272,42.106075
86.583069,138.026199,53.378609,42.372368
88.487808,138.393707,53.380619,42.431507
90.403969,138.461472,52.875622,43.425350
92.597153,136.448334,51.767521,43.827023
96.483704,133.328644,51.762295,43.975124
96.939079,133.327652,51.822964,43.925827
96.297607,134.478714,50.582909,43.481052
95.376389,134.574463,50.341198,43.231777
2
0
0
0
0
1
152.653793,176.493149,49.139118,47.362289
155.037735,176.144974,50.165676,47.243896
159.403076,175.075699,50.459900,47.121582
162.080246,171.610916,49.634979,48.092804
164.737869,167.634277,50.519176,48.221367
168.563187,165.196747,51.438778,47.890682
170.633591,161.293411,52.661728,47.142559
169.022629,158.918304,53.514751,46.027992
168.199783,156.583298,54.989243,45.973392
169.193741,154.478790,54.543880,46.068592
171.881058,151.721649,54.492622,46.568340
173.203232,146.824448,53.421928,47.353180
175.045700,144.481964,52.410522,47.694027
176.055557,143.192993,52.095745,47.549477
176.523880,142.596558,52.013515,47.864128
176.826447,142.155411,52.357849,47.853275
177.248367,140.853806,52.275562,47.846935
177.383362,139.988815,52.084171,47.894562
177.516953,137.559937,52.122196,48.116657
177.401062,134.337112,52.237904,48.113739
177.153214,129.710785,51.667450,48.284874
177.017639,125.247391,50.688061,48.766132
177.656097,120.776978,49.173538,48.830944
177.377502,115.891907,48.206688,48.130188
176.927536,113.381767,47.891605,46.559425
176.007919,108.846626,46.330326,46.439304
175.258377,105.963089,45.906593,45.273579
174.789627,104.844421,45.542175,45.015579
173.445465,103.777863,45.656368,45.273800
173.407181,103.626221,45.844334,45.412750
172.998062,103.164230,45.739685,45.225628
172.995178,102.991318,45.800465,45.427536
172.844986,102.795586,45.898102,45.263847
172.077637,102.176758,45.778965,45.054722
171.785782,101.951912,45.749214,45.275745
