1
150.480652,93.954971,23.865793,48.013687
149.945419,94.031906,23.782055,48.586723
147.465744,89.116364,23.710886,49.234848
146.543198,86.689606,23.162848,51.503078
146.643646,86.936745,23.619753,52.128376
146.710480,87.014351,24.221420,52.467491
147.154663,87.040039,24.406160,52.538094
149.592163,87.471954,25.008560,51.959244
150.119583,87.297440,25.530661,52.740540
151.574356,85.359535,25.508299,53.441563
151.882660,85.309692,26.001451,53.613476
152.113647,85.248695,26.470543,54.069550
151.730515,86.084496,26.736828,54.097534
149.480118,85.511520,26.868605,54.765160
146.618637,85.141647,26.997286,54.586372
142.538193,83.456688,26.893002,54.975922
138.361313,80.209808,26.772545,57.490871
136.313751,77.763832,26.214964,58.954853
133.879532,76.041428,26.496658,61.303806
130.708221,73.977097,26.190390,63.436539
129.125504,71.596771,26.136194,65.624466
127.528816,69.695213,25.755882,66.669617
127.325851,69.044159,26.182713,66.562881
126.845009,68.013680,26.980211,68.844299
127.397369,68.782936,27.617817,67.183578
127.524567,68.571709,28.139078,66.635254
127.847023,68.132957,28.431080,66.882805
127.933121,68.201569,28.464272,67.013474
132.164215,69.305336,28.667942,65.899750
137.471924,70.654602,28.176708,64.882309
138.779541,70.738411,28.460939,65.026306
140.392410,71.394249,28.880928,65.576393
142.333664,71.508965,28.403856,66.165932
145.691818,71.450211,28.626839,66.112572
145.821075,71.629860,28.979391,66.190773
145.834641,71.771683,28.988361,66.466072
145.911789,69.680222,29.027189,68.806816
145.873093,68.713699,28.858578,68.708527
146.235214,69.342934,28.827721,68.266060
146.596619,69.855965,29.271563,68.204933
147.459335,69.520874,30.556923,67.436691
147.571182,69.034584,30.701920,67.575928
148.171509,71.046432,31.199247,66.097458
148.420700,71.290848,31.509201,66.524574
149.808655,71.312332,31.577671,67.160316
151.896484,70.961983,31.220081,67.925110
153.178818,70.553787,31.377678,67.938301
153.573517,70.385468,31.465841,68.711975
155.724411,69.991417,31.316383,69.520226
155.671692,69.959129,31.461290,68.936447
155.682190,70.019691,31.495394,68.925270
155.672745,70.042175,31.476723,68.965591
155.349640,70.721809,31.320099,68.006538
154.318588,69.791489,30.999470,69.199715
152.380386,69.891357,31.190361,68.778961
150.520721,69.919128,30.943066,69.168816
144.521591,64.597191,30.931501,73.863663
134.643494,64.475433,30.573751,75.895355
127.063606,64.596169,30.034994,76.473366
123.236740,64.399551,29.214104,75.836876
121.462700,63.382000,29.487337,77.202415
121.512535,63.442310,28.577637,75.146988
121.718269,63.746090,29.071285,75.392860
122.268890,61.366245,30.270966,79.924995
126.327202,62.701374,31.552734,79.768936
131.840225,64.195694,32.899910,79.273476
136.965546,60.814430,31.914856,82.740387
141.497543,60.253006,32.889389,81.667175
147.707794,61.366352,32.159569,82.692314
154.690231,62.123318,33.547760,85.998619
160.429489,60.840313,34.488926,87.608139
164.964615,61.100269,34.685970,88.038078
172.597702,63.520184,36.529911,86.579842
171.591064,68.329239,40.546894,83.201469
171.303802,71.588242,43.951096,83.052666
167.525299,70.614761,42.254734,83.653885
164.425690,69.060249,40.802959,83.866478
164.068787,68.760971,40.326691,84.453033
163.259766,68.100700,40.123081,85.568100
163.655869,67.466125,40.270023,85.871719
165.977676,67.679886,40.513382,85.949989
168.168488,67.498093,39.993504,87.953667
170.400848,68.800758,40.025375,86.991013
170.784271,68.664818,40.383625,87.052780
171.787491,70.191574,40.345333,89.086655
173.568176,69.632355,41.355938,91.141525
174.883270,70.855453,41.518826,91.764351
177.225845,68.925308,40.606205,93.590622
176.792557,71.498482,42.773647,88.571014
179.990952,72.625900,43.033180,85.367950
182.386108,70.649185,43.323868,87.329857
182.000046,69.071503,43.234966,87.435028
181.683792,68.892159,43.547295,87.199066
181.877655,69.009644,44.006451,87.378418
180.555328,62.356159,43.933197,88.493721
175.736633,60.994133,48.348782,88.554459
173.861786,59.875546,47.805962,89.748802
171.218002,56.870346,46.097206,91.958206
168.660751,56.937160,46.307613,92.001656
168.295670,58.792091,46.317287,89.891258
168.267349,58.569675,46.684929,90.141441
167.565170,58.732086,48.484371,90.391808
167.339050,55.972622,47.437168,90.038986
167.737900,54.995209,46.595066,89.115112
168.053009,55.210705,46.960835,89.466843
168.641647,55.373356,46.826492,88.870537
168.712799,55.644222,46.964233,88.975281
167.384354,56.773460,49.817329,91.756165
160.587006,60.854527,50.789604,89.491539
157.630737,60.505295,51.391926,88.858154
157.343750,60.824150,51.473305,88.650169
156.916687,61.028992,51.603966,88.960648
153.365250,61.767311,50.538116,88.834694
149.758194,66.467178,50.791313,85.139999
143.731857,63.115631,52.360428,89.112350
143.342285,65.252182,52.536018,86.900169
139.837524,67.826164,52.924458,85.329979
137.641708,70.512474,53.112129,82.764656
137.513443,70.887207,53.912445,83.058014
135.587402,74.786278,53.703129,82.170891
133.793137,80.292404,51.863441,80.296371
132.248398,79.870689,52.603386,81.075867
132.277328,83.459099,52.745380,80.002190
132.542374,83.710251,52.320671,81.694008
138.295135,86.632599,52.444977,77.705925
144.274109,90.476479,52.383553,72.017174
149.007355,89.524895,51.422955,71.608406
153.503937,83.385757,52.227879,73.951233
153.657074,84.521072,52.379524,73.042053
155.096115,83.781876,53.026390,73.609833
159.012299,76.825119,53.450401,76.094460
165.101685,74.234230,54.014133,76.581123
170.143005,72.952095,57.295414,77.655846
171.004669,72.140289,56.326607,75.087029
169.647858,71.501404,55.143749,75.291840
169.547989,69.793015,54.854305,75.745369
171.843384,67.611710,54.819565,75.436348
171.030624,66.370300,53.671040,75.200020
171.264801,63.897064,53.600868,77.858147
170.188400,62.944355,54.765255,79.076141
162.939163,64.633987,55.098858,80.525154
156.165024,62.060879,55.544392,83.102188
152.464630,64.746223,56.718338,82.632668
146.560562,72.431793,56.897362,78.115448
139.577591,73.428322,57.547100,76.944458
132.933868,75.034599,57.658833,77.629326
127.964241,73.145401,58.027538,81.479027
126.859306,73.146179,58.168736,81.670120
124.338417,75.770370,56.837269,81.486618
118.008041,73.263306,59.186214,80.038269
119.266556,68.455109,59.074722,81.426743
119.678925,68.455566,59.506435,81.181870
121.512436,67.757843,59.816242,81.217880
128.377548,66.059090,59.816257,80.528572
128.473862,66.247635,59.958679,81.006271
126.144958,64.028564,59.817482,82.375679
121.607277,61.347206,59.831406,82.663300
122.664543,60.678761,60.782532,83.240501
122.933769,61.530960,61.142036,82.046593
125.237610,61.774910,60.559719,82.323326
125.308144,62.314896,60.515678,81.817589
123.045021,61.412647,60.466335,82.310448
118.505981,60.438473,60.108326,82.926163
113.912903,61.441998,61.470810,81.456589
106.517014,63.091759,61.702763,79.744698
102.613785,63.330112,60.915287,81.236954
102.682037,63.264507,61.025070,81.293785
100.660851,64.360695,63.451263,78.656143
99.944038,64.624084,63.380001,78.426109
98.509018,63.768394,63.740143,77.835274
99.553589,65.354378,64.830612,75.733261
102.267395,71.227348,65.563057,68.948799
108.509529,66.734337,61.327702,70.701904
106.812859,65.092560,58.790024,70.909950
107.380638,64.950111,58.550064,69.189468
108.150528,64.712334,57.941166,69.414452
108.019806,64.332718,57.786739,68.004349
108.838028,64.461662,57.372070,68.763695
106.696274,66.076439,57.305626,68.053612
104.197678,66.065437,51.848721,71.869553
99.251854,66.460579,53.360714,75.197891
94.424515,69.907036,53.765434,72.684753
91.442360,71.411728,53.835899,71.020340
88.722740,71.685829,53.999195,71.164612
91.706718,74.327835,53.803131,68.240501
94.785698,79.153618,55.110905,61.948555
101.112221,78.489029,54.977180,61.971298
106.161423,78.605766,54.336269,61.884693
111.559631,79.962097,52.882423,60.728874
112.701462,80.259026,52.960136,60.805927
117.472137,80.425575,52.449394,60.627228
117.500145,80.590263,52.378391,60.977573
120.439400,81.237091,51.722935,60.895954
124.257484,80.970100,49.821705,62.924332
126.588554,80.547592,47.620449,63.628017
127.354813,80.792709,47.007092,63.786705
129.734207,80.992340,44.468300,63.420467
129.809158,81.025803,44.262535,63.524818
130.207214,81.113724,43.186043,63.937565
130.405869,81.153656,43.455582,63.822418
129.505402,82.325989,43.177948,63.794525
128.244186,83.475067,43.194607,61.733234
127.844856,83.550690,41.437511,61.912678
126.371536,83.126793,42.059399,61.738731
126.602783,83.186829,42.464321,61.938507
128.582962,83.108932,41.586323,61.625713
130.909988,82.455444,40.911575,60.453594
131.210678,82.831566,40.089279,57.695362
131.761459,82.219032,39.265652,57.964058
130.943344,81.995621,38.593636,57.993679
129.487701,81.705437,38.454639,57.680225
128.408966,79.550011,37.208763,58.974270
128.551605,79.287567,37.321583,59.212933
126.849960,78.652557,37.867470,58.227566
126.284828,78.722679,37.805550,58.397766
123.975708,78.223701,37.886105,58.091476
122.997581,78.167679,37.652927,57.666840
122.240593,79.825920,37.979145,55.242596
122.058136,80.030930,37.844624,55.589622
118.526421,81.165543,37.330940,55.526714
118.606117,81.416992,37.476097,55.983601
123.513710,81.313515,37.438881,55.736721
129.713593,82.391685,36.695175,55.543114
133.901627,83.176491,36.663609,55.787182
136.117676,83.333412,36.007034,55.843029
136.377762,83.372192,36.496307,55.996986
136.951843,82.705978,36.164043,56.020370
141.985519,82.318756,36.893116,55.881039
145.932175,80.325165,36.125637,56.743210
148.727234,80.456772,36.242847,56.496941
149.749741,80.304909,36.198097,56.386848
149.963470,80.235458,36.577560,56.365211
150.439041,80.154015,36.980476,56.346035
150.701157,80.057304,36.875725,56.550282
153.032867,79.780457,35.732853,56.894897
153.929794,78.486862,35.106281,57.157753
154.130478,78.779930,35.523502,57.373184
155.133713,78.625992,34.836235,57.432819
155.247070,78.771553,34.813435,57.394287
155.861282,78.887436,34.232849,57.421478
156.327271,78.708931,34.279678,57.574043
157.141830,78.315590,34.406715,58.177231
159.415100,77.439552,33.968822,59.389400
159.515488,77.536507,33.918285,59.377815
159.680176,77.503761,33.915859,59.493217
162.861801,74.400528,34.018608,59.721954
166.354233,71.173782,33.173012,60.346451
167.763016,70.962944,32.760788,59.684788
168.485062,71.494110,32.779797,59.110775
169.203156,68.959045,32.611027,59.899986
169.036285,68.872368,32.559845,59.904755
169.251740,68.904152,32.988781,59.981075
169.071579,68.560814,32.854576,60.370766
167.513947,68.725357,33.809483,61.986912
167.378723,68.525543,33.871349,62.042744
165.882599,68.854561,33.792820,62.455326
165.349396,69.343201,33.467594,62.292957
164.080124,70.826820,33.384346,61.231770
162.332443,71.884315,32.354023,61.314915
161.637787,72.954224,32.515240,60.528179
162.351700,79.054527,31.492348,58.600433
161.035995,80.592491,31.478439,56.961647
161.856110,82.637367,30.189356,55.970310
160.950958,85.301094,30.723925,53.557098
160.920334,87.113800,30.830755,52.079906
161.382568,87.738426,30.362610,51.984703
162.355682,89.542046,30.189432,50.218552
163.003799,91.461006,29.916178,49.037731
164.415955,92.123474,29.172743,48.608242
167.025116,93.556549,27.964638,47.283863
