1
150.639832,93.934601,21.942858,50.065578
150.564087,94.001785,21.893946,50.603592
148.322708,90.323502,21.726564,51.609325
147.309586,87.259048,21.435627,52.774899
147.319824,87.361908,21.488552,52.956833
147.411133,86.911606,21.656261,52.925552
148.640442,87.286224,22.472172,53.119820
150.204971,87.371361,23.369427,51.995804
150.628906,87.033394,23.581284,52.821705
152.074142,85.964058,23.630234,52.969448
152.678314,84.907951,23.956373,53.323879
152.748810,84.793282,23.914392,53.493305
152.568924,84.779030,24.050604,53.494694
151.202209,83.479424,24.596443,54.975124
149.344849,80.916084,25.321955,56.484825
144.927094,79.035164,25.391130,57.031166
141.040924,75.400055,25.334522,60.365276
137.037827,73.480431,25.408367,62.399082
133.535843,72.282990,26.015011,63.577702
132.416061,69.789192,26.451328,65.047424
130.468979,68.979324,25.811707,64.592613
127.928459,67.209938,25.411024,65.048096
127.651947,65.967789,25.532553,65.992599
126.986870,65.394653,26.602007,66.297684
127.346786,65.112900,27.053350,66.561012
127.886604,64.863998,27.742977,66.106232
127.909508,64.229027,27.839434,66.665276
128.516953,63.415695,27.963238,66.927109
133.119095,65.545143,27.826719,64.223160
136.707520,67.648621,27.717842,63.112583
138.925629,68.097229,27.937237,62.945480
140.848618,68.826302,28.191952,63.133213
142.957947,69.641296,28.564844,63.669159
146.425690,70.191528,28.991346,65.099152
146.126831,71.394371,29.027197,63.211605
146.333694,71.485817,29.487398,63.474976
146.622833,69.565208,29.512091,66.909935
146.866135,69.082390,29.835434,66.841316
147.387375,69.704453,29.694227,66.248970
147.770187,70.951881,30.367302,66.041336
148.612106,70.387558,30.704882,66.434944
149.162247,69.594864,29.638046,66.095261
149.395737,70.480087,29.918068,65.859924
150.000122,71.807037,30.169394,66.165611
150.210358,71.821182,30.476439,66.582680
152.557541,70.514771,30.074675,68.113159
154.114761,70.216400,30.448643,68.484711
154.402954,69.959938,30.399006,69.053909
156.084579,69.413788,29.988144,70.650200
156.035980,69.346176,29.984703,70.506081
156.038666,69.591377,29.983011,70.968361
156.035980,69.582405,29.977394,70.954979
155.407394,69.991440,29.634348,70.556122
154.323273,68.243477,29.576828,72.877541
152.434708,68.450485,30.591799,72.496437
149.456329,67.744370,30.821012,73.416306
143.984924,62.167332,31.039747,76.280907
135.195480,62.432903,31.012470,78.780754
127.014580,61.985294,30.543240,78.903168
122.637932,62.978889,29.769136,77.513779
121.438080,62.344833,29.690659,78.295822
120.964432,62.020142,29.729046,76.489616
121.070625,62.223938,30.278490,76.303032
121.631577,60.419533,30.644032,79.455322
125.560104,60.571671,32.666183,79.356705
130.984482,62.726925,33.429672,79.725670
136.044098,57.597382,32.297577,85.545311
139.377930,57.177109,33.606075,86.430649
146.268875,57.377644,33.639385,86.746986
154.260483,58.636158,34.421738,88.764168
159.196640,57.534592,35.018700,90.028435
163.960114,58.346226,35.555393,92.141953
171.598282,60.154484,38.167183,91.916138
170.542679,62.483658,40.067722,90.395370
172.128540,63.967518,43.431438,91.456734
168.309540,62.549919,41.563622,93.355118
165.306122,65.113266,39.697193,91.441986
163.531601,65.551285,39.013397,91.035553
163.625275,67.099586,39.514664,90.918213
164.176208,66.720528,39.894859,91.037361
166.914642,68.692070,39.537918,90.450203
168.788269,68.033714,38.943291,92.069496
172.524124,70.495598,39.353477,89.643723
172.571152,70.595894,39.532387,89.997322
176.315384,69.381172,39.474434,93.258499
178.100800,68.336266,41.993210,94.316849
181.010925,68.471085,41.509663,95.462402
181.249344,68.454018,41.949558,94.738060
181.948288,69.902237,42.084358,90.434059
183.897110,68.587212,42.414330,90.540871
185.701843,67.732727,42.555080,91.730698
184.096451,65.509331,42.007690,91.759094
182.504913,64.806190,42.801090,92.290390
182.572739,64.667831,43.161171,92.513062
181.687958,62.822338,43.422691,93.545792
177.279434,61.158722,46.677681,93.931419
173.146484,56.931248,47.040489,96.384613
170.807022,55.152134,46.139740,96.682304
168.226242,56.462402,46.746372,94.891747
168.181763,57.302689,47.107677,93.849007
168.129059,56.578823,47.592262,94.342819
167.617218,57.587543,48.290524,91.653938
167.370087,53.263836,47.202129,91.708168
167.798523,53.177925,47.064091,90.769806
168.015594,53.292023,47.476212,90.960220
168.263397,53.411648,47.447052,90.841789
168.249405,53.587475,47.495747,90.822250
165.789963,52.432270,51.283314,94.790558
158.729431,57.369053,51.987640,91.264389
158.822739,58.267246,51.840359,90.018417
155.861099,59.376648,52.203743,90.229340
155.305328,59.752949,52.481003,90.320663
151.740692,61.901138,51.468845,90.019646
148.925934,66.869408,51.400219,85.108086
142.050247,64.199333,52.603561,89.006569
142.227432,65.238739,53.005116,88.390411
140.940155,67.430077,53.667194,86.310097
138.543945,69.293365,54.062508,84.275177
138.500473,69.756538,54.754459,84.213020
136.749054,71.916550,54.595772,83.815216
135.454269,76.502304,54.306290,82.199852
132.476089,76.255005,54.922596,81.936874
131.023743,78.699303,54.465984,80.658180
130.932190,78.769058,54.368668,82.060631
137.593231,80.787994,54.921154,80.105583
141.899368,81.825539,54.190624,76.694359
144.900742,81.036469,54.457607,75.339722
150.442444,77.606476,54.643852,75.395439
151.669968,75.852440,54.975002,75.621498
151.899277,76.409462,55.397781,74.745560
155.704422,72.261864,56.306751,76.796822
161.739990,69.278816,56.790787,77.364525
167.497360,69.254684,58.543465,77.594810
168.537506,67.099686,58.340290,77.387779
168.723984,65.912926,57.537273,78.422798
169.601288,66.184090,57.500412,75.684830
171.359039,64.234177,57.668583,75.033783
174.831482,64.486816,56.459423,74.333542
172.526489,64.776840,56.186687,74.420334
167.604523,64.231537,56.742939,74.866455
163.984970,64.948677,56.428303,75.775192
158.752991,62.732586,56.268509,77.815453
154.711304,66.121002,56.346107,76.872520
149.073578,71.180855,56.597862,74.077682
139.770355,71.934364,56.864456,73.392830
136.074890,71.000237,55.924313,75.720612
131.374344,70.287270,55.988876,76.725311
129.871460,72.168137,55.230160,76.137787
128.143066,73.181419,54.164413,76.507614
124.863892,74.924538,54.643627,76.107704
126.709129,70.433884,54.439785,77.261002
128.319901,67.886253,53.884716,77.367119
136.891479,63.324612,52.702705,76.591568
137.942917,62.098270,53.627907,76.786949
136.655548,61.160191,54.113670,77.697548
133.513687,60.822533,54.946918,78.443314
129.824402,61.004864,54.876602,78.013527
129.911713,61.034981,55.096058,78.797371
131.871964,62.395836,54.845985,77.266342
132.014603,62.572914,54.887794,77.470367
130.668015,63.749702,53.110558,77.637344
126.953674,62.787136,52.413727,79.011978
119.829102,62.710648,51.988037,79.769257
116.218300,62.155491,50.485928,79.354591
112.840698,62.218845,48.778870,78.992798
110.475090,62.455612,48.680443,78.771729
110.293556,62.210915,49.110558,79.154137
110.838211,61.870781,49.609882,78.856651
110.900581,61.829880,49.953369,78.529762
108.688309,62.564842,49.371082,78.612091
105.036972,59.380901,50.063721,79.743225
108.820259,62.174030,51.368279,78.880836
111.455818,54.912754,50.823959,79.684776
107.328094,57.166019,49.320087,77.828812
107.779297,57.088348,49.445122,77.814758
108.025612,57.346474,48.460529,76.198677
109.344513,57.857460,49.360722,73.668121
108.860054,58.589699,49.221859,74.007294
105.416687,64.146263,51.201347,68.369385
102.149689,64.840820,51.170403,69.460258
96.885948,69.732101,53.603748,68.783699
90.847397,71.390991,54.352268,68.127419
84.127960,71.619690,54.630562,68.084549
84.584373,71.601212,55.003906,68.548790
87.512688,70.686760,56.054230,68.970596
88.881653,74.091270,58.755291,64.307503
90.568497,73.870232,59.031418,64.239792
92.342934,74.309113,59.432156,65.045517
93.094826,73.974686,59.941250,64.676567
92.876884,74.314522,60.166645,64.653595
93.386871,74.412582,61.875908,63.881145
95.215782,75.238876,62.275391,61.690723
100.387894,76.228218,62.155727,59.895885
102.225082,78.500740,61.745804,59.581245
103.241989,78.385628,61.085564,60.567730
103.811852,78.642891,61.353157,61.027699
106.076332,79.220123,60.719906,61.440742
106.813705,81.204224,61.262619,60.241833
108.472084,81.468353,60.930405,60.254620
113.566353,82.981544,59.072506,59.075871
117.387466,82.910889,56.735237,59.213795
119.454231,82.451965,54.730724,59.766281
121.732483,83.177490,52.585651,59.555233
121.703514,83.109116,52.380138,59.782047
122.679817,82.995720,51.811546,59.908096
126.397446,81.956039,49.902416,60.154770
128.308914,81.538696,48.051548,60.224411
129.183792,81.058319,46.859108,59.785812
129.695694,80.699646,45.314411,59.832817
125.808968,83.485512,45.917484,56.503441
126.440781,82.971001,43.680832,56.256668
125.530945,80.088348,41.982555,58.436028
125.534515,80.125153,41.977230,58.479893
124.884010,79.256248,41.745937,57.987835
122.699081,78.777283,41.636860,57.526566
120.853447,79.311752,41.150833,56.796543
120.665230,79.069405,41.163055,56.134037
120.781334,80.609032,41.037895,53.957378
120.911247,80.861595,41.033588,53.802135
116.778038,81.395264,40.711231,55.211105
116.562889,81.493423,40.870876,55.598740
121.496704,81.001320,41.599995,56.428509
126.518143,81.613457,41.158569,56.682953
130.641159,81.888306,40.635746,57.690823
133.893646,81.847229,39.774857,57.834236
135.478317,81.695625,39.265701,58.060196
136.128250,81.226387,39.357578,58.728737
139.691132,80.536041,39.980743,58.640934
145.402252,78.240273,38.738289,60.858494
146.871964,78.842804,38.561268,58.894531
149.150375,78.531960,38.085960,59.209888
149.394257,79.625259,38.495361,57.538128
149.941757,79.820808,38.409134,57.558105
149.982834,80.016762,38.493305,57.950294
151.211182,79.747955,37.675186,56.946533
154.205215,77.953873,36.017628,57.900944
154.425095,78.102943,36.496624,57.890362
154.885712,78.118835,35.438942,57.774994
154.924179,78.225815,35.476391,57.976879
155.291046,78.282265,34.770535,57.865528
155.414124,78.339394,34.976040,57.986404
158.442322,77.395012,34.460411,58.082966
159.073578,77.479927,33.799606,58.447247
159.556168,77.495110,33.826977,58.241032
159.736237,77.565132,33.934891,58.505211
163.364243,73.494217,33.770615,59.125980
168.052963,69.320366,32.607479,60.400528
169.000504,68.792320,32.403152,60.540871
169.280151,68.780510,32.340176,61.069923
170.162796,65.484375,31.854561,63.058998
170.467316,64.265778,31.363092,64.698242
170.573425,63.902863,31.341221,65.501488
170.609558,63.759361,31.073503,65.948708
169.021362,64.215599,31.283018,65.387245
168.260468,64.044937,31.154575,65.630707
167.176559,64.831795,31.469265,66.046127
166.273972,65.879417,31.094028,66.131248
164.867142,66.623863,31.357687,66.194962
163.537918,67.402534,30.626570,66.349045
163.200607,68.312302,30.534925,66.035057
162.893738,74.647446,29.707861,64.128418
162.958862,81.495697,29.689974,59.663651
163.422592,84.079613,29.392372,57.370003
163.482620,84.674789,29.411858,57.003078
163.532516,86.869286,29.146791,54.693859
163.759995,88.481537,29.287678,53.430428
163.901733,89.611366,29.357332,52.276989
164.251556,90.588585,29.047298,51.643517
165.549026,90.855644,28.767014,51.544975
166.437088,91.610199,28.212729,50.473999
