1
151.813400,96.097473,20.504963,50.421406
151.311188,94.592659,20.823908,51.106407
149.740082,89.668030,21.215605,53.610321
147.452820,87.062660,20.901527,55.147209
147.499802,87.234978,20.988632,55.472725
147.525940,87.191841,21.052994,55.434902
148.697281,87.367241,21.468702,55.770439
150.848694,87.537178,23.103401,54.636196
151.310089,87.566696,23.389950,55.062321
152.266556,85.561996,23.755455,55.302956
152.853897,85.107132,23.959303,55.277737
152.872879,85.193954,23.985399,55.468323
152.714844,85.523743,24.236614,55.031284
151.217972,85.243134,24.380934,55.417492
149.331741,82.292877,24.228107,56.115959
144.713150,79.772423,24.560684,57.031933
140.899292,75.532890,24.939037,59.908623
136.830368,72.592575,25.224112,62.183197
133.373672,71.648148,26.093269,63.955139
131.623032,69.611702,26.394079,64.307953
130.028870,67.426430,25.764807,64.340500
127.595718,64.978279,25.478746,64.715126
126.549324,63.790165,25.583529,64.904976
125.391228,62.723946,27.139816,65.349113
125.621216,62.385574,27.649305,65.423752
126.484406,61.368591,28.458176,63.632713
126.590836,59.360523,28.274794,63.811577
126.839523,59.621544,28.420290,63.993450
131.048187,62.867382,28.157978,62.667721
136.938858,66.697487,27.599129,59.838535
137.962067,66.913391,27.762329,60.046764
140.269302,67.668938,28.504366,61.702587
141.029739,68.286514,28.768572,61.908283
144.629089,68.892273,28.738585,62.420834
144.610062,68.952477,28.737150,61.497002
144.743607,68.961433,28.987354,61.475937
145.480423,66.874344,28.836769,62.985718
145.773697,66.484947,28.407648,62.920254
146.285370,67.089363,28.302521,62.307171
146.567749,68.854950,28.716759,61.774368
147.182404,69.019867,29.256550,61.296921
147.365341,68.390991,29.209564,61.557011
147.925934,69.828979,29.732477,60.777973
148.119156,69.923782,30.000830,61.031544
148.407349,70.142990,30.479998,61.458893
150.813629,69.906967,29.722023,61.963333
154.810623,69.362701,30.479801,61.271149
154.893570,69.409035,30.472931,61.843937
157.476028,69.912346,29.771618,64.782990
157.515411,69.936508,29.862392,64.942650
157.570847,69.958717,29.981129,64.973633
157.092957,69.669266,29.821560,65.503235
156.131805,70.612312,29.658367,65.761627
154.870819,69.835335,29.551123,67.617493
152.536652,70.204712,29.925180,67.647934
150.558914,70.647469,30.279070,68.289124
144.409760,67.146797,30.702866,69.424973
135.508270,64.466316,30.660755,72.949112
127.664925,63.323120,30.215677,73.282463
123.062805,62.001415,29.307665,74.297630
121.347748,61.594456,28.809984,75.536713
121.486450,61.186951,28.637724,75.739655
121.664436,61.477798,29.228680,75.993721
121.869804,61.023296,29.653902,77.628517
125.967407,64.056602,31.174122,76.662148
130.805557,65.651657,33.397346,77.429016
136.078064,61.065514,32.665649,82.935883
139.237869,59.723042,34.922642,84.022385
146.391846,61.510792,34.757515,84.793640
153.888351,60.301479,36.228420,89.424026
159.122681,59.262779,37.680550,91.415092
162.932739,58.736565,38.107433,93.222290
171.467346,62.254963,40.581001,90.710846
169.191727,63.928665,41.276764,91.190308
171.779266,63.279034,42.977516,93.663376
168.459091,60.920670,41.869762,95.430649
165.168335,63.012951,39.992188,93.514259
163.408508,64.299133,39.428337,92.595963
163.239227,65.639229,39.724831,91.878090
164.112152,67.646385,39.971867,87.839371
167.358994,69.799210,39.665161,87.044975
168.139389,69.602531,39.473667,87.727554
171.165237,69.711075,39.884995,86.834137
171.322220,69.721916,40.014687,87.002319
173.692780,71.084816,40.097511,88.415138
176.208572,69.502754,40.941864,89.107857
179.045746,70.579742,40.526264,90.756142
181.535400,66.926041,40.991531,93.337952
182.196426,68.758087,40.974274,89.235931
183.455872,68.427750,41.138802,89.770012
184.423477,68.465973,41.538353,89.934471
183.418701,65.383842,41.545799,89.875175
182.933090,65.331955,42.116562,89.929878
183.017731,64.172363,42.510166,89.617599
182.904678,59.256554,42.828079,92.868134
178.272400,56.287636,45.755322,94.263779
174.755554,56.948719,44.841885,92.645103
172.534653,54.011429,43.939663,94.321381
170.170013,53.824078,44.466850,94.046997
170.182281,54.072052,44.477242,94.447563
169.821472,52.618019,44.667751,94.262939
168.834122,52.382534,44.980183,94.320595
168.710495,51.288601,44.851326,92.746750
169.107162,49.514797,43.681858,90.370972
169.296280,49.498981,43.957523,90.464073
169.304688,49.486542,43.975502,90.397987
169.314102,49.699768,43.991936,90.409393
168.134155,47.140450,46.019062,98.723763
163.099426,49.154736,47.073978,97.528503
161.423630,50.059025,47.720741,97.372246
159.412567,51.305134,49.189629,97.326172
158.241257,51.980133,49.326427,97.076172
154.684387,54.725330,48.313835,95.259262
150.972229,60.464291,47.867672,89.207840
146.054535,58.840290,49.330322,91.481148
144.044083,60.877663,49.984482,90.069580
142.194473,62.206837,49.480804,89.782814
140.833542,65.262871,49.333645,85.627655
140.864014,66.280281,49.640045,85.842079
138.658081,68.307022,49.569221,86.406548
135.344650,71.573029,48.930065,85.449417
132.897369,70.845345,50.054173,85.735306
133.172180,71.172485,50.520554,86.053360
130.300995,70.096436,49.406761,90.140938
132.280045,70.632378,49.189232,90.441475
139.588547,68.093330,49.986267,90.224075
144.632706,65.269234,49.855968,91.750885
153.213409,65.197655,50.820217,90.790115
154.463531,65.212143,51.277275,90.406898
157.882889,66.013733,51.680737,89.473839
160.968262,65.153275,54.539711,88.833138
167.649460,63.377205,56.078705,89.916298
171.039169,62.660545,59.647743,90.050369
171.926971,61.138451,58.181877,86.122169
170.638931,60.148594,56.174770,85.173256
171.311630,58.359440,56.329826,84.996574
172.387253,57.207508,56.117706,84.669319
173.974136,58.183590,56.133739,84.058487
174.016754,58.335789,56.469063,84.663925
171.812149,57.186844,56.147907,84.946777
166.752106,59.694172,55.751724,84.919235
156.976181,58.813637,56.020134,86.748116
152.750977,60.060802,56.747936,86.173691
148.263245,70.847984,56.747467,80.013512
137.577301,70.237015,57.707596,80.694527
134.649979,70.865891,57.277943,81.252319
129.488144,68.984207,57.010155,84.228951
129.621445,69.490448,56.863503,83.856651
125.270691,73.299065,56.106750,80.760353
123.030968,73.416107,56.345535,81.157623
122.750999,73.257736,56.445557,81.316963
124.595428,72.231209,56.354885,81.262794
131.849289,64.536987,56.367100,80.582283
138.529251,62.072361,56.053097,80.427612
135.587723,60.772442,57.735085,80.740021
131.582321,59.275330,59.495754,81.538414
127.934967,58.405037,59.516552,82.256477
125.820229,57.279572,60.654411,82.981064
125.200775,59.184498,60.450562,81.465729
126.184631,58.972092,59.416931,82.122490
126.085548,59.727444,58.991962,82.315514
125.447937,59.518593,56.982433,82.914413
118.459221,58.513004,55.858040,85.443336
113.368912,60.394386,55.467194,82.514107
108.281906,62.929260,55.047081,79.696884
104.909798,62.688889,54.745316,81.283943
104.562721,62.151115,55.176472,82.024887
106.010391,60.219048,56.648235,80.732567
105.973892,61.138599,56.861652,78.916031
100.368668,60.691505,57.199799,77.859299
97.936272,60.851246,57.822334,75.312378
104.903870,65.439720,60.502983,70.458252
108.136139,65.493500,58.643196,69.931709
107.144302,65.030891,56.786495,69.287064
107.178543,65.049889,56.903366,69.410301
108.592705,64.518875,55.152485,69.267792
108.663933,64.138924,55.534206,65.982597
109.128853,64.148407,55.220909,65.893150
106.920326,65.007935,55.666561,64.091583
103.389984,66.262772,54.599865,68.041344
97.266151,67.439888,55.752720,71.633774
91.784103,72.220284,55.999054,67.251526
87.777733,73.050995,55.501278,66.440010
87.947807,73.042397,55.948265,66.504890
92.176277,75.244431,56.610016,64.495743
97.275574,81.499840,57.335987,59.116547
103.241951,80.479187,56.117722,60.065422
107.484383,81.438354,55.018642,60.589397
109.153069,81.285149,55.829617,60.769417
110.555702,81.591629,55.238052,61.111023
112.498413,81.671333,54.929375,61.654079
112.770668,82.000320,54.783253,61.880829
115.254471,82.023399,54.443005,61.980793
119.802841,83.328033,52.972260,62.330906
122.689232,82.731651,50.515167,63.005985
123.428772,83.082062,50.579086,63.265041
125.755859,82.994118,48.487160,63.074615
126.034607,83.379936,47.838333,63.134243
126.592255,83.015495,47.138313,63.594288
127.534294,82.965439,45.745686,63.684967
127.866188,83.094398,45.090611,64.211967
127.919220,83.252625,45.197803,64.123711
127.561966,83.589767,44.864796,63.309776
126.225441,83.192177,45.445648,62.500587
126.199585,83.368713,45.432602,62.946461
128.385941,82.660660,44.737095,62.654984
130.844131,81.528008,44.395004,59.931412
130.349030,81.832466,43.878120,57.244484
130.479736,81.315559,42.925652,57.520592
128.181076,82.672012,42.956188,56.450153
127.403389,81.453255,40.875370,57.101738
127.452682,80.985596,39.916332,56.939785
127.426346,80.937614,39.974957,56.986435
125.394531,80.028786,39.631496,55.808086
124.087151,79.747322,39.979767,55.738514
121.277084,79.733269,39.727859,55.642273
120.423935,80.104294,39.602283,54.418404
120.531975,80.336090,39.939049,54.138027
120.326340,80.687965,39.916195,54.505363
117.660942,81.235809,39.506920,54.983498
117.253136,81.276840,39.919144,55.063454
121.948204,81.413467,39.705742,55.403980
127.995491,82.092247,39.045616,56.051125
131.971313,82.075844,39.031853,56.714306
134.469635,82.223282,38.124416,56.876003
135.124542,82.222061,38.170696,57.013645
135.998413,81.704552,38.544605,57.465240
141.006088,81.754074,38.969563,57.038628
144.860382,79.262497,38.524086,58.974510
147.887512,79.040665,38.121258,58.790596
149.110260,78.866394,37.984081,59.102497
149.252533,79.346153,37.963200,58.566673
149.838409,79.220360,38.114906,58.643425
150.147949,79.317772,38.415848,58.991455
151.776154,79.173721,37.212067,58.216793
154.465088,74.388626,34.834839,62.046234
154.478500,75.160454,35.162945,61.937584
154.846527,75.272598,34.882912,61.795898
155.025894,75.470352,34.653400,61.877689
155.264526,75.845642,34.649330,61.876297
155.449280,75.900635,34.974388,61.985401
156.762085,75.703484,34.741871,62.173187
157.226547,75.697029,34.818951,62.522770
157.793152,75.827301,34.920334,62.709679
158.038956,75.691612,34.805794,62.773197
159.075455,74.931252,34.872368,62.462368
162.171829,72.830818,34.383884,62.247723
165.463074,71.523972,33.156147,62.041130
167.066727,71.295303,33.249035,62.119091
169.178131,69.010597,33.094200,64.051704
168.623642,69.144669,33.307503,64.197639
168.718582,69.291847,33.484070,64.468567
169.395950,67.951523,32.740059,64.954704
168.493362,68.147446,32.858711,64.609520
166.914795,67.478096,32.687420,65.413170
166.252533,67.845276,32.845043,65.278030
165.861816,68.336311,32.873116,64.771126
164.001450,68.917542,32.762409,64.666183
161.917206,69.686653,32.028732,64.682304
161.508316,71.633484,32.990757,62.958492
161.411926,76.811539,31.506975,61.187740
161.857895,80.479301,31.234358,57.520618
162.499207,83.466682,30.327415,54.734806
162.042755,84.254379,30.506475,54.731266
162.262405,85.888901,30.629593,53.084312
162.521515,87.091309,30.800568,52.380665
163.021423,89.037788,30.551798,50.956966
163.416977,90.305183,30.487024,50.244160
164.828659,90.837387,29.248238,49.600613
166.625305,91.666107,28.124968,48.997971
