1
175.125961,15.275577,38.603546,160.851425
174.573227,17.462782,38.385841,161.052490
172.945786,22.702660,37.560555,157.255875
172.954056,22.943081,37.880161,157.401321
172.963608,23.544376,37.245403,157.704529
172.447617,24.386906,37.314571,157.685349
172.038040,24.718557,37.260197,157.782242
171.630081,26.524614,36.249207,156.112015
171.581528,27.051800,36.044647,156.072357
171.593430,27.293976,36.144436,155.656784
171.607681,27.550407,36.351231,155.748245
171.462708,27.308052,36.376740,156.083740
169.077606,27.266533,36.018539,158.372208
168.034302,29.441563,36.182022,156.650528
168.864655,30.853779,36.446354,156.039139
168.270462,33.393105,35.858738,155.521637
166.524551,32.146862,35.885822,156.938019
165.789658,32.882740,35.865349,156.391418
165.836716,33.217999,35.959080,156.126724
165.659103,34.632893,35.915199,155.523895
165.547195,36.540936,35.665112,153.905838
165.629929,37.127804,35.774982,153.540939
163.741013,37.345695,35.612621,154.702728
163.917557,40.586014,35.603840,151.662186
161.795151,42.420609,36.218525,151.455643
162.146225,44.944599,35.555042,149.555115
162.144547,46.510021,35.651150,150.003265
160.772614,47.803879,35.813480,149.556412
161.066010,49.223808,35.735722,149.102127
161.433868,49.536526,35.884422,148.740784
160.760025,53.290318,35.564339,146.908478
163.870453,56.192970,35.531750,144.677246
163.993820,62.398090,35.240913,139.395493
166.725494,59.423786,34.901211,138.088181
161.446518,63.811592,34.790291,134.683517
161.694092,63.456329,35.228188,134.858093
161.368683,64.235786,35.243660,133.705124
159.912003,70.381752,34.976990,125.966545
161.005142,73.683632,34.418289,118.146584
161.148148,76.981567,34.135040,113.606194
160.216736,78.503876,35.438637,111.408531
161.879120,85.029030,35.414745,105.388115
160.056580,83.349762,35.335888,105.837326
160.989288,80.324699,35.909534,106.299065
164.444748,78.265297,36.300484,105.956894
164.823166,72.486122,36.275188,106.384781
164.911102,64.016289,36.249752,108.909393
163.697495,53.594536,36.134377,108.338928
163.220032,55.193184,36.459877,107.739555
161.711121,62.093891,35.816898,107.389465
160.035538,64.816353,35.140511,108.136360
158.859650,75.691620,35.262794,106.677498
158.957962,85.899033,35.803684,104.572472
160.310745,91.008842,36.578995,101.760086
160.472961,88.626434,37.091488,101.595688
160.218231,95.004379,37.674648,98.186378
160.181000,95.464462,37.939713,98.270416
160.349289,95.360649,38.016872,98.052292
159.697205,94.104164,38.642376,97.823792
162.858231,87.137398,40.959667,96.072388
164.657501,80.921120,42.035156,95.989120
166.720032,77.632057,42.694683,94.547310
166.855911,77.924500,43.013435,94.927368
167.227432,76.239227,43.654350,94.688118
167.371857,75.984421,44.264172,94.441963
168.921570,72.497101,45.264751,94.039810
170.337830,69.909378,45.734909,93.650688
171.256744,67.308861,45.820797,94.738121
173.691696,61.656853,46.183582,97.079582
170.877899,65.183182,47.201218,97.137650
171.141800,62.823689,47.660877,97.910011
169.614441,67.371979,48.882938,95.930290
167.670212,66.164024,48.506954,96.771835
164.248993,65.562798,48.638317,97.276596
166.835159,60.324509,49.292679,95.188202
164.312531,54.898693,49.132168,95.292168
163.641144,47.961334,49.224403,95.762459
165.249527,46.686340,50.216797,92.920609
169.802246,53.802128,51.712769,91.632164
164.107010,48.142303,51.727337,91.763565
165.547531,53.260395,51.852100,91.982285
167.135254,54.620274,51.808170,90.656830
167.186172,56.801189,51.456261,90.317535
167.029953,57.038952,51.443199,90.072464
167.516342,57.307827,51.614197,89.161827
161.189285,54.386257,50.818726,89.978790
161.476883,55.938141,50.629814,89.476135
161.616791,56.069420,51.105030,89.829308
161.813339,56.142048,51.472607,89.949539
160.536224,54.628788,51.854870,89.312920
160.645859,54.440212,51.452728,89.279305
160.437912,52.708683,51.565109,89.085922
150.343597,61.766888,52.065399,87.940376
150.905045,61.264626,52.324734,87.822205
149.928329,60.650490,52.309330,87.656578
149.603287,60.761272,53.190037,86.455551
154.612198,61.824574,53.971275,83.543411
154.438705,63.454029,54.417797,79.301315
148.223984,58.463387,56.890194,77.466248
148.257004,56.115067,57.653805,77.623642
149.184448,56.191696,58.780563,77.629227
151.125595,56.232891,59.564701,77.718979
151.623413,56.430691,59.798927,77.966469
152.235550,47.207249,58.236248,78.110329
152.580521,47.348148,58.413147,78.246155
152.633270,47.513962,58.478989,78.397346
153.149017,45.036766,58.261097,77.008278
154.023575,45.118595,59.358215,77.462563
155.185242,43.857132,60.177963,77.401878
155.396225,43.909126,60.445690,77.474976
156.235535,44.119091,60.481991,77.473000
156.028961,43.202358,60.457378,77.216820
154.444611,42.982903,60.573784,76.806442
156.117432,42.583515,61.710732,73.953476
156.445312,43.795422,62.215382,73.275986
154.932175,43.692833,62.499470,72.031387
155.099518,44.269394,62.397831,72.188400
153.697708,48.182640,62.783512,71.483109
156.078445,49.833088,63.635414,71.131035
156.623016,50.585308,63.648094,70.922462
157.114014,50.624382,62.929256,70.959442
157.753647,49.153133,61.669548,70.825340
158.846649,47.963089,61.409096,70.456467
159.517517,48.075310,60.960297,70.399979
160.386856,46.422394,59.399170,68.675438
160.194870,46.921700,59.568974,68.263649
160.411850,46.838303,59.880608,68.224037
157.916290,48.293491,60.662003,68.093445
160.815872,48.385757,60.162025,67.002792
162.508652,52.481808,62.203384,66.517029
162.434204,53.429951,62.845852,65.960403
162.023773,55.637295,63.394371,64.463356
161.932831,55.596230,63.442108,64.538177
160.399185,55.844913,63.909325,64.937592
159.935104,54.927662,64.509789,64.365654
155.700363,52.219555,64.811554,64.741486
156.076340,52.601871,64.876335,64.827705
155.812485,53.234970,64.903267,64.777817
149.282700,54.197124,65.338303,65.208488
149.269928,54.262875,65.344048,65.467613
152.359390,53.545036,64.982628,65.915550
155.522781,51.324368,64.157036,66.564156
155.504776,49.680637,64.085060,67.522079
153.836761,48.738117,70.072777,70.068199
152.379715,49.711666,72.181656,70.279686
149.876511,52.294853,79.315582,69.700150
149.941177,52.855492,80.284500,69.288750
149.403381,55.247505,80.370140,67.796661
149.482422,55.374580,80.442307,67.967606
149.819199,55.140858,79.880409,68.016815
148.537292,56.460823,79.872269,68.752815
150.131454,56.389824,78.453934,69.153030
149.288971,57.718014,78.270088,70.212570
149.956726,58.089890,77.663956,70.394783
151.813889,57.952003,77.615143,70.951561
152.329483,57.731651,78.173851,70.487259
152.877335,57.752316,78.201088,70.459190
157.585251,56.464352,77.795609,70.907166
157.810089,56.330830,77.317986,70.788239
159.632950,57.695099,78.017502,69.975487
159.435257,57.172592,78.319778,69.728874
158.160889,59.011738,78.794907,69.235115
158.516495,59.734497,78.621498,68.925949
156.560822,60.430321,79.228271,67.839363
151.697632,62.797543,79.834244,65.376526
151.271912,66.372902,80.226318,64.634911
150.390259,68.698563,80.974266,63.601128
149.651413,70.333221,80.716461,63.811619
147.311493,70.682396,80.829102,63.553860
148.899658,66.781616,79.037437,65.561569
150.061127,70.840569,76.840347,65.536995
154.403748,71.156921,78.149086,66.275505
158.537994,72.297302,77.587463,66.584061
160.393478,71.792412,76.366737,67.168289
159.226562,70.873039,74.481155,67.799660
156.368378,74.753860,75.411285,65.966675
155.449188,74.682175,75.031723,66.127007
155.699692,74.890137,75.461006,66.474297
154.092621,74.294098,75.012726,66.915718
154.334488,74.336426,75.462715,66.971130
154.281311,74.352951,75.450577,66.965607
154.867935,70.430000,74.512375,67.731972
154.367096,73.493004,74.348076,67.990601
154.232285,73.425278,74.250992,68.458511
155.049179,65.370346,71.820374,69.806236
156.254623,66.942253,72.721390,69.315323
156.454285,68.237114,72.721581,69.586502
155.985367,69.961571,73.007370,69.479248
155.739456,70.594360,73.120018,68.503624
156.516174,74.796135,72.802818,66.872398
156.732758,75.886444,73.177582,66.401306
157.309921,76.269402,73.158325,65.933952
156.080719,76.676689,73.668442,63.684284
156.247452,76.811073,73.953979,63.930946
154.867157,78.060532,73.333801,63.229424
155.223114,77.705231,73.549126,62.645412
154.835464,78.934090,73.895493,62.429268
153.220764,79.812523,74.134132,62.335022
152.956940,80.175201,74.120049,63.219444
154.647766,84.816093,73.368217,62.929581
156.416183,85.083641,72.115257,62.875858
155.631851,88.742111,71.946663,64.055382
150.251846,89.847717,73.580963,62.876713
148.925323,91.686325,74.447876,61.230125
142.860260,89.853889,74.117599,60.364803
138.247665,88.763947,74.692314,59.977695
136.612747,84.795959,72.294518,60.960815
135.673615,79.909332,71.983780,63.697479
134.439865,73.977776,70.873978,70.021103
134.416672,68.993958,68.934082,73.405769
134.942902,67.999802,68.082184,74.932419
135.857773,64.305634,66.485237,77.394463
136.873520,63.340714,64.503799,78.361740
139.470474,59.910942,61.950825,82.322578
140.069138,57.966110,60.759872,82.252899
142.191666,57.273155,59.789551,82.649879
144.791306,58.219837,58.043308,83.163177
150.380615,58.888206,55.643581,89.385002
