1
166.361176,19.182575,46.980259,153.809647
166.872375,18.782560,46.370224,153.433121
167.074280,20.536167,45.213936,153.034439
167.898071,19.888041,45.017300,152.844925
168.364990,19.985134,44.812836,153.088684
168.179428,20.459938,44.012024,153.388489
168.529510,19.856117,44.297882,153.000046
169.497543,19.876066,43.670170,153.291168
170.097168,18.728220,43.560547,153.527771
171.796463,17.604389,43.352226,153.667206
172.127350,18.079107,42.835094,153.978821
171.432175,20.174116,42.473583,153.493668
171.364548,21.139816,41.975178,154.291138
171.811111,21.629185,41.686928,154.490463
171.873978,21.940191,41.906281,154.714600
171.207428,23.590294,41.776176,155.187393
168.715225,24.364401,41.897354,155.054413
168.132217,24.766617,41.730625,156.696655
167.052353,24.426994,41.794140,157.990662
165.303650,28.213486,41.398937,156.114624
164.857132,33.423805,40.776432,153.955872
164.677170,36.120827,40.085426,152.180267
164.001190,38.381371,39.995987,151.265244
163.341202,40.530117,39.545441,150.374405
160.096970,43.854301,40.513649,147.794464
160.424286,44.955673,40.756832,147.864853
159.884369,45.649380,40.153873,149.826889
156.585953,46.208256,39.428631,150.210663
157.957932,48.312317,39.091858,149.925095
158.762695,50.605274,39.808113,147.104919
159.139114,54.941757,39.038349,143.315857
160.377502,57.045269,39.153080,141.206741
159.575577,65.914429,37.689701,132.198303
163.427689,62.318333,37.414341,133.875900
158.211990,64.553719,37.334179,131.335815
158.301392,64.675163,37.349560,130.907104
158.227570,63.925930,37.393257,130.979034
157.959183,62.992966,37.275948,131.145706
158.148651,70.666420,37.126354,120.289528
158.405090,70.637794,37.469364,119.859215
156.995331,74.880379,37.018166,115.033752
158.210327,78.816650,37.097656,110.606705
157.763397,72.859154,37.390278,113.446304
158.236481,73.525803,37.625488,110.699860
160.790283,70.315536,38.629204,109.085770
161.106018,69.435028,38.958290,109.764114
160.046188,60.331924,38.595848,110.965233
158.102142,54.151108,38.575645,111.157188
157.339661,55.326160,38.661789,111.384560
156.854294,59.219799,38.076195,110.090492
154.652313,59.365856,37.667225,110.785797
154.976318,63.671154,36.910545,110.473961
155.381973,70.402222,36.497581,110.453232
157.839539,60.695053,36.565956,113.068893
155.373627,71.516747,36.274605,112.288322
154.150635,85.911026,36.698418,110.241890
154.274551,86.205933,37.027054,110.161079
154.742340,88.255753,37.560223,108.274399
154.832581,89.812622,37.901741,107.604263
159.791992,81.533798,38.887543,108.203003
162.540222,74.931152,38.980114,109.216057
164.653183,70.812172,39.745396,108.974014
167.514130,69.774353,40.460915,107.437592
168.857285,66.150520,40.979095,106.689110
168.937988,66.890251,41.081982,106.168358
170.724808,65.611488,42.090878,105.695534
171.496689,65.386353,42.585445,105.111427
173.520889,61.042450,42.960526,105.357117
173.515671,61.329788,43.320625,105.243752
173.691071,60.776455,44.362534,105.322769
170.805695,61.725910,44.905411,105.628899
170.097458,63.908783,45.094952,105.682915
168.686295,67.731682,45.890369,103.760208
165.873611,65.945763,45.812191,103.842972
163.449539,65.410393,47.057045,102.052338
164.999985,61.919800,48.058746,100.272697
164.757645,60.499603,48.532932,100.435699
165.018753,57.851025,49.275238,100.163956
165.133774,61.123180,50.656216,100.222481
161.779999,59.465969,50.448406,100.441116
161.729630,59.397339,50.187199,100.362946
162.790588,57.435524,50.602173,100.374146
162.946243,57.392357,50.934727,100.472641
163.102264,56.639622,50.899754,99.908470
162.742477,55.637665,50.866573,100.333313
160.612183,55.054169,50.434456,100.276672
160.643768,55.166111,50.475063,100.456696
160.676224,54.927120,50.460632,100.456741
160.746536,55.127632,50.518082,100.461891
160.220184,51.256180,51.024216,99.151047
160.656540,51.348629,51.369350,99.470634
159.436218,49.427719,52.462090,98.614517
149.446106,57.553341,53.121925,96.907326
150.750549,68.371483,52.668751,96.959221
149.972595,66.556168,53.043835,97.196472
150.472321,68.383942,53.391712,97.289001
154.347595,71.831047,53.774033,96.917503
154.784744,75.727692,53.685394,96.525917
153.056564,73.517975,54.668922,97.210258
151.875015,67.101730,54.879261,96.119759
151.366882,65.879349,54.882614,94.805023
154.484909,63.106819,55.568306,92.672310
154.721893,61.335316,55.707729,91.550652
152.637161,53.043690,54.752312,93.040970
150.774628,50.105148,55.334625,91.796661
148.551773,51.387592,54.726398,89.124855
147.897690,49.629578,55.117283,88.363358
151.630615,48.303288,55.503571,88.567093
152.096085,47.396072,55.943825,89.163734
157.179062,46.287018,55.011566,90.068497
157.672501,46.236172,55.254173,90.969925
157.835327,46.292847,55.466614,90.929321
157.869110,46.350121,55.460537,90.949936
158.531570,45.864471,55.578365,90.225861
159.010635,46.270290,55.928032,90.455620
162.477997,46.697433,55.477573,89.913979
162.441055,47.216915,55.372940,89.344696
158.197067,48.773876,56.690201,86.915878
158.441498,49.028606,56.980202,86.956398
158.509445,49.541927,56.882046,86.129082
158.630188,49.819210,56.777351,86.437485
158.852921,49.275490,56.656017,86.317696
159.929642,45.925758,56.510582,85.708282
162.078690,46.453838,56.594578,85.509300
163.155289,42.857006,54.987572,83.166061
163.019135,42.903721,54.975155,83.199936
162.069168,43.183205,54.965260,83.308838
157.550278,47.084721,57.328903,81.584770
162.462173,51.290920,57.149918,81.266228
168.078094,56.783394,57.495502,80.476242
168.772385,59.682915,58.874489,75.355545
169.660507,61.549164,58.991005,74.991447
166.055573,57.552303,61.808125,74.395943
161.981415,58.053947,64.245834,71.417580
161.623627,57.334732,65.285797,71.453918
158.456100,50.918980,67.646454,71.096275
160.167984,49.924969,69.715759,71.686501
160.093903,48.070591,68.948990,72.444809
158.468994,46.778797,69.134689,73.202934
158.039642,47.390774,69.640198,73.315376
157.912827,47.278271,69.858650,73.315346
158.997910,47.257519,69.547485,73.479973
158.643173,46.102375,70.766502,73.091652
159.190506,46.053383,71.833481,74.226830
158.869324,48.356106,76.230217,74.316261
158.528763,49.491005,77.099007,73.459854
158.435059,50.519981,77.564034,72.809471
156.441650,51.732605,79.366043,71.596237
156.632797,54.066734,78.687881,71.059738
156.820358,54.294567,78.801109,71.314713
156.963089,54.383007,78.945190,71.486214
157.415512,54.526024,78.066566,71.806694
157.041107,56.542469,78.269775,71.755646
156.873428,57.473297,76.520607,70.980537
159.601257,57.996178,76.204819,70.928978
158.544006,57.205559,77.234650,69.540375
161.719543,60.305897,76.559525,68.240097
162.168320,59.908211,77.519180,68.271721
162.052994,60.348721,77.917458,68.314514
161.818893,60.478771,78.216125,67.771240
161.767761,59.609844,79.156204,67.053520
156.380890,64.979668,80.529442,64.851883
158.548203,66.139206,79.652771,63.853306
157.221802,72.507118,80.009346,61.587017
150.456924,75.108612,83.452827,59.909382
150.462265,77.040146,82.701256,59.495872
149.594833,79.015572,82.672745,59.182785
149.815674,79.108070,82.912422,59.445889
149.298309,79.608841,83.105003,59.421848
149.894653,79.014076,82.057762,59.608334
150.161880,79.724495,81.315392,60.023766
157.103012,81.311974,80.885811,60.621033
161.200882,81.869202,79.137718,61.180504
160.208603,80.870369,78.838089,61.842022
154.916473,79.772926,77.842972,62.143181
159.272079,82.719696,78.510628,62.219395
157.936874,82.956406,78.486229,62.550152
155.855347,82.301407,78.057610,63.047977
152.354095,86.419037,77.829666,64.468491
152.500031,86.215157,77.874573,64.586357
152.565384,86.415192,77.956024,64.981003
153.107605,82.515198,77.160164,65.928413
152.301208,82.366074,77.160042,65.967888
152.346451,82.325615,77.519363,65.955620
150.834824,82.258850,77.881447,65.769203
149.320694,85.512596,78.553223,64.309891
149.881989,87.605942,76.646225,64.752037
150.872086,88.141975,77.034058,64.386475
149.799286,87.010567,76.705200,63.972191
151.063370,87.245865,74.233482,64.210304
151.008255,87.107918,74.418503,64.354576
151.008255,87.149857,74.430481,64.466599
150.941238,87.134140,74.521667,64.352371
151.230789,87.105919,74.973335,64.346527
151.193604,87.236923,74.910370,64.334320
151.229630,87.377388,74.966400,64.408905
151.142715,87.449738,75.007385,64.432480
150.683136,87.676842,75.299889,64.557381
150.971878,87.943481,75.393410,64.960129
151.934235,91.076904,74.747208,63.558399
152.776566,91.319260,74.165451,64.085167
150.938721,94.344231,75.358826,62.757587
147.122391,95.649834,77.215332,60.963089
146.160538,95.665916,78.043922,60.861523
144.369141,93.607498,77.238091,60.758015
141.893707,92.348572,78.056877,60.567261
142.432159,89.708199,75.245300,61.044655
140.514542,84.311981,73.643234,62.366928
140.298050,79.916344,71.237450,66.430244
138.519363,72.483208,69.596565,71.168655
139.239105,71.125389,68.337395,72.934105
137.411682,64.427498,66.205154,75.761269
137.782501,63.419727,65.133217,76.565315
140.371704,60.150562,62.530231,81.634865
141.547241,58.503632,60.900669,81.570007
142.359390,57.663746,60.250706,82.040863
145.017441,58.352688,58.157787,83.299942
150.549530,58.952671,55.643581,89.385002
