1
173.546265,16.053110,38.853416,154.011475
173.062546,17.587574,38.071991,153.944489
171.945908,20.578056,37.246262,153.380600
172.388962,23.125814,37.192650,152.606888
171.454590,23.183867,37.184113,152.520676
171.488022,24.848625,37.046490,150.877136
171.760681,24.945763,37.367283,150.459946
171.495316,22.239403,36.589336,151.997025
170.624741,22.799322,36.524185,152.039902
170.081635,23.354944,36.530529,152.079788
169.347061,26.706907,36.242943,149.959091
168.930954,29.507977,36.002155,148.799286
169.130447,30.501209,36.374107,148.679962
169.278671,31.230173,36.298733,148.424591
169.492783,34.512596,35.874371,146.564651
169.283966,34.573360,35.799706,146.973877
167.433594,35.381107,35.630634,146.530624
167.444458,35.872517,35.885441,147.365524
166.253113,35.141872,35.795868,147.528946
165.884720,39.561131,35.930664,145.272415
166.004456,42.631702,35.805035,143.035004
164.548660,44.484528,35.739067,142.725327
162.219376,46.457779,34.885628,143.293610
161.804367,48.388763,34.535793,142.946945
159.496964,52.167652,35.554283,140.839081
159.333099,60.473415,35.430958,135.032257
158.665298,60.822693,35.128345,136.101593
158.965454,61.781822,35.331093,135.567581
159.049896,61.868370,35.412064,135.892670
158.597504,59.886139,35.277641,136.237961
158.639420,59.713261,35.393383,136.612167
158.531723,58.559441,35.365273,136.023712
160.427917,64.803398,34.477047,130.620987
161.401871,60.914753,34.300007,131.414261
159.679657,62.046589,33.668991,129.054367
160.285019,60.727337,34.306988,127.934334
160.413925,60.321125,34.443844,127.741898
160.228943,61.192791,34.327431,126.087692
159.898895,62.736572,34.356472,122.994812
159.932083,62.111530,34.496979,122.712936
159.123871,62.794113,34.475895,121.851837
159.771423,63.776733,34.345581,121.061676
158.951752,63.072544,34.255829,119.714394
160.119812,68.463631,35.157780,113.917404
160.968658,69.911491,35.497196,112.379387
160.770294,64.649521,35.292545,112.954117
161.090271,56.063091,34.788704,118.013817
158.983612,54.359280,34.272827,119.330757
158.591370,50.423836,34.095753,121.309311
158.399109,50.155277,33.891087,122.025482
157.462265,53.932537,33.099117,122.292458
157.043777,57.580814,33.389572,121.429504
157.525726,58.675037,33.508110,122.106499
157.723938,59.728981,34.048313,122.252449
157.520874,59.783871,34.366543,122.892822
157.500229,79.456520,34.523472,118.889549
157.620514,80.232391,35.138363,118.930008
158.342941,83.324577,35.785961,116.325111
158.496872,84.433708,36.065933,113.938477
158.676575,86.813179,40.269833,108.724876
159.625580,83.903183,41.179955,108.966858
162.466431,79.251724,41.863644,109.226166
164.110260,77.281883,42.164288,109.204353
166.321686,72.467934,42.713039,109.632332
168.367004,68.939590,43.012447,108.984879
172.938629,56.974407,44.092430,112.138802
174.150940,55.861977,44.938061,111.717216
174.681046,54.809155,45.127377,111.946838
174.917542,55.054195,45.705818,111.434036
173.382751,56.014366,46.344608,111.051285
168.232681,59.779236,46.946396,109.665558
166.506409,60.884655,46.922974,109.287933
164.824097,64.866302,46.799812,108.744362
165.195419,62.670967,47.300396,107.929245
160.598206,63.784500,48.393532,105.067932
162.562149,54.896481,48.385811,104.048744
160.712036,53.328804,47.849606,104.894379
160.655762,57.151909,47.808533,102.217476
160.229340,55.081844,47.854954,102.920746
157.872238,46.101841,48.355717,104.490707
156.014130,43.733078,48.078064,105.226463
155.595947,45.402348,48.602123,104.594536
158.444260,52.391804,49.511215,102.098724
160.526794,52.132702,49.815781,101.045738
160.618607,52.223000,49.997105,100.482201
159.616974,47.706383,49.503429,100.391556
159.958298,48.434986,49.722542,99.480843
160.177185,48.882351,50.060238,99.604630
160.581055,49.128124,50.491203,99.905029
160.006821,45.250008,50.754997,99.254150
160.908096,46.010651,50.964146,99.937752
160.917679,45.926212,50.996532,99.959328
148.456207,56.108627,51.546833,98.051163
148.689545,62.905128,51.687103,98.147034
148.237823,61.463600,52.162354,97.563370
146.991150,63.863579,55.299549,95.901772
150.111343,64.681625,54.879158,94.792511
148.543549,72.581200,56.072788,89.093468
147.817154,69.057640,58.297039,89.650291
142.829758,63.458591,61.519878,86.939674
148.852783,66.371590,63.340839,84.608269
151.621719,68.267700,64.768333,83.212029
152.530212,68.116478,64.641678,84.078598
151.518982,60.539082,63.597408,84.780525
149.060638,59.294136,65.700508,83.284981
147.354950,58.758221,65.676201,81.931107
147.542953,64.285759,67.254814,78.346779
150.519531,63.319656,67.990173,78.791832
151.261902,62.981396,68.313141,79.013390
153.556183,63.914093,67.822296,79.274979
160.407043,62.306541,68.407387,79.623055
160.559174,62.075607,68.441292,80.009041
167.393951,60.905846,70.166946,80.083580
166.329651,59.820213,71.076523,79.261971
165.599411,61.431995,72.126785,78.647041
163.855026,61.366402,74.221069,78.535210
164.597916,61.774872,74.465981,78.860703
156.143555,61.239704,76.075256,78.186966
156.232574,61.127724,76.682625,78.504845
160.238937,60.799187,77.533867,79.757553
157.428543,56.554829,78.407913,80.765732
156.800934,54.249966,78.240829,82.119606
157.562225,47.324989,79.080635,81.163635
157.798767,47.471130,79.428093,81.448494
157.941010,47.610146,79.339417,81.272354
158.491211,49.374828,81.603874,78.490318
153.956467,50.481659,87.317551,76.687378
149.758423,51.317181,90.553139,75.387321
146.037003,51.481930,94.306702,75.828583
145.913589,51.851280,95.200912,76.018326
144.313980,52.757671,95.688622,74.612892
142.982803,52.822132,98.844193,74.330734
141.683350,52.267197,98.766602,74.186691
141.698227,52.396507,99.010445,74.403519
139.830048,50.222363,99.189491,74.927002
138.988708,41.066410,98.064285,77.207329
140.735245,35.747662,96.573685,79.942314
143.733643,34.415947,91.052505,81.270416
147.161560,35.494175,90.962311,81.125786
153.449799,36.876305,88.663673,81.291740
154.838181,36.121658,88.170219,81.781227
154.601852,36.738453,87.837822,81.684425
150.208221,37.996540,88.643158,81.129211
151.020432,38.326530,88.971092,81.253075
150.313766,40.332737,89.128502,81.605721
150.657059,41.942337,89.240654,80.192474
151.078369,43.514980,90.478218,78.672104
150.199310,49.948788,89.622475,74.372536
150.418274,50.587132,89.808167,74.267921
150.634094,50.568302,89.957718,74.388405
150.325104,51.907383,90.535919,74.082161
151.839020,52.859432,90.199844,73.583450
151.968216,53.366161,90.386940,74.096092
154.109268,54.953522,86.858826,73.781021
154.871124,57.189758,86.118576,73.580017
154.912750,56.744461,86.071259,73.164307
159.446198,57.620049,85.040024,72.665291
159.305206,56.396755,85.021172,72.143593
157.883087,57.809536,86.692108,71.234161
159.243912,58.386292,87.641205,70.530426
159.129959,59.710434,88.132080,70.964790
151.765717,63.391235,87.720543,69.958374
151.574707,63.007450,87.326195,69.697693
150.061371,64.721390,86.788216,68.451973
143.173889,68.311890,90.484291,63.866726
140.858002,71.127441,90.223549,63.563263
137.971436,71.694176,90.596970,63.531685
137.231873,71.880684,91.236313,63.736874
139.344559,73.032509,91.255646,64.083496
136.537231,68.332268,89.833626,65.683960
137.143936,69.736092,88.454208,65.425720
144.213974,70.260338,88.707550,65.301682
144.920120,71.143333,86.860374,65.457802
148.167191,66.950203,84.860924,66.993355
149.287125,66.712128,83.137177,67.044037
150.433884,71.083832,84.199883,66.578156
150.611496,71.298363,84.282623,66.987762
150.585281,71.227829,84.416641,66.934692
150.364105,71.657478,84.179260,67.054245
152.178436,72.199951,84.096321,67.126076
152.398285,73.156929,84.097008,67.208473
153.481964,69.290581,83.397987,67.580765
151.576218,75.809944,82.629440,67.096069
149.393173,75.409676,83.002464,67.816284
149.576111,75.485573,83.421951,67.969246
148.207764,78.053085,84.347946,66.304604
147.448837,77.319588,81.820251,68.358643
151.763901,79.770348,81.481842,66.335510
152.687347,79.551338,78.157913,64.890038
151.903549,83.212303,77.142448,64.394127
151.634781,82.904289,77.169350,64.221001
151.006332,83.198059,77.488426,64.178604
150.371567,85.404366,77.571541,63.017719
150.782654,84.339279,78.074692,63.170952
150.630692,85.394470,77.924744,62.675964
150.067657,85.677826,78.199486,62.443775
149.918900,85.898537,78.536369,62.231277
147.375107,86.526810,79.260422,62.679607
147.373642,87.119797,79.526466,62.898464
148.777603,88.675163,79.131027,61.717602
153.970596,87.459831,74.959595,62.347393
152.491470,91.091682,75.002220,62.716808
150.029388,93.342110,76.203667,61.057327
148.158417,93.724442,76.956680,60.875271
145.400848,91.765602,75.715607,60.683449
144.165115,91.499748,76.128609,60.610950
142.482483,88.356247,73.992004,60.557762
141.104507,83.736290,72.678360,63.511917
139.191132,79.291359,70.918343,66.943398
137.098160,72.119606,68.799355,68.843918
137.139542,70.807175,67.609222,70.551994
135.020081,65.991997,66.126900,72.411484
136.008865,64.265862,64.688690,73.297287
138.631973,60.328976,61.810444,77.677658
140.390915,57.759804,59.200600,78.926361
143.598587,57.242844,58.055462,80.142448
145.743896,57.029922,56.853149,80.758591
152.970810,58.965370,52.816719,87.948944
