1
152.549179,93.250229,19.913349,52.486298
151.863083,92.627914,19.931267,52.757568
150.118546,89.194458,19.880611,53.456997
148.654633,86.631119,19.227409,54.009861
148.607727,86.733788,19.545671,54.430721
148.808273,86.723007,19.992626,54.454853
150.564377,86.551178,20.106087,54.909397
152.460480,86.756432,21.026070,52.261333
153.080185,86.649902,21.465807,52.937950
153.349075,86.343735,21.397556,52.967003
153.765091,85.579674,21.508278,53.268917
153.466187,85.014267,21.942183,53.655823
153.370193,85.374046,22.366985,53.498615
151.118393,84.670944,23.157270,54.166542
150.691422,80.096840,23.699894,56.590691
146.923553,79.926025,23.769838,57.053745
142.789185,76.166763,24.453907,60.655411
138.490891,74.890236,24.477186,62.420967
135.163193,73.859398,25.351671,63.439610
131.793762,69.339348,25.623394,65.554741
130.389557,68.185188,25.094948,65.147591
128.220505,66.631042,25.101114,65.764061
127.982086,65.660942,25.753775,65.732323
127.354355,65.458298,26.634094,66.328758
127.643707,65.348564,27.057293,66.552780
127.942924,64.708000,27.444431,66.757385
127.970863,64.017555,27.457190,67.056107
128.385391,63.698750,27.485806,67.505203
133.107788,65.647919,27.289877,65.740021
137.404526,66.894806,26.776197,64.801201
138.992722,67.410645,26.924107,64.338371
141.259537,68.332397,27.285927,63.946480
142.949203,68.562401,27.292234,63.955147
146.354980,68.690216,27.080957,63.491478
146.588791,69.401688,27.172907,61.152004
146.751587,69.576721,27.495302,61.442310
147.021454,66.964531,27.582384,65.551216
146.989395,65.549591,27.468651,65.955360
147.260147,67.220718,27.435364,64.546204
147.563385,69.602158,28.298704,63.453667
148.672348,70.704491,29.260508,62.197636
148.619446,68.706322,28.504875,63.421577
148.953171,69.448631,28.983736,62.990967
149.016663,69.425438,28.992062,62.965759
150.015137,69.651360,28.650299,62.913979
152.227005,69.446518,28.332268,63.044003
155.199905,68.280396,28.536543,63.133278
155.707413,68.353249,28.982590,64.097519
158.216644,69.408020,28.142694,66.682571
158.324982,68.993919,28.249327,66.715248
158.334320,69.204102,28.588614,66.946945
157.235275,68.867218,28.611874,67.703751
156.834442,69.443520,29.034748,67.432625
155.120026,68.731308,28.925047,69.011169
153.620712,68.895004,29.056366,69.532791
150.304077,67.459038,29.625965,73.334641
144.256973,63.482891,30.285000,75.558876
134.939194,63.435810,30.156878,78.327728
127.770561,61.475315,29.809179,78.759911
123.268120,62.456627,28.928520,77.192139
121.544571,62.732792,28.512403,78.108459
121.321930,62.443359,28.598457,77.138672
121.515427,62.762085,29.023937,77.092766
122.475510,61.209461,30.859144,81.101646
126.927162,63.094452,32.163185,80.917633
132.392456,63.085552,34.351128,82.373634
137.960480,57.626472,33.610287,86.695015
142.427826,59.260357,35.099915,84.532349
147.653061,59.359478,34.336437,87.318161
155.069229,59.602348,34.937248,89.521385
160.065536,58.876114,35.719131,90.665756
163.607620,59.423126,36.506729,90.111832
170.549454,60.837765,39.385040,89.009216
170.274048,62.873188,40.211666,89.571884
171.321503,63.388409,43.579510,91.420105
166.924545,63.422710,42.085281,92.825722
165.779953,65.271286,41.665970,91.147804
163.829865,66.531738,40.628075,90.770111
162.721115,67.935600,41.263500,89.750732
162.963257,68.121330,41.355530,89.696068
166.090561,69.942757,41.142460,90.277283
167.956131,67.377350,40.373405,92.855034
171.457153,70.272652,41.127884,89.322060
171.693680,70.301323,41.480221,89.523796
173.646423,70.946266,41.172974,90.955452
177.554855,69.588135,42.339203,92.456184
180.661362,70.578354,41.486229,92.628494
182.529358,69.116058,41.787540,92.962563
182.862534,70.664795,41.763714,88.849434
185.179916,69.142731,41.507565,88.575294
186.408066,69.446266,42.408642,88.837723
185.105270,67.587425,40.623611,88.594627
184.052185,66.864388,40.969074,89.427284
183.567917,65.643089,40.771881,88.904457
182.524368,61.706131,40.800991,89.017059
178.052216,60.528473,44.185806,88.583382
175.348450,57.756027,43.799999,90.008942
172.481918,56.183830,43.488834,90.682327
170.235229,55.532177,44.050045,91.009964
170.409302,55.816666,44.571781,91.396729
169.396820,54.524414,45.007378,90.772499
169.201981,54.853218,45.924664,90.599365
168.967911,53.384354,45.730309,89.568916
169.241531,52.394497,45.540359,89.332184
169.474976,52.474533,45.976906,89.460373
169.487823,52.482780,45.974777,89.455666
169.444702,53.074890,46.067562,89.422440
166.941116,51.631756,47.321167,95.316681
162.683395,54.476742,47.227604,93.286133
161.208298,55.832912,47.395145,92.083366
158.627426,58.951275,50.105076,91.324654
157.251251,58.621387,50.071625,91.454971
153.788330,59.389809,48.995625,90.664421
150.356155,63.706444,48.254864,87.271126
145.931107,62.827034,50.114216,87.033073
144.658569,64.662193,50.782116,86.042717
141.450516,69.242500,50.901394,82.772118
138.012238,71.592522,51.247665,80.594894
137.493805,72.043404,51.460064,80.714455
134.786758,73.456467,51.436062,80.850632
133.140884,77.601791,50.913303,79.798759
131.057877,76.650276,50.945705,79.712555
131.174286,77.044884,51.007988,80.358154
131.077240,79.219887,51.065727,81.406685
135.837662,79.623306,51.867908,80.192360
139.934464,80.032928,51.661644,78.044861
145.851944,78.503899,52.402935,78.711830
150.336456,77.611900,52.423126,77.815178
151.386215,78.092903,53.333839,75.181969
154.963364,77.336792,55.089462,73.519562
158.087616,70.740219,56.404446,77.038475
166.446548,68.056824,56.747299,77.545387
169.445358,69.766167,62.427505,79.486580
168.401672,65.871521,59.382458,79.685539
169.578476,64.200859,58.163502,79.381950
168.853897,61.934284,57.616726,79.100594
170.029984,61.511116,57.611454,77.627907
172.718109,61.469345,57.502598,77.971725
172.506165,61.535870,57.824047,78.089584
168.250687,61.217728,58.669426,78.663574
166.638229,62.365070,58.119194,78.974991
157.113922,60.786243,58.646206,81.261864
152.990082,64.212471,59.362900,79.685837
145.818863,68.260727,59.521851,77.915779
139.940903,67.612473,60.516415,77.092216
133.112000,68.491356,60.369923,78.667931
129.345413,70.152573,60.319771,78.705803
128.400696,73.673386,59.714268,76.786324
125.516281,74.899513,58.370949,77.438072
118.864777,75.475899,58.650158,76.475067
122.168564,68.095306,59.122681,77.221207
122.653137,67.233620,59.269169,77.469154
128.156601,64.283752,58.825130,77.083946
133.052002,62.127491,57.775242,76.987175
133.084564,60.336334,57.769787,78.470894
129.459564,59.198761,59.254734,79.078819
127.933472,57.942127,59.841534,79.496201
127.895248,57.843868,59.910149,79.639252
129.136765,58.397003,58.369892,78.372284
129.267334,58.614197,58.219147,78.158066
126.798309,62.409019,56.243073,78.156067
126.333641,62.398209,55.394157,79.061157
119.208771,61.688194,54.519428,81.339050
116.482872,61.298424,53.992184,80.153397
111.727295,62.214954,53.486843,78.820396
108.783264,62.735733,53.017696,78.829582
107.739128,62.625412,53.902401,78.954216
103.300919,62.967388,55.421825,74.506157
96.811775,62.461769,56.427784,73.245979
86.672600,59.830772,58.286934,72.178360
76.996910,59.649303,63.356522,71.622467
2
0
0
0
0
1
129.079254,68.144531,20.489723,52.977421
125.195526,68.511360,21.954935,53.525288
120.550491,70.211891,22.161528,54.558655
116.207741,71.878227,22.571262,54.641495
112.971992,72.214249,22.966711,53.100945
107.964439,74.804466,23.575262,53.945866
108.342117,75.063286,23.921619,54.005615
112.354477,75.528755,23.975908,53.637245
117.120491,78.107986,23.759306,51.868660
122.421700,81.215981,23.422029,49.117367
125.582764,82.880905,23.359562,47.789650
128.995956,86.344894,23.429092,46.632183
131.272278,87.810165,23.580395,45.472462
133.309082,88.833054,24.278934,44.489037
135.413742,89.022179,23.889345,43.953781
137.692780,88.323433,23.614067,44.380692
139.232224,88.638695,24.024324,44.209377
139.780334,88.526955,24.491541,44.698627
140.054718,87.655975,24.339781,44.743137
141.772079,84.409332,22.764696,44.903751
141.888214,84.363434,22.988605,44.957111
141.985779,84.070351,23.063646,44.801365
142.210587,84.168732,23.492210,44.960819
142.116455,84.191833,23.543276,44.849106
140.091019,83.452087,23.163170,44.976505
136.552078,83.731689,23.898218,44.592289
134.771835,83.652771,23.675924,44.753410
134.934601,83.767815,23.985092,44.982090
136.794373,84.255241,23.735422,44.799900
139.699814,82.952316,23.280474,45.079029
140.101593,83.169823,23.545389,45.488255
140.096527,82.728447,23.811918,45.393921
139.487991,82.954063,24.085051,45.439510
136.930206,82.446060,23.920633,46.483635
136.832993,81.840500,23.190950,47.127743
136.699081,82.221207,23.315334,47.257675
135.705750,83.049957,24.218790,46.283245
134.659302,82.330139,24.416758,46.805096
132.379837,80.954842,24.556627,48.810825
130.061462,80.037895,24.444073,49.400635
130.030960,80.330132,24.454025,49.168941
128.265579,83.055107,24.352839,47.427906
125.675941,83.010353,23.642359,48.487919
126.508255,83.589516,23.555946,48.570431
131.916428,83.874878,23.386467,47.959026
137.088394,84.554047,22.462782,48.281155
141.166168,84.396179,21.786470,50.063812
143.352158,85.405540,22.340723,50.061577
143.571945,85.360245,22.495327,50.722424
144.024460,84.959229,22.350281,50.783047
147.925003,83.403839,23.012627,52.272339
152.848755,82.544022,22.774647,52.943493
156.084366,82.125900,21.898724,52.660889
158.116058,81.912437,21.467661,53.221508
158.348938,82.016747,21.956514,52.914768
158.879044,81.729111,21.960327,52.582283
160.109818,81.129478,21.344877,53.225441
160.506592,81.339783,21.395683,53.055122
160.744522,81.422462,21.496664,53.569977
161.157623,82.305840,21.526941,53.169144
161.173538,82.551201,21.977758,53.096436
160.897369,82.656471,21.919409,53.467701
160.171783,82.649261,21.859499,53.770653
161.077042,82.311531,21.611469,53.792648
163.432251,83.526558,21.827013,51.876755
165.779602,82.551590,21.863579,51.752254
168.084137,81.445648,21.828705,51.410431
168.552658,81.208229,21.829350,51.912197
168.933029,81.232994,22.120905,51.739910
172.559311,77.756950,22.190571,52.358128
172.713425,77.828094,22.488768,52.477161
173.457657,77.519524,22.634718,52.531326
174.038406,76.684937,22.697712,52.669636
174.179916,76.876213,22.974106,52.936977
174.526840,76.972374,22.994152,53.192413
173.247467,79.681259,23.641356,51.791924
172.938370,80.327095,24.128559,51.759380
173.117401,80.199104,24.508808,51.522518
173.228378,83.402100,24.880297,50.413803
172.147522,83.163582,24.956259,49.978172
172.010300,84.860832,24.491560,49.624111
171.694672,85.552505,24.023127,49.950344
170.256821,88.201683,24.687405,48.920662
169.614822,89.311401,24.896250,48.404922
168.372238,89.377235,24.591587,47.578312
167.744522,90.573318,24.244764,46.968540
166.980576,91.905304,24.362288,47.070404
166.557770,94.088531,24.648998,44.539364
166.376297,94.754784,24.971870,44.581150
166.396774,96.177971,24.981823,43.065506
166.900146,96.258690,24.314888,43.423374
168.223679,96.596825,24.369324,41.344395
169.118774,96.704361,23.975203,41.430534
