1
152.088760,90.420631,20.279951,51.946388
151.804764,90.453506,20.439047,52.000324
149.685669,86.932152,20.192547,53.924149
148.319061,85.323296,20.020844,54.947803
148.502792,85.324051,20.507771,54.975155
148.706635,85.316055,21.259945,54.856621
149.982712,85.422699,21.115101,54.658421
152.058014,85.393723,21.741573,53.209450
152.305511,85.301994,21.958536,53.991352
153.009491,84.621605,21.882080,53.590824
153.683670,83.539886,22.173023,53.949760
153.840729,83.190063,22.413025,54.008846
153.109100,84.176880,22.485039,53.735409
151.231613,83.438744,22.809048,54.331345
150.926956,81.270142,23.425972,55.788364
147.556442,79.995476,23.521841,55.913563
143.396103,75.718613,24.922630,59.040173
139.590622,74.479424,24.720177,61.110229
136.139221,72.392784,25.457521,61.272419
133.213806,68.903687,25.418482,62.153496
130.578293,67.162277,24.891943,62.329567
127.782944,65.016624,24.374683,63.055454
126.332146,64.049347,24.635349,63.876602
125.283264,62.841637,25.655418,64.298241
125.513786,62.547913,26.211037,63.544651
125.691788,60.901707,26.846386,62.626461
124.888535,56.206821,26.940496,62.415634
125.185982,56.384342,26.914284,62.460896
129.794342,60.796825,27.123981,61.083126
136.061966,63.597698,26.530230,59.174721
138.239334,65.278221,26.923382,58.140327
141.116547,66.838989,27.587730,58.177773
142.817825,67.352722,27.784229,58.572674
146.568878,68.548409,27.529980,58.889820
146.543564,69.552002,27.948441,55.783798
146.577667,69.244789,27.998318,55.827065
146.921539,65.828094,27.727695,58.906853
147.134995,65.680824,27.611752,58.747501
147.896423,68.096878,27.417538,56.776684
148.153763,68.382858,27.600832,57.528946
149.883621,69.342506,28.312897,56.906239
150.099854,69.072197,27.969242,56.715664
150.119461,69.861443,27.942062,56.145348
150.297592,69.999611,27.906742,56.344421
150.630630,69.822685,27.885689,56.111992
153.126328,68.708977,26.997074,55.896477
155.576782,68.434845,26.579660,54.709381
156.389160,67.918045,26.916979,55.239857
158.537949,67.697647,25.929604,56.384689
158.655624,67.111473,25.757998,56.193356
158.795319,67.376289,25.873011,55.418247
158.241852,67.411644,25.507488,55.518253
157.874390,67.767052,25.947126,55.728817
156.185349,67.852409,25.930323,55.654327
153.529510,66.890968,26.033316,56.015621
150.409958,67.810951,26.648129,56.167660
144.474701,65.157745,27.961462,58.142273
136.134079,62.455402,28.173571,60.765015
128.108429,60.936695,28.049597,61.271042
123.660812,62.129238,28.085043,59.375027
122.471504,61.525597,27.414907,59.744961
122.106987,60.908588,26.464510,59.603004
122.442574,61.134964,26.517784,59.494835
122.673073,60.938606,27.064226,59.671947
126.541344,62.149014,28.239647,59.110157
131.333923,64.522682,28.975704,58.629818
136.215744,61.192627,28.151964,59.202137
140.058365,61.470543,28.978949,57.576199
146.264374,61.077118,28.194410,57.218048
152.205261,60.868423,28.532036,56.806087
158.259369,60.144615,29.783394,57.700691
162.388153,59.223530,29.170885,57.411026
165.739670,57.581997,29.510002,57.218510
166.009201,60.449181,34.140789,57.241577
167.570114,58.453461,39.126339,57.756786
165.846237,57.940613,38.839619,57.916565
162.258469,60.709972,39.608925,56.168365
161.889389,60.330257,39.562325,56.836922
161.536118,62.437405,40.290989,59.759678
162.278778,61.468918,40.209743,59.401257
163.364960,62.295918,40.065910,58.026299
165.527252,62.566914,39.543072,58.584526
167.141083,63.939850,39.802113,57.583527
167.629562,64.183212,39.858643,57.895653
169.935165,64.738091,39.323387,57.221519
173.448624,64.332375,38.596218,56.607208
177.222870,64.346069,38.237347,57.445515
178.226944,64.225151,37.552181,57.588993
178.687683,64.693382,37.898026,57.297855
181.934891,64.618546,37.344467,56.828098
183.515381,64.905151,37.127762,56.937946
183.022964,64.375992,37.101990,56.796284
183.518967,64.434807,36.777493,57.218414
183.624634,63.822823,37.078934,56.898922
182.643356,60.671680,36.921997,58.495670
176.720673,57.850060,39.253689,62.482925
172.013199,53.447506,38.307716,62.516529
169.940918,50.305927,37.439865,62.496017
168.193451,50.014549,38.354641,61.006916
166.289658,48.318966,39.071308,61.031837
167.819977,48.269867,38.997078,61.390675
167.987274,48.140167,38.880165,61.452522
168.191589,47.905888,38.660599,61.423706
168.460663,48.215801,38.363274,60.573608
170.774155,48.070129,36.523300,60.862286
171.229904,48.682514,36.552944,59.802380
172.053421,49.284805,36.046555,60.217846
170.592712,48.816139,36.699089,61.756866
164.009262,54.727528,37.339455,59.981411
162.531418,53.770405,36.658470,60.574509
159.625534,55.034561,37.619572,60.660133
160.834290,56.116295,39.069042,61.418316
159.030930,56.815430,38.668289,61.817142
154.911911,56.528313,36.786198,62.084194
151.305893,56.312653,36.953571,61.974899
149.574600,55.232307,36.945179,59.964958
144.952972,55.085217,36.944992,60.380825
144.889267,56.025627,35.378353,59.388618
145.320496,58.149067,35.363911,58.805809
144.209991,58.619183,33.540581,59.172073
141.426300,61.630878,32.815765,57.598423
140.058884,63.248871,32.626385,56.317207
140.431229,62.891739,32.742439,56.908295
139.787888,58.711304,32.858665,61.672989
141.464325,63.381939,30.909519,62.158455
147.083252,65.526070,31.523188,59.915321
152.748459,69.833443,32.575584,57.671082
160.630127,70.866463,32.009041,57.633087
166.121277,65.818176,32.829109,57.409672
168.536728,69.645668,33.066299,55.571064
173.547958,64.825882,32.272449,58.127922
175.749130,62.691784,31.222919,57.678337
180.623184,64.499474,30.993034,54.975475
184.307907,63.645473,30.703403,54.208950
188.093613,61.409576,30.157866,52.818859
189.979004,60.136169,29.507956,51.228046
192.239304,58.757690,29.856100,48.421917
195.347366,59.898548,28.915108,46.793358
195.452637,59.819431,29.922903,47.303261
193.401962,60.652500,32.769367,46.709213
184.096222,63.791344,32.911594,45.995476
174.006149,63.986797,32.308704,47.118843
168.281052,65.886642,33.376789,47.217678
159.238983,72.485146,33.886646,45.743458
152.085159,73.813751,35.055428,45.186729
148.063110,73.575592,34.991928,44.833302
147.914246,78.468040,33.670143,44.080589
141.333435,80.009010,32.731972,44.317463
139.184021,81.551445,32.266853,43.924236
139.595551,80.961372,32.545399,42.458656
141.265366,77.960152,31.902002,42.137867
144.696426,76.599113,31.574129,41.927090
147.414413,74.170525,31.822699,41.833458
148.659882,74.156853,31.933617,41.706764
148.984222,73.408333,31.774187,41.797203
148.561188,69.841431,33.619785,41.809853
147.663925,68.125130,33.005062,42.342739
147.883377,67.881531,33.448818,42.540558
144.626312,65.806412,32.752666,43.416569
143.376587,65.502396,32.328808,43.613670
140.500443,65.167778,32.231117,43.525986
138.015640,64.651451,31.839256,43.789062
131.710571,64.927460,31.511955,43.290508
128.936584,65.067703,31.698635,42.255184
124.358780,66.424026,31.516033,42.075832
123.731705,66.813408,31.520655,42.335049
126.127663,66.575768,31.045330,42.119617
126.421310,66.751434,31.470055,42.523468
126.486412,66.929443,31.439486,42.955231
126.569321,67.854263,31.159468,42.466942
120.832848,67.404259,31.561956,41.520470
123.490761,67.972420,32.086487,40.510868
123.960159,63.914909,30.896816,39.749847
120.874527,62.750454,30.497496,39.897835
121.566856,63.810184,30.816147,39.095707
123.228661,64.140541,31.040131,39.285278
123.394341,64.286674,32.250679,38.852676
122.833000,64.841682,33.195946,38.903214
119.518112,65.675583,33.760765,38.419167
116.702744,67.435493,34.616230,38.092213
108.926437,70.738983,34.583496,37.404537
106.673874,75.057266,33.851524,37.608521
103.823616,77.087410,33.696762,38.092091
104.153297,77.396179,33.869377,38.432564
111.110893,77.990036,31.879530,38.240433
114.329445,80.990295,30.863054,37.723125
120.055710,82.084206,29.547091,37.274422
122.838699,83.523323,28.937136,37.083401
125.945679,84.079315,27.199873,36.713966
128.922943,84.049377,26.770117,36.359943
132.195236,84.813339,26.412832,35.345604
135.871735,84.538170,25.425768,33.858078
137.987671,84.231361,24.494482,34.180496
139.600464,84.590263,24.421041,34.214298
140.195328,84.771614,24.615284,34.372177
140.386368,84.749939,24.987255,34.458836
141.577621,83.911674,23.533085,34.091503
141.495590,84.154945,23.915298,34.473186
141.609146,84.297470,24.070168,34.451950
141.638214,84.584518,24.571295,34.030178
141.787201,84.744766,24.971445,34.411812
140.265427,84.024376,23.609566,34.203526
137.349457,84.535080,24.003246,34.393093
134.472031,84.524864,24.021273,34.545906
134.611343,84.661331,24.429113,35.132526
135.943436,84.533516,23.748409,35.419949
138.164902,82.927391,23.008020,35.033802
140.360794,81.498138,22.849655,35.399357
139.944138,81.209198,22.518511,35.052689
139.607269,81.636574,23.069910,35.264870
136.656967,81.719299,23.616825,35.258682
135.782913,81.937889,23.908609,35.423241
135.248642,82.404564,24.007423,34.592701
135.470917,82.282173,24.143019,35.040447
134.660126,81.624924,24.166048,35.401131
132.400177,81.178734,24.132832,35.886589
130.205322,80.523582,24.021919,35.854542
129.902618,81.239845,24.453247,35.514492
128.043823,82.223259,23.867233,35.389851
125.342453,82.816200,23.494785,35.082714
125.780365,83.600441,23.158537,34.762222
131.045227,83.789825,22.304350,34.362640
136.640335,84.338409,21.392464,34.360317
141.336700,84.124565,20.370682,34.396580
143.626083,84.382172,20.219116,34.091812
144.749588,84.028206,19.663315,34.350697
145.716553,83.527885,20.071047,34.834801
149.356995,83.082390,20.547430,34.105896
153.801651,82.826653,19.982395,33.663601
157.199600,82.280144,19.030502,33.049820
159.172607,82.288307,19.266312,32.681107
159.779099,82.229889,19.443754,32.385757
160.241623,81.819725,19.293285,32.184361
160.749313,81.789009,19.160143,32.273853
160.973312,81.852692,19.490242,32.467407
161.135559,81.753258,19.462376,32.459743
161.304108,82.518936,19.718960,31.661116
161.517517,82.677094,19.908640,31.990221
161.556625,82.677338,19.993452,31.975132
161.559219,82.685661,19.962116,31.992292
161.703247,82.693398,19.947124,31.957472
164.482330,82.596977,19.992702,31.438955
167.972473,81.531700,19.723938,31.327541
169.125565,81.295555,19.600948,31.402552
170.241470,80.689491,19.824911,31.261541
171.281418,80.638603,19.500904,31.393631
174.468872,80.022293,19.158943,31.559259
175.269379,79.806221,19.250484,32.492405
175.822037,79.187569,19.281313,32.663071
176.305161,79.063469,19.358049,33.031635
176.534073,79.460281,19.108435,33.385578
176.912659,80.640839,19.349913,33.317524
175.618225,81.381638,19.634199,33.027393
174.898972,83.595428,20.008093,31.699715
175.974899,85.206039,19.399382,30.507824
175.740677,87.787674,19.276268,30.381887
175.254105,89.541580,19.592628,29.235956
173.899551,91.432610,19.676956,28.729395
173.787048,91.569077,19.824535,28.985228
172.882812,92.627876,20.160561,28.596994
171.649368,93.498283,20.352739,28.584318
171.366562,93.934433,20.411388,28.858894
170.929153,95.415321,19.709408,28.093651
170.266525,95.847229,19.733667,28.470854
169.779831,96.121719,19.921768,28.243589
169.470352,96.285866,20.044210,28.368454
169.765976,96.389893,20.342495,28.646181
170.202881,96.408447,20.003588,29.023510
170.451614,96.646255,20.489910,29.487143
171.866608,96.834732,20.479033,29.875956
