1
200.826614,116.100845,45.465321,44.534443
200.771271,116.259460,45.445889,45.016949
200.797256,116.501114,45.477531,45.480396
200.682983,116.289169,45.382450,45.599998
200.740707,116.489296,45.477531,45.980179
200.707565,116.475906,45.483654,45.967392
200.704895,116.489014,45.482773,45.980804
200.684753,116.492638,45.486591,45.986889
200.259583,116.424515,45.276997,45.959126
200.078522,116.437271,45.534004,46.014889
199.494354,116.576317,45.540630,46.471260
199.420807,116.593475,45.775677,46.466618
198.692780,116.653000,46.069565,46.271957
197.863159,116.791679,46.741371,46.623192
197.395828,117.005348,46.738895,46.864128
196.410843,117.282578,46.891602,46.923920
196.442047,117.321297,46.967846,46.978489
196.277924,117.344711,46.997520,47.010380
195.947113,117.676353,46.963879,47.506924
195.938141,117.926041,46.966587,47.970924
195.535141,117.941727,47.059418,48.038387
194.637039,118.434387,47.288284,48.271984
194.510666,118.613670,47.533379,48.393829
194.074570,118.725136,47.960941,48.374043
193.251923,118.902145,47.955345,48.313663
192.774307,118.953003,47.833160,48.520588
192.698532,119.219444,47.960812,48.927368
192.187485,119.360565,48.024269,48.876148
191.392136,118.845276,48.405636,49.029942
190.992096,118.966019,48.528320,49.420292
190.720688,118.881256,49.002411,49.288349
190.544662,118.727486,49.314236,49.497673
190.322937,118.634216,49.344715,49.487621
189.981201,118.326851,49.399220,49.442116
189.721237,118.216263,49.424938,49.461750
189.056610,118.109573,49.564369,49.470337
188.509369,117.907013,49.759018,49.585415
188.573410,118.100861,49.925423,49.952232
188.599518,118.120300,49.974934,49.976555
188.593262,118.121506,49.950512,49.971195
188.591064,118.128593,49.971920,49.978424
188.596298,118.132385,49.977715,49.974331
188.597610,118.141945,49.982765,49.968716
188.597168,118.157837,49.963642,49.972721
188.541687,118.163338,49.975410,49.968880
188.419998,118.463196,49.892475,49.525482
188.261719,118.720978,49.866837,49.899269
188.249542,118.753784,49.790398,49.951149
188.070312,118.776154,49.686745,49.974014
188.062469,118.708900,49.776470,49.922836
187.819992,118.685539,49.885437,49.984562
187.904114,118.808701,48.884171,49.607937
187.423080,119.165634,48.605217,49.858067
186.744995,119.447006,48.764732,49.964409
186.691177,119.471153,48.909683,49.931770
186.386017,119.493233,48.922913,49.971878
186.389679,119.493378,48.926353,49.969124
186.259567,119.423416,49.201569,50.000328
185.837646,119.728386,49.434082,50.400272
183.275452,119.497742,49.222992,50.825413
181.175827,118.292175,49.397713,52.172676
177.752563,117.808372,50.153427,53.169197
174.088440,117.257439,49.740250,53.015255
168.531998,119.347954,51.006958,53.596821
162.362717,120.665565,51.652397,54.417942
159.582062,123.801094,48.712299,54.223991
156.128845,125.095856,48.437721,54.455029
152.789963,130.358063,47.228397,50.733345
148.342148,134.850876,47.850357,48.331841
145.867813,136.912811,47.662746,48.115623
141.760880,137.780243,48.711464,49.091103
137.426041,140.021255,48.692642,48.756493
133.320770,140.959595,48.898514,49.954334
128.461548,140.370224,49.649960,50.725216
124.475105,141.428482,52.220901,50.903908
122.459808,141.780655,52.326488,50.483349
121.038345,140.534668,52.324520,50.116905
121.460999,139.949921,52.293892,50.615719
121.334702,135.882782,52.457664,53.574085
122.324959,130.376434,51.351837,54.896477
122.554642,125.373566,53.961437,55.584957
125.411369,121.106155,54.304821,56.369301
126.776489,118.029259,53.738880,55.392563
131.123749,115.434837,54.472641,54.892509
132.436646,113.643532,55.456215,55.690437
132.576492,113.482117,55.380810,56.136959
134.902496,111.464546,57.521725,56.927895
135.213120,111.342873,57.971485,57.077881
135.980331,109.805008,58.299522,57.188408
138.785416,108.632523,57.885998,57.262840
138.959656,108.466881,57.881958,57.395477
139.052689,108.165520,58.004341,57.784626
139.267380,108.215607,58.467442,57.987072
140.795547,106.212318,58.253910,59.337315
140.918381,106.294426,58.474144,59.475281
140.929596,106.308624,58.471535,59.474800
140.839264,106.724701,58.577152,59.107231
140.513321,106.445061,58.970871,61.630096
139.889145,106.846382,59.313557,62.270584
139.465546,107.059692,59.681686,62.732948
137.681564,107.381287,62.036308,62.759834
133.966187,108.272881,64.845177,63.543522
133.665222,108.503670,65.156807,64.020004
133.825272,108.744354,65.487541,64.477821
133.612396,108.639526,65.306023,64.631218
133.481262,108.836914,65.516159,64.986023
133.633041,108.817261,65.890732,64.984764
131.684738,106.638214,66.020348,65.938301
131.702576,106.492508,66.390259,65.957153
131.584381,106.142273,66.770050,66.187431
130.580688,105.274437,67.653229,66.621346
130.770905,105.341751,68.028793,66.886337
132.013672,104.761642,68.599289,66.850418
133.060730,102.543243,68.944145,68.634377
134.475586,101.262840,69.407875,70.080315
135.413300,100.492546,69.519974,71.043732
136.093369,100.500870,69.776154,71.568871
139.052078,98.951385,70.434845,72.542816
140.565002,98.399887,72.029022,72.936821
140.795853,98.305153,72.545959,72.904953
142.393051,96.481918,73.404335,72.670448
143.206848,96.269867,73.386070,72.704330
143.262100,96.417900,73.463707,72.968544
143.256226,96.601822,73.478691,73.027206
143.276855,97.015335,73.353554,73.413193
143.322021,97.134583,73.415848,73.418915
143.228867,97.433281,73.576164,73.451035
142.729523,98.223366,74.685760,74.214043
142.871628,98.381752,74.948593,74.461678
142.603180,98.408394,74.777390,74.429543
140.301849,98.409737,77.918854,74.553444
140.271698,98.709618,77.986092,74.969826
138.230118,99.780441,77.934517,74.097229
136.729248,100.208397,78.573357,74.633720
134.874359,100.553101,79.108185,75.498131
134.789688,100.610153,79.457840,75.504417
133.821945,100.841286,79.599274,76.032990
132.968658,100.831184,79.553864,76.459564
133.174713,100.843033,79.934898,76.465805
132.850616,100.030716,79.709854,76.545784
130.651443,97.795586,79.367523,74.200111
126.198143,89.781082,78.110336,74.247787
120.641365,84.244324,79.875427,72.764763
117.794357,80.929085,78.741806,72.881966
114.547234,75.813301,77.049721,73.823006
109.893791,71.668678,75.796005,70.914932
106.073151,70.094742,73.596901,69.883194
103.134537,67.748627,74.649857,69.953201
100.522118,64.696617,75.511566,67.727905
97.276840,63.366489,76.058739,66.533440
92.729515,62.823112,75.773224,66.949265
91.849220,63.894524,74.953819,66.796043
91.669479,64.114601,74.790688,66.789940
91.210571,64.092056,74.871353,66.888321
90.579689,64.311211,74.623146,66.819252
89.127686,65.335663,73.675865,67.936638
87.807434,66.749817,72.129936,68.034431
84.954872,69.395714,71.698242,66.758873
83.396393,69.879814,73.096596,66.690422
83.430313,70.298737,73.429596,67.090385
82.756042,72.301132,73.691292,67.089890
82.860046,74.030449,73.775116,65.404037
82.875107,74.699928,73.625519,65.284111
82.534477,74.935463,73.877487,65.435287
82.687958,76.370232,72.440231,63.999496
82.502350,81.867065,71.091011,60.969063
82.162598,82.200500,69.883430,60.157230
82.416466,82.843758,69.087120,59.906265
82.637085,83.100578,69.070053,59.928501
83.290474,84.966499,67.643845,58.191383
82.418335,86.767822,67.067657,55.939583
82.273590,86.938988,66.658585,55.942657
81.845268,87.228729,66.870636,55.610577
80.960434,88.304863,66.706924,54.884346
77.582451,89.747025,67.192535,54.751133
74.289230,91.231262,67.848602,52.664989
70.367607,90.870239,67.119064,52.769363
68.523186,90.252090,63.341354,53.284977
64.956108,89.594742,62.669743,53.680340
63.274559,89.108009,62.028942,53.676842
67.562050,89.765846,63.994267,52.925732
74.275429,91.807449,64.650009,52.808716
87.495804,93.192871,65.542618,52.714848
100.889908,99.137161,71.303490,51.903126
119.540176,105.473648,71.668396,50.536572
134.947769,106.630478,67.614639,51.440113
165.061600,124.076767,67.340630,51.641788
165.909256,124.629684,66.705910,52.086151
167.698593,124.883034,65.851578,53.566563
167.596268,125.088387,65.991852,53.998943
167.773819,125.137924,65.686348,53.918747
168.478027,125.180435,65.745026,53.949726
168.658951,122.602638,66.349556,60.047558
168.769653,122.968315,66.454651,60.385399
171.155838,123.057152,66.717819,60.624714
171.880371,123.773773,66.667976,60.533665
172.395264,124.355652,67.063660,60.785133
176.325134,126.082405,66.183067,59.084034
179.360062,127.415924,64.618919,58.719509
180.309036,128.367462,64.588432,57.833668
180.974762,128.762207,64.723450,57.504936
181.421585,128.921112,64.793373,58.023228
182.646866,129.610245,64.844872,55.557854
182.928604,129.590256,64.865570,56.034878
183.829849,129.388184,64.193153,55.558815
183.829086,128.602798,64.882683,56.626987
183.955414,128.606644,64.875473,56.981541
184.308075,128.370514,64.928818,56.933975
185.926453,127.774078,64.523903,56.595409
186.618240,127.430832,64.739967,56.977386
187.831085,127.314438,64.201172,55.317539
189.489120,125.057343,64.167526,55.888428
193.451218,122.792671,61.113605,54.266045
194.309250,121.664833,61.369156,54.769428
197.407333,119.017105,60.246086,56.924549
196.725861,119.013840,60.397617,57.220581
191.617050,116.810074,58.162815,58.750553
184.523468,116.025932,60.787373,59.520630
179.985306,113.999535,58.262913,60.626286
175.937256,112.998718,55.745445,61.439823
171.803955,112.016235,53.676380,61.669289
168.834000,111.120895,52.094559,61.894753
165.807861,110.840393,52.511791,62.142887
164.175049,110.732651,51.839863,62.277237
161.834412,109.478058,51.360783,63.431313
160.847565,109.532166,51.605305,63.221989
159.726501,109.699432,50.862278,63.561203
159.759415,109.617615,50.934750,63.941490
159.491653,109.162750,50.868027,64.334366
158.668579,109.771065,51.309059,63.969364
158.594254,109.875122,51.443024,63.884212
158.517883,110.765465,51.595387,62.461727
158.652069,110.856819,51.912807,62.399643
158.136932,114.094498,52.182209,58.529984
158.362885,114.908607,52.349930,58.328243
158.507858,115.412926,52.421715,58.028919
158.626724,115.886482,52.421204,58.220528
158.623535,116.156296,52.502186,58.375732
158.947464,116.635963,52.886154,58.066990
159.061310,117.143501,52.909653,58.156059
158.149811,117.728378,53.122765,57.928757
154.389374,118.106239,54.166885,56.483681
151.855988,118.807716,54.329964,55.363777
146.674774,119.705307,53.862312,55.499123
140.972946,119.785675,56.202499,55.266323
136.222458,122.776932,55.344017,54.970543
133.160736,124.515434,52.958401,54.912270
130.412750,130.446228,50.722336,50.713814
127.883247,133.474518,49.850449,50.041630
123.796150,135.004120,51.135628,51.405125
119.975868,138.133575,51.296219,49.343388
116.244446,140.048615,52.518486,49.479122
116.167404,140.295700,52.927971,49.509483
116.129539,141.416367,52.176380,50.404160
116.116196,141.617889,52.737976,50.553329
116.257759,141.911743,52.669079,50.894444
118.671425,141.378586,52.875618,51.417797
122.450279,139.485535,51.526222,51.683674
126.124168,137.729599,53.040249,52.040146
132.240417,134.460190,54.013538,52.868153
132.816818,132.962143,55.155464,53.082005
134.346741,132.237747,55.237244,53.220306
140.709824,130.380356,55.146214,54.127136
141.834183,129.069351,55.554623,54.517067
144.988541,127.099068,55.404305,55.455219
149.592346,123.316872,56.179115,57.014568
149.401367,121.053909,57.770084,58.024910
149.579620,117.702110,58.753841,58.172813
149.387680,112.916451,59.068134,59.225090
149.471893,110.276855,59.009560,59.650505
147.978439,109.006645,59.077999,60.190460
146.397202,108.357513,59.783710,60.092728
142.101486,104.119400,62.718128,61.563400
141.175339,103.242065,62.371723,61.885231
137.624802,100.807922,62.431480,63.191998
135.524689,100.396408,61.970963,63.175049
131.846680,99.336113,61.798405,63.882111
129.392883,98.747902,60.835590,62.576248
129.364868,98.913040,60.948925,62.985996
125.788887,96.768051,62.356865,63.946136
123.885963,96.495499,62.682568,63.975368
122.469604,96.203537,63.007732,63.869576
121.395798,95.707207,63.654503,63.494469
121.336952,95.475578,63.786461,63.408646
121.341896,95.367332,64.003693,63.511993
121.677490,94.896049,64.127441,64.181435
121.897377,92.950417,64.002777,64.364578
121.879601,91.845863,64.057877,64.477829
121.709137,91.085754,64.721107,64.517883
121.704002,90.524300,65.215096,65.430984
121.915512,90.071342,65.466537,65.398972
124.527451,87.679260,66.375809,65.760544
125.785927,87.256325,66.175835,66.146927
127.483749,85.876953,66.136894,66.255409
129.710831,84.381157,65.822998,66.268494
130.255920,84.339630,65.861938,66.405235
130.389175,83.872017,65.883087,66.757607
130.701187,82.853165,65.674240,67.311821
130.934753,82.582954,66.509285,67.615524
130.926071,81.917297,67.416351,68.178879
129.656342,80.996857,69.173546,69.080818
128.527267,80.529274,69.366074,69.473976
125.097626,79.979645,68.451591,69.271362
122.908508,80.324768,68.911354,69.053848
122.947983,80.546318,68.964767,69.470825
120.496979,80.403267,68.430405,69.587517
116.274109,80.836624,69.156898,70.368744
114.961014,80.864693,69.241028,70.588524
114.739235,81.052628,69.533363,71.013420
113.391235,81.067520,70.712387,71.311249
113.142776,81.123108,71.042313,71.509918
113.206665,81.306183,71.271225,71.953133
113.319290,81.329834,71.464722,71.968948
113.335266,81.345558,71.464691,71.968979
112.941246,81.221489,71.473656,72.059425
112.952744,81.441978,71.464691,72.468765
112.661201,81.550682,71.648315,72.601852
111.816414,81.818405,72.843445,73.143272
110.488510,81.886246,73.251694,73.313194
110.454903,81.963928,73.523018,73.486732
110.224083,82.005035,74.208595,73.396057
109.503433,82.031883,74.572350,73.334900
109.024429,82.000145,74.961433,73.432785
108.142067,81.607071,74.697380,73.460228
107.573837,81.499825,74.677155,72.968483
107.391998,81.278290,74.894638,72.950493
105.788757,80.918671,74.791626,72.717545
102.435699,79.874512,75.487747,73.013664
99.379387,79.370033,75.306198,73.387482
95.072182,79.262146,75.093346,73.071152
90.311928,78.752350,74.178802,73.360458
85.334091,77.727554,74.065132,72.932648
91.518715,75.662674,76.094376,74.464409
105.617920,76.420227,75.579826,74.960587
114.278511,76.078293,76.578423,74.867554
122.500641,76.231125,75.326477,73.329697
122.299438,77.225471,76.709816,72.896881
122.645432,78.259476,77.160477,71.894524
118.111290,77.469109,75.671204,71.628235
111.539749,78.757683,73.583618,71.349159
102.826340,79.814957,73.971680,71.780998
93.977356,83.077026,71.769966,68.007957
82.861877,85.893730,73.117325,68.483177
73.288376,86.334137,73.390045,68.800919
68.476303,89.842308,71.788414,67.484154
64.536804,91.540329,71.709534,67.566498
63.205452,92.750267,70.760559,67.388069
63.119663,94.918312,70.509209,67.721230
62.991230,98.444023,71.916084,67.320206
63.478260,100.071243,71.476784,67.218445
67.152695,102.690201,70.700577,66.331978
69.966309,105.106705,69.924843,64.853752
74.978226,107.512016,68.843369,62.380123
80.061157,108.379868,65.557304,60.960968
84.372154,107.540367,64.988716,60.995235
87.460602,107.816452,65.259987,60.326252
91.636917,109.254944,63.674927,59.042751
95.094292,109.899681,62.491768,59.857559
98.321892,109.593819,62.228065,59.725422
102.682129,110.507652,61.297993,58.792118
104.258087,110.691956,60.646111,59.039532
105.874954,110.991943,60.781258,59.040340
107.099327,111.010712,60.878220,59.912159
110.410995,111.196701,60.140133,58.990429
112.514801,111.069527,60.046707,58.532932
114.471252,111.632965,60.151016,58.322468
114.776886,111.733025,60.446594,58.476593
119.552483,113.159775,58.590527,57.600391
122.801483,114.165291,57.633728,57.333405
123.185738,114.406525,57.905308,57.379612
124.582397,114.435165,57.472397,56.342659
124.684372,114.523186,57.492020,56.482216
125.318718,115.238609,57.059010,55.285797
125.911736,115.794563,57.389210,54.826405
126.724022,115.703255,56.978088,54.944569
128.425079,115.117882,56.617439,54.976120
130.552109,115.166840,56.594769,53.548176
133.604782,114.789787,56.285900,54.153511
134.330887,114.991341,56.363430,54.341492
135.954559,114.967232,55.973755,54.333366
138.496017,114.543663,55.725266,53.029583
143.003784,112.329094,55.480759,52.765949
147.963470,111.876686,54.522644,52.538139
150.817963,111.630821,54.043907,52.347118
154.996033,110.535248,53.322151,52.124657
158.858276,109.619995,53.210625,50.872635
163.587479,107.979919,51.936028,50.367664
168.737061,107.174583,51.221382,49.485809
173.852493,106.318512,50.454334,48.257977
176.325150,105.881454,49.753014,47.408669
181.498505,104.309471,50.102039,47.143475
186.443771,102.957130,49.302757,46.711105
188.718307,103.004288,49.077461,45.581150
192.586746,102.618584,48.498848,44.797943
196.914169,100.563736,48.063034,44.361015
200.106613,98.949455,47.941456,42.994194
201.369598,98.221092,47.193974,42.652344
205.034607,97.507172,47.604004,42.671230
206.911026,97.182083,47.954704,42.645081
211.805115,94.864571,45.244934,42.711422
213.443237,94.164108,44.494560,43.159050
214.329819,92.743187,44.585880,43.653149
210.637329,92.257538,45.069069,43.837578
204.894302,93.588036,45.750763,43.257462
200.283585,94.536797,47.401123,43.184235
195.981613,94.430206,45.839607,43.800724
191.107605,94.923210,46.657562,44.472252
186.303635,96.774742,47.129112,43.910625
182.254517,99.259499,48.164165,43.872932
179.574142,102.058464,48.651260,42.524364
175.951736,103.156418,48.534710,42.944683
170.991669,104.714325,49.587032,42.612782
168.322678,109.008766,49.791836,41.623356
167.337082,110.332878,47.065216,42.094082
167.697052,110.698891,47.339485,42.406242
167.285202,112.144371,46.540562,43.546375
164.621857,113.987411,47.193451,44.558655
161.929581,115.017601,47.040211,44.672993
158.454254,117.353775,48.430786,45.085960
154.506088,118.881645,47.988365,46.000835
152.809235,121.270004,46.586372,46.611412
150.484085,123.361816,48.601845,46.962013
148.718155,125.005798,48.001606,46.151779
148.206619,125.405174,48.423546,46.663071
145.569870,124.900543,49.351360,48.000607
140.478989,126.729141,50.590755,47.315590
138.113998,127.561165,51.500996,48.473717
138.138992,127.522537,51.571156,48.856827
137.122864,127.573105,52.109608,49.062695
133.920685,126.819176,52.568253,50.151707
134.727127,127.993599,52.882439,50.849415
133.508804,127.987457,53.221458,50.885075
133.621124,127.971336,53.471901,51.030449
132.201416,126.977074,55.425171,53.278755
129.883514,127.357956,55.169518,53.305611
124.840096,127.529175,55.762138,53.897301
119.541466,128.791580,59.589851,53.681950
115.463791,129.109055,59.704548,53.711407
111.751869,129.602341,60.508152,53.869778
108.858185,129.053909,59.803505,54.678776
105.281090,130.375931,58.262089,54.358425
100.989357,130.801239,59.053204,54.080898
101.211365,131.010941,59.470619,54.476517
101.433289,130.958786,59.428150,54.519642
102.600746,129.720825,59.443691,54.626595
110.068962,126.180641,57.573059,55.566746
113.486389,122.470757,57.486710,55.255997
114.273949,120.914642,58.055046,54.797058
119.674889,115.661301,57.946648,56.498398
119.740723,115.598724,57.933056,56.471069
119.597527,115.144997,58.042549,56.487888
119.414223,115.141876,59.074432,56.529587
118.195549,115.024323,59.340214,57.120659
116.941307,113.044067,58.048801,57.350624
117.135498,113.109451,58.464172,57.481697
116.743835,113.057487,58.634621,57.563980
116.375313,113.045937,58.909248,58.084988
116.762901,113.166939,58.917534,58.534611
116.190186,113.412964,59.142002,59.042809
116.541542,113.767815,59.745968,59.501064
120.649437,113.230225,60.105930,60.467216
121.913933,113.263222,60.260609,60.359428
123.563065,113.309929,60.672470,59.426567
124.773811,113.150955,61.414391,59.429829
125.741165,113.821327,61.444431,58.793739
132.808960,113.942642,58.705315,59.272991
137.880875,113.848854,59.463558,59.445843
137.905792,113.876961,59.476753,59.469204
137.884460,114.202362,59.545551,59.421917
138.110275,114.241570,59.970371,59.474361
137.692368,114.217560,60.061462,59.498737
137.458313,114.223526,60.845158,58.996834
137.157745,113.909492,61.139080,58.783566
137.269531,114.019691,61.482430,58.948059
136.170990,113.918259,60.758278,58.668892
134.026215,113.827835,59.987545,58.119617
133.828278,114.013168,60.052067,58.433849
133.123825,114.094337,60.685284,58.211754
129.204941,114.806557,61.288147,57.747627
124.957672,115.127960,62.437542,57.260941
119.401917,113.852814,63.805561,57.432728
117.398209,114.084320,64.136856,56.708130
114.568275,113.998795,64.271683,57.018517
113.020241,112.601303,63.384132,57.599297
110.746017,110.195389,62.414978,57.935734
110.724487,110.226105,62.468208,57.971462
110.429878,110.295471,62.495155,58.010162
107.813614,110.251007,62.302475,58.002419
106.977119,110.352806,62.367832,58.357433
106.258873,110.599136,62.445854,57.768875
105.601128,110.701241,62.799149,57.807770
104.834198,110.676086,63.056828,57.813587
103.760597,110.686386,63.716862,57.701672
102.507576,110.561470,63.848759,57.411346
101.042770,109.765396,63.285442,57.455921
101.015892,109.355766,63.298363,57.357128
101.036476,109.317398,63.310787,57.499935
100.972702,108.893631,63.566486,57.414200
100.752502,108.860718,63.646114,57.614845
100.578911,109.220375,62.546883,57.110172
100.685608,109.413994,62.951061,57.482784
98.248055,109.082901,62.295738,57.896610
97.932434,109.011337,62.554668,58.177158
97.998825,109.265038,62.890858,58.562046
96.454597,109.927048,63.309822,58.711811
96.558990,110.067497,63.463932,58.978542
96.542206,110.102898,63.477615,58.955666
96.547684,110.249901,63.479954,58.939354
96.594940,110.344101,63.396481,58.984425
96.476707,110.408829,63.450848,58.991642
102.436623,112.120209,61.581493,57.790977
114.544685,110.543205,71.248550,59.181904
129.779388,112.064178,73.276337,58.419205
149.755783,116.809647,71.015770,58.935436
169.994720,125.269318,69.659782,59.136192
182.530518,128.290863,68.154823,59.369923
187.754593,128.472961,67.776825,59.593109
190.059967,130.235214,65.957001,60.776268
191.955719,137.840942,66.767776,60.708874
193.417938,138.000290,67.413094,60.800915
193.333710,138.157684,67.558868,60.987530
189.921722,143.254623,67.460625,59.998920
189.980362,143.262238,67.453705,60.069725
184.604126,143.892929,68.949501,59.428181
184.814575,144.140198,68.755386,59.544350
184.956116,144.375107,68.952362,59.981758
184.978333,144.384384,68.965927,59.974148
184.996735,144.397827,68.964348,59.975094
185.012955,144.410446,68.965927,59.974148
184.907684,144.467804,68.805962,59.914291
183.865585,143.977539,68.548752,60.194386
180.982162,143.558838,68.224762,58.906494
180.811478,143.379013,68.269852,58.914326
181.169052,143.214523,68.344162,58.822979
177.159576,141.196167,68.444527,58.712494
177.205994,141.303040,68.445740,58.990860
177.346909,141.073318,68.342690,58.981960
172.836441,139.948776,69.756180,58.259502
172.246307,138.933655,67.726570,58.129692
171.268356,138.802383,67.203552,57.521523
168.728653,138.245239,66.769379,57.662624
166.994858,137.653732,62.776405,57.716690
165.069702,138.230377,61.575447,57.261078
162.376251,138.750137,61.710190,56.558849
159.863129,138.356216,61.446381,56.438610
157.985443,138.233246,61.080856,55.766018
155.800552,138.603439,61.363300,53.464355
154.678207,138.278473,61.239006,53.588005
154.394241,138.443375,61.614037,53.195187
156.244614,137.895721,60.871716,52.733509
156.665512,137.737366,60.126358,53.066387
157.306229,136.721603,60.728794,51.712971
158.106033,136.095993,60.319038,52.217140
162.577057,135.115417,56.869514,52.054840
162.600311,134.614456,56.497513,52.121483
162.629974,134.521988,56.483101,52.419437
164.325180,133.083252,55.187634,51.672100
165.553558,132.411209,53.950184,51.532921
165.623093,132.498703,53.969501,51.350132
166.610962,131.183304,52.828640,51.554096
167.822021,131.115646,52.944103,50.499981
168.705627,131.393127,53.163616,49.900558
169.396439,131.463242,53.507759,49.521717
170.078033,131.616257,53.965523,49.703888
170.699646,133.182953,54.749706,46.135296
170.810181,133.174881,54.982521,46.461102
173.548050,132.476639,51.902500,46.129826
173.709839,132.495239,51.943344,46.460201
174.861633,131.337479,51.684093,46.362659
175.032486,131.416779,51.968578,46.464100
175.192230,131.418167,51.659153,46.465328
175.419846,131.347000,51.705746,46.515987
174.174667,132.900879,51.983746,45.623562
172.967896,134.357803,51.922146,45.188953
171.913055,135.455383,51.743286,44.347763
169.853165,135.898926,48.933346,44.560143
167.560974,137.943512,49.758221,44.789543
165.466690,138.308441,49.693913,44.899342
162.716629,139.276093,48.257378,44.254272
161.032532,139.869705,47.602283,44.191151
157.729584,141.486481,48.093304,43.026146
154.429047,144.149277,49.283554,41.284981
152.194504,146.258499,49.410591,40.184387
149.870529,148.344360,46.799892,40.256943
147.347366,149.478729,45.885971,40.213623
146.230347,150.026093,45.646935,40.253155
144.689102,151.538864,43.861324,40.553791
144.390350,152.400665,42.255772,40.797268
141.767700,153.147125,41.811653,40.908306
141.794678,153.478287,41.734699,41.028431
141.571777,153.853363,41.605904,41.530254
139.821838,155.052979,42.354218,41.832611
139.068527,155.253830,42.270550,41.823540
138.578064,155.716049,42.144321,41.896683
138.184799,156.255219,42.354153,41.741364
137.674454,156.563126,42.122124,41.991135
136.692215,156.993423,42.061405,41.835766
136.492310,157.305679,42.475567,41.868824
135.643677,157.506561,42.130692,42.025738
132.698975,158.308044,42.212967,42.057770
131.762741,158.658264,42.457932,42.385307
