1
197.531296,112.380196,52.422421,48.975792
197.519409,112.364174,52.350704,48.983109
197.592834,112.372757,52.474075,48.978886
197.390182,112.253731,52.170216,48.997231
197.494873,112.266487,52.439377,48.948612
197.358963,112.287689,52.367577,48.944824
197.101212,112.507668,51.963047,48.770279
197.088058,112.613655,51.962173,48.991821
196.829590,112.691177,51.606991,48.899517
196.907074,112.749039,51.986641,49.000774
196.545029,113.229378,51.533836,49.269291
196.410538,113.392471,51.781193,49.471855
196.260391,113.402405,51.954006,49.487263
195.773468,113.554916,52.049934,49.452400
195.806564,113.888184,52.062889,49.354198
195.510788,114.084877,52.253342,49.527184
195.411118,114.431229,52.402184,49.907757
194.045593,114.714722,52.389854,50.211712
193.632690,115.157898,52.180588,50.593052
193.773682,115.404480,52.435730,50.935890
193.595016,115.485092,52.429100,50.988190
192.968842,115.878471,52.336617,50.713913
192.833542,116.036217,52.379436,50.976391
192.363693,116.249496,52.420887,50.872089
191.964676,116.530083,52.309933,50.833271
191.703247,116.589020,52.197140,51.026180
191.625763,116.852425,52.339127,51.434574
191.246674,116.905342,52.250584,51.476406
190.592789,116.555344,52.534233,51.574436
190.620911,116.659508,52.845825,52.042133
189.543747,116.779739,53.014122,52.230415
189.345444,116.777351,53.317520,52.379093
188.858475,116.645996,52.479580,52.390068
188.618073,116.511696,52.266796,52.394135
188.601669,116.475105,52.322063,52.457474
188.253784,116.455589,52.505581,52.309288
187.836548,116.296181,52.506088,52.575596
187.918777,116.502731,52.798042,52.850845
187.830856,116.578003,52.986931,52.912430
187.771362,116.588402,52.866238,52.930782
187.753586,116.599762,52.973679,52.943527
187.641449,116.648491,53.022289,52.904701
187.758057,116.709740,53.568138,52.823284
187.958939,116.795967,53.952538,52.970940
187.901184,116.811989,53.961704,52.941704
187.512711,117.221657,53.448036,52.394650
187.256653,117.371429,53.108997,52.355427
187.479919,117.437454,52.643154,52.394794
187.430267,117.500198,52.719238,52.430733
187.431946,117.495499,52.854424,52.426792
187.270767,117.497322,52.825756,52.470692
187.190948,117.530197,52.531071,52.325985
186.306183,118.344292,51.762146,52.232944
186.089539,118.622353,51.196869,52.399639
185.520889,118.804909,51.150677,52.258564
185.481995,118.899628,51.304562,52.482182
185.307144,118.816826,51.384163,52.436924
185.281509,118.821060,51.506718,52.449062
184.878265,118.895683,52.043282,52.430485
182.471466,119.358429,52.380226,52.015854
180.136368,118.832596,52.505779,52.901711
177.555511,118.676582,53.346718,53.437435
173.291809,117.701027,52.910282,53.402527
167.477295,120.031517,53.741905,52.970825
161.700760,119.864235,53.932144,53.890858
158.661285,124.580559,51.185535,54.059448
155.023819,125.290268,51.336990,54.529419
151.160553,130.298248,49.932873,50.830078
147.220139,135.107834,49.655144,48.800888
144.485626,136.961472,49.489685,48.896439
140.889496,137.240463,50.176521,49.111763
137.185013,139.231674,49.430145,49.204533
133.750580,140.603226,48.962933,49.898426
129.147095,139.859329,48.800022,50.681805
124.562065,141.311234,52.017933,51.304394
123.022301,141.648148,52.191689,51.135807
121.053391,139.921921,52.570786,51.369076
121.556801,139.457581,52.749123,51.560471
121.440353,136.102493,52.310558,54.114178
122.433884,130.771683,51.579052,54.922836
123.825302,125.453751,52.688282,55.582565
126.816727,121.159164,52.831512,56.174313
128.453049,118.552109,52.644810,55.405270
131.787979,115.706215,53.387016,54.722084
132.750900,112.377335,55.384529,57.165119
132.890305,112.335991,55.417912,57.613174
133.830811,111.253334,56.409283,57.714058
135.043427,110.914917,57.327045,58.304489
135.890167,109.819252,57.779163,58.201027
137.455719,109.403549,57.617680,58.250462
137.975388,108.689171,58.089756,58.382519
138.200134,108.654488,58.471115,58.558929
138.221756,108.539833,58.509876,58.949921
139.624451,107.170189,58.952301,60.062717
139.646927,107.388992,58.970863,60.473934
139.664825,107.406227,58.977028,60.481831
139.653122,107.713509,58.980087,60.246990
139.331375,107.585617,59.250114,61.124535
139.436691,107.779564,59.473717,61.482319
139.370758,107.790016,59.487183,61.498768
136.796417,107.936325,62.147945,61.332565
132.522202,108.343048,67.397934,63.819260
132.235977,108.417900,67.666603,64.064941
132.401077,108.635605,67.966423,64.472206
132.240982,108.549400,67.714561,64.656326
131.932327,108.743523,67.993843,64.985840
131.819458,108.685501,67.741592,64.987030
130.327667,107.104958,68.160919,65.796059
130.267807,106.962830,68.436455,66.032974
130.029419,106.210670,68.844368,66.681725
129.255173,105.834099,69.668350,66.764984
129.435211,105.944885,69.990845,66.950966
130.416489,105.130028,70.002144,66.842438
131.823792,102.501785,70.341385,68.599747
133.129974,101.614029,70.560043,69.750175
133.989792,101.314316,71.026817,70.247383
135.372879,100.860405,71.275681,70.720024
138.166977,99.267967,71.954849,71.456818
139.196640,98.692490,73.253944,71.684807
139.612686,98.702103,73.686195,71.789246
140.799866,97.768883,74.119057,71.910187
141.163879,97.756744,74.419029,71.896255
141.393265,97.639259,74.353668,72.111389
141.557480,98.057701,74.460831,72.658951
141.466660,98.529007,74.288528,72.943199
141.515610,98.863617,73.949310,72.854851
141.524979,98.968178,73.975594,72.969482
141.127594,99.472313,74.747482,73.235451
141.252090,99.604790,74.962967,73.468330
140.853149,99.747971,74.975204,73.258904
139.650940,99.901176,76.567589,73.609444
139.609848,100.084198,76.997437,74.024391
138.581802,101.444023,76.985603,73.026932
137.061111,101.862160,77.945190,73.760582
135.613586,101.952103,77.563385,74.074799
135.654007,102.170471,77.885086,74.489647
134.569077,102.155602,78.349525,74.445465
133.927353,102.082115,78.200180,74.628571
134.060501,102.258156,78.434624,74.968826
133.473221,101.353889,78.440933,74.996513
130.663010,98.468857,78.127556,73.537140
126.366341,90.320663,77.837158,73.877556
121.440605,83.845848,78.461372,73.426872
117.958099,79.939697,77.405876,73.089714
114.447723,74.968163,75.652489,74.296471
110.140442,70.740532,73.836403,71.849487
105.710335,69.376907,72.672562,70.532295
103.411514,67.024551,73.123749,70.662651
100.875938,65.136604,74.598251,68.752724
97.073570,64.105721,75.351402,67.526421
93.155640,63.483223,74.420433,68.067230
92.281708,65.258461,73.068413,68.089729
92.066292,65.992958,72.475418,67.866470
89.519966,65.371315,72.817841,67.554001
88.480988,65.595665,72.807793,67.500481
87.340759,66.021942,72.447968,68.258919
86.926559,67.076180,70.691116,68.498398
84.622345,69.298065,70.130318,66.933571
82.103798,69.855293,72.376938,66.751190
81.896606,70.971077,72.189987,67.422440
80.816727,72.900635,73.160767,66.797890
80.803497,74.708885,73.359444,64.558197
80.700607,75.546722,73.477585,64.513832
80.729652,76.171478,73.321190,64.740891
80.878510,77.015709,72.178703,64.376457
80.994263,82.138359,71.921410,60.684246
80.389145,82.562202,70.434364,60.455387
80.677231,82.744492,69.942322,60.381634
80.750198,83.286369,69.116745,60.332855
80.952126,85.712013,68.611015,58.576954
80.252884,86.913933,67.964493,57.378975
79.998650,87.139214,67.028839,57.487419
78.955505,87.898384,66.796432,56.038876
78.468414,88.997688,66.556541,55.659515
75.375305,90.091026,66.700943,55.795517
73.553108,90.838249,66.807205,54.928215
70.418182,90.006317,65.955475,54.408398
67.560158,89.749527,64.206017,54.353481
64.443192,89.073006,63.475719,54.579445
63.298428,88.590736,62.129501,54.621338
67.893974,89.158455,64.266167,54.104641
74.893570,90.636841,65.140633,54.347965
88.844887,91.843575,66.450798,54.689953
102.350594,98.137192,71.662262,53.835007
121.256943,104.832291,71.980560,52.841419
135.813736,106.292450,66.632698,53.078102
165.265610,123.278282,66.199120,53.688892
166.127274,123.860748,65.653992,53.918190
166.975479,124.078255,65.633217,54.319534
166.912506,124.169823,65.783463,54.537403
167.005920,124.446091,65.827950,54.926060
168.513672,124.635330,65.149986,54.993977
168.649231,122.111496,65.755447,60.027687
168.793152,122.533386,65.959663,60.333305
171.503769,122.857262,66.329956,60.521038
172.123077,123.442963,66.251465,60.727436
172.814362,123.965965,66.399467,60.683464
176.624649,125.606064,65.119980,59.344028
178.484283,126.358765,64.555298,58.953663
179.660904,127.323814,64.566055,57.942478
180.298203,127.546204,64.717201,57.832367
181.016632,127.542099,64.677498,58.017590
182.979446,128.036621,64.620590,57.077740
183.357727,128.035645,64.853035,57.474457
183.949081,128.022720,64.387680,56.241783
183.954681,127.686012,64.594589,56.769619
184.205170,127.769424,64.924034,56.949123
184.291107,127.734955,64.933350,56.989101
185.907227,127.110954,64.523903,56.595409
186.730255,126.651276,64.624611,57.133858
187.967148,126.760239,64.392570,55.665855
189.170380,124.969147,64.595215,56.343838
192.486038,123.146515,62.264744,54.224319
193.771896,121.298599,62.552425,54.222054
196.910355,119.293175,61.662025,55.731720
196.266464,118.983353,61.754673,56.759762
191.686111,117.528229,59.406384,57.492130
184.264679,116.610703,62.222164,58.111752
179.048874,115.391479,59.920181,58.492317
173.585800,114.960205,59.632523,58.255817
170.055222,113.161812,56.419498,59.873951
167.700912,111.921547,52.671642,60.152241
164.846298,111.595055,52.602009,60.967010
162.595795,112.335976,51.985500,59.711990
160.533722,111.998840,51.159706,60.630051
160.030441,112.315399,51.211666,60.823662
159.601532,111.954079,51.151043,61.056858
159.615692,112.152573,51.398411,61.397316
159.505829,112.039787,51.316540,61.506577
159.374191,112.165382,51.359837,62.000340
159.366577,112.295906,51.474979,62.502689
159.043991,114.190781,51.764225,59.892097
159.156967,114.409958,51.962017,59.751770
158.985123,115.686539,52.020626,58.477314
159.244476,115.901176,52.445011,58.263176
159.075134,116.395622,52.778759,57.792061
159.291977,116.906029,52.904785,57.534679
159.320618,117.150444,52.981640,57.959354
159.373657,117.362816,52.936558,57.749580
159.468811,117.705215,52.930103,57.728867
157.497986,118.913071,53.541531,56.523094
153.723618,119.961334,54.790905,54.766808
150.875122,120.554245,53.814457,54.655598
146.449112,122.420509,54.745743,53.695000
140.516342,121.564697,56.478928,55.164719
135.883835,124.715561,54.665161,55.226921
131.917313,127.295692,54.141617,54.362976
129.277863,132.725967,52.091480,51.108902
126.363251,133.869141,51.596947,51.732353
122.353546,134.776962,52.850994,51.971416
118.745583,137.997803,52.642536,48.728352
115.783142,139.740143,53.306583,48.740353
115.383369,140.038742,53.585415,49.145126
115.717949,141.018936,52.556370,50.116688
115.925049,141.296356,53.155544,50.506134
116.036919,141.580063,53.292999,50.908859
118.048286,141.099991,53.354382,51.355373
121.783958,139.325211,51.900467,51.727047
126.419037,137.143829,53.199696,53.249584
132.638046,133.790649,54.174435,54.223942
133.144196,133.008499,54.790035,54.343636
135.265640,131.810089,54.448231,54.488003
140.599228,130.417557,54.462597,54.036118
142.378311,128.517792,54.611698,54.650265
145.316818,126.464401,54.387032,55.651493
149.528763,123.093208,55.581326,58.039169
149.239624,120.859215,57.684361,58.675102
148.733963,117.443924,60.135975,58.717564
148.359665,112.853477,60.654949,59.777985
148.194229,110.753395,60.442184,59.795727
147.224457,109.844231,59.843403,60.259876
145.669495,108.450134,60.381432,60.329552
141.835983,104.114731,62.910938,61.761772
140.813416,103.138214,62.371723,61.885231
137.262894,100.704071,62.431480,63.191998
135.162766,100.292557,61.970963,63.175049
131.484756,99.232262,61.798405,63.882111
129.030960,98.644051,60.835590,62.576248
129.002960,98.809189,60.948925,62.985996
125.426971,96.664200,62.356865,63.946136
123.524048,96.391647,62.682568,63.975368
122.107689,96.099686,63.007732,63.869576
121.033875,95.603355,63.654503,63.494469
120.975037,95.371727,63.786461,63.408646
120.979980,95.263481,64.003693,63.511993
121.243080,95.131088,64.216240,64.121040
121.362572,93.272636,64.028008,64.496849
121.456291,91.758423,64.125610,64.500977
121.237755,90.707573,64.814018,64.972153
121.324638,90.590424,64.991585,65.035652
121.802078,89.098007,64.923744,65.274925
123.824257,87.572433,65.190216,65.497475
125.654709,86.932983,65.045609,65.490433
127.216446,85.324860,65.127823,65.468246
129.715637,83.935379,64.819809,65.579582
130.235428,83.998268,64.934128,65.911797
130.254395,83.797798,65.005882,66.079384
130.585129,83.791901,65.374428,66.536179
130.782806,83.791298,65.527191,67.117104
130.892242,82.078590,66.799370,68.332970
130.076385,81.275284,68.198318,69.012436
129.222488,81.089447,68.372322,69.504364
125.444435,80.379639,67.204254,68.907738
123.339737,80.614746,67.835213,68.501648
123.378517,80.865410,67.976265,68.959175
121.184364,80.594284,67.540817,69.086472
117.876488,80.786026,68.485657,70.050453
116.053886,80.956268,68.046066,70.621155
114.529816,81.066803,69.064766,71.029106
113.237373,80.938850,70.244850,71.426346
112.854225,80.928223,70.546463,71.494614
113.069923,80.926117,70.956688,71.470642
113.077187,80.943909,70.970383,71.466576
113.088737,80.960045,70.962357,71.468811
112.890633,80.933174,70.987518,71.524612
112.895210,81.171066,70.964943,71.968979
112.541527,81.285408,71.237732,72.096458
112.087669,81.554459,71.870941,72.572464
110.701080,81.620186,72.470528,72.955635
110.407265,81.595200,72.555061,73.007507
110.407608,81.851151,73.002213,73.428139
110.323357,81.881828,73.450462,73.383209
109.685715,81.838898,73.528595,73.480247
108.868538,81.278374,73.662163,73.492294
108.241173,81.220848,73.782738,72.991966
107.536896,80.620552,74.250687,73.039062
105.386841,80.368004,74.135368,73.130096
102.859093,79.674919,74.961189,73.394135
99.501595,79.213219,74.798767,73.633232
94.404831,78.775131,74.812881,74.162422
89.720192,77.859070,73.878036,74.525314
85.458649,76.993347,72.694153,73.630707
91.669266,75.325981,74.075623,74.725296
104.887383,75.902946,74.523842,75.731430
114.501701,75.257149,75.335999,76.868828
122.758728,75.888977,73.622444,75.696411
123.104233,76.893814,74.271881,75.229057
124.152870,77.744461,74.865463,74.429184
119.728386,76.835358,73.500648,73.581161
112.825958,77.887558,72.729042,72.750122
103.902283,79.242508,73.527527,72.875038
94.254486,83.080505,73.591385,67.483742
83.315300,85.263199,73.971924,67.917366
73.487885,85.966766,74.086609,67.771805
69.257202,88.695976,72.737030,66.610130
65.321609,91.276802,72.724792,66.854828
63.202122,93.330841,70.186790,67.132996
63.039318,96.071487,70.086441,67.760315
63.415928,99.776924,71.081230,66.852974
64.998192,102.137177,70.391396,66.424896
68.415497,104.330582,69.792336,65.535385
70.816391,107.644905,69.145859,63.530533
75.171097,108.356720,68.156868,62.978752
79.988708,109.726463,65.008675,60.925346
84.562096,108.557259,64.345276,61.422668
87.435097,108.947601,64.769829,60.638412
90.857155,109.746490,63.182789,60.484592
93.511093,110.247360,62.746075,60.521648
97.168694,110.045799,62.868477,60.638714
101.809288,111.675964,62.182453,58.754173
103.839485,111.573341,61.308079,59.236328
105.068542,111.797966,61.318096,59.086105
106.645889,111.768333,61.592491,59.938503
110.088715,112.085823,61.068443,59.045452
112.295059,112.030174,60.806309,59.115471
113.844826,112.305916,60.812222,59.218513
114.246368,112.495567,61.082546,59.401165
118.311440,113.235512,59.953217,59.272701
120.923370,114.809349,59.135681,57.500675
121.358139,115.101410,59.559921,58.031483
122.550819,114.985565,59.653374,58.353035
123.065048,115.083633,60.067684,58.453476
124.002510,116.686134,59.824467,54.947510
124.373856,116.694054,59.830841,54.931999
124.645889,116.685730,59.846691,54.961018
127.232979,115.933907,59.391590,53.861832
129.501129,115.737808,58.729076,53.121609
131.991348,115.279617,58.769611,53.708385
133.202591,115.706352,58.495255,53.231369
135.135559,115.683739,57.440044,53.224289
137.587219,114.633507,57.558498,52.769638
142.442596,112.050056,57.094833,52.915020
147.322876,111.505684,57.027847,52.476482
150.122528,111.141045,56.446621,52.223141
153.863602,109.974823,55.497494,52.252598
157.878250,108.922676,54.784363,52.070007
162.399658,108.067543,53.773354,51.868111
167.608063,106.620712,53.290859,51.168743
173.671844,105.687225,51.234161,49.786747
175.568085,105.301414,51.042095,49.202065
180.623795,103.897812,51.458408,49.319611
186.306168,102.498947,50.030048,47.739983
188.786819,103.194572,49.953815,46.040607
192.242493,102.544853,49.851891,45.147095
196.885757,100.748169,49.222649,44.628944
199.195114,99.304451,48.998314,43.993271
201.784164,97.351692,48.398262,43.722523
204.264694,97.251465,48.465561,43.672585
205.556519,96.941467,48.646317,43.778164
211.000748,94.266731,45.652828,44.436810
212.228165,93.825851,45.140087,44.564594
213.513733,92.598808,45.296803,45.206383
210.082581,92.659149,44.957756,44.534523
204.773956,93.950005,44.916119,44.235783
200.294708,95.040794,46.492367,43.870300
195.569519,95.477974,45.246059,44.029091
191.639069,95.986710,45.456573,44.387512
186.986053,96.977158,45.594505,43.582321
181.441986,99.521393,47.931847,43.679829
178.600937,103.797653,47.541840,41.782925
175.543274,103.890411,47.594666,42.641243
170.615295,104.707146,49.844604,43.328220
168.510315,108.192680,49.676052,42.506908
167.421143,110.009155,47.807892,42.856415
168.154022,110.360634,46.915356,42.824074
167.603073,111.747452,46.057388,44.583656
164.779724,113.367470,46.785378,45.573792
161.851425,114.517662,46.273384,45.510643
158.849136,116.850082,47.401852,45.598606
154.677292,118.223503,47.524773,46.066879
153.212234,120.578842,46.586372,46.611412
150.887070,122.670654,48.601845,46.962013
149.121155,124.314636,48.001606,46.151779
147.079544,124.925652,48.076767,47.215755
145.690308,124.995598,48.523529,47.957764
140.806015,126.315033,50.455315,47.151596
138.130768,127.511406,50.880989,49.616409
137.897354,127.708824,50.828957,50.207817
137.047928,127.793259,51.048172,50.464550
134.738602,127.135612,51.687553,50.855152
135.262360,127.841568,52.020023,51.382942
133.969574,127.701164,52.528587,51.650364
134.166336,127.835373,52.961430,52.007275
132.806854,126.780396,54.531853,54.384815
130.715683,127.037628,54.606052,54.154213
125.918213,127.505478,55.447609,54.444168
120.197845,128.132355,58.868279,54.133724
115.824287,128.402969,58.789253,54.154350
112.561577,128.914902,59.481937,54.348618
109.337852,128.623627,58.890850,55.033604
105.381294,130.085709,57.352730,55.044392
101.798447,130.660400,58.004364,55.165169
102.044899,130.827972,58.471111,55.476086
102.421806,130.704987,58.419361,55.509026
103.583107,129.159775,58.251251,56.011837
110.942368,125.063339,56.960453,57.181126
113.404984,121.945847,56.907253,56.659328
114.299294,120.416870,58.164429,56.132675
119.768265,115.480431,57.816162,57.318195
119.903267,115.505386,57.932152,57.465080
119.836952,115.299522,58.013454,57.462608
119.686691,115.278885,59.043064,57.417416
118.491913,115.139038,59.114750,57.425201
117.350403,113.006516,58.048801,57.350624
117.473755,113.056290,58.481228,57.488308
117.219147,113.008766,58.467537,57.518948
116.916206,113.139389,58.452282,57.955742
117.384186,113.047478,58.512089,58.117382
117.194946,113.270149,59.043774,58.552578
117.602104,113.716995,60.346985,58.951057
121.128456,113.351265,60.599434,59.182072
122.132362,113.475151,60.793335,59.432388
124.718498,113.576653,60.864372,58.775093
126.559288,113.402832,60.922115,58.981560
127.743690,113.612022,60.978725,58.984062
133.208710,113.497978,59.675217,59.364731
137.342361,113.437462,59.816910,59.555523
137.490128,114.322350,60.081360,59.028156
137.643509,114.913246,60.564182,59.358410
137.778656,115.014496,61.046623,59.460476
137.694824,114.958084,61.512241,59.511742
137.117645,115.213936,62.647305,59.503078
137.210938,115.398514,63.001068,59.887337
136.849945,115.348145,63.359554,59.727242
136.138138,115.171661,62.936062,59.845322
134.565323,114.681587,62.132820,59.315403
134.118042,114.737320,62.894817,59.434547
132.314316,114.601295,63.003166,59.167171
128.647339,115.915504,63.126865,56.868649
123.417587,116.048996,65.105499,56.094440
117.916267,114.340485,66.381996,56.355793
117.058235,114.427444,66.415932,56.302368
114.518761,114.411499,65.996391,56.560284
113.479324,112.176750,63.804428,57.395939
111.264687,109.809563,63.360153,57.853275
111.333130,109.883087,63.468643,57.975010
110.026756,110.421112,63.669899,57.918774
107.451515,110.255577,63.635815,57.501816
106.339798,110.432945,63.574944,57.814987
106.043320,110.655281,63.981285,57.581638
104.935883,110.754456,64.483009,57.842785
104.304520,110.728996,64.435402,57.873257
103.179932,110.689117,64.677307,57.786053
102.117691,110.654747,64.877571,57.618317
100.829697,109.952126,64.147942,58.270744
100.713089,109.709320,64.492020,58.248493
100.613747,109.520973,63.916996,58.447704
100.584465,108.922562,64.042000,58.247936
100.079124,108.863708,64.102554,58.731602
99.773232,108.851967,63.482265,58.677364
99.735725,109.009514,63.441505,58.970219
97.390335,108.839821,62.712219,59.119480
97.398979,109.010551,62.937752,59.493530
97.185837,109.094658,62.939686,59.466465
96.443390,109.355995,62.910175,59.382351
96.715652,109.411110,62.884087,59.450050
96.380310,109.649132,63.106106,59.358067
96.571121,110.666641,63.383698,58.933174
96.705658,110.735870,63.437580,58.981468
96.645508,110.873703,63.371487,58.928078
101.859184,112.282005,61.995792,57.650654
115.036652,110.854935,70.328163,58.939381
130.620621,112.338219,72.171028,58.149132
150.468353,117.521088,69.912590,59.082253
170.241882,125.716209,67.519157,60.005924
181.938919,128.252869,66.949516,59.993507
186.546692,128.330048,66.160645,59.861015
188.159409,129.413391,65.767151,60.554756
190.691772,137.015274,66.399811,61.993427
192.225479,136.980331,66.873421,61.931076
192.253693,137.149765,66.990921,61.958172
188.984940,142.625046,67.408028,60.960419
189.020599,142.596313,67.463310,61.054531
184.549103,143.561249,68.716934,60.383980
184.788437,143.759842,68.856247,60.485855
184.871185,143.772430,68.953346,60.478355
184.892899,143.783432,68.965927,60.473934
184.909622,143.796783,68.965240,60.474346
184.925385,143.809769,68.965927,60.473934
184.692566,143.994934,68.754448,60.302143
183.914841,143.581009,68.604248,60.562000
180.390778,142.945999,68.653511,59.400246
180.111359,142.712570,68.817490,59.366539
180.687271,142.459488,68.680138,59.064247
176.257767,140.427155,68.909561,58.972061
176.301376,140.441284,68.965927,58.974579
176.501312,139.827103,68.687553,59.137329
173.109543,138.970444,69.902367,59.024414
171.778702,138.103363,68.516388,59.270828
170.862061,138.032379,67.866989,58.097679
168.689697,137.724625,67.437370,57.983383
166.467651,137.258133,63.783684,57.857758
164.659973,137.672485,62.613087,57.475597
161.633255,138.074112,62.413765,56.684322
159.177261,138.220261,62.710686,56.082096
157.393295,138.440231,62.823078,55.465717
155.983902,138.711716,62.870846,53.821060
154.815445,138.629349,62.508514,54.046944
154.748978,138.615128,63.046909,54.232307
155.928619,138.421036,63.279327,53.336483
156.073013,138.072968,62.376629,53.703175
156.904129,136.709915,62.411194,52.378693
157.522095,136.124771,61.972218,52.620079
161.628250,135.336670,57.904911,52.004051
161.695541,134.536530,57.460972,51.968113
161.853455,134.391022,57.416603,51.980797
163.070282,133.387390,56.674995,51.457554
164.442703,133.060028,55.362930,50.785686
164.691803,132.976166,55.342060,50.600788
166.131271,131.413635,53.957108,51.067158
167.080948,131.147980,53.850128,50.340302
167.842590,131.455292,54.157059,50.076412
169.665695,131.403519,53.571075,49.603027
170.315643,131.515884,53.965523,49.703888
170.937256,133.082581,54.749706,46.135296
171.047791,133.074524,54.982521,46.461102
173.785660,132.376282,51.902500,46.129826
173.947449,132.394867,51.943344,46.460201
175.099243,131.237122,51.684093,46.362659
175.270111,131.316406,51.968578,46.464100
175.429840,131.317795,51.659153,46.465328
175.657455,131.246628,51.705746,46.515987
175.435593,131.811066,52.016243,46.771797
174.285217,133.415192,52.413090,45.948193
172.493484,134.357712,51.645844,45.146305
170.270905,135.076569,50.125580,45.937580
167.854019,136.660355,51.366489,45.912659
164.347641,137.706802,50.445183,45.707664
161.894165,138.945541,48.336346,45.335270
160.193802,139.524307,48.441250,45.156853
157.129547,141.474564,48.484528,43.671021
154.538330,143.460892,48.827785,42.134167
151.834412,145.980804,49.023094,41.146118
149.657242,148.241928,46.620911,41.099964
147.223694,149.485626,46.384140,41.276241
145.819809,150.078934,46.030518,41.157738
144.227875,150.900879,44.917862,41.685848
143.950241,151.478546,43.788319,42.042961
141.296234,152.887558,42.794453,42.187698
141.353271,153.297119,42.834064,42.456009
140.918457,153.413406,42.847145,42.412373
138.679703,154.780182,43.140285,42.575977
138.115082,155.164444,43.200607,42.855228
137.801819,155.603485,43.074184,43.011314
137.685852,156.071686,43.511379,43.276840
137.711288,156.379929,43.603958,43.389847
136.498047,156.885880,43.372501,43.299210
136.146866,157.217697,43.459995,43.351078
135.718033,157.456085,42.882687,43.464554
132.695236,158.182709,42.738579,43.223469
131.225464,158.591415,43.106815,43.257175
