1
204.678421,114.367157,44.466133,49.974281
203.809372,114.198433,44.582409,49.870430
203.776352,114.213470,45.049103,49.942451
202.410751,113.807236,45.705662,49.718655
202.376587,113.923470,46.007305,49.958534
201.576263,113.929131,46.540901,49.747154
201.242325,114.062996,46.811333,49.827606
201.230331,114.128578,46.994633,49.985783
199.980759,114.015938,46.946819,49.891289
198.647461,114.007576,47.446297,50.002106
198.306961,114.260422,47.159786,50.347626
198.364883,114.343681,47.446762,50.466129
197.484283,114.510933,47.651493,50.218849
197.326935,114.691292,47.910324,50.437046
196.554626,114.903625,47.844688,50.224251
196.424484,115.117233,47.923550,50.450474
196.449066,115.145638,47.962353,50.466393
195.386063,115.424721,48.087921,50.418083
195.354797,115.562561,48.418457,50.408154
195.326202,115.617027,48.453690,50.464798
194.972061,115.687775,48.566479,50.466267
194.444626,116.030396,48.925404,50.284126
194.317307,116.203300,48.901951,50.429085
193.588303,116.538353,49.062138,50.312614
192.702118,116.800018,49.254520,50.345383
192.043381,116.913658,49.353443,50.452034
191.971298,116.950829,49.426094,50.445633
191.796753,117.018562,49.493073,50.442528
191.421295,116.974297,49.427162,50.459553
191.360718,116.971756,49.362747,50.453117
190.557098,116.943062,49.550026,50.327637
190.175537,116.877525,49.924362,50.423721
189.455978,116.796997,50.011429,50.460327
189.345490,116.626991,50.417336,50.483868
189.185150,116.497063,50.296135,50.508102
188.634247,116.697792,50.666981,50.875942
188.568619,116.692268,50.725719,50.981277
188.277740,116.781548,50.941189,50.814358
188.290634,116.870811,50.959766,50.967861
188.283875,116.885063,50.940029,50.959236
188.309250,116.905167,50.975605,50.978699
188.309464,116.914925,50.978367,50.970612
188.295502,116.933411,50.999763,50.961067
188.289627,116.953079,50.967957,50.974762
188.298370,116.965668,50.966228,50.974316
187.984039,117.656509,50.823814,50.193123
187.756912,117.871483,50.819447,50.399445
187.805832,117.899887,50.692482,50.460747
187.685211,117.943245,50.736389,50.445595
187.705887,117.910088,50.760216,50.453297
187.635986,117.919624,50.897530,50.466789
187.585968,117.834976,50.521610,50.407574
186.201904,119.585289,50.618420,49.723179
186.154221,119.730789,50.782448,49.942471
186.067612,119.779778,50.856670,49.919701
185.796921,119.838547,50.814587,49.987511
185.794052,119.769234,50.814812,49.996601
185.687515,119.754326,51.087997,49.958096
184.386047,119.830009,51.760040,49.824577
182.319962,120.029778,51.909435,49.918133
179.851212,119.417526,51.878960,50.514599
176.915543,119.407875,52.895988,51.248268
173.618805,119.246368,50.984402,51.739304
168.147751,120.595428,51.740574,52.735218
162.583328,121.536621,51.613052,53.710285
159.488205,124.215248,49.196739,53.787739
155.898941,125.634689,49.501705,53.686920
151.654709,130.664764,49.638977,49.525017
147.736084,135.475586,49.763874,48.325172
144.893402,137.309692,49.167324,48.326309
141.093857,137.892807,49.883907,48.350094
136.924133,139.733353,49.299252,48.065952
133.535263,141.477768,48.821880,48.719864
128.407486,140.686844,49.539169,50.015102
123.853333,142.160767,53.101917,50.423542
121.997948,142.446793,53.108753,50.014000
120.212753,140.591339,53.621906,50.445202
120.982101,139.395538,53.621132,50.632324
120.993629,136.065628,53.368053,52.854084
121.628387,130.369629,52.623199,54.539135
122.861427,125.464470,53.525326,55.151455
125.664406,122.057915,53.961918,55.256550
127.969719,118.611908,52.514359,54.930496
132.485214,115.790962,52.839558,54.307766
133.777679,113.436867,53.644554,55.564011
134.029037,113.321884,53.947609,56.194416
135.579651,111.663155,54.899990,56.495701
135.981979,111.313232,55.216503,56.717339
136.980774,110.457207,55.783180,56.534943
139.272217,109.245132,55.496307,57.031639
139.516678,108.934792,55.556046,57.222054
139.754379,108.956421,55.976940,57.579674
139.756607,108.817940,55.914467,58.068466
140.377975,107.866966,56.071312,59.346729
140.606888,107.946098,56.506069,59.491173
140.852524,107.950676,56.971851,59.474361
140.795746,108.114632,57.064236,59.401237
140.874680,108.010422,57.455387,59.788559
140.441055,108.110687,57.510490,60.185505
139.469193,108.788261,58.520988,60.750011
137.235031,108.885666,61.789898,61.118496
134.658340,109.504318,65.031700,62.338108
134.313232,109.624451,65.690071,62.450680
134.429504,109.647926,66.003777,62.485657
134.529083,109.580681,66.376808,62.542526
134.252991,109.770142,66.273781,63.044807
133.880814,109.733513,66.264893,63.676067
131.755203,107.451195,66.708092,65.071182
131.798584,107.500610,66.857018,65.507477
131.620453,106.712402,67.299950,66.356544
130.606522,105.936180,68.080383,66.691528
130.822830,106.080360,68.488327,66.951721
131.725769,105.112648,68.695480,67.028458
132.823975,102.903763,68.942833,69.094986
134.451065,101.184349,69.708992,70.934944
135.027084,100.970360,70.144226,71.117477
136.344131,100.478851,70.141632,71.799484
139.957352,98.295761,70.580093,72.382050
141.172226,97.441086,72.005051,72.775421
141.041306,97.001228,73.068657,72.886719
142.069595,95.830177,73.769211,72.876434
142.837616,95.720329,73.924850,72.814156
142.873459,95.813454,73.963455,72.968544
142.891724,95.831184,73.964943,72.971733
142.851456,96.105934,73.906235,72.888626
142.909882,96.411537,73.801529,72.869431
142.885483,97.147224,74.018562,72.885330
142.287643,98.163528,75.368279,73.541222
142.296768,98.652946,75.272842,73.849037
142.310028,98.722374,75.388405,73.942871
140.591812,98.781410,77.372162,73.895515
139.262924,99.689148,78.459465,73.929169
137.959381,100.770470,78.058372,73.194160
137.781418,100.979897,78.643105,73.470871
136.786148,100.978149,79.061180,73.789223
136.228973,101.197746,79.339149,74.012505
135.379410,101.394249,79.658318,74.467712
134.582825,101.327202,79.622177,74.504036
134.744644,101.562813,79.910080,74.969109
134.401718,100.994492,80.021477,75.056664
130.700348,96.066986,80.487068,74.413635
126.403404,88.942421,78.504250,73.405594
120.229439,83.457565,81.003777,72.162468
117.914482,80.180641,80.759438,72.532387
114.863625,76.059685,78.710213,73.325043
109.965950,71.192032,78.043831,71.528709
106.546082,69.992607,76.018166,70.241066
103.432251,68.110107,76.999245,70.583046
100.139565,64.778793,77.698036,68.491158
97.075607,63.303379,78.239029,66.582573
92.702293,62.562950,77.826797,67.333344
92.291214,63.417019,76.581726,67.407005
91.886276,63.632366,76.495911,67.071800
91.169998,63.759491,76.418304,67.297714
90.143898,64.302017,75.780724,67.190750
88.511978,65.046410,75.156700,68.066254
87.024429,66.359818,74.057770,68.359413
84.600998,68.865868,73.158691,67.018845
83.015129,69.529976,74.591736,67.253304
82.910439,70.225136,74.792236,67.543533
82.146248,71.795128,75.330658,67.582047
82.145851,73.594276,75.366623,66.097046
82.046188,74.581421,75.283188,65.999352
81.367058,74.798424,75.061394,65.871834
81.557487,76.191368,73.702881,64.804443
82.401634,82.358543,72.162117,61.067318
82.094666,82.563553,72.212082,61.300777
82.344139,82.970055,71.881790,61.258846
82.354507,83.374161,71.441139,61.373840
82.336586,85.023300,70.619370,59.859783
81.072639,86.267883,69.923546,57.694286
80.306976,86.522385,69.046143,57.929077
79.653267,86.998741,69.116875,57.204006
79.392509,88.489220,68.376450,55.841553
76.036514,89.515129,68.349327,55.760487
73.065994,90.824440,68.476181,54.082245
69.751816,90.267265,67.565903,53.929974
68.008064,89.867821,64.587662,53.993301
64.948242,89.152084,63.410915,54.338329
63.518654,88.706642,62.613171,54.357098
67.427376,89.262932,65.135208,53.332081
74.297737,90.936775,66.559875,53.716373
87.003036,91.932632,68.234550,54.181953
100.765137,98.176491,73.927650,53.294006
119.259773,104.905464,74.168129,52.727119
134.411118,106.453568,69.282120,53.468884
163.891418,123.302315,68.743927,53.563179
164.565186,123.791687,68.408173,54.012386
165.933823,124.117149,67.589149,54.798962
166.018356,124.222229,67.847870,55.000751
166.151947,124.537193,67.784615,55.412655
167.362885,124.667664,67.323746,55.447205
167.113831,122.455719,68.104233,60.780716
167.335815,122.588829,68.465118,60.945759
169.720230,122.882324,68.815277,61.145363
170.492828,123.404633,68.711555,61.117912
171.237244,124.611183,69.020256,60.783222
175.088791,126.000351,68.241692,59.502361
179.210968,127.245811,65.666901,59.335281
180.460205,128.949539,65.430656,57.351780
180.525787,129.030548,65.459595,57.466286
181.340881,128.820084,64.942947,57.645336
182.726318,129.380386,64.841896,56.129025
182.949234,129.326645,64.882500,56.577835
184.177551,128.652924,63.920803,56.217018
183.986816,128.186142,64.460342,56.920620
184.026367,128.211700,64.460213,56.946510
184.284470,128.073486,64.271004,57.010292
185.958160,127.519371,63.786396,57.132656
186.650757,127.114403,63.773159,57.363377
187.523682,127.483826,63.662399,55.452217
189.863968,125.083488,63.771328,55.964111
193.712036,122.751343,61.254734,54.261501
194.267365,121.084251,61.316341,54.868713
196.853668,119.623962,60.191978,56.018089
196.812195,119.744415,60.169971,56.674557
191.569061,118.465363,59.263081,57.202003
184.098297,116.520660,62.956509,59.157658
179.267975,115.122040,60.054924,59.625549
173.873596,115.037025,60.190781,58.774033
170.165482,112.537521,57.273312,60.527557
167.735031,111.360237,53.915226,61.098667
164.808258,110.522972,53.580452,62.371639
163.005096,110.501877,52.764332,62.102394
161.580902,109.826385,52.210434,63.062370
160.865616,109.726501,52.572598,63.275360
160.173340,109.474915,52.607876,63.642002
160.273468,109.389786,52.775501,64.029305
160.081909,109.297104,52.858444,64.559265
159.347031,109.660225,53.019169,64.582237
159.319382,109.789139,53.492405,64.989838
158.976761,110.000198,53.797787,64.162674
158.940918,110.766182,53.976757,63.599613
158.587097,113.561188,53.878983,60.500023
158.685806,114.278595,53.904900,60.368004
158.630661,114.585327,54.152340,59.957916
158.812775,114.693298,54.466640,59.866287
158.811050,114.849953,54.470009,59.880405
158.889984,115.342842,54.248379,59.553085
159.116943,116.243050,54.397797,58.970474
157.188553,117.289429,55.412609,57.650139
153.527069,117.511154,55.901836,56.735493
151.103485,118.154999,55.166607,56.420467
146.145355,118.811325,54.859802,56.777489
140.800903,117.531326,56.956215,57.653915
135.769180,119.289093,55.853024,57.671036
132.614182,120.547455,52.987125,59.094158
130.158630,128.506531,50.628849,53.774315
128.316238,130.782120,49.429775,53.014645
123.567497,133.006897,51.907715,53.766979
119.702141,136.259262,51.191246,51.419704
116.026611,138.430237,52.321732,51.915970
115.893059,138.587341,52.569668,52.050785
115.987152,139.573364,52.495079,52.642323
115.937019,139.852859,52.596668,52.965179
116.090317,140.020020,52.860973,52.807892
118.612671,139.929916,52.192867,53.171814
121.259872,138.690903,51.966606,53.650299
126.001221,136.668030,53.172520,54.844120
132.179581,133.004150,54.099457,55.493576
132.745605,131.961868,54.993221,55.444481
134.877853,130.770630,54.482567,55.247631
140.833084,128.937836,54.554726,55.345798
141.837830,128.153015,55.572735,55.131748
144.303329,126.556229,55.621529,55.742466
148.892197,123.267097,57.095566,57.711647
148.754456,120.904190,58.439590,58.548931
148.714493,117.845322,60.076164,58.587166
148.370087,113.320068,60.654949,59.777985
148.556961,110.846573,60.423729,59.613857
147.495132,110.026215,60.327644,59.989044
146.353851,108.519539,60.848816,60.108425
142.435791,104.067757,63.418484,62.009132
140.961670,102.478127,62.388668,62.190628
137.459015,100.648415,62.450508,63.189205
135.349396,100.238297,61.970963,63.175049
131.671371,99.178001,61.798405,63.882111
129.217575,98.589790,60.835590,62.576248
129.189575,98.754929,60.948925,62.985996
125.613586,96.609940,62.356865,63.946136
123.710663,96.337387,62.682568,63.975368
122.294304,96.045425,63.007732,63.869576
121.220497,95.549095,63.654503,63.494469
121.161652,95.317467,63.786461,63.408646
121.166595,95.209221,64.003693,63.511993
121.502197,94.737938,64.127441,64.181435
121.722076,92.792305,64.002777,64.364578
121.704300,91.687752,64.057877,64.477829
121.533836,90.927643,64.721107,64.517883
121.528702,90.366188,65.215096,65.430984
122.082680,89.829765,65.393608,65.417892
124.731087,87.428223,66.375809,65.760544
125.989563,87.005287,66.175835,66.146927
127.749512,85.350090,65.856354,66.825066
130.403473,83.533119,65.436432,66.747833
130.791382,83.584892,65.452248,66.900345
130.808426,83.177498,65.450241,67.260658
131.084961,82.571396,65.208069,67.533707
131.306473,82.700691,65.555161,68.034592
131.120377,81.806168,66.765312,68.948051
130.098816,80.833191,68.435860,69.382057
129.126160,80.462540,68.372322,69.504364
125.728294,80.327614,67.661598,69.563881
123.302116,81.064133,69.440224,69.121002
123.213356,81.245819,69.467529,69.457619
120.477119,80.565819,68.979698,69.948647
116.990532,80.778671,69.357574,70.337563
115.057632,80.866135,69.136711,70.555626
114.888008,81.070518,69.533363,71.013420
113.982063,81.298965,70.354797,71.216400
113.543938,81.393311,70.546463,71.494614
113.614822,81.371468,70.929733,71.479156
113.641968,81.383286,70.966591,71.467468
113.657013,81.399742,70.964943,71.469193
113.074852,81.239326,70.905487,71.623436
113.120453,81.427803,70.964943,71.968979
112.766762,81.542145,71.237732,72.096458
112.087173,81.837593,72.032700,72.577400
110.559807,81.692101,72.897476,73.111877
110.283691,81.849899,73.087196,73.499329
109.958145,81.899719,73.623108,73.351562
109.373520,81.971909,73.969231,73.342743
108.791969,82.005684,73.948318,73.426918
107.829834,81.611588,73.713829,73.547867
107.222160,81.702019,73.629036,73.639137
107.226089,81.650253,73.914558,73.978691
104.868851,81.290695,73.836891,73.211121
102.548958,80.760612,74.407532,72.471848
99.082130,79.948898,74.422340,72.557640
95.476463,79.890045,74.381142,72.965843
90.042854,78.697060,73.585968,73.103668
85.176003,77.875191,73.333282,72.352280
91.690880,75.935074,73.843460,73.420486
105.326805,76.105103,73.947243,74.740280
114.383667,75.932587,74.954559,74.954071
122.181671,76.317635,72.934418,73.309364
122.153893,77.813370,73.943932,72.970451
123.352371,78.779976,74.438622,71.666672
119.159988,78.585785,73.012260,70.829857
112.251305,79.416603,72.287964,70.387886
103.900444,80.904396,72.120178,70.501511
94.576233,83.034111,70.994843,68.420105
83.342804,85.601501,72.724503,68.946060
74.073051,86.136551,72.581909,69.350197
69.488235,88.832672,70.865776,68.484428
65.295357,91.210785,70.607590,68.299324
63.846931,92.374825,69.818192,67.777992
64.029045,94.595818,69.332825,68.215637
63.889183,98.018852,69.826363,67.779617
65.397186,100.316147,68.816582,67.362503
68.973335,103.211884,68.315094,65.910988
71.625038,106.055603,67.367836,63.500156
76.181068,107.137733,65.890892,62.719200
82.334686,107.759377,61.701660,61.943264
87.247887,107.050606,60.999184,62.332516
89.184845,107.471748,61.809067,61.692062
93.716034,109.415421,59.751133,60.269623
96.451012,109.946960,59.775421,60.662788
99.727806,109.256531,60.020535,60.738750
103.913826,110.458847,59.833412,59.302315
105.457756,110.832298,59.094982,59.491104
107.015472,110.918480,59.447880,59.013550
108.081787,110.951385,59.516682,59.855885
111.399277,111.001068,59.277237,59.361603
113.252731,110.936768,59.131203,59.019161
115.486900,111.189560,59.404041,59.322487
115.674438,111.306572,59.480556,59.489155
120.226196,112.924561,57.902473,58.129612
123.388878,114.082710,56.243958,57.666843
123.458839,114.572586,56.884205,57.986713
124.915787,114.443512,56.562531,57.045361
125.191032,114.684708,57.019836,57.487244
125.972420,115.934822,57.072086,55.106743
126.478889,116.195580,57.356911,55.309151
126.995308,116.222557,57.238529,55.378502
128.321548,115.775650,57.143612,55.229347
130.897202,115.398209,56.862854,54.736660
133.146484,114.744606,56.828518,55.096970
134.316544,115.122643,56.847607,54.906059
136.942963,115.077759,55.746147,54.512199
139.584763,114.581741,56.078976,53.391628
144.015732,112.380714,55.960709,53.186081
148.310059,112.407761,55.821529,52.731106
150.611618,112.063408,55.024788,52.725491
153.414780,111.399231,54.897774,52.575024
158.806213,109.561676,54.231014,51.268948
162.829559,108.358978,53.539646,50.815277
167.547424,107.313896,53.745411,50.368515
172.935303,105.925484,52.684086,49.470802
175.070709,105.515015,52.495392,48.589401
180.621323,104.424637,52.289337,48.456371
185.766769,102.710159,51.442490,47.343281
188.734100,102.366463,50.529072,46.505745
192.285309,102.018318,49.891930,45.721710
196.581573,100.107178,49.855286,45.431847
199.464615,98.898521,49.207428,43.862812
201.284027,98.149574,48.989952,43.132980
204.941132,97.774307,48.655506,42.974483
206.596176,97.332405,48.981819,42.711525
210.750031,95.180275,46.190002,42.425743
211.893433,94.552795,46.042114,42.763260
213.547546,92.869415,46.242828,43.524681
210.941956,92.432159,46.366005,43.743046
205.062286,93.825401,46.654293,43.058910
200.653595,95.265121,47.453495,42.880150
196.399078,95.301262,46.014648,43.401653
191.651840,95.921379,46.588394,43.705242
186.734512,97.430031,47.510506,42.596203
182.149857,99.877396,48.265347,43.449711
179.371002,102.743896,48.540981,42.167667
175.843430,103.553680,48.930916,42.346302
170.764267,105.037277,49.949505,42.145565
167.854401,109.090118,49.367104,41.792358
166.934219,110.670212,46.841816,41.878727
167.095230,110.898827,46.908707,41.888443
167.319153,112.334541,45.679058,43.455044
164.500748,113.361961,46.275131,43.800297
161.699509,115.098572,45.837986,43.930996
158.551239,117.661606,47.027458,44.093849
154.472122,119.086014,47.798489,44.811230
152.984573,121.341667,46.432953,45.533417
150.382431,123.456696,48.537926,46.058533
148.451263,125.296646,48.096130,45.294563
148.036682,125.618301,48.104015,45.809639
146.230194,125.390106,48.526150,46.856209
141.168015,126.592422,50.334072,46.374954
138.865570,127.682068,50.340157,48.184055
138.713669,127.780006,50.242947,48.999107
137.934677,127.748283,50.597973,49.053257
135.220688,127.111649,50.906395,50.076138
135.631989,127.476906,50.907070,50.721031
134.754486,127.570541,51.222012,50.928082
134.829041,127.486900,51.462109,51.079788
131.178406,126.176056,55.950657,53.945827
129.822617,126.505661,55.623302,53.681217
124.546997,127.103455,56.274796,53.667015
118.725349,128.516922,60.270416,53.663208
115.216797,128.869141,60.151012,53.726562
111.638878,129.201172,60.964565,54.045189
108.211288,128.700546,59.755150,55.114460
103.941071,130.164917,58.495380,55.031673
101.554321,130.706467,58.477020,55.176647
101.564445,130.868301,58.471111,55.476086
101.941345,130.745316,58.419361,55.509026
103.150658,129.323792,58.612076,55.782288
110.395103,125.488358,57.897724,56.644810
113.358459,122.087723,57.667263,55.965900
114.256935,120.195869,58.209400,55.517551
119.639313,115.520973,57.921513,56.831177
119.798119,115.490219,57.870461,56.937252
119.558327,114.675041,58.140091,57.118526
119.344749,114.826447,59.043064,57.417416
118.034561,114.597626,59.200283,57.623306
117.062408,113.626091,58.399193,57.633274
117.084740,113.797989,58.474045,57.990452
116.888618,113.760788,58.533306,57.999306
116.570755,113.531570,58.909248,58.084988
116.906784,113.600166,59.057884,58.579208
116.351723,113.830643,59.456215,58.960812
116.515701,113.888077,59.622906,59.048351
121.109398,112.997429,59.621944,60.282543
122.331497,113.113297,59.671928,60.353210
125.020599,113.616013,60.172401,59.278671
126.556686,113.433655,60.681202,59.498844
127.346863,113.598846,61.047268,59.446918
133.333389,113.665009,59.725983,60.061157
136.988937,113.754150,60.487804,60.535404
137.134216,114.175827,60.859421,60.616154
137.141556,114.585030,61.050800,60.858143
137.305267,114.654602,61.479565,60.967091
137.246887,114.642952,61.487869,60.965408
136.689697,114.770775,61.890415,60.399685
136.627762,114.693291,62.048916,60.257332
136.637375,114.801712,62.509708,60.389877
135.924316,114.687378,62.636829,60.269127
134.329346,114.241264,61.961334,59.854244
133.052521,114.331177,62.926273,59.719276
132.611969,114.419975,63.028694,59.925846
128.515274,115.309624,63.780254,57.974392
123.347244,115.583488,65.586739,56.616924
118.435364,114.093376,66.151428,56.916016
116.331200,114.381813,66.797203,56.364113
114.469612,114.293304,66.642593,56.568771
112.906319,111.680527,65.295120,57.091167
110.398796,109.372887,64.658287,57.792194
110.543579,109.475296,64.948929,57.979630
108.870483,110.024185,65.323326,57.910912
106.445786,109.831268,64.713097,57.502403
105.309898,109.976624,64.500725,57.784344
105.071243,110.177063,65.002655,57.634422
104.956390,110.314224,65.686470,57.871735
104.630806,110.323051,65.975304,57.875603
103.661629,110.318230,65.949532,57.720142
102.527771,110.253777,65.646164,57.529690
101.084373,109.502159,65.429199,58.106365
100.902985,109.093079,65.407379,58.331818
100.829399,109.122414,65.330757,58.491135
100.568054,108.323654,65.235802,58.352306
100.338425,108.287025,65.163132,58.639122
99.721642,108.385979,65.021011,58.851284
99.628304,108.476036,65.459366,58.913330
97.464920,108.426178,64.416367,58.970650
96.901466,108.452232,64.499290,59.392750
96.684685,108.692009,64.119614,59.448051
95.099960,109.112221,65.438416,59.083904
95.200714,109.330956,65.380241,59.457329
95.182961,109.413857,65.468269,59.426552
95.214592,110.299126,65.309669,59.121773
95.293671,110.505638,65.474289,59.480938
95.294472,110.703293,65.216278,59.397690
100.349915,111.711433,64.432831,58.062225
113.881325,109.839516,72.980453,60.298248
129.268372,111.675011,74.330666,59.520157
148.962967,117.021019,72.355988,60.136696
170.258438,125.190315,69.739021,61.065239
181.689651,128.103287,68.814507,60.672523
186.287445,128.281403,68.498627,60.834797
187.898590,129.935043,67.081985,61.565266
190.285416,137.456299,68.127533,62.355324
191.482285,137.597260,68.999565,62.257442
191.466553,137.756302,68.976227,62.466534
188.530914,143.284821,68.904427,61.148216
188.594772,143.458786,68.956123,61.481403
183.602448,143.873001,69.768631,60.316616
184.011017,144.589798,69.760582,60.556290
184.135498,144.815170,69.959496,60.976643
184.154114,144.827011,69.965431,60.973717
184.169769,144.840317,69.965431,60.973717
184.178391,144.855087,69.967560,60.971714
184.338776,144.933350,68.942513,60.779728
183.651215,144.617538,68.420471,61.081547
180.201904,143.640579,67.358421,59.112560
180.208527,143.781952,67.450272,59.469391
181.001389,143.433853,66.990990,58.862755
177.485672,141.105850,66.958855,59.214417
177.526688,141.214233,66.944389,59.490120
177.646927,140.994156,66.856346,59.483532
173.210251,139.675491,68.018669,58.861790
172.302124,138.047958,65.597992,58.736076
172.119156,138.632248,65.232468,57.101643
169.520203,138.042007,64.843468,57.165691
167.398361,137.426270,61.102348,57.311058
166.087982,137.940170,59.828751,57.032757
163.645691,138.318008,59.262970,56.882534
161.777664,138.188904,59.204765,56.152752
159.478363,138.485016,58.792965,55.385941
157.528458,138.478958,58.471603,53.748199
156.540833,138.273544,57.168865,53.913586
156.486313,138.173401,57.438362,53.564724
157.814133,138.134293,57.280933,52.840477
158.326035,137.865448,56.435566,53.062790
158.886505,137.058716,56.918243,52.114571
159.477768,136.546783,56.802219,52.307545
164.420502,135.118942,52.752777,51.399601
164.489471,134.597565,52.761745,51.488445
164.606659,134.421783,52.971333,51.461376
166.037903,133.724457,52.223713,50.889435
167.164108,133.285706,51.004265,50.413433
167.448532,132.977875,51.462994,50.095821
167.810364,132.002808,50.965412,50.457962
169.484604,131.273605,50.563141,49.516510
171.058716,131.629318,50.779602,49.368828
171.575684,131.609741,50.862469,49.310619
171.728714,131.682556,50.997044,49.393303
172.309723,133.932281,51.469074,44.566544
172.424866,133.822250,51.435894,45.140240
174.113754,133.234146,50.017387,45.302052
174.517792,133.024872,50.374619,45.471588
175.789688,132.055756,50.074818,45.454609
176.147369,132.140091,50.395107,45.398800
176.318298,132.189728,50.278831,45.454483
176.568970,131.959595,50.139011,45.503967
174.769058,133.398621,51.244949,44.818352
173.576843,134.846329,51.526112,43.774300
172.396530,136.190353,51.158489,43.246368
170.781128,136.513306,48.702347,43.737595
168.496216,138.345978,49.750862,43.768276
165.049377,139.197845,49.216713,43.835564
162.341492,140.013855,48.752705,43.885303
160.777863,140.723328,48.624451,43.761570
157.871048,141.929031,48.758621,43.222984
154.079544,144.476608,49.874378,41.643238
151.553909,146.687592,49.668507,40.830265
149.756317,148.367065,46.292542,40.541050
147.314514,149.398590,45.711792,40.581905
146.357193,149.927856,45.334709,40.809547
144.623047,150.946396,44.188438,40.925743
144.252441,151.647507,42.288254,40.792843
141.588287,152.729156,41.711311,40.791973
141.665436,153.118484,41.734699,41.028431
141.442520,153.493576,41.605904,41.530254
139.587158,154.762360,42.131546,41.779469
138.891724,155.019135,42.054520,41.851208
138.509262,155.467514,42.144321,41.896683
138.116013,156.006699,42.354153,41.741364
137.975693,156.343521,42.314377,41.864544
136.897324,156.837112,42.061405,41.835766
136.917191,157.021561,42.437603,41.923058
136.087540,157.195312,42.130692,42.025738
133.083832,158.193069,42.102726,42.066227
130.550583,158.780319,43.105137,42.192451
