1
203.645660,113.632095,45.483704,51.975243
203.262680,113.509018,45.424526,51.922138
203.234558,113.542191,45.502205,51.964211
202.207397,113.221649,45.972656,51.544743
201.875702,113.443642,46.041344,51.892368
200.897675,113.531273,46.839405,51.286102
200.690979,113.637871,46.987865,51.408283
200.472534,113.656715,47.045475,51.454811
200.003967,113.674706,47.419224,51.384548
198.195053,113.795456,47.881134,51.408901
197.805298,113.863708,47.771255,51.311409
197.896698,113.955261,47.958397,51.473526
197.428131,114.075836,48.132305,51.271221
197.074860,114.234627,48.540627,51.434311
196.597321,114.552765,48.735981,51.134335
196.229141,114.986511,48.731285,51.278667
196.312103,115.100082,48.930389,51.460236
195.910172,115.350647,48.919235,51.316292
195.452728,115.581512,48.930908,51.345993
195.469803,115.688881,48.928253,51.434013
194.676895,115.812103,49.081688,51.482468
194.580215,115.843666,49.468094,51.485229
194.390457,115.875069,49.461376,51.432346
193.776733,116.057251,49.547958,51.346760
192.325668,116.694061,49.661938,51.090740
192.201828,116.899956,49.662373,51.434200
192.277390,116.921013,49.877129,51.459202
191.619186,116.953423,49.979832,51.465710
191.221207,116.628838,49.900745,51.566242
190.973358,116.680573,49.832291,52.050293
189.937454,116.711411,50.004101,52.198242
190.011383,116.815826,50.402649,52.357899
189.787827,116.800667,50.235149,52.453671
189.410477,116.599007,50.489380,52.375324
189.146835,116.491096,50.354996,52.363903
188.788452,116.563301,50.570621,52.191643
188.743103,116.601051,50.653893,52.499573
188.511627,116.639191,50.967606,52.278950
188.405350,116.738297,50.962612,52.440289
188.404846,116.767258,50.944633,52.459221
188.421509,116.783356,50.972935,52.472919
188.431946,116.795570,50.975224,52.476337
188.380219,116.835464,51.042732,52.386120
188.601028,116.891655,51.465096,52.474007
188.603806,116.899483,51.465939,52.471146
188.174026,117.574677,51.337669,51.489189
187.926224,117.654922,51.191910,51.385593
188.074463,117.765259,51.032845,51.404972
187.975723,117.845367,51.185856,51.407005
188.011795,117.818474,51.315918,51.453304
187.772171,117.822060,51.414402,51.409992
187.518570,117.872726,51.194157,51.366467
186.683960,118.609261,51.204418,51.201748
186.383850,118.811211,50.918667,51.578571
185.908295,119.103569,50.751400,51.826355
185.673599,119.038872,50.833946,52.148689
185.440048,119.127434,50.901978,52.412289
185.429199,119.136871,51.019745,52.416477
184.997437,119.269417,51.613796,52.397701
182.699921,119.675949,51.634682,52.092335
180.227402,118.694031,51.919769,53.273514
177.357819,118.352547,52.331432,54.105202
172.954361,118.031227,51.853237,54.226078
167.388702,120.860855,53.074760,53.463001
161.922638,121.391464,53.367393,53.940903
158.642014,124.044472,50.473560,53.943680
155.210114,125.378616,50.405140,53.695213
151.434052,129.804047,49.324463,50.344101
147.817795,134.882843,49.110332,48.252640
145.066147,137.045364,48.851688,48.173740
141.454391,137.804794,49.442009,48.992134
137.266907,139.795959,48.992313,48.760811
133.250793,140.894333,48.546917,49.486465
128.352798,140.259888,49.486183,50.697487
123.738281,141.507996,52.790573,51.334816
122.270470,141.864670,52.745716,51.052963
121.325485,140.707169,52.868969,51.379902
122.144012,138.331848,52.441387,52.263676
121.948395,135.053558,52.031525,54.544792
121.982353,129.895615,52.583977,56.693848
122.874039,124.615166,53.985462,56.942009
125.490044,120.401215,54.338799,57.102619
126.772926,117.824142,53.962219,56.434612
131.115768,115.473518,54.388794,55.614910
132.259018,113.432930,55.911606,56.345417
132.671829,112.810555,55.779484,56.948219
133.912720,111.478798,57.644913,56.981899
134.126266,111.468437,57.994747,56.999718
135.236343,110.528221,58.087631,56.531464
138.073227,109.006699,58.048653,57.076378
138.363663,108.986832,58.431499,57.344486
138.408691,108.777260,58.453304,57.696987
138.404312,108.799530,58.467770,58.002483
139.026947,107.935570,58.498840,59.267250
139.040527,108.052925,58.483109,59.473576
139.052078,108.068512,58.476063,59.479435
139.054214,108.291512,58.495819,59.341919
138.832428,107.811661,58.595081,60.471928
138.920685,108.000847,59.015686,60.584225
138.966797,108.279999,59.546745,61.152676
135.917419,108.684944,63.906639,61.307476
133.009491,109.528549,68.072556,62.584766
132.878220,109.732468,68.576569,63.022774
133.068161,109.966690,68.983688,63.482861
132.955795,109.925606,68.854980,63.516659
132.746201,110.120605,68.943359,64.066437
132.269913,110.130844,68.746857,64.681046
131.014740,108.610970,68.350388,65.683716
130.857803,108.377441,68.189316,66.104668
130.216644,105.374031,69.406555,67.117821
127.965881,104.874550,71.601112,67.198753
128.083344,104.901443,72.245209,67.266884
129.467560,104.164322,71.984512,67.464958
130.210251,103.121330,71.898254,68.006416
131.661087,101.814590,72.325287,69.796707
132.482300,101.695450,72.450966,69.961868
134.012405,101.058647,72.243797,70.442467
137.227493,99.225349,72.394150,71.068161
138.370041,98.767807,73.452980,71.840157
138.870468,98.536209,73.400284,71.733612
139.433548,98.289291,73.486229,72.027893
139.995850,98.351707,73.473755,72.366035
140.311386,97.964607,73.373398,72.849281
140.413467,98.432358,73.538025,72.998276
140.634796,98.702972,73.893707,72.922852
140.717636,99.224800,73.214279,72.911354
140.845627,99.312798,73.478569,72.968765
140.490387,99.967896,74.067612,73.100090
140.704834,100.168053,74.463211,73.468330
140.461502,100.285515,74.558449,73.397034
139.467667,100.369659,76.567589,73.609444
139.426575,100.552681,76.997437,74.024391
138.759903,101.346115,77.106789,74.108818
137.428864,101.608574,78.410233,75.341225
134.800110,101.688889,78.531342,75.488426
134.989502,101.722511,78.905266,75.455536
133.161560,101.619675,79.250290,75.422440
132.027679,101.660210,79.380722,75.422874
132.085175,101.698875,79.460258,75.467422
131.767960,101.247307,79.387344,75.563423
129.338882,96.904213,78.334885,74.987656
125.169403,89.805717,75.505363,74.079941
121.416374,84.783791,76.618683,72.911346
118.233788,80.403419,76.015854,72.824722
115.031525,76.014343,74.764572,73.436188
110.543549,71.364502,73.285126,71.497719
106.210480,69.814957,72.201599,70.289062
103.590889,67.821426,72.670952,70.144043
101.077522,65.264999,73.565323,68.333443
97.947998,64.106636,73.615135,67.243629
93.637352,63.558842,73.068588,67.291702
93.045364,64.928154,72.609711,67.348877
92.706192,65.204056,71.855721,67.202751
91.506798,65.087761,71.940224,67.304886
90.548523,65.329811,71.603691,67.066422
89.249123,65.964714,71.292107,68.213760
88.531517,67.147888,70.432922,68.100296
86.747787,68.538231,69.555641,67.571320
84.942795,69.079910,71.534027,67.732628
84.737511,69.780113,71.862907,68.007256
83.754372,72.159134,72.701904,67.913429
83.983833,73.896873,72.468376,65.813972
83.836609,74.452492,72.178528,65.941902
83.473541,74.671257,72.445084,65.910942
83.550415,76.862762,70.582443,63.892792
82.701027,82.419563,70.012909,60.659149
82.771118,82.570572,69.576035,60.778152
83.194168,83.606079,69.332787,59.691662
83.022461,83.977478,68.965317,59.890720
83.184326,85.205719,68.011848,59.267101
82.454163,85.894165,67.392731,58.435997
82.182816,86.003296,67.080948,58.437157
80.894356,86.746445,67.366096,57.332371
80.326233,87.863297,67.146126,56.254124
77.088554,88.927711,67.787010,56.185310
73.721313,91.138077,67.972374,52.985153
70.767204,90.363266,66.991867,52.542046
68.231155,89.778275,63.179317,53.261074
64.745094,89.132881,62.669743,53.680340
63.063545,88.646149,62.028942,53.676842
67.007790,89.478859,63.751553,52.452175
74.355522,91.660294,65.054718,52.025139
87.592827,93.098907,66.715553,52.471195
100.878044,99.043869,72.880463,51.071781
119.488693,105.955078,73.100365,50.448845
134.032761,107.268005,69.098450,50.877495
164.230881,124.694817,68.750313,51.151077
165.028854,125.141327,68.206711,51.756462
167.115128,125.213974,67.060074,52.778019
167.078705,125.317886,67.328865,53.039871
167.357635,125.596848,67.177711,53.421825
168.304626,125.656105,67.040871,53.450745
168.986221,123.055748,67.103554,59.241474
169.192642,123.185890,67.474579,59.473846
171.809052,123.467720,67.903023,59.605042
173.042068,123.945328,67.117111,59.998875
173.775848,124.874329,67.392593,59.499969
176.698700,125.932449,66.609367,58.602505
178.984955,127.019165,65.735268,58.453831
180.572861,128.647812,65.239059,56.669048
180.844803,128.947739,65.428490,56.800926
181.265579,128.896927,65.197914,57.131836
182.666306,129.309937,65.254486,54.980286
182.909866,129.198090,65.396660,55.076263
183.408707,129.399918,64.934196,54.007519
183.473862,129.203720,64.962944,54.706871
183.538300,129.309937,64.942749,54.937290
183.616821,129.305435,64.974380,54.968472
185.470444,128.472870,64.205292,54.823933
186.203796,127.748863,64.413246,55.077724
188.030411,127.985977,63.744167,53.141342
189.919601,125.755013,63.488594,54.157238
193.607651,124.114799,59.835754,52.804825
194.862869,122.459251,59.731033,53.512024
199.244598,119.671593,58.298172,56.123562
198.559555,119.391129,57.681507,57.128113
193.468079,117.808456,56.679520,58.089123
185.276321,118.393509,60.587894,58.110695
180.490906,116.333488,59.150337,59.004017
175.410156,115.328491,58.690304,59.425694
171.621201,113.428841,55.167175,60.756405
168.111008,111.377266,52.821438,61.599373
165.378891,111.108856,52.706844,62.363777
163.648544,110.890671,51.839863,62.277237
162.264297,110.049316,51.352741,63.211399
161.380402,109.737015,51.521736,63.373116
160.777283,109.394211,51.330475,63.710049
160.547348,108.913269,51.373955,64.157539
160.526825,108.967461,51.441315,64.538101
159.477936,109.435280,51.818531,64.664017
159.234711,109.573303,52.000591,64.847366
159.200714,109.696060,52.734802,64.441689
159.337631,110.280922,52.884754,63.716751
158.972046,113.001686,52.977615,60.404289
158.935471,114.845482,52.736271,57.926270
159.100555,115.677071,52.956535,57.004993
159.193253,116.267578,52.921459,57.128456
159.218689,116.494240,52.970428,57.445423
159.275726,116.822571,52.906132,57.204666
159.358383,117.112465,52.937481,57.324909
157.441849,117.932770,54.269302,56.513107
153.970535,118.215149,54.785820,55.917374
151.618774,118.737236,54.438881,55.504169
146.097397,120.526978,53.920555,55.445229
140.631027,119.161575,55.915470,55.826607
136.115829,121.329247,54.781200,55.886143
132.695740,122.760384,52.461929,56.697823
130.128983,129.680511,50.421776,51.955917
128.416931,131.907150,49.295929,51.444599
123.739555,133.990158,51.535351,52.021263
119.746582,137.574081,51.493801,50.333141
116.393044,139.905289,52.638718,50.826740
115.812943,140.171417,53.293095,51.519833
115.675873,141.041870,53.287006,52.261837
115.724701,141.188766,53.537128,52.489269
115.921593,141.239868,53.898926,52.417320
118.005302,140.643326,53.748569,52.417313
121.449677,138.731995,52.953785,52.710125
126.533943,136.529007,53.673012,53.518330
132.828705,133.427109,54.252110,54.558689
133.273193,132.608444,54.906376,54.880573
135.545303,131.345398,54.324291,54.939854
141.202393,129.867783,54.017773,54.946815
142.150055,128.946182,54.836033,54.733200
145.505936,125.989799,54.746513,55.940086
149.572235,122.826591,56.063087,57.697556
149.083176,120.941803,58.133972,58.761341
148.823318,118.009163,59.859619,58.993069
148.518295,113.262917,59.741936,60.368649
148.356934,110.514832,59.653851,61.025780
147.092484,109.404793,60.164871,61.787010
146.002762,108.603569,60.672447,61.937550
142.139236,104.339943,63.446705,63.168274
140.743820,103.281784,62.672390,63.180298
137.427139,101.018860,62.968372,64.301590
135.563477,100.661247,62.184654,64.243301
132.901978,99.080040,61.741928,64.371750
129.613251,98.585732,61.513607,62.709595
129.466385,98.542908,62.058575,63.079258
126.158005,97.207535,62.241707,63.773911
124.103699,96.702957,62.303452,64.085526
122.783897,96.740829,62.698997,64.224648
121.316940,96.260117,63.090130,63.955776
121.065918,95.952499,63.335850,64.008095
121.096481,95.849022,63.466331,64.639046
121.112869,95.715797,63.359043,65.023468
121.643051,94.080132,62.984035,65.331520
121.684677,92.453117,62.798832,65.027039
121.475723,91.893295,63.265907,65.358574
121.777580,90.403702,63.632870,66.585472
122.455139,89.040565,63.940105,66.506790
124.818436,87.557533,64.564537,66.658691
127.066528,86.363976,65.087402,67.254356
128.893356,85.004555,64.918793,67.720482
131.696732,81.959160,64.230743,68.373451
132.121109,81.905746,64.449295,68.523170
132.158569,82.109695,64.459885,68.981377
132.403656,81.708542,64.258949,69.057053
132.634415,81.498344,64.821655,69.598953
132.651047,81.605576,65.024635,69.969154
131.470795,80.304008,67.215454,70.496376
130.137024,79.532043,67.675995,70.544281
125.932976,79.468956,67.634727,69.552811
123.822487,79.773117,69.019333,69.631332
123.631126,79.852745,69.283340,69.934578
121.231285,79.702415,69.158127,70.269470
116.700378,80.351524,71.076859,71.089691
114.660774,80.425987,71.687790,71.637054
113.721611,80.493866,72.142242,72.088768
113.113907,80.621819,72.611237,72.359428
112.991623,80.690109,73.034996,72.463524
112.838318,80.610062,73.242691,72.472862
112.965256,80.623833,73.463707,72.468765
112.966888,80.629608,73.442612,72.472771
112.252563,80.504807,73.566116,72.509972
112.464455,80.750191,73.970032,72.970406
111.789024,80.945053,74.208649,73.203964
111.461960,81.147034,74.647911,73.595482
109.895561,81.245483,75.584137,73.748260
109.815811,81.321945,75.983658,74.012390
108.546730,81.655075,76.741837,74.276207
108.286507,81.707321,76.745232,74.434059
107.476631,81.556747,76.997070,74.454887
106.601616,81.397781,76.595383,74.402893
106.073280,81.135010,76.856049,74.130638
105.976883,81.160210,76.881996,74.426003
104.641876,80.824646,76.602150,74.107277
101.605118,79.797295,77.192879,74.182747
97.949257,79.477539,77.527489,74.223549
92.283234,79.063652,78.073456,74.459152
88.081894,77.494102,76.425224,74.883247
83.508507,76.531845,75.755478,74.063438
89.971748,75.136818,76.973351,74.858780
103.499031,75.621101,76.418610,75.581856
112.944695,76.424606,76.965416,74.547829
120.311493,76.679359,75.827972,73.961731
121.313881,78.092232,76.083038,73.132607
121.951942,78.681793,77.109543,72.841782
117.568840,77.895615,75.624023,71.815559
111.128281,78.952248,74.124657,70.956459
102.691666,79.759140,74.612617,71.274895
93.893616,82.173256,72.943527,68.277107
83.009476,84.678474,73.695190,68.765396
73.263885,85.417763,74.033043,69.044342
68.505821,89.065453,73.093262,67.607788
63.920856,91.566719,73.355797,67.624672
61.795143,92.838165,71.863495,67.484276
61.964611,95.170853,71.393105,67.387222
62.248215,98.803810,71.771637,66.659622
63.783112,100.689880,70.606239,66.736206
67.414696,103.182800,70.428474,65.579269
70.179192,106.818817,69.371185,62.371689
75.239243,108.077408,67.886505,61.213043
80.871933,108.841675,64.148506,59.874817
86.515770,107.879189,63.093719,60.443062
88.472214,108.263458,64.124176,59.998447
91.725723,108.952789,62.935810,59.239231
94.622269,109.515862,61.809109,59.696888
98.135910,109.522690,61.974396,59.433319
102.480194,110.537186,60.616108,58.139336
104.527000,110.847061,59.881310,58.615040
106.368790,111.256454,59.668846,58.072090
108.223557,111.219749,60.109970,59.028053
111.125725,111.543213,59.828472,58.907410
112.318161,111.579308,59.506958,58.621296
115.253731,111.825821,59.523754,58.719238
115.510658,111.974091,59.990326,58.976162
119.574326,112.970268,58.783504,58.222790
122.681534,113.854881,57.128033,58.015800
123.006264,114.256439,57.483482,58.420746
124.231026,114.130608,57.170139,57.735493
124.560661,114.274048,57.523891,57.980968
125.455711,115.352676,57.531010,55.929905
125.944527,115.713692,57.891659,55.466782
126.755386,115.558922,57.493946,55.377235
128.176788,115.036682,57.157211,55.534088
130.443741,114.920448,57.045635,54.812962
133.623337,114.563210,56.731850,55.097614
134.387375,114.868797,56.880890,55.107983
136.768478,114.914597,55.793076,55.044746
139.520584,114.537659,56.256657,53.042866
143.994843,112.341553,56.356239,52.908264
148.553757,112.214890,55.498268,52.356113
151.600388,111.635254,54.289974,52.110847
154.315994,110.682289,53.826992,52.374504
158.930252,109.696304,53.250126,50.693077
163.639709,108.146011,51.936028,50.367664
168.789291,107.340675,51.221382,49.485809
173.904709,106.484604,50.454334,48.257977
176.377365,106.047546,49.753014,47.408669
181.550735,104.475563,50.102039,47.143475
186.496002,103.123222,49.302757,46.711105
188.770538,103.170380,49.077461,45.581150
192.638962,102.784683,48.498848,44.797943
196.966385,100.729828,48.063034,44.361015
200.158844,99.115547,47.941456,42.994194
201.421814,98.387184,47.193974,42.652344
204.707092,98.225723,47.432243,42.428364
208.157318,96.941620,47.541607,42.242764
211.537170,94.927719,45.412228,42.578430
212.963715,94.255089,44.615852,43.055595
214.240097,92.762421,44.923313,43.802067
210.721024,92.425369,44.602066,43.538216
205.137848,94.210251,45.138058,43.382690
200.910004,95.673103,46.032215,42.936638
196.148880,96.159584,45.789406,42.965912
191.249268,96.609962,46.209156,42.856449
186.512558,97.615410,47.086803,41.921276
182.452209,99.945854,48.246021,42.196770
179.553909,103.378212,48.109329,41.330528
175.885025,104.043610,48.349277,41.355427
170.929413,105.062080,49.858128,41.528690
167.890244,109.239250,50.171646,40.670280
167.241257,111.008537,47.626095,41.305016
167.672333,111.327332,47.607437,41.523727
167.774490,112.423325,46.868126,42.728889
164.846191,114.108208,47.303261,43.600018
162.063629,115.340721,46.888382,43.585281
158.823425,117.507301,48.202648,44.116543
154.851746,118.755058,48.255058,45.108879
152.903152,121.033134,46.887825,46.161270
149.681900,122.908569,50.179504,46.852982
148.031693,124.477074,49.613880,46.375038
146.153732,124.738098,49.658192,46.835056
144.436188,124.395271,50.173157,47.676468
139.214371,126.053322,51.708904,46.904209
136.894791,127.396423,52.623726,49.370129
137.034058,127.378769,52.622528,49.951626
136.662949,127.363777,52.998993,50.070206
133.580841,126.791412,53.068401,51.191521
133.949005,127.329849,53.619682,51.882839
132.796753,127.302299,54.160603,52.008430
132.866409,127.453896,54.494354,52.544598
132.218628,126.827400,55.414841,54.080925
129.980530,127.267799,55.176060,54.186863
125.451492,127.450890,55.980064,54.601341
120.024590,128.054810,59.378677,54.755039
115.621330,128.362335,59.686821,54.701874
112.063370,128.939560,60.489887,54.780540
109.055809,128.598511,59.806763,55.418163
105.383621,130.264694,58.254032,54.895214
100.640533,130.385452,59.460819,54.992710
100.658737,130.389252,59.470619,54.976303
100.871292,130.386612,59.521294,54.926262
102.012161,129.493103,59.938107,55.295170
109.753922,125.984047,57.581642,55.920013
113.555527,122.109039,57.772736,55.026123
114.142944,121.204880,58.241035,55.025928
119.597473,115.949783,57.487564,56.732647
119.637924,116.051804,57.440628,56.952755
119.327042,115.029945,57.628025,57.128937
119.184723,115.178795,58.431683,57.433582
118.599838,115.144264,58.290867,57.453541
117.685097,113.156952,57.074566,57.463390
117.839279,113.162582,57.479420,57.483395
117.650887,113.138153,57.463573,57.499245
117.592560,113.097679,57.438858,57.494076
117.713997,113.078552,57.512787,57.520966
117.048592,113.358887,58.162071,57.991116
117.205589,113.677757,59.452522,58.017494
120.887627,113.447227,59.026478,58.854507
123.201897,113.570969,58.869663,58.521732
125.552002,113.896858,59.290649,57.760925
127.479210,113.694382,59.357807,58.150524
128.034103,113.984230,59.575771,58.454453
133.688721,113.948418,58.397148,59.273403
138.188950,113.787247,59.146793,59.634659
138.420837,114.174454,59.490868,59.695797
138.410187,114.447685,59.497749,59.919945
138.409927,114.487885,59.470619,59.974148
137.858765,114.508598,59.651863,59.907036
137.820465,114.582436,60.115158,59.689541
137.842224,114.624298,60.604889,59.715919
137.888184,114.773209,60.991276,59.915314
136.636276,114.526230,60.428959,59.718399
134.816422,114.234299,59.302258,59.280113
134.481827,114.351112,59.682743,59.383915
133.328400,114.427696,60.214649,59.108604
128.721420,115.159706,61.105343,58.524746
124.041908,115.756409,62.775337,57.240307
118.893661,114.612488,63.689884,56.812862
116.820541,114.704010,63.923134,56.178974
114.770004,114.682076,63.663002,56.347775
113.586693,113.038300,62.812950,56.552147
111.512573,110.809189,62.117519,57.247280
111.612907,110.902916,62.418468,57.479134
111.378258,110.937683,62.463562,57.585197
108.312027,110.762909,62.369259,57.217995
107.278847,110.818710,62.184181,57.339806
106.575600,111.000710,62.578121,57.163929
106.096626,111.099228,63.124424,57.364189
105.746986,110.979584,63.371567,57.421921
104.220703,111.014107,63.920441,56.931438
102.500412,110.861328,63.693321,56.565968
100.846558,109.723953,63.263588,57.301411
100.830620,109.391579,63.298363,57.357128
100.851204,109.353210,63.310787,57.499935
100.787422,108.929443,63.566486,57.414200
100.567230,108.896530,63.646114,57.614845
100.393631,109.256187,62.546883,57.110172
100.500328,109.449806,62.951061,57.482784
98.062775,109.118713,62.295738,57.896610
98.056740,109.164360,62.507408,57.994984
98.182266,109.235832,62.944279,58.012302
96.941917,109.904549,63.209435,58.320950
97.077309,109.990906,63.422394,58.481720
96.659752,110.246063,63.589745,58.438328
96.866089,110.346146,63.967751,58.464241
96.946823,110.417961,63.945076,58.487953
96.881279,110.535515,63.831261,58.481846
101.700516,111.880722,62.567196,57.381882
113.994278,110.202568,72.031067,58.767181
129.305405,111.669647,74.223648,58.431038
149.664200,116.520401,71.817993,58.955883
169.618591,124.671570,69.843918,59.228664
182.294189,127.773293,68.252457,58.926502
187.348602,128.082581,67.667534,58.984734
190.362396,130.271561,65.886986,59.898972
192.383240,137.533997,66.830406,60.165359
193.662369,137.698776,67.338272,60.266521
193.573074,137.940216,67.585228,60.509403
190.147903,143.276230,67.460625,59.998920
190.206543,143.283844,67.453705,60.069725
184.830307,143.914536,68.949501,59.428181
185.040771,144.161804,68.755386,59.544350
185.182312,144.396713,68.952362,59.981758
185.204514,144.405991,68.965927,59.974148
185.222931,144.419434,68.964348,59.975094
185.239136,144.432053,68.965927,59.974148
185.133881,144.489410,68.805962,59.914291
184.091782,143.999146,68.548752,60.194386
181.208344,143.580444,68.224762,58.906494
180.807159,143.139420,68.165184,58.960472
181.217056,142.951859,68.344162,58.822979
176.785889,140.442535,68.387268,58.351250
176.848053,140.505859,68.457924,58.479656
176.947220,140.195450,68.338303,58.550243
174.430588,139.836212,68.792725,58.227074
173.092850,137.955505,66.747818,58.593285
172.272018,138.292923,66.121819,57.326328
169.236771,137.418137,66.146614,57.597500
166.739716,137.142410,63.461273,57.920013
164.395554,137.500107,62.457554,57.551445
161.593521,137.970123,61.917343,57.229313
159.416306,138.073685,61.802887,56.507717
157.523987,138.551834,61.912350,55.863022
155.682144,138.683228,62.019966,54.462784
154.214340,138.514374,62.046753,54.297173
154.033905,138.479568,62.604542,53.860798
155.399612,138.010971,62.407108,53.399380
155.905838,137.528687,60.836685,53.626698
156.469925,136.815964,61.011414,52.775730
157.386398,136.055923,61.009850,52.812817
161.980331,134.856232,57.451553,51.670349
161.965225,133.892166,56.910095,51.731434
162.095306,133.910233,56.924328,51.965183
163.113022,133.435394,56.478409,51.666847
164.769775,132.891647,54.262226,51.314575
164.978943,132.878632,54.443119,51.184162
166.165436,131.176865,53.379677,51.746693
167.302124,130.975525,53.475658,50.287930
168.132172,131.223145,53.706669,49.967548
169.082336,131.211243,53.701859,49.489227
169.636246,131.204529,54.060406,49.173992
170.441376,132.790985,54.645702,46.128044
170.617599,132.913834,54.962982,46.507748
173.198944,132.517883,52.342712,46.667530
173.441422,132.408798,52.440956,46.975838
174.192825,131.886673,52.267818,46.583260
174.401199,132.240097,52.348679,46.767410
174.649139,132.323990,52.145908,46.959732
174.858688,132.077835,52.393181,47.008568
173.840637,133.564484,52.343201,46.053185
172.541580,135.221725,52.295567,45.665318
170.275391,136.623505,52.461258,45.164814
167.780746,137.501999,51.634979,45.319504
165.755615,139.495377,52.976089,43.883942
163.454773,139.839218,51.548412,43.635006
161.158508,140.292587,50.997925,43.644623
159.753372,141.051712,50.749794,43.807770
157.085373,142.428040,49.790543,43.343880
153.412018,145.221191,50.624496,40.981457
151.347000,147.267471,50.784668,39.989876
149.288315,149.000000,47.130001,39.574520
147.245270,149.902328,46.333912,39.750519
145.779755,150.353851,45.838787,39.767750
144.375290,151.342285,43.939823,40.376629
143.984940,152.081070,42.667706,40.266239
142.425568,153.163132,41.875893,40.585339
141.872421,153.840118,41.861973,40.915684
141.426102,154.036896,41.460503,41.076458
139.305267,155.114624,41.812027,41.462776
138.571106,155.184235,41.504700,41.460136
138.096024,155.743149,41.789776,41.500118
137.766174,156.340607,41.934227,41.804905
137.588486,156.686752,41.788776,41.840366
136.549484,157.226700,41.488178,41.715977
136.100021,157.622955,41.366310,41.823505
135.959137,157.802277,41.019463,41.960732
133.340988,158.721375,41.370129,41.361290
131.779266,158.967880,41.717377,41.423687
