1
196.080322,115.128143,51.369240,47.052692
196.121216,115.319992,51.404896,47.495998
196.167419,115.321930,51.474125,47.479664
196.175537,115.315155,51.455711,47.483730
196.197372,115.323364,51.473911,47.478760
196.192551,115.327888,51.442726,47.477295
196.209732,115.336670,51.457054,47.475945
196.229691,115.348434,51.473648,47.479797
196.136261,115.340233,51.426899,47.489670
196.123917,115.342613,51.419209,47.467392
195.838058,115.363098,51.213070,47.501411
195.808456,115.597610,51.161373,47.983044
195.663651,115.631622,51.314209,47.878506
195.570450,115.713776,51.487263,47.992622
195.434357,115.707054,51.228111,47.964039
194.970200,115.801216,51.252323,47.997059
195.040283,115.812462,51.426777,47.960865
194.442429,115.946327,51.362057,48.168461
194.060898,116.295708,51.158024,48.487335
194.221252,116.303391,51.459740,48.470348
194.110138,116.325195,51.472328,48.492771
193.650146,116.512718,51.405117,48.377220
193.471619,116.621841,51.370255,48.487343
192.748047,116.966454,51.449188,48.266476
191.775040,117.447510,51.375008,48.436459
191.579605,117.484558,51.369106,48.473473
191.462830,117.471558,51.245132,48.467682
191.426727,117.508057,51.454746,48.486675
191.193970,117.383072,51.366791,48.506481
191.034882,117.616745,51.438282,48.938293
189.894760,117.489769,51.578442,48.859505
189.288040,117.146591,51.932354,49.097080
188.847000,117.176613,51.808208,49.564976
188.773743,117.135231,51.814751,50.015167
188.824799,117.344002,51.931969,50.471649
188.754364,117.305809,51.957283,50.460381
188.615433,117.244415,51.751827,50.493675
188.328842,117.301392,51.912766,50.340187
188.314163,117.368126,51.941490,50.466309
188.291763,117.365440,51.900936,50.436817
188.307465,117.384735,51.974457,50.474842
188.264008,117.395401,51.998371,50.453751
188.203735,117.416924,52.042843,50.436623
188.404724,117.436462,52.415649,50.474110
188.083115,117.463646,52.462482,50.394791
187.838379,117.819023,52.289360,50.156834
187.551376,118.126564,52.120037,50.412891
187.701294,118.167015,52.274315,50.449875
187.544800,118.359413,51.539158,50.388409
187.657028,118.368927,51.809975,50.441837
187.521286,118.311798,51.771763,50.503830
187.435822,118.511124,51.890396,50.863632
186.444107,119.356544,50.702858,50.800571
185.939133,119.826065,50.520447,50.759693
185.487274,120.023506,50.333599,50.889263
185.257080,119.930046,50.410954,51.122570
185.170822,120.033783,50.309105,51.484638
185.110489,119.921753,50.656395,51.508369
184.891022,120.086380,50.945927,52.009392
183.247604,120.541008,50.737640,52.250156
180.455368,118.661598,50.910355,53.889423
177.852890,118.332291,50.992012,54.480457
173.661819,118.346512,50.360195,53.757496
168.389023,120.000793,51.291733,54.142426
162.476547,120.542686,51.620956,55.033001
158.864456,123.244308,50.215511,55.049660
155.934402,124.796791,50.023846,54.946743
152.073685,128.730148,49.728939,51.594093
148.079224,133.917999,49.981205,50.144962
144.765091,135.924759,49.415134,50.217693
140.912277,136.862915,49.641693,50.499447
136.757217,138.769562,49.324165,49.958801
133.531693,140.616898,49.101719,49.977184
128.880829,140.242828,49.802559,50.286983
124.194977,141.580811,53.101917,50.423542
122.339592,141.866837,53.108753,50.014000
121.498505,141.022110,53.109035,50.324139
122.594872,139.532349,52.603443,50.597477
122.307396,136.457764,51.891232,52.014668
122.533531,131.289536,51.609848,53.516445
123.893806,126.529015,52.384590,54.321266
126.935616,121.587753,52.532288,55.169857
128.876480,118.949783,52.495377,54.410427
131.892502,116.215408,52.634796,53.675346
132.900482,113.521019,55.456528,55.338333
133.060089,113.327904,55.424419,55.689079
134.133438,111.894798,56.863392,55.849247
134.750076,111.809120,57.309559,56.033958
135.787888,110.275787,57.732697,55.864548
138.171356,109.287636,57.460209,56.193512
138.354218,108.986229,57.448936,56.386269
138.425735,108.870796,57.500130,56.646694
138.662704,108.845345,58.008850,56.886837
139.799911,107.801270,58.419449,57.931385
139.838821,107.835739,58.471111,57.975010
139.851898,107.848396,58.471111,57.975010
139.865570,107.929466,58.468899,57.957767
139.049973,107.920570,59.827789,59.107655
138.990616,108.219597,59.860535,59.978657
138.531891,108.403152,60.171860,60.299049
136.880814,108.628143,62.320625,60.402554
133.227325,108.887291,66.591110,62.578758
132.649536,109.109558,67.426216,63.120949
132.684845,109.299263,67.466667,63.472641
132.648727,109.284569,67.422714,63.514511
132.305923,109.536209,67.375893,64.014709
132.178940,109.718315,67.335884,64.502602
130.986832,108.663063,66.891769,65.567650
130.808670,108.602272,66.777382,66.079224
130.533768,105.642097,67.572739,67.349152
128.282730,105.291878,70.298653,67.064011
128.101761,105.309013,71.064247,67.338829
129.903442,104.524841,70.978165,67.448792
130.634811,103.358276,70.896179,68.077469
132.145065,101.898071,71.279907,69.758133
133.025864,101.170074,71.374588,70.395706
135.063705,100.440041,71.098625,71.077080
137.896561,98.974243,72.132088,71.970474
139.195404,98.316673,73.696716,72.416328
139.375778,98.170074,74.192177,72.350235
140.252701,97.336777,74.724625,72.489273
141.016296,97.099350,74.759163,72.274559
141.162933,97.187866,74.942612,72.486069
141.201294,97.211487,74.961983,72.473969
140.989624,97.633965,74.794777,72.534653
141.037811,98.006668,74.848457,72.901840
141.083542,98.354530,74.969276,72.890053
140.289474,98.983955,76.511063,73.366913
140.539948,99.086548,76.915390,73.454124
140.149704,99.189850,76.939178,73.298172
138.281204,99.189957,79.620590,74.055450
138.161743,99.439392,80.010262,74.508919
137.068085,100.219002,80.329979,74.490372
136.577621,100.217613,80.501640,74.544067
133.857086,100.456223,81.524384,75.508606
133.426620,100.932655,81.539879,75.892731
133.067841,100.940163,82.118912,76.069000
131.902954,100.979126,82.296165,76.390030
132.000839,101.024048,82.434509,76.474411
131.863800,100.671837,82.373955,76.434204
129.254944,96.575226,81.367722,73.906555
125.070923,90.022713,79.042480,71.539810
120.067062,83.833786,80.643433,71.573868
117.712975,80.401558,79.937828,72.030365
114.609398,75.650505,77.604317,73.025261
110.012558,71.431755,76.546227,70.886650
105.844681,69.625519,74.539940,69.269135
103.926491,68.176079,75.249008,69.739876
100.583191,64.714462,76.448059,67.707848
97.191338,63.434208,76.591454,66.491463
93.110939,62.895386,75.942810,66.429771
92.752686,63.546543,74.576050,66.536835
92.772064,63.776493,74.580009,66.914581
92.122253,63.642323,74.989281,66.742500
91.151764,64.283226,73.981339,66.655708
89.566330,65.432182,72.932404,67.954544
88.389565,66.716232,71.391579,68.076958
85.746895,69.092018,70.546097,66.845367
84.367455,69.409729,72.086143,66.794922
84.286194,69.801704,72.404785,66.974304
83.434769,72.282722,72.993309,66.849617
83.412552,73.652260,72.848465,65.469612
83.321205,74.966454,72.400490,64.916733
82.910446,75.165840,72.360672,64.922699
83.130203,76.247223,71.085693,64.192688
82.615555,81.291969,70.905632,61.730606
81.875305,81.578316,69.603020,61.525024
82.076317,81.931938,69.680397,61.877052
82.030556,82.527390,69.573463,61.540474
82.157478,84.305161,69.399849,60.414780
79.783302,86.724167,69.058464,56.657661
79.306076,87.047493,68.825531,57.035797
77.884605,87.693237,68.348969,56.746529
77.274216,88.448456,68.180618,56.494736
73.824585,89.312851,67.895897,56.573441
71.873543,90.549492,67.785942,55.235264
69.850571,90.495834,66.685432,55.026592
67.434586,90.346855,63.868317,55.326538
63.759315,89.295372,63.360462,55.550484
62.182442,88.760857,62.710880,55.370064
65.661545,88.729767,63.836575,54.815422
73.695717,91.025269,64.708939,53.342560
86.925133,92.119179,65.579803,53.810337
99.772903,98.172913,71.795296,52.918594
118.174896,104.926956,72.169975,52.132439
133.714325,106.313599,68.476784,52.892342
163.718246,123.831993,67.668327,53.458435
164.624954,124.191551,67.228294,53.677670
165.732071,124.364075,66.909042,54.361954
165.685562,124.429001,66.970306,54.479710
165.740509,124.468109,66.922646,54.457901
167.407806,124.705040,66.012863,54.490456
167.130875,122.467545,67.193993,59.525116
167.440109,123.859993,67.630989,59.043385
170.856796,124.300720,68.025848,59.658726
171.726746,124.563148,68.147156,59.893723
172.292984,125.044556,68.643692,59.828518
175.696075,126.222054,67.825340,58.799965
178.535324,127.138672,66.456383,58.547440
180.369736,129.161530,65.398056,56.833981
180.562180,129.378983,65.428490,56.800926
181.335999,129.212906,65.022102,57.197323
182.824615,129.593170,65.254486,54.980286
183.011337,129.360367,65.424179,55.077320
183.496414,129.561661,64.934196,54.007519
183.347351,128.950256,65.422401,55.063251
183.476898,128.998627,65.359421,55.507256
183.881958,128.973755,65.317688,55.983795
185.569748,128.269608,64.803505,55.709915
186.232559,127.418564,64.651413,56.158947
188.088516,128.032593,64.250671,53.506413
189.991348,125.424278,63.915279,54.713940
193.291840,123.728958,60.664845,52.740158
194.504898,122.279617,60.846493,53.306805
197.288940,120.266777,59.629154,55.008247
196.617584,120.552940,60.287365,55.581776
191.510910,118.771942,58.139187,56.831963
184.170441,116.339363,62.339363,59.080601
179.435089,115.345894,59.388763,59.258549
174.611893,114.737587,59.018826,59.139645
171.140289,112.273911,54.954704,61.608955
168.228943,111.404541,52.206306,61.859169
165.146942,111.141830,52.511791,62.142887
163.031387,111.389793,52.065166,61.878582
161.627335,110.696388,51.432148,62.465199
160.963837,110.534439,51.383339,62.381607
160.120514,110.361580,51.241768,62.587730
159.996796,110.302101,51.037392,62.966652
160.059891,110.139656,51.529823,63.007923
159.514984,110.552261,52.105213,63.080650
159.566971,110.743477,52.414845,63.466564
159.330948,110.867203,52.799595,62.752686
159.414154,111.067772,52.945053,62.880085
158.985489,113.889847,52.932964,59.135277
159.018997,114.673058,52.876068,58.630405
159.073593,115.202797,53.019951,58.471531
159.324768,115.509926,53.461697,58.164185
159.330856,115.689957,53.471859,58.461617
159.388885,116.107780,53.381489,58.108521
159.483383,116.467255,53.435081,58.295341
156.797699,117.322441,55.297398,57.565796
153.193832,117.586342,55.901836,56.735493
150.770233,118.230179,55.166607,56.420467
145.606201,119.040710,54.616367,56.419315
140.027512,118.184036,57.464993,56.373493
135.017868,120.126617,56.573570,56.693371
132.209000,122.131508,53.717419,57.456482
130.039780,129.195297,51.465958,52.916885
128.447647,130.996216,49.327866,52.655090
124.394211,133.080978,50.434078,53.406658
120.417549,137.082550,49.910290,50.846931
116.796272,139.301163,51.139606,51.527790
116.699234,139.698730,51.557125,52.039165
116.692833,140.694412,51.660503,53.037815
116.794861,141.043686,52.240604,53.524357
116.874893,141.278732,52.343140,53.971745
118.451782,140.707520,52.224598,53.764366
121.749352,138.861832,51.915859,54.509193
126.094559,136.761658,53.639450,55.525757
131.897949,133.200897,55.091015,56.597572
132.704575,132.096497,55.783817,56.364502
135.093384,131.030350,55.816181,56.086040
140.488495,129.554214,55.477123,55.698555
142.008530,128.560364,55.948814,55.234112
144.285995,126.912399,55.621529,55.742466
149.505737,122.342743,56.271729,57.645416
148.912354,120.484032,58.133972,58.761341
149.025192,117.318962,60.076164,58.587166
148.680801,112.793709,60.654949,59.777985
148.515366,110.693626,60.442184,59.795727
147.103409,109.547462,60.102997,60.192757
145.740753,108.453156,61.047390,60.162437
141.607590,103.807594,63.816402,61.880585
140.755966,103.370789,63.470619,61.969143
136.966705,100.351349,63.237625,62.963356
135.165894,100.003258,62.407822,62.682552
131.296692,98.872627,62.365143,63.616325
128.499176,98.541794,61.512760,62.169716
128.465500,98.544540,61.885300,62.560394
125.271172,96.622192,63.304684,63.928120
123.162621,96.335190,63.670925,63.956871
122.081337,96.147232,64.014679,63.829903
119.979515,95.534210,65.053482,62.871971
120.029053,95.394226,65.285973,62.975357
120.126419,95.382652,65.473114,62.976204
120.239471,94.668251,64.927826,63.245701
120.333282,94.047264,64.899643,63.325203
120.457802,91.917549,64.545670,63.765450
120.405495,91.229271,65.178223,63.834156
120.619705,91.046318,65.563499,64.176773
121.460907,90.068581,65.820251,64.251648
123.400658,88.671104,66.702492,64.702301
124.971451,87.382179,67.383629,65.407265
126.643631,85.412224,66.852913,65.582367
128.629883,84.044479,66.480484,66.080193
129.285751,83.998711,66.428047,66.421631
129.390793,83.272369,66.445671,66.860085
129.479401,82.866920,66.347229,67.163734
129.611252,82.920837,66.530075,67.507416
129.482025,81.445518,67.923470,68.468239
128.987839,80.813217,68.848953,68.833664
128.487137,80.592735,68.883713,69.047653
124.906883,80.123390,67.979584,68.987846
122.678078,80.259338,68.241348,68.626137
122.798126,80.448540,68.469093,68.966187
120.843887,80.247421,67.838760,69.019966
116.800331,81.045120,68.969551,69.723763
114.782806,81.155663,68.912178,70.098183
114.516968,81.369911,68.979271,70.459229
113.109932,81.174103,69.534027,70.334206
112.499252,81.262535,70.469574,70.522881
112.496101,81.496826,70.437325,70.963333
112.525795,81.515358,70.465187,70.969406
112.541557,81.530853,70.465187,70.969406
112.361244,81.474228,70.451225,71.043640
112.361610,81.708519,70.515793,71.484314
112.370613,81.800171,71.171051,71.531044
112.238342,82.045029,71.601952,72.072273
111.252670,82.122910,72.300957,72.430763
110.914505,82.075394,72.460365,72.506744
110.587357,82.386818,72.604233,72.887848
110.292030,82.437523,72.977257,72.888435
109.950249,82.440292,72.976273,73.001823
108.735023,82.033318,72.676605,73.592407
108.236473,82.119255,72.776802,73.605049
107.735992,81.720306,72.884613,73.652191
104.835281,81.257034,72.976753,73.197647
102.599495,80.545006,73.325714,72.795761
99.466942,80.044403,73.719658,72.270622
95.647766,79.836250,73.787201,72.454155
91.183647,79.018616,73.068779,72.577660
86.470749,77.866798,72.711868,73.057808
92.426361,76.122940,75.054253,74.051796
106.126335,76.722412,75.654869,75.738739
115.776329,76.230156,76.494400,76.932297
124.404800,76.560448,74.742546,74.915497
124.717804,77.264793,74.954971,74.203056
125.031952,77.923241,75.282166,73.530098
120.547112,76.778931,73.322388,73.515900
113.062012,78.018906,72.468002,72.736984
104.082794,79.924210,72.887817,72.666069
94.749985,82.909760,71.615112,69.517044
83.464233,85.489014,73.407211,69.829384
73.690666,86.058434,73.448120,70.131981
68.465553,89.471367,71.774040,68.949768
64.486961,91.272491,71.789787,68.763321
62.982872,92.433601,70.817154,68.282188
62.930935,94.958275,70.357307,68.686089
62.894478,98.571205,71.044243,67.801132
64.197937,100.785797,70.372620,67.374222
67.576614,103.031624,69.884377,65.934982
70.147087,105.720596,68.670181,63.452915
75.266068,107.127419,67.157188,61.919548
81.428955,107.741295,64.000908,60.905144
86.212852,107.021202,63.238903,61.191425
88.272049,107.397087,64.225342,61.008579
91.874710,109.047157,62.870491,59.818668
94.978508,109.791634,62.124702,59.887562
98.389633,109.470779,62.228065,59.725422
102.749878,110.384605,61.297993,58.792118
105.118736,110.605034,60.404449,59.269745
106.564102,110.984329,60.331562,58.672325
107.311592,111.062096,60.533970,59.270699
110.151688,111.299324,60.226662,58.944870
112.212227,111.194923,60.046707,58.532932
114.168678,111.758369,60.151016,58.322468
114.474312,111.858429,60.446594,58.476593
119.249901,113.285172,58.590527,57.600391
121.351219,113.989090,58.048649,57.537117
121.755844,114.377220,58.531406,57.924961
123.004532,114.710464,58.767929,56.730721
123.278069,114.858086,58.973156,56.962784
124.076210,115.656410,58.421982,55.540264
124.860344,116.151932,58.366356,55.498627
125.379646,116.037224,58.340401,55.481926
128.046753,115.240097,57.918171,54.842667
129.811890,115.247849,57.479446,53.808552
132.853012,114.953926,56.839912,54.063816
133.975647,115.402443,56.500496,54.111271
136.270157,115.503654,55.887440,54.149582
139.149765,114.740517,55.982296,52.824726
143.777084,112.067039,55.164024,52.759033
148.186295,112.074135,55.100414,52.080563
151.431854,111.632278,54.289974,52.110847
154.147461,110.679306,53.826992,52.374504
158.761719,109.693329,53.250126,50.693077
163.471176,108.143036,51.936028,50.367664
168.620758,107.337700,51.221382,49.485809
173.736191,106.481621,50.454334,48.257977
176.208847,106.044571,49.753014,47.408669
181.382202,104.472588,50.102039,47.143475
186.327469,103.120247,49.302757,46.711105
188.602005,103.167404,49.077461,45.581150
192.470444,102.781700,48.498848,44.797943
196.797867,100.726845,48.063034,44.361015
199.990311,99.112564,47.941456,42.994194
201.253296,98.384209,47.193974,42.652344
204.538559,98.222748,47.432243,42.428364
207.988800,96.938644,47.541607,42.242764
211.368652,94.924744,45.412228,42.578430
212.795197,94.252106,44.615852,43.055595
214.071564,92.759445,44.923313,43.802067
210.552490,92.422394,44.602066,43.538216
204.969315,94.207275,45.138058,43.382690
200.741486,95.670128,46.032215,42.936638
195.980347,96.156601,45.789406,42.965912
191.080734,96.606979,46.209156,42.856449
186.980148,97.683853,46.328442,41.949184
182.550827,100.190140,47.279297,41.894779
179.227112,104.435661,46.981682,40.029827
175.741669,104.193886,46.219215,41.511242
170.718918,104.868484,49.133526,42.433735
167.642715,109.086975,49.354469,41.590778
166.956238,110.776611,47.081577,41.955784
167.396729,111.039459,47.232815,41.811672
167.562729,112.115250,46.228638,43.282986
164.596786,113.512672,47.041218,44.205353
161.881439,114.887878,46.727116,43.994785
158.808029,117.752045,47.796513,43.586113
155.334991,119.076691,47.987499,44.413170
152.785355,121.597328,46.856102,45.032795
149.899475,123.377289,49.701336,45.550869
147.924835,125.117020,49.028011,45.249786
147.233978,125.565086,49.154285,45.679607
145.644867,125.497070,49.311478,46.599537
140.740967,126.433022,50.729115,46.647110
138.343033,127.626610,50.918163,48.380875
138.162689,127.748116,50.808285,48.949867
137.806686,127.706490,51.063942,49.050804
134.537308,126.754578,51.692440,50.309654
135.253967,127.799423,51.890076,50.757797
134.192719,127.878174,52.167545,50.893063
134.165237,127.684471,52.442699,51.170033
132.459534,126.394653,54.986736,53.653313
131.090469,126.894196,54.656761,53.624218
126.486092,127.208893,55.397717,53.948696
120.834465,128.539978,58.574051,53.330482
115.995712,128.729294,59.906380,53.247616
111.518028,128.907364,60.420452,53.746181
108.653221,128.574036,59.715984,54.359615
105.150925,129.976822,58.274940,53.677910
100.212479,130.333420,59.943085,53.845165
100.239532,130.410980,59.970371,53.976734
100.423187,130.388763,59.981022,53.976120
102.007751,129.405396,59.570156,54.320229
109.535355,125.717834,58.221634,55.043613
112.748955,122.207985,57.960632,55.274300
113.256416,120.645409,58.813229,54.941723
119.003487,115.373337,58.634956,56.214241
119.215324,115.485229,58.944630,56.470779
118.878777,114.756104,58.996162,56.486237
118.786156,114.777214,59.103825,56.475811
117.613792,114.391144,59.512711,56.684994
116.818344,112.955498,58.820385,56.879608
116.640480,112.899155,59.075218,57.110909
116.562492,113.040855,59.514206,57.532555
115.952850,113.006401,60.012283,58.030937
116.434677,113.147888,60.490154,58.585423
115.651192,113.348938,60.612984,59.116203
116.060242,113.952599,61.943939,59.548641
120.258583,113.613800,61.677509,60.445858
122.081131,113.739334,61.625076,60.125950
124.119377,113.733940,61.751247,59.599506
125.519981,113.738091,61.888241,59.960316
126.223648,113.892273,61.954155,59.864902
132.411179,113.792801,60.146450,60.342037
137.080994,113.781822,60.901932,60.438995
137.160873,113.981522,61.107155,60.189201
137.347031,114.208176,61.491001,60.451633
137.350098,114.232529,61.469631,60.473934
137.155182,114.246185,61.537094,60.449837
137.199814,114.313416,62.090679,60.277500
137.028214,114.274933,62.560127,60.264053
136.743790,114.350555,62.914959,60.332153
135.828094,114.265083,62.636829,60.269127
134.233124,113.818970,61.961334,59.854244
134.052017,113.887695,62.080818,59.956894
130.891617,114.080688,62.880512,59.166119
127.067802,114.795319,63.160751,58.286545
121.377518,115.308388,66.111145,56.701298
117.049301,114.035439,66.907051,57.153530
116.166817,114.191940,66.834564,57.177673
114.273720,114.160858,66.403748,57.589294
112.725830,111.634903,64.907066,58.044994
110.222794,109.335793,64.391342,58.711380
110.275612,109.480270,64.468147,58.974579
108.565910,110.039047,64.751724,58.893841
105.785599,109.916641,64.560204,58.369907
104.689095,109.793594,64.346451,58.414932
103.361877,109.693687,64.537422,58.058537
103.570274,109.909073,64.984070,58.467155
103.088036,109.872688,64.951012,58.357109
102.480499,109.880844,65.008881,58.429703
101.247246,109.662987,65.267883,57.757629
100.729439,109.104042,64.938896,57.824764
100.177673,108.680725,65.039215,57.661530
100.322090,108.757385,65.366776,57.999779
100.346725,108.491249,65.302338,57.942135
100.318642,108.429626,64.450050,58.066017
99.653984,108.431709,63.228481,58.254383
99.697899,108.547264,63.408218,58.491699
97.927048,108.328331,62.834053,58.485874
97.269348,108.236542,63.263367,58.874500
97.273880,108.374680,63.373379,58.921574
95.982262,108.700951,64.258980,58.856960
96.188507,108.796783,64.357689,58.954239
95.768166,109.176086,64.617134,58.750813
95.999557,110.024300,64.813049,58.534790
96.096565,110.274925,64.968887,58.987385
96.080162,110.442337,64.817413,58.961948
101.869995,111.627426,62.835312,58.036579
114.385948,110.361496,71.593513,59.331638
130.243607,111.872276,73.514519,58.531647
150.254089,117.423447,71.838707,59.275425
170.794266,125.689827,69.702736,59.650383
182.690109,128.310745,68.716446,59.597076
188.251968,128.607986,68.184547,60.275753
190.444992,130.236282,66.679390,62.411755
191.783051,137.112656,68.766632,62.738602
193.731033,137.505676,69.414078,62.665157
193.254883,137.765457,69.453796,63.129402
189.142853,143.038849,68.901352,61.916985
189.209534,143.077469,68.957520,61.980057
184.548340,143.665253,69.676270,60.719788
184.792511,143.910156,69.879623,60.995010
184.886154,143.931976,69.930588,60.972946
184.919220,143.945679,69.965431,60.973717
184.934860,143.958984,69.965431,60.973717
184.944321,143.973618,69.967186,60.972370
184.856155,144.020767,69.818947,60.918259
183.687714,143.481979,69.486305,60.988365
180.596848,143.015427,68.655495,58.913414
180.591492,142.927979,68.874962,58.937576
180.700119,142.888306,68.962753,58.910122
176.466522,140.673386,68.949684,58.462933
176.500275,140.672516,68.956322,58.483517
176.619217,140.158463,68.613693,58.595249
173.689194,139.560913,69.654884,58.389793
172.750244,138.074738,68.159035,58.463627
171.867462,138.520844,67.922333,56.465717
169.143555,137.984100,67.754669,56.285404
166.368118,137.549026,64.292725,56.817219
164.382965,137.890305,63.413841,56.597652
161.582611,138.329727,63.328632,56.332935
159.147415,138.228378,63.674843,55.614277
157.542938,138.201340,63.589134,55.740070
155.653488,138.020203,63.703575,54.756924
154.272766,137.991150,63.656151,54.953445
154.154129,138.171051,64.077309,54.135815
155.545227,137.790985,64.019394,53.571980
156.416702,137.351334,62.010090,54.127331
157.420273,136.772263,62.454815,51.717716
157.563538,136.619858,62.335155,52.068810
162.532135,135.121964,57.203228,51.444447
162.728531,134.294205,57.047031,51.475548
163.035965,133.808655,57.342094,51.462208
163.823807,133.383362,56.974941,50.971035
165.332214,132.786316,54.322071,50.916882
165.421982,132.599045,54.471668,50.639954
166.573822,131.155869,53.164928,50.927425
168.252060,131.386200,53.081741,48.624706
169.464966,131.604202,53.680840,48.685429
169.966766,131.678314,53.791561,48.820404
170.416504,131.725998,53.909180,48.735783
171.185516,133.294601,54.634773,45.454823
171.354172,133.179779,54.930092,45.551239
173.813187,132.664108,52.742046,45.806374
174.160538,132.635269,53.061359,45.925037
175.401779,132.422821,53.141144,45.739876
175.603607,132.585388,53.467930,45.911354
175.664978,132.630249,53.357491,45.970837
175.753647,132.553055,53.416969,46.019802
172.989243,135.051941,55.231148,44.896160
171.128494,136.893417,54.879539,44.765869
169.496002,137.839249,54.325066,44.632225
166.375702,138.697525,53.604099,44.651886
163.214676,141.563156,56.364071,43.578590
159.867050,142.373352,55.954254,43.757065
158.600906,142.549301,54.582386,43.720356
156.693970,143.067474,54.322582,43.718254
154.203018,143.994827,54.622070,43.467918
151.684708,146.651337,55.182674,41.862854
149.700836,149.890137,55.598499,40.139584
147.893280,152.646408,53.594604,39.752426
145.104462,153.645187,52.436329,39.851326
143.913391,153.665588,51.560608,39.887985
141.817001,154.408447,49.375473,40.269218
141.014816,154.713669,48.479095,40.873856
138.827515,154.804184,47.284279,41.092583
138.400589,155.064758,47.264248,41.502354
138.363983,155.384613,47.145718,41.977531
136.921326,155.773865,47.478550,41.955303
136.271561,155.941452,47.008518,41.892849
136.062286,156.383530,46.736870,42.128811
136.075470,156.678482,46.958229,42.380463
135.909225,156.816757,46.671638,42.472584
135.077927,157.358612,46.130169,42.303448
134.867279,157.640884,46.176891,42.406506
134.643387,157.836823,45.957550,42.465050
131.913864,158.993942,45.041534,42.103745
130.546326,159.415894,45.434464,42.395252
