1
142.122971,113.671532,91.528122,213.669662
141.837036,113.547218,91.744911,213.306427
141.081970,113.822975,91.855080,211.857788
140.137894,111.210320,92.178200,207.320953
139.539230,105.937073,91.998184,208.321335
137.799957,106.989967,92.510437,205.758575
138.197067,103.687447,92.186287,206.641068
136.250519,96.761093,91.014580,210.745071
135.795410,88.812820,89.111160,213.006088
128.423370,88.624062,86.393578,215.207443
119.014824,95.823402,84.873421,217.684937
118.612061,98.616203,84.530487,217.952438
118.436325,100.892487,84.821770,217.178955
116.930519,102.873978,83.814362,216.889557
116.423828,103.573868,83.367920,217.658905
115.145721,104.619354,82.823296,218.211716
113.789726,105.306198,82.303467,219.012711
112.718430,106.307442,81.884583,219.915344
112.535820,106.477684,81.870110,220.157562
112.081635,106.972916,81.795479,220.714661
111.465614,107.533882,81.784813,221.252625
110.446251,107.584343,81.422821,221.802292
110.274956,107.775795,81.261337,222.133118
109.766472,109.269295,81.220970,222.344543
109.129784,109.929634,81.161346,222.620331
109.162079,110.350174,81.384659,223.181656
108.854103,110.958237,81.334778,223.507019
108.318298,111.524361,81.350914,223.906525
107.576210,111.764778,81.327888,223.822327
107.568504,111.832970,81.432770,224.068542
107.079338,111.988853,81.515907,224.428665
106.382011,112.026817,81.877502,224.168823
106.410118,112.202087,81.973846,224.405716
106.249069,112.373405,82.012024,224.612961
105.998566,113.703102,82.448120,224.824707
105.218216,114.686081,83.106277,224.155334
104.472343,115.833611,84.325775,224.018204
103.945183,116.766479,84.700363,224.254135
103.427742,117.994560,85.771194,224.007355
102.361450,120.128349,87.664558,223.683090
101.168701,122.075516,89.866020,223.149780
99.867043,124.795280,92.265259,221.532822
99.051437,127.302498,94.275314,219.776215
98.664474,128.294205,95.160492,218.961670
98.018806,128.992172,97.351166,217.713303
97.845596,130.223267,99.892220,216.847183
98.681694,135.645767,103.041924,206.502365
102.013725,135.282654,106.389618,199.464539
104.614212,133.749939,109.683830,200.588379
108.839218,135.124863,113.255096,197.497635
130.742996,138.836090,114.885323,194.852707
138.907822,142.314697,113.254822,192.983429
143.517654,148.947281,114.327026,188.805481
140.982834,163.109070,115.801140,185.597549
138.782593,179.902817,120.933113,180.475327
139.140640,178.863449,121.116096,186.412338
138.917007,184.098236,128.082214,186.704712
135.198044,183.011490,129.743927,184.258209
134.746048,182.993484,130.084030,184.357285
131.655563,181.681854,131.213455,182.642929
131.416489,181.877197,131.544403,182.466019
129.051376,179.728119,134.305573,181.421707
129.042175,179.635956,134.377686,181.485077
131.830933,177.947922,135.088745,182.630356
134.453186,177.839218,135.527847,183.038956
131.647858,174.904114,135.911972,183.423187
131.518158,174.781616,135.887131,183.524094
128.805710,165.769363,134.681793,184.638931
129.154449,164.572266,134.725998,184.786560
129.274841,164.658524,134.929932,184.917099
129.329071,164.678162,134.891342,184.782730
129.317673,164.682693,134.926849,184.823380
129.328720,164.773148,134.938522,184.907623
129.477036,164.860275,135.015701,184.849792
129.549316,164.900391,135.595398,184.888763
129.717743,164.918137,135.936844,184.920944
129.759628,164.952301,135.945053,184.901321
130.083755,165.210495,136.147400,184.756790
130.306473,165.513580,136.475494,184.803299
130.853683,166.026657,136.515762,184.942642
132.000793,166.540207,137.365784,184.539673
132.081802,166.724747,137.417480,184.863144
132.330780,167.180801,137.455795,184.813934
132.396912,167.351288,137.444244,184.911865
132.643127,168.012131,137.542282,184.739471
133.666611,171.130234,138.801407,184.099197
133.738297,172.029953,139.237137,184.288086
133.757462,172.872650,139.672485,184.227020
133.912994,173.643127,140.019348,184.234619
135.890564,177.552704,141.953308,183.980133
136.591919,179.979828,142.664505,184.332855
135.809021,179.913818,142.809708,184.219894
135.643585,180.524292,143.043472,184.324188
135.785904,180.931061,143.548782,184.342010
135.950516,183.856506,144.234497,183.537613
137.566971,185.404007,144.960709,184.240067
138.151184,185.548264,145.250000,184.154526
140.745712,186.798782,147.158447,184.261383
139.048615,184.999100,147.895935,184.411484
139.191544,194.579468,154.082443,188.236588
140.461823,201.246353,157.431351,191.735825
140.792542,197.165253,157.630569,193.755768
142.070709,193.246811,158.358734,199.096054
147.487366,194.095078,158.551010,204.167862
141.228058,185.132477,157.897751,203.778091
140.841248,180.644699,159.319733,201.566162
134.156845,177.854111,159.292969,199.437851
134.538589,177.853088,160.955719,199.893646
133.366837,177.400009,161.368515,199.093002
134.078583,178.027924,162.532211,199.156906
134.284332,178.798676,163.927689,198.627945
132.213196,176.340240,163.260773,196.782242
132.350082,178.243027,164.992325,197.089645
131.264679,178.194122,165.002777,196.905823
130.319183,178.326401,165.494324,196.322998
129.687302,178.979950,165.925735,196.191345
127.990746,179.805847,166.856293,196.236694
127.791748,180.271072,167.431488,196.214813
127.043213,180.387512,167.525314,196.246063
125.693657,181.570938,169.123138,196.246155
126.343170,182.528351,174.098251,197.148483
126.718636,183.686401,176.295746,196.817581
129.980530,185.409454,177.587723,203.661591
125.592514,189.054886,181.704971,203.669098
125.946671,189.607819,183.586227,204.997269
121.987061,188.603058,186.555252,204.354599
119.749420,188.368912,189.432114,203.727386
115.731361,187.531509,195.157242,202.496552
110.235298,184.939682,203.899643,199.494156
105.696655,182.351776,209.709076,194.002319
99.503403,178.205734,214.092728,190.604446
96.370941,175.915497,217.023529,190.311752
91.907593,173.447479,218.980942,189.577484
87.360527,172.703064,222.140015,189.603806
83.693275,171.506897,226.356369,189.768234
81.686943,169.715210,227.706070,189.825058
73.688477,167.010742,231.965393,189.204666
72.837036,166.716415,232.547287,189.266785
67.792229,165.764191,234.572159,188.411819
67.884178,162.867325,234.731339,188.184998
68.565994,161.011841,235.634537,189.051422
66.681847,159.710983,237.950851,190.121445
64.402794,160.246582,237.225204,189.589066
59.928520,160.368942,239.047470,188.978561
57.445747,161.165222,242.920349,187.823135
57.277561,161.192093,242.914948,187.872803
57.355610,161.073547,242.561920,187.431778
56.793877,160.666626,242.343231,186.934692
56.669884,160.655228,242.336014,186.765610
56.334675,160.782043,242.574219,186.785141
56.476200,160.903671,242.897980,186.872375
56.402721,160.921646,242.913864,186.911026
55.503582,160.480789,242.978760,186.334122
55.196728,160.591995,242.968582,186.306686
54.609577,160.676620,242.972198,186.109665
54.226738,161.002731,243.055359,186.213120
54.216057,161.179596,243.492096,186.365341
54.145550,161.223450,243.371902,186.391052
54.109180,161.352097,243.514160,186.418518
54.280224,161.468872,243.991760,186.456543
54.181316,161.826141,244.780518,186.995575
54.700325,161.414093,244.645401,188.087372
54.842075,161.636963,244.937469,188.409286
57.051208,164.012909,248.310852,188.231186
56.670738,164.075180,248.733688,188.227554
58.688354,162.851059,252.305878,191.136047
58.633408,163.031754,252.287628,191.404007
57.773796,163.852722,253.891464,192.634262
57.198364,166.355087,251.802734,192.632797
57.866833,181.931351,251.450302,196.227432
57.378319,182.384735,252.973953,195.989990
57.677040,182.283005,253.548218,195.982452
60.079960,183.298340,253.204269,195.868805
62.721134,184.237747,254.849792,196.188660
68.363365,186.239304,256.677704,196.342545
70.705353,186.185760,256.752960,196.916595
70.796913,186.067657,257.074921,196.976974
71.349350,185.761765,257.123444,196.881531
73.928719,184.509399,257.111877,197.422897
73.601006,182.545410,258.153717,196.614212
73.784164,182.780746,258.406952,196.890945
62.544701,183.351349,251.966812,192.757202
66.398331,170.901764,251.012589,197.229889
63.529095,156.721405,248.224915,195.705536
60.458195,155.197388,237.779510,193.960709
59.609425,156.404816,238.363861,193.342896
56.398556,149.235977,236.045120,202.890381
56.852535,147.020569,236.279037,205.171219
57.155338,147.254059,236.263382,205.722229
57.437740,147.050049,235.931839,206.070084
56.562469,147.251297,235.842987,206.296844
52.681259,143.592117,235.756134,205.761826
53.130089,139.112839,235.162643,207.325531
45.941322,124.003159,230.334061,209.812378
45.230381,122.437622,232.891357,209.849121
49.086449,113.155609,228.640182,216.273041
50.381794,122.987953,233.870682,212.852890
49.989601,121.886841,233.768936,211.204926
46.964882,120.420975,232.465714,209.019028
50.115059,126.716545,231.326569,207.407333
52.603691,129.555527,232.718979,204.592575
51.785362,129.830444,233.274445,203.570114
52.980534,125.676796,228.598465,199.867676
53.231239,124.939949,227.498672,199.175140
52.296852,122.657005,224.776047,199.052689
51.974129,122.732430,225.042068,198.375809
48.786076,123.453468,220.983994,195.226486
47.740238,122.543777,221.126419,194.112167
45.705395,122.590797,220.586700,191.677734
50.109772,132.716553,221.709595,187.267380
52.300678,137.188431,219.955246,186.061401
53.501934,133.746765,216.060181,183.229965
54.373348,129.529541,210.284912,179.498718
54.247116,129.429001,209.702881,176.846298
55.612373,131.835587,203.045105,171.143890
55.847374,132.430115,203.187485,170.283356
54.566689,127.934647,201.282928,165.035568
53.068138,128.426926,197.693314,160.857712
53.627445,128.688217,195.891327,159.574097
54.583916,127.077682,192.262955,158.050140
55.144169,124.375877,188.584427,156.004990
55.344421,122.811073,185.103577,152.114227
57.197517,124.630302,180.823380,150.462357
57.573730,124.725471,180.081406,149.665024
59.614006,125.575768,177.675247,148.974136
60.400875,125.868149,177.331299,148.037643
63.156578,125.894173,175.767792,147.734848
64.152328,125.663010,175.471909,146.996002
63.969032,121.076767,173.541107,145.751480
64.628273,119.474930,174.292450,144.829376
67.278351,118.388901,172.893616,144.138107
70.038422,116.148827,172.152924,143.026749
71.991417,115.796738,170.947098,143.214020
73.607094,113.943199,170.196609,143.571411
74.820557,113.887634,168.629196,143.642090
75.183571,113.249443,168.735641,143.596848
75.314117,113.423782,168.907761,143.937759
75.355453,113.452415,168.918289,143.939423
75.392365,113.483101,168.916550,143.937958
75.434891,113.515579,168.921097,143.939621
76.922043,114.758362,169.892181,144.161880
78.079948,125.209999,170.201218,142.291840
81.507362,130.980759,171.198730,139.070297
80.234955,137.322922,171.869812,136.463455
74.658768,142.077972,170.682114,134.108826
74.795403,144.292221,170.851990,133.791245
90.181786,155.807541,171.197784,133.530899
97.783073,163.212738,168.340607,131.595200
112.550308,174.352936,162.212997,127.542427
119.307007,175.458450,160.511536,129.825684
121.481918,172.087280,160.025681,135.548752
121.859261,172.200287,160.323456,136.529129
127.396355,170.602890,157.892914,136.707642
141.223022,168.229446,146.096252,135.505722
147.404465,166.881134,144.592697,137.076813
148.886230,167.476898,142.331970,143.333038
140.294907,159.559402,142.538162,147.470871
131.336761,157.576965,144.547791,143.708496
128.683807,151.458221,143.181839,141.113281
122.798218,139.540070,146.634628,146.361176
119.509125,139.338684,146.993103,145.834671
114.686890,137.731308,149.811279,147.731003
111.359558,137.445267,154.683167,147.754883
111.108284,137.529510,155.434250,147.682373
111.137520,137.688736,155.423218,147.936234
111.139854,137.706161,155.467804,147.858932
111.037132,137.551453,155.554825,147.550674
110.715988,137.127304,155.570969,148.237625
110.823601,137.197021,155.942307,148.211929
110.993820,137.113586,155.677032,147.938065
111.111435,137.025894,155.384903,147.744919
111.003708,134.166306,151.183289,150.080750
111.009598,134.239059,150.955704,150.309204
111.025818,134.324707,150.926666,150.437973
110.898598,133.911346,150.401794,150.464600
111.004143,133.916946,150.463409,150.460327
118.940819,134.608154,151.714645,150.432648
124.107475,134.683044,152.496277,151.042953
135.428070,147.058578,157.522324,154.167999
145.576218,147.634171,157.692032,154.423355
145.691757,147.764130,157.958084,154.400238
146.588226,148.424408,160.022324,153.685028
148.482742,149.395126,164.910034,151.977966
149.371674,149.144714,164.725632,152.004776
148.453232,151.231400,176.202209,158.502029
149.136093,145.531204,193.230698,168.749939
160.183716,150.609116,195.849716,167.238205
171.821747,156.417892,197.428162,163.843933
198.648041,164.206589,197.110870,159.287491
227.516327,159.059769,186.044601,168.159622
250.606735,168.223679,182.452133,167.569824
