1
136.168167,92.183868,96.049942,224.074280
134.962860,99.025101,96.873322,221.079330
134.480042,100.876564,96.827965,216.825058
134.188080,99.932953,97.719620,212.898483
133.499451,98.616020,98.188240,212.135635
131.632431,99.383278,98.903671,209.450058
131.639694,95.690331,99.491219,209.629608
131.059570,94.711174,99.426826,210.123199
130.193558,86.481750,96.417953,211.050797
122.500496,88.355164,93.942101,212.158508
112.526512,97.753281,93.119278,214.821594
112.458267,101.990662,93.251396,214.370911
112.225601,105.418900,93.171822,214.185745
111.091270,105.937248,93.048141,213.763199
110.457558,106.748352,92.438133,213.897278
109.057442,107.623085,91.762817,214.562439
107.366760,108.571747,91.409157,215.099625
107.121284,108.891785,91.388016,215.455688
106.701401,109.087975,91.288712,215.522766
104.733788,108.693680,90.586525,217.852036
104.130684,108.843140,90.701965,218.061569
103.371010,108.616722,90.404350,218.554077
103.378868,108.879616,90.050880,218.994690
102.722992,109.275017,90.015373,218.736877
102.289520,109.512527,90.199997,218.900620
102.228188,109.874306,90.313919,219.094864
102.028900,110.357986,90.369133,219.322647
101.950798,110.547707,90.410706,219.402069
101.859116,110.699783,90.427307,219.391693
101.747459,110.859276,90.418945,219.496918
101.627457,110.888855,90.448967,219.417892
101.430367,110.933441,90.468201,219.326340
101.255173,111.132004,90.456413,219.505661
101.067223,111.605621,90.501244,219.953888
101.041985,112.430626,90.962120,219.787842
100.837051,112.818253,91.168327,219.859741
100.044403,113.918999,93.098785,219.562408
99.517853,115.098938,94.377617,219.686829
98.683563,117.872475,96.705345,218.839081
98.925552,121.612137,97.745728,216.459183
97.974747,126.184601,99.789085,213.030823
98.095627,131.220215,100.885170,209.169464
97.854553,135.378922,102.028267,206.478119
97.815613,136.936996,104.269722,204.194199
98.560822,140.142609,108.564621,201.340958
100.934052,144.930008,113.273193,197.862045
100.730019,149.202118,113.973633,187.505341
100.365730,149.749435,115.325699,180.408432
102.348679,147.692078,116.568207,181.097076
103.413231,148.758545,122.057785,179.590683
114.767860,149.791260,122.418831,178.146393
123.038383,150.297134,122.477051,177.310760
125.259575,154.062988,123.271820,176.132278
119.427460,172.504440,128.726669,172.300308
119.179932,183.747696,134.213547,164.985428
122.378395,185.052017,132.337036,169.010300
122.097038,186.622421,134.007523,170.604065
120.203171,186.968338,134.982407,170.766754
120.161285,186.919022,134.890747,170.989105
119.358185,187.031509,135.293167,170.883316
118.593216,187.519455,135.707443,169.534164
114.289101,186.441986,137.088699,169.086884
113.700134,185.340195,137.213638,168.739243
117.540543,184.419067,137.685425,169.806900
117.698761,184.483475,137.921051,169.912918
117.753830,184.326736,137.758774,169.953323
117.861641,184.452774,137.931061,169.854507
118.350327,182.714172,137.548599,170.246582
119.696663,180.445206,137.506317,170.096161
119.660263,180.210373,137.866150,170.335480
119.623932,180.139450,137.926727,170.209763
119.676201,180.238922,137.945297,170.414139
119.637955,180.101730,137.880447,170.389297
119.914742,179.832733,137.858002,170.302444
119.843140,179.749954,137.905472,170.382553
119.859337,179.804642,137.927902,170.417007
119.924156,179.863052,137.936081,170.421310
120.049629,179.919418,137.964432,170.391983
120.129654,180.009384,137.915573,170.394363
121.931755,180.529099,137.564545,170.224670
122.190872,180.694214,137.939301,170.346817
122.539932,180.883835,137.982239,170.140198
122.769966,181.101852,137.813995,170.233337
123.003136,181.598373,138.004807,170.164810
123.227882,181.849609,138.429581,170.346390
123.256149,181.916702,138.432907,170.422623
123.341324,182.235504,138.407425,170.287872
123.391800,182.525101,138.441742,170.301620
123.835548,183.926407,138.571976,169.563309
125.206070,185.180679,139.293976,169.446823
126.564224,186.877975,139.961609,168.659576
126.469330,186.986740,139.860916,168.749405
127.333046,188.326447,140.383545,168.303528
127.587631,188.626251,140.557526,168.314911
127.897385,189.242096,141.034988,167.930222
128.276291,190.358459,141.941010,167.498444
129.064865,190.836533,142.194794,167.406204
131.015594,191.968185,143.426331,167.151566
131.420670,191.302612,143.274979,167.750366
133.455383,190.192688,143.660019,168.372070
132.848633,190.183807,144.104980,168.957275
132.968216,189.824203,144.526779,168.803604
133.938980,190.384811,145.135574,168.659592
139.519806,195.291336,146.390182,168.929855
138.633133,190.790268,145.644958,168.391968
138.054077,190.826797,145.860626,167.896606
136.725555,190.351624,145.084778,166.561539
135.931610,190.465073,145.973877,166.230164
135.897507,190.055008,146.041046,165.839676
136.332504,190.011353,146.600708,165.680191
137.106293,190.775696,147.488052,165.940002
138.411148,188.712372,145.708527,165.711945
138.944702,188.552063,145.729462,165.530457
138.979385,188.513977,145.553864,164.941772
138.219254,188.809830,145.842651,163.676651
138.163391,188.096512,146.240967,162.974060
137.506363,188.081894,146.409149,161.976349
137.274780,188.487030,146.681015,161.592941
136.894882,189.074448,146.663086,160.606491
136.183014,190.152893,147.193726,159.446503
135.687607,190.520416,147.698929,158.364334
135.451431,191.576462,148.571442,157.713593
134.757050,193.004517,149.915695,157.112671
134.050140,194.174820,150.304077,156.377106
134.196640,194.163330,150.550735,156.144592
134.574982,194.640503,151.569412,155.849152
134.484909,194.924774,152.655365,155.100037
134.661316,194.508865,152.918182,154.868225
134.889862,195.113297,154.372711,153.237335
134.563431,195.672836,155.651062,152.343704
133.283707,197.349640,157.480896,150.402161
129.976547,199.378677,162.638947,148.423981
125.753647,199.989655,165.335419,146.567886
124.168732,203.059860,168.634186,145.060562
126.164459,208.043732,172.766983,144.210129
128.543777,210.101288,174.576599,142.376785
126.146469,195.008667,171.888245,152.408752
133.376831,194.229721,177.271179,153.300659
140.757538,183.866745,179.071365,161.611221
131.534866,167.893250,180.177475,169.201096
137.573349,157.475769,175.968536,174.777664
133.339584,154.468323,173.922867,176.316162
119.084496,154.253159,172.685532,173.600693
112.795059,156.152649,175.251587,172.666336
101.641647,159.556900,184.117142,169.808990
95.842430,160.220337,184.970459,168.692291
94.099136,160.792679,184.881912,168.109985
90.088127,161.449860,186.406097,166.988968
87.720459,161.786743,186.879471,165.125931
84.125648,163.194168,188.896225,163.513199
83.041252,163.812256,189.237457,162.857544
82.522072,163.589859,189.307281,162.309067
81.111084,163.811142,189.478714,161.653290
78.676262,164.181747,189.561340,159.619934
74.753792,163.057953,188.936356,157.603912
72.773117,162.573486,189.613800,156.420807
72.521858,162.390228,190.453796,155.241730
71.245132,161.450302,191.860596,153.606293
70.738319,161.836472,192.482407,153.835846
67.725830,162.755753,198.016647,154.369720
67.249619,163.330215,200.015701,155.034088
67.112320,163.605789,200.561600,155.385483
67.169151,163.629242,200.841995,155.442261
68.818703,173.203430,202.344360,155.566422
68.845695,173.441086,202.393356,155.934570
69.983421,177.127335,204.485428,153.994736
71.312851,176.021729,203.626373,153.841492
66.596741,184.655716,209.086655,148.974045
66.936707,184.849777,208.965363,149.451462
68.737488,195.117996,205.253860,151.358719
72.581993,200.036469,210.069733,153.416870
75.779968,198.529480,215.009659,157.991638
76.502823,198.097839,215.628937,158.687424
81.997917,204.263016,221.868988,161.404053
100.230064,217.455215,229.541107,163.135727
100.441704,217.174805,229.992599,163.850082
100.774483,217.281006,230.719711,163.947479
102.402954,216.054138,228.150803,164.820023
96.156921,208.582230,227.368042,166.440872
82.168182,198.713623,232.122833,165.198425
82.332726,198.845154,233.324097,165.467316
67.763611,197.081497,224.350830,162.571472
65.914330,177.550827,219.650726,171.526627
67.050171,158.447205,217.943451,171.727692
66.036003,161.545731,207.941925,168.935074
62.956036,163.873199,208.378403,168.026779
60.557968,160.595581,202.776306,180.329742
61.181446,154.792282,202.923615,185.036514
61.778557,153.994064,202.471954,188.331619
61.857224,154.052322,202.312454,188.551208
52.044552,150.916595,201.932678,189.621368
49.594788,145.300354,202.428711,183.740280
48.239147,133.318619,201.847794,185.388916
41.858074,124.060226,196.272919,180.383698
38.233849,120.910507,203.214325,179.073090
41.818760,103.722122,199.575989,196.977448
41.327110,102.886276,198.899078,197.137909
40.942154,103.249969,199.191818,187.360031
37.179596,104.914284,199.190323,178.705872
37.408447,108.344513,193.145401,178.725037
34.062893,111.268845,192.760742,174.594040
31.120129,108.610542,182.984146,170.252258
32.468159,105.068230,174.434265,166.112701
32.689934,102.514328,172.639175,165.915970
36.294327,96.981392,166.359909,166.640244
36.449207,97.272690,166.194580,166.711929
37.237133,99.004456,164.982941,164.533936
36.336426,106.455284,167.407425,157.346146
36.396828,109.278366,167.443619,153.657196
38.678371,117.771667,165.786072,145.788376
40.660549,115.019653,162.593536,149.972443
46.681549,117.377563,153.507614,143.000290
48.692913,117.344223,153.451782,143.308563
51.226055,119.311485,151.271591,140.932983
50.965847,127.567078,152.489288,134.745773
52.045712,128.912033,154.058762,132.651749
53.008442,128.572739,154.505051,132.153488
53.227871,129.935471,155.128998,131.759216
53.475151,130.095215,155.379364,131.927811
53.521057,130.135406,155.406296,131.939438
53.730610,130.079163,155.382996,131.823456
53.680149,130.135620,155.085297,131.365845
55.700031,132.886398,155.422791,129.565521
58.938316,133.553284,154.480316,128.868851
60.850002,133.894958,153.542877,128.656433
62.079826,134.076233,153.965515,128.727219
67.151703,132.489166,151.579376,129.403503
68.700851,131.106110,151.950134,129.717148
70.877533,130.748978,153.132187,128.833557
71.785172,129.981598,154.115097,128.737137
76.021965,129.357651,153.230759,127.683739
79.449776,127.075905,152.815445,126.948265
80.026787,126.804993,152.853836,126.931190
80.268875,126.693863,152.832840,126.989899
80.736076,125.695625,152.768707,127.129883
80.835884,125.865143,152.931671,127.426102
80.806572,125.879822,152.916260,127.428543
80.844872,125.915901,152.924454,127.445061
80.972130,125.959381,152.851013,127.459122
81.315269,126.304565,152.930573,127.749474
85.561913,126.683968,154.218765,131.902756
92.551216,135.067108,152.916107,130.433594
90.531487,141.316559,150.242599,126.042221
88.127365,145.505356,149.653015,124.332550
82.148811,147.525360,146.303772,123.137299
81.884865,148.436234,146.004440,123.524414
87.857475,152.982666,143.892075,124.445107
90.571999,156.027466,143.620056,122.939644
100.471634,165.330185,146.300201,119.131721
105.516022,166.541641,146.818466,120.595352
112.705078,159.889694,145.845901,128.208359
119.496590,154.152649,142.883575,142.132858
133.605621,146.368347,134.115616,145.770859
147.378006,142.678452,127.867714,146.698868
153.285370,144.517838,128.559174,146.529663
153.391876,147.491394,129.280304,150.896515
141.082397,143.386230,132.298187,153.567581
131.755264,147.363129,136.632034,146.636917
128.925949,142.109039,136.238754,144.606125
121.170776,130.874115,143.570847,148.607880
119.806496,131.869156,144.946350,148.177277
114.353958,132.028030,152.887726,149.189590
108.184814,132.075470,158.500046,148.703094
107.713821,132.219864,160.593491,148.778015
107.848969,132.326706,161.002472,148.777786
108.093964,132.438232,161.420242,148.935806
108.101982,132.270401,161.486511,148.666199
107.827065,131.933990,161.227615,149.145508
107.981667,132.068604,161.444061,149.407089
108.310913,131.788956,160.934402,149.200790
108.403778,131.796936,160.128387,149.208618
107.850128,130.626038,157.309387,150.019958
107.932938,130.756012,157.272812,150.479935
107.982384,130.612137,157.278854,150.673141
107.364777,130.468079,157.054688,150.986572
107.604973,130.469254,157.469254,150.958664
112.695305,130.732208,158.456390,151.799469
115.114517,131.032227,158.712830,152.561905
132.250732,144.707642,163.802185,153.544144
134.271881,145.409271,164.702118,154.018677
135.215302,146.552063,165.502106,154.499985
134.647491,146.590347,168.890274,154.385696
135.747955,147.166687,170.088974,153.620193
136.076721,147.250610,170.434753,153.909073
140.991837,146.950638,177.428726,166.379608
142.639664,143.406174,187.588348,173.676392
159.089584,153.353180,192.706772,168.836594
164.951187,158.827042,193.864410,166.041092
190.775772,168.849182,190.117798,164.578552
210.235870,157.770416,184.671478,171.386337
240.753387,169.045074,184.293289,170.994720
