1
138.837738,117.281174,90.060600,216.940292
138.957962,117.407059,90.673813,216.389587
138.845291,117.745766,90.871536,215.748688
137.490738,115.056061,91.234634,213.890198
135.806473,113.132156,91.340721,212.999908
132.838242,112.105309,91.248764,211.149689
131.945267,111.343498,90.793091,211.089722
131.765213,110.324562,90.655144,211.535110
131.171219,102.883438,89.298561,214.570862
127.849213,99.083374,86.893936,216.711624
118.079857,102.141922,84.707596,217.492554
118.208191,102.213448,84.958618,217.407135
117.788040,104.775574,85.014015,215.405899
116.022835,107.139809,84.629585,214.494904
115.837433,107.882751,84.243538,214.842422
114.331367,108.962761,83.600792,215.370560
113.267517,109.663116,82.774437,216.068237
112.974228,110.418480,82.771698,216.518661
112.503777,111.150581,82.772049,216.877121
111.931686,111.988106,82.721230,217.185715
111.645271,112.114822,82.750023,217.631271
110.372948,111.859024,82.541824,218.496338
109.733818,112.068230,81.815933,219.488159
109.030396,113.032623,81.729111,219.637207
108.594200,113.832390,81.740555,220.128113
108.563957,114.177048,81.888054,220.692764
108.283958,114.512573,81.861259,221.224228
107.972427,114.765221,81.896873,221.566635
107.259918,115.197205,81.849442,222.007248
106.861435,115.319702,81.849464,222.708710
106.867172,115.424797,81.973427,222.960724
106.806152,115.378410,81.953758,223.064987
106.801109,115.604202,81.960106,223.415054
106.800926,115.699059,81.958336,223.421875
106.263924,117.297836,82.059540,222.841995
105.916077,118.491539,82.815697,222.187531
104.853073,119.818916,83.645012,221.471252
103.372787,120.813774,84.460442,220.994690
101.931671,122.788483,86.187202,219.389542
101.237099,124.233681,87.779251,219.040909
99.357964,127.321449,91.618034,218.419571
98.398132,129.460663,94.584427,216.224777
97.743034,131.051147,96.388954,215.101654
97.085052,133.372162,97.777046,212.741348
96.535599,134.504379,100.751450,211.373734
96.904175,136.474152,105.823807,208.278107
98.222908,138.829773,109.047752,201.604767
102.741318,138.427673,111.560951,194.221680
107.413704,139.945328,117.954315,193.749054
118.396729,146.631485,120.308693,186.851044
127.171616,148.013458,119.109764,185.289154
134.203949,148.533066,116.977341,184.338577
136.182434,153.424942,118.525917,182.125732
135.276779,167.666229,120.468170,178.422241
136.292252,180.964233,122.891861,173.521820
137.119003,181.268524,122.315445,175.881058
142.602249,185.998596,123.750557,178.340790
135.239334,183.201340,125.673622,176.958786
133.277740,182.760162,126.327728,177.024460
133.221390,183.030045,126.492729,177.411331
132.408157,183.058670,126.517227,176.199539
132.443634,182.951767,127.448822,176.396118
132.307983,182.931778,127.420692,176.441818
138.343323,179.181335,129.009644,177.556763
137.170349,177.035538,129.449844,178.334351
136.737320,176.530731,129.660965,178.509460
136.871536,176.736282,129.935623,178.933441
135.897598,166.934769,128.387054,179.776245
135.922928,166.709717,128.417953,179.832825
135.907745,166.740997,128.422256,179.855408
135.915970,166.761566,128.394485,179.665024
135.960693,166.925797,128.442886,179.860092
135.908737,166.923340,128.440842,179.836212
135.930481,166.810150,128.467667,179.868469
135.923813,166.817764,128.443329,179.909866
135.935364,166.830673,128.437469,179.914413
135.956055,166.760010,128.418839,179.851425
136.153992,166.912659,128.418396,179.878448
136.387970,167.088165,128.408905,179.875549
138.903229,167.956451,128.559601,179.648529
139.863129,168.292038,128.972122,179.830109
139.801682,167.630463,128.849487,179.515701
140.067078,167.851242,128.831207,179.829117
140.180939,167.954254,128.934128,179.915985
140.181366,168.172806,128.951660,179.772964
140.169037,168.396912,128.952103,179.832275
140.164963,168.521393,128.944214,179.903961
140.081360,169.798676,129.067108,179.250336
140.171295,170.071060,129.437790,179.291885
140.107697,172.636261,129.771744,178.371552
140.226471,172.942078,129.989151,178.338760
140.205780,173.150040,129.904892,178.296356
140.177475,174.135620,130.000809,177.950027
140.453262,174.243362,130.445709,177.858261
140.703217,174.705673,130.409561,177.708954
140.704941,174.933517,130.409668,177.877426
140.763992,175.003540,130.436249,177.923828
140.979187,175.158264,130.432068,177.932968
141.999161,176.206146,130.612488,177.697601
143.460022,179.898621,131.705643,177.790024
143.686935,180.065552,131.929047,177.931107
143.804596,180.115753,131.931732,177.981049
144.250626,180.989227,132.198517,177.861053
145.971451,183.029465,133.008911,177.762756
146.220581,183.144852,133.435928,177.929855
146.215027,182.957870,133.395309,177.823685
145.967911,183.351624,133.441772,177.688721
145.768967,183.528183,133.652573,177.658234
145.889954,183.778976,133.978653,177.811600
145.792603,184.187332,134.141068,177.633270
145.704727,185.164505,135.070099,177.600235
146.330292,186.400055,135.776611,177.557022
146.417236,186.920166,136.393936,177.251312
145.989441,187.398270,136.637344,176.876175
144.661957,188.497223,137.474945,175.027618
144.840103,189.322083,137.959686,174.966888
143.901566,190.467834,138.671555,173.919815
143.282990,190.900253,139.262299,173.029449
142.266739,191.412735,139.677734,171.734940
140.373062,192.945831,140.816238,170.583282
139.623856,197.422287,144.571091,170.684845
138.798203,197.723526,146.694031,171.206146
136.703812,201.912476,151.076294,175.839630
137.147629,202.115753,151.168335,175.818665
144.656693,205.333237,150.524231,177.606064
145.572067,204.495483,152.157074,176.933624
143.003586,200.490326,153.289932,174.597702
138.184311,192.499237,154.694794,174.129791
136.039536,191.079987,155.591125,172.522400
133.122345,191.246063,158.902679,171.017349
130.405533,193.648468,161.883057,167.647232
124.932037,192.434326,166.040298,165.287506
122.227142,193.442947,169.040741,163.591843
116.786079,194.521210,173.371994,161.143234
110.977318,194.171616,178.487167,159.596375
102.142822,194.494736,183.836853,157.511353
99.796783,193.557602,191.419815,158.608734
98.603546,189.895477,193.194870,160.041138
85.617867,186.044525,200.753128,159.551590
85.847160,179.576569,201.436081,161.480103
89.154770,175.766129,202.478165,162.103729
89.186035,171.544403,203.056778,164.591461
84.469566,167.215744,201.737320,164.416245
78.424477,165.821289,205.171204,163.765320
70.852394,163.692673,212.915894,162.964325
70.059967,163.413727,212.780289,162.616486
70.086533,163.548523,212.797180,162.788696
69.702850,163.425995,212.824142,162.427460
69.241470,163.093765,212.576996,161.823593
65.294052,163.356323,219.026566,161.438004
64.731010,163.647125,220.034302,160.964081
62.327209,161.222351,218.526337,158.648911
62.266891,161.133224,218.689041,158.779312
62.329399,161.250137,218.914429,158.903641
62.081951,161.255798,218.648315,158.170166
58.473888,160.743469,221.424423,156.877045
55.767998,160.125687,223.629562,155.402023
52.202488,158.738068,226.308899,151.947067
51.766529,159.126251,226.955856,151.907822
49.908035,160.193481,229.003204,152.244247
51.301891,160.994415,228.224396,155.491547
52.407829,163.852722,228.264145,156.307098
53.000790,165.608856,228.405716,156.661072
56.703335,170.787659,227.728989,159.011047
56.989777,171.147903,227.829391,159.481522
60.290737,177.395096,234.608871,159.332840
61.243263,177.533600,234.491196,159.412170
59.310177,180.234207,238.509308,158.783066
60.086487,186.672348,237.861359,158.966736
57.759033,192.640549,240.916000,160.877197
58.543049,193.298248,243.327560,161.553284
60.413193,192.498428,251.199097,167.171204
65.268921,193.477448,250.149277,170.053726
75.919212,201.363739,249.497757,177.507767
86.680710,208.036621,252.113434,177.619492
86.985207,207.816116,252.333130,178.555130
87.136917,208.002747,252.414307,178.894287
88.442856,207.061081,249.310623,178.264435
88.697281,207.166504,249.344498,178.415192
79.988159,194.135529,250.550369,179.460556
80.181160,194.278198,251.132782,179.349319
69.730461,194.063690,245.151718,175.404480
72.756012,175.618103,243.856873,182.086914
67.118164,158.332779,239.052628,183.852417
59.603619,158.505142,224.635895,181.101425
58.507759,160.021149,224.444672,180.881134
57.447945,158.350388,223.787323,187.129883
57.635670,157.763748,223.768921,187.868469
60.210522,155.351776,223.821960,194.948990
60.381954,155.651749,223.930725,194.641571
55.110764,154.220642,223.299606,195.691559
53.466671,151.595169,222.830994,195.016449
54.113972,141.055710,224.735245,197.297943
43.937195,127.752762,220.267242,200.292496
42.893314,126.485168,222.346817,200.048203
46.828976,115.313499,215.738876,207.252731
43.530804,119.028397,218.013779,206.131210
42.692089,119.300636,220.432648,200.987808
43.326401,119.077667,220.122498,197.820801
50.254204,127.791031,217.622055,194.197647
51.125881,133.776337,221.391891,188.034393
46.742264,134.357605,220.619141,184.522263
47.876766,130.015076,216.827286,181.396576
48.795647,125.607246,214.737946,179.517075
46.634888,121.300697,209.952911,178.658524
46.184219,116.407059,207.528320,177.381531
43.610527,116.590958,200.555710,172.443451
42.857601,117.043968,197.670883,168.614029
41.383507,119.433395,197.452423,163.829636
41.708778,122.420341,196.731674,162.746933
42.941299,123.242004,194.807266,162.713928
53.992146,120.262589,181.670731,158.897705
57.792160,117.458427,168.531082,155.070068
58.678894,117.585358,167.223984,154.723557
59.908493,128.764771,166.612656,146.780914
60.156952,129.748108,166.902435,146.112137
60.310432,130.139771,166.496262,145.659897
60.193954,130.727615,166.435745,145.493179
60.413128,131.506287,166.232330,144.598434
60.600422,131.734161,166.258408,144.748291
60.912968,131.618958,166.063324,144.196213
61.183651,131.248352,165.124619,143.361343
62.054714,132.375534,164.215485,141.542068
62.256958,132.610107,164.325912,141.797318
62.453724,132.733566,164.273682,141.780014
62.626041,132.854172,164.318375,141.850143
63.960686,132.063629,163.515259,141.867371
64.448204,131.941879,163.928284,141.682236
64.695992,130.312744,163.888596,139.586960
65.952896,129.204224,163.738892,138.906250
67.824142,128.780289,163.166840,137.523956
75.708305,124.052612,161.971176,136.813507
75.892845,124.100632,161.778137,136.910431
76.841637,122.634697,161.581314,136.967957
77.136734,122.504387,161.851318,136.933853
77.185501,122.512505,161.918976,136.882385
77.235382,122.540871,161.913208,136.917206
77.257019,122.432159,161.924652,136.924194
77.334129,122.500099,161.777344,136.895737
77.444756,122.565109,161.932236,136.938950
78.438255,124.529755,161.860886,136.823181
87.142250,135.742371,162.670410,134.523453
87.941658,141.508728,160.577682,132.183685
85.529892,148.625122,159.786118,128.943268
78.970291,152.482727,156.871414,127.067093
80.565773,153.160263,157.531540,133.113144
89.300964,158.780029,157.907104,135.054047
91.934875,161.798218,155.967941,134.354630
103.014793,170.273972,153.504135,133.081802
113.145363,170.123947,151.308685,134.662506
116.517532,168.102264,150.486618,138.785049
120.303764,161.423187,148.476715,148.382874
128.052399,151.814392,143.863571,154.399918
140.011795,148.478317,138.569321,153.657135
145.346359,148.562973,137.365494,153.550110
146.729752,148.534271,139.075974,165.018784
137.255356,142.169128,140.844498,169.630005
127.200089,139.669754,145.540558,163.775558
122.850647,130.246353,142.807587,163.216034
115.339188,120.604431,150.927902,165.094116
113.752167,120.659050,152.367294,165.363770
111.059433,121.559601,155.871063,164.573608
109.040077,121.669922,158.780777,164.530807
108.869186,121.975479,159.250946,164.833252
108.810745,121.930176,159.635635,164.764038
108.955704,122.075485,159.963058,164.845230
108.963760,122.145485,159.926941,164.915268
108.592468,121.570831,159.844818,164.923859
108.669456,121.609528,159.915756,164.920776
108.815033,121.637085,159.753937,164.732071
109.012642,121.249672,158.286972,164.440475
107.985298,120.587044,157.528229,164.537003
108.389229,120.781532,157.651566,164.789810
109.396317,120.825836,157.347412,165.061325
109.186821,120.998291,157.197571,165.372726
109.405525,121.066391,157.431641,165.454971
109.561676,121.072273,157.489670,165.445831
117.561386,124.575592,157.529999,165.091843
125.832527,133.057434,158.668121,165.114334
131.665176,139.354584,161.313400,163.370529
132.029892,141.397675,162.707718,162.780945
131.776077,141.571716,163.356720,162.839661
132.444519,142.127228,171.566360,160.546082
132.641586,142.350876,171.945312,160.926208
138.661041,144.108124,178.386627,168.699829
139.815384,140.877625,186.864273,173.381531
163.624481,147.125549,192.988174,167.918411
176.117218,152.775497,193.379242,163.582886
205.629837,160.632217,190.929855,160.736710
237.092300,153.843018,180.422653,168.347412
263.823273,164.517319,177.872330,169.784683
