1
151.037720,96.025299,89.895332,234.763382
149.750656,100.287819,89.258415,231.258850
145.844360,102.251038,88.041634,229.984512
143.601974,98.013138,88.145767,225.529282
141.922012,90.998802,88.238861,225.502426
139.172821,90.795433,88.530190,223.229416
139.363022,89.622437,88.728348,224.091324
139.232239,86.882217,88.926216,225.856918
137.704941,83.573929,87.439323,226.053162
129.047760,85.557854,85.873116,226.333481
121.102638,88.156021,84.616844,230.144577
118.943230,91.949341,83.833755,230.136917
118.538826,95.537369,83.734818,228.487823
116.081947,97.571236,83.105476,225.811600
115.093079,98.855385,82.866501,225.660828
114.600388,99.398216,82.725060,225.741821
113.149719,101.603447,81.963730,226.104095
112.653252,102.625252,81.756401,226.194016
112.346825,103.780876,81.852959,226.326324
111.569305,104.637802,81.585548,226.965027
111.567039,104.729919,81.822548,227.349686
111.142731,105.397461,81.632347,227.973129
110.740295,106.996979,80.767220,228.392929
109.923218,108.132919,80.462784,228.979462
108.958771,109.023483,80.127785,229.621414
108.935707,109.554787,80.416504,230.041092
108.597900,110.184837,80.359642,230.691284
108.467667,110.444885,80.426689,230.979538
107.753555,110.850853,80.415726,231.040161
107.740456,111.008751,80.462364,231.606277
107.457214,111.025101,80.546204,232.251617
106.552673,111.022430,80.873123,232.389740
106.594353,111.069244,80.951225,232.420334
106.594261,111.154022,80.959824,232.407990
106.373993,112.066139,81.003410,232.156204
106.276604,113.115448,81.695267,231.682037
105.948044,114.163803,82.213730,231.169525
105.502510,115.555367,82.941170,230.727448
104.419266,117.540054,84.074127,229.139572
103.836800,118.925797,85.356873,228.993759
101.847107,122.036758,88.080589,226.620270
100.855576,124.154335,90.375282,224.852798
99.825172,126.158249,92.568779,223.079041
98.856018,127.566200,94.149330,221.462372
97.755363,129.492035,97.987625,218.610153
97.452293,131.132462,101.312508,217.267029
98.378151,135.166107,105.576576,208.859055
103.049995,132.841019,109.124367,201.584030
106.722107,134.509705,114.431206,202.859772
112.761230,137.941162,116.617043,198.782150
129.243729,145.942459,118.366646,195.456940
134.142944,147.823792,116.562469,193.295151
135.677643,157.680725,122.183815,189.915543
133.476196,160.028473,124.418442,189.632690
134.825714,177.181351,126.761002,185.379333
136.441055,177.671524,126.556442,187.550140
141.484100,182.654709,131.356552,188.240814
133.127579,181.105682,133.909256,184.188431
131.865311,180.961884,134.119858,184.314453
128.752426,181.326157,136.383606,182.347656
126.927803,181.342407,136.945160,180.448212
123.077988,177.522018,139.697327,179.661148
123.252708,176.876633,139.653320,180.311859
123.461670,176.096405,141.411469,181.036499
124.697472,175.933182,141.215134,181.598145
124.802467,175.288727,141.266296,181.962601
124.908646,175.279449,141.427689,181.923325
123.974930,169.514130,140.731628,181.880905
125.520050,166.220398,139.916199,181.651047
125.455444,166.165771,139.888641,181.758545
125.647308,166.341064,139.849487,181.639145
125.987236,166.664368,140.010284,181.907272
126.350128,166.776321,140.477386,181.983154
126.743774,167.167633,140.815445,181.773041
126.667122,167.232590,141.112503,181.864273
126.681396,167.216980,141.554138,181.838943
126.995079,167.397797,142.038681,181.865631
127.267891,167.731094,143.004028,181.715347
128.478439,171.465881,145.077347,180.995346
132.213623,173.039551,146.940918,181.218674
135.611282,171.694611,147.574219,182.958038
134.258698,168.408600,148.209335,182.979706
134.507477,168.977768,148.487152,182.477127
133.661987,168.701416,148.921661,182.486343
133.201935,168.811081,149.151535,182.328888
133.038605,170.446991,150.356705,182.483765
132.464844,171.792114,150.575272,182.183426
131.815781,173.561264,151.133255,182.105820
130.446701,175.892563,151.872742,181.607910
129.487305,179.411819,153.343765,180.792007
129.102188,181.441528,154.526154,180.373901
126.455650,180.008728,155.144577,179.024017
126.945961,182.814163,156.738602,178.017624
126.753525,185.354187,158.250626,177.802017
124.901390,186.509247,158.534561,176.701065
123.730995,186.596802,159.386810,176.786423
122.806595,185.806412,159.650040,176.477402
125.498779,191.494873,165.221939,176.397980
127.472679,189.308456,166.159164,175.994873
125.635399,195.311127,173.451935,176.266388
122.455940,193.878098,175.425339,176.743149
127.115463,191.776611,177.524261,178.537781
131.030472,189.262634,181.075012,180.350861
143.534012,194.590347,184.739532,187.325073
144.919617,188.395996,185.591263,188.580856
151.134720,185.928970,188.870148,192.869949
148.636093,181.891006,189.745621,192.882584
147.049576,177.482803,193.278824,197.713348
148.279175,173.536896,195.715775,201.680115
153.533234,174.365997,197.726486,207.996140
153.484329,174.535202,199.894257,208.316284
152.638641,174.172668,200.908264,208.695435
152.917419,174.077011,202.652924,210.085510
155.164261,174.558929,206.366364,212.479996
154.084534,173.622208,206.399399,212.500320
156.833389,176.092407,207.666626,213.519852
157.300903,176.031631,207.991135,214.604599
157.620224,175.769623,207.788376,215.590057
156.750229,174.688965,206.576920,216.259033
155.865982,174.117035,206.950516,217.185898
157.982254,175.299240,211.728226,221.667709
157.845276,175.054108,212.094238,222.040390
157.425552,173.200287,212.500198,225.004440
157.152908,172.735718,212.904373,226.746765
156.907425,172.744003,213.044464,227.063644
156.578659,171.734146,214.337448,229.000320
156.424942,170.647598,214.378479,230.304916
156.583710,169.045013,214.740219,232.064499
157.869766,168.239700,215.321106,233.628098
156.997986,165.688126,214.780334,234.789902
156.013657,164.713150,214.183212,234.484680
155.856201,164.231216,214.469269,234.895172
155.105469,163.802109,214.071106,234.907593
154.646454,163.397293,214.154037,235.012283
153.052032,161.940430,214.187729,235.782394
152.209793,161.201385,214.373169,235.611145
149.383835,158.857178,214.277710,235.991989
151.240738,158.307983,214.475952,235.791306
154.081329,153.830002,214.189758,238.278488
153.376953,151.954468,214.617889,238.716995
158.578751,151.343933,214.841843,239.817505
162.909271,152.648865,214.502014,241.353226
164.873291,153.031876,213.878479,241.216675
164.268280,153.084381,214.008209,241.458771
162.506866,151.468765,215.057144,242.431549
158.320618,150.759766,215.631607,242.250549
157.091034,149.735275,216.010056,243.038177
157.785812,149.278458,216.461914,243.930008
158.501389,149.182114,216.493698,244.335251
162.233490,148.592117,216.756195,245.675735
165.293564,146.859360,216.786560,247.576462
167.545151,147.175720,215.705490,247.250244
178.942276,149.172806,214.285904,247.266876
188.791611,152.572830,209.797363,243.635773
194.361664,154.727554,206.975891,240.989319
198.509689,155.557831,204.833939,239.624313
201.521652,154.780212,202.839401,240.113037
202.024567,155.079590,202.627228,240.022583
202.340652,155.594437,202.735794,239.327103
203.303116,157.130676,202.020691,235.257599
203.860184,158.136261,201.846909,233.975937
2
0
0
0
0
1
107.686966,153.887451,101.531616,151.309952
108.045593,151.822342,100.672264,154.498169
105.628876,152.491150,103.599434,154.472610
102.530807,152.236786,103.674835,154.325287
100.629868,152.632889,104.409164,152.903564
98.504036,152.552811,100.140549,152.627167
97.801262,151.648071,97.582527,153.038513
96.569023,151.962021,97.809555,152.922607
94.208282,153.354584,98.427254,152.191727
86.371078,156.400101,104.974632,150.536499
78.514771,166.568268,117.299843,149.537079
78.704529,166.539886,116.056175,149.860138
69.799652,164.683670,125.440071,145.962143
60.185604,140.730408,123.828362,146.918442
59.205940,141.739868,122.750618,147.118240
55.772629,146.823639,137.771454,147.169403
51.869465,138.681824,151.912735,156.116455
51.241848,136.899963,151.669922,156.635284
54.223133,134.759903,152.826324,160.082916
49.898468,116.223862,149.524612,180.137115
47.332371,111.131836,148.979202,186.969437
46.162354,116.823730,151.097778,186.558258
46.317184,117.275650,151.304932,185.391861
44.599850,111.326912,152.061584,185.482544
44.659794,112.039803,155.273895,184.601227
43.849281,109.384392,154.799072,184.024536
44.094864,108.734009,154.357239,184.131775
35.121151,109.143608,169.751297,179.383835
32.608105,84.528870,168.456604,206.305481
33.631866,73.326782,157.655518,205.731400
33.767544,73.729073,157.918274,205.384506
36.053032,82.515976,157.681686,195.797455
37.074398,85.071991,156.030121,192.940933
37.542862,86.975571,156.485962,190.771637
37.585625,87.635567,156.236633,190.145416
38.186096,88.484177,155.896240,187.915344
38.426476,88.518166,155.661591,187.806061
39.590382,88.885506,155.186279,187.454315
39.882195,89.069740,155.247025,187.143936
39.866428,92.365959,155.102631,181.455673
39.595177,97.085304,155.726624,175.096497
39.548187,98.061348,156.070038,174.435867
42.461205,110.416634,156.756760,163.123306
47.181427,110.174294,155.507812,166.916962
52.393894,110.324028,148.933273,163.602921
54.762779,111.819626,148.623367,161.025040
55.783398,112.538948,148.591064,159.658478
56.076103,119.886200,149.551834,153.057114
56.667042,123.161812,155.374588,149.286179
57.833786,124.054153,155.049026,146.871964
58.015152,124.212807,155.453491,146.846161
58.476864,125.250137,155.398193,146.032364
58.509640,125.513123,155.429184,146.410049
58.429596,125.161659,155.271423,145.758820
58.444622,125.934509,155.083130,143.632187
59.170490,127.493530,154.979477,141.969254
60.704506,128.006790,154.940887,141.225967
61.920822,128.011459,154.861908,141.121765
64.200325,128.144058,154.521301,140.880981
69.595741,126.580322,152.273636,140.922546
71.716415,126.252174,152.219498,140.386017
74.551399,123.873497,151.551224,139.449371
76.156891,123.357010,152.167587,138.865799
79.547646,121.899658,151.596542,138.145309
86.204010,122.073128,151.814240,134.378830
86.421974,122.037071,151.957230,134.427765
88.991425,118.676277,150.803162,135.780914
89.081444,118.780899,150.923798,135.936600
89.104858,118.765396,150.951797,135.910858
89.125435,118.810349,150.925430,135.941406
89.188049,118.774612,150.957092,135.940933
89.220802,118.900757,150.881683,135.866699
89.287857,118.998711,150.916473,135.926819
88.906876,119.150192,150.695190,136.179199
94.879700,129.372574,151.547607,133.685028
95.125999,142.231949,149.007034,126.525551
91.634247,148.051651,147.688828,122.843651
88.969154,149.830109,145.798965,122.339325
87.354004,153.080841,145.224258,122.069649
92.472961,157.139359,144.948029,124.442200
93.463165,158.144440,144.708038,123.917458
99.010429,165.925568,145.734512,122.765038
106.085861,167.691727,144.671921,123.886230
109.817558,161.769196,146.036011,131.972610
114.042198,145.993896,145.391968,156.169830
129.153473,133.659576,135.053116,164.094635
143.202774,131.034073,130.107956,163.959579
152.183716,132.416061,127.276688,163.539139
153.211456,136.013474,129.486145,166.759933
138.862106,134.181183,138.686218,170.335266
130.799591,134.599869,141.105927,166.327560
124.556038,118.149452,138.635864,169.637909
113.869743,110.229111,151.524261,173.361771
108.611862,115.925331,157.761398,167.442612
102.109291,118.014023,167.279404,167.621277
100.575470,118.014534,169.792007,167.770309
100.630531,118.168091,169.973373,167.875992
100.538933,117.941933,170.004959,168.120056
100.780960,118.131973,170.416397,168.426682
100.557968,118.269196,170.652603,167.886581
100.648308,118.156136,170.858841,167.689316
100.741219,118.270508,170.915009,167.921432
100.901833,118.347260,170.710236,167.689697
101.802940,117.352524,166.015396,166.946121
101.345062,116.477501,165.747360,167.316589
101.467499,116.569664,165.918030,167.427826
101.504608,116.606216,165.918030,167.427826
101.532745,116.642303,165.917038,167.431290
103.089447,116.637367,165.227081,167.618881
103.275566,116.866875,165.439407,167.960175
115.985649,122.211197,163.794037,166.560013
127.737579,130.974152,165.829620,170.054779
135.702133,136.624237,167.494720,168.508575
140.234039,141.265213,172.146317,166.038376
136.921722,142.651855,187.988434,166.664078
133.323883,145.065826,199.079132,163.384979
144.229965,145.883698,207.151688,166.123138
143.176865,146.467819,208.869064,165.997299
143.023666,146.067184,211.087860,167.121429
156.989761,150.720688,214.687134,165.403702
173.481491,160.509476,218.264893,161.720779
200.127197,170.998764,215.795135,160.223618
223.667892,170.069870,217.031952,162.956223
244.738403,173.776779,215.596909,160.400238
