1
135.623962,91.302086,101.779289,227.756256
134.839203,93.083534,101.878860,227.641418
134.047180,94.435768,101.643852,225.766113
132.879364,93.668587,102.122894,219.117355
131.807312,88.348526,102.359550,219.361176
127.953972,89.729126,104.698112,214.785522
127.778114,87.913803,104.935051,215.812424
127.155922,86.968323,104.582703,216.849030
127.011948,84.487686,104.001511,218.120392
121.048561,84.193893,103.549362,218.870117
111.488342,88.719566,102.557358,222.112656
108.751556,89.035934,101.296150,225.829285
107.608841,92.869949,100.628471,225.413544
103.604355,98.268890,99.208801,221.754349
102.700089,100.051819,99.151520,222.070084
102.363861,100.510262,99.430885,222.442444
100.720543,100.801727,98.858543,222.274551
99.216225,102.619614,98.741333,221.808014
98.719925,103.409370,98.814606,221.935074
97.947289,104.056244,98.790413,222.082855
97.663467,104.561737,98.619965,222.852066
96.822327,104.877899,98.332947,223.057327
96.658058,106.620407,98.131874,222.959091
96.557526,107.319008,98.365921,222.911255
96.005203,107.887695,98.294197,222.923050
96.063080,108.170616,98.466026,222.955719
96.058563,108.457077,98.469582,222.892853
96.033989,108.575775,98.476608,222.969055
95.933884,108.939003,98.488037,223.063477
95.909157,109.516708,98.504623,223.687042
96.100708,110.118408,99.012001,223.861038
96.076675,110.249214,99.434273,223.927704
96.155334,110.904655,99.527641,223.833145
96.416733,112.307327,100.080345,223.776627
96.655548,116.765175,100.611031,221.268097
96.284950,117.894226,101.314438,220.287064
95.750481,120.592560,102.950066,219.546509
95.788681,123.342667,103.586601,218.570648
96.697945,128.298340,105.541779,215.401566
96.622368,134.504440,108.293182,209.541687
96.415672,141.504013,110.940079,204.346008
97.488861,144.785126,111.448265,201.720734
98.982635,149.480972,112.911560,198.539536
99.069672,150.071381,112.995171,198.609955
99.976181,151.867615,114.809807,198.180008
101.443954,153.909485,116.055443,196.029434
101.049873,154.601868,117.235153,189.951401
102.571335,155.618988,117.795265,182.024506
103.271606,155.110718,118.255653,183.243347
109.320961,158.174316,119.471855,178.508926
123.811317,165.324951,119.810440,175.667618
131.134003,161.930237,116.998444,174.944260
135.122665,167.081528,118.418457,173.621368
132.140533,177.038849,122.051880,168.709885
130.765091,189.351440,129.216858,164.349197
130.961151,189.343155,129.352203,164.701096
132.537476,191.838852,135.534958,174.131424
122.292374,184.209518,137.563553,174.237015
121.065659,183.849701,137.862656,174.230225
120.895882,183.916656,138.127136,174.298035
120.778412,184.312836,138.721848,173.841263
119.589363,181.895859,138.948486,173.182266
117.876457,183.303162,139.127838,172.637650
123.018913,178.511673,138.910995,173.733398
123.187660,178.589081,138.870972,173.971115
123.223953,178.531281,138.920670,173.903732
123.267181,178.584991,138.927490,173.924500
122.258965,172.028793,137.782211,174.625427
124.504349,168.058243,135.857361,175.092148
124.582214,168.203796,135.919998,175.331482
124.841614,168.213425,135.757843,174.827744
124.984032,168.250534,135.936661,174.859665
125.010994,168.287689,135.928543,174.882004
125.109344,168.255600,135.934296,174.820358
125.150055,168.304245,135.935272,174.874756
125.199203,168.339157,135.931458,174.879120
125.317863,168.348709,135.939346,174.836197
125.415215,168.347672,135.893753,174.660797
125.610100,168.589447,135.922440,174.879776
127.062088,169.278503,136.155045,174.254456
128.003296,169.658844,136.532425,174.191254
128.302902,169.777161,136.918594,174.182205
128.462952,170.049469,136.933975,174.261902
128.694138,170.463318,137.074539,174.137802
128.923889,170.883377,137.472977,174.239578
128.900848,171.096237,137.449005,174.330536
128.902878,171.234131,137.427826,174.389114
128.924271,171.874496,137.439896,174.037949
128.993912,172.347641,137.406662,174.235077
128.897980,173.089233,137.618881,173.970459
128.976349,173.711380,138.005356,173.467606
129.401459,174.728577,138.461487,172.713013
129.355881,176.597641,138.853363,171.842697
129.432419,177.039169,138.993881,171.609512
129.319153,177.973404,138.990311,171.319122
129.496017,179.409256,139.543732,170.594589
129.788940,179.797501,139.983032,170.727219
131.168198,182.035156,141.312576,169.798309
131.207397,183.295486,141.836472,169.446060
131.675262,185.053085,142.618271,168.912476
132.557480,187.041458,143.360886,168.967575
133.036911,187.744858,143.454697,168.884903
135.916290,189.567520,144.050491,168.551254
140.698730,197.650558,145.573654,169.244812
141.679733,193.964752,145.391144,169.568527
139.848236,192.487961,145.261459,169.205048
138.728561,193.560883,144.707169,169.133987
138.604248,194.463043,145.981232,168.415421
137.980835,192.906723,145.847794,168.016418
137.410248,193.261322,146.406601,167.397064
136.723755,193.532120,146.999893,166.874146
136.676453,190.912354,146.184509,166.201141
136.534180,191.023239,146.199738,166.064545
136.109619,191.101700,146.247223,165.336227
135.568054,191.242371,146.491440,164.735077
136.031616,191.111740,146.536942,164.392151
136.458344,192.318237,147.568024,163.512177
136.427155,194.588898,148.506317,162.600525
134.526077,194.144287,148.422012,160.539886
133.039963,195.063843,148.826218,159.516251
133.072495,195.295547,148.966949,159.601135
133.138229,195.546814,148.992477,159.692902
132.878220,196.077652,149.381500,159.862671
132.222488,196.696320,149.852295,159.373184
131.687866,197.282654,150.423203,159.044968
131.329788,197.283859,151.384689,158.007919
131.076477,196.516418,151.003662,157.524979
130.458420,196.798019,151.752655,156.866257
130.861008,195.968750,152.260590,155.751511
128.823944,196.139191,153.733337,154.366791
127.557869,196.373108,154.708313,153.458450
125.184242,196.774124,156.178452,151.969360
123.357574,196.135468,156.593979,150.361496
121.447243,197.198654,158.574875,148.938171
121.148766,197.520981,159.959625,148.381927
114.828636,197.521652,164.592896,145.727097
117.680176,196.209137,167.438202,144.874619
120.156837,192.066925,167.699799,145.451965
123.109016,188.103500,165.471268,146.481461
128.022278,182.197037,165.261688,146.622513
129.609589,172.961487,165.727966,148.050125
124.304741,169.625244,167.403442,149.027451
113.445000,171.217865,168.957962,147.520691
101.866051,172.245941,174.177689,146.305237
94.858749,168.886993,181.946579,145.750214
91.228806,169.745941,181.802414,146.347153
91.235596,169.770493,181.898331,146.401321
91.104553,169.882858,181.953049,146.390991
89.158150,170.087784,181.990631,145.863464
85.637306,170.672241,184.313156,145.537735
84.477760,171.192566,184.818314,145.149445
84.219498,171.425522,185.029861,145.342636
82.947235,171.255630,184.845078,144.831467
82.080276,171.327744,185.034317,144.796127
78.998184,169.479034,183.996414,143.194931
77.583069,169.240799,185.153534,143.147247
75.631348,169.515472,186.866699,142.859055
75.246864,169.071106,186.804565,142.770676
72.793518,168.744476,188.686554,142.223434
72.591850,169.035095,189.295792,142.926163
72.669266,165.727676,189.416656,147.456390
71.671890,166.171219,189.899704,147.147797
70.382446,167.294952,191.255371,147.177872
70.111282,172.413971,190.548096,148.219376
70.465218,172.743286,190.688522,148.498978
70.241837,173.125198,191.263397,146.396729
71.356773,172.016541,191.275040,145.539673
71.266312,172.741150,191.743820,145.776215
72.233719,180.897125,188.687790,146.638733
71.515976,182.274399,191.472931,147.083054
78.274208,197.729706,194.963242,149.353088
82.732414,194.732544,194.608109,154.681412
81.710571,192.859955,192.619232,156.951279
90.366264,200.643433,195.384171,156.888855
106.072655,214.349426,206.521576,158.903320
101.848572,209.550888,211.464584,162.860626
101.907295,209.768127,211.748581,162.982635
103.337929,205.608566,207.746262,165.237030
93.500237,197.698517,206.833847,166.067398
87.669617,188.273743,211.631165,166.177780
83.643547,182.413101,213.766449,168.215454
71.026505,186.109787,211.056168,165.730011
69.349800,181.127655,210.440613,168.516769
69.745285,168.021027,209.768478,169.006546
63.888577,166.724060,200.381180,168.300735
61.891903,170.878906,200.870377,165.563644
58.496784,161.896881,199.348831,177.922104
57.847782,153.961121,197.876678,184.164474
59.349655,151.844864,196.876526,189.960297
59.091259,149.855240,196.940231,192.754105
57.348248,151.873688,197.142960,189.707367
52.575741,147.539444,199.034225,183.314865
48.457054,129.881607,198.073257,185.369461
44.408253,117.215576,192.524933,183.528122
38.664356,116.021942,204.549683,181.663712
43.708881,99.413521,201.796814,197.072876
39.943905,97.028946,200.028427,197.169907
39.968895,95.786240,197.836609,191.703262
35.996616,99.133278,196.860046,184.170044
36.418919,100.821518,192.752106,181.986542
33.755909,105.979797,193.234985,175.527557
31.177834,106.220367,186.298965,172.546066
31.908276,102.374466,178.345779,167.804474
32.191822,99.625237,176.077057,167.801941
35.518753,96.689293,169.615692,166.600403
36.252953,97.691841,168.928223,165.894455
37.170639,99.129936,166.592560,164.087875
36.916096,105.291168,168.518021,158.512787
37.256897,109.133705,168.758728,154.275146
39.327736,117.556793,167.893021,146.147751
41.718990,115.327026,163.330261,148.764954
46.639385,116.120842,153.984390,144.679062
49.182377,115.842697,153.317368,144.875198
50.837585,116.855537,152.609802,143.736771
50.987961,126.093475,153.561234,136.083252
51.150074,127.544540,155.188507,134.498932
52.211750,127.258568,155.357315,133.691971
52.196037,128.396240,155.704742,133.401428
52.680138,128.746460,155.774933,133.316467
52.743259,128.839783,155.858429,133.423248
52.994873,128.833649,155.899963,133.305969
53.197971,129.289490,155.311539,131.984070
55.458023,130.877426,155.048416,130.675018
58.939007,130.920227,154.659866,130.256348
60.609371,131.225372,154.782654,130.331039
62.749626,131.188950,154.851944,130.244614
66.945663,130.093307,153.153152,130.498184
68.318993,129.628113,153.567032,130.214264
68.350723,129.828674,154.160812,129.991791
74.002800,126.787956,156.407990,130.233459
75.261337,126.688118,155.940079,130.187408
77.902679,125.974457,155.941864,129.529099
78.556274,125.797409,155.861755,129.902481
79.120773,125.364960,155.893250,129.993668
79.193344,125.357628,155.916962,129.945740
79.219101,125.337158,155.913544,129.908371
79.205666,125.356529,155.913834,129.914139
79.247208,125.396835,155.925079,129.941315
79.351997,125.439743,155.856613,129.941391
79.407211,125.514717,155.935043,129.937637
82.296654,126.483688,156.298447,132.598145
85.566467,132.677765,155.176712,131.630295
84.956375,141.619034,153.995865,126.698257
84.197624,147.366028,153.448685,124.589951
75.018471,150.154358,149.191849,123.948044
75.513557,150.938782,148.997604,123.855263
81.132736,153.465714,146.609161,124.965019
83.866966,157.635147,146.259781,125.031029
92.261726,166.626450,148.397308,122.961166
103.996544,168.101242,148.721558,122.705551
107.587769,161.742630,150.112915,131.955978
115.295006,151.836563,147.193344,151.142792
127.609428,139.201385,137.770340,158.907913
141.964310,134.249908,132.307037,159.578949
150.406433,134.302170,128.897125,160.328674
151.085281,135.076279,130.735733,165.573944
140.590515,135.492752,135.171310,166.659515
131.243561,136.416107,138.869370,162.516785
126.634056,125.863472,138.015778,162.200287
117.975342,117.618118,147.185623,163.915298
113.367416,121.769066,153.342712,160.683929
110.282684,122.380348,156.271805,160.417480
107.436607,122.477310,159.682877,159.680130
107.405457,122.672363,160.159119,159.826477
107.363510,122.734627,160.723862,159.926590
107.497818,122.771774,160.920502,159.931061
107.252701,122.880501,161.252090,159.534348
107.273079,122.715096,161.323288,159.925766
107.369446,122.738541,161.416443,159.920303
107.437065,122.778839,161.368668,159.849701
107.614174,120.170158,155.069809,160.174530
107.444717,119.835281,154.969269,160.637421
107.461998,120.013390,154.890259,160.885330
107.495392,120.071625,154.917358,160.936401
107.423920,120.104698,154.843399,160.942581
107.557022,120.115921,154.931473,160.968109
110.357178,120.991837,155.744034,161.234802
119.779213,126.052238,156.441040,160.218338
131.775269,138.022217,157.667297,159.508072
136.624374,141.377533,159.361328,159.568344
137.594589,144.618332,159.550507,159.194138
137.091934,145.042221,161.980179,159.131378
136.555618,145.638046,167.224152,158.228485
136.942825,145.686066,167.580566,158.340744
143.372955,144.873871,176.884644,173.778030
146.767700,143.078598,187.508804,178.409378
163.621536,148.450851,193.012497,173.527878
172.764603,155.279617,194.588547,170.507553
197.988693,167.542648,191.268631,166.558640
225.444992,159.836945,180.933350,172.789719
245.373169,170.328873,178.605560,170.035583
