1
141.643951,115.356636,109.976822,222.917633
141.494202,116.306900,108.529099,219.596603
139.669678,119.988892,107.814812,215.077179
138.339752,113.762146,106.702972,212.766861
135.517502,109.719414,106.258911,212.359055
135.582596,109.037842,107.565948,211.604370
133.331467,106.164215,106.794708,210.412384
132.908493,101.274437,105.338196,212.717010
131.480972,88.012589,102.106529,215.531372
126.278534,85.832047,99.456299,217.185440
117.696968,87.023232,96.870071,220.262207
113.395836,85.937622,95.385269,226.433655
111.215858,97.372070,92.930161,221.826691
110.284515,100.530128,92.712059,220.222260
109.988533,101.213219,92.728333,220.258743
108.589745,102.589630,92.714539,219.674377
106.911652,103.427444,92.165466,220.569534
105.791718,104.553253,91.967476,221.149918
105.039070,106.037788,91.643539,221.158295
103.902290,106.979713,91.677498,221.563660
103.093086,107.351181,91.397552,222.401459
102.868019,107.346634,91.308815,222.473953
102.486122,107.848763,90.605774,222.169739
102.148773,108.111862,90.747017,222.320129
101.663696,108.536469,90.703278,222.360184
101.554893,108.730759,90.819557,222.444489
101.252907,109.130630,90.772903,222.380463
101.265587,109.413849,90.960823,222.344009
101.029922,109.559227,90.858704,222.630386
101.037827,109.786331,90.967430,223.056320
100.850464,110.208191,91.015869,223.341934
100.510796,110.230377,91.475464,223.560028
100.438812,110.517235,91.479286,224.007919
100.268204,110.980049,91.503983,224.624435
100.216644,111.949982,92.043556,224.702347
99.897408,112.819321,93.136024,224.645966
98.854614,115.121902,94.888512,223.979401
98.039856,117.742889,96.243210,222.534286
97.976799,120.449165,98.823891,222.536560
98.017830,125.012360,100.205589,220.672058
97.503944,128.780991,102.780083,217.819763
97.334412,134.057465,104.175224,211.722702
97.402733,141.609940,107.738800,204.540802
97.686516,145.556381,108.861763,200.684448
98.047882,146.651749,109.303757,199.829163
99.226822,148.960907,111.162674,197.869995
99.071075,149.325760,112.017807,191.645386
102.050095,151.364716,116.578583,179.428452
104.951233,149.588837,118.592476,180.862015
109.637970,152.303329,122.466805,178.013290
120.878120,154.583313,121.612625,175.642868
127.097496,153.769638,119.900848,174.070480
132.839539,158.720810,120.861336,172.944427
131.543701,173.208511,123.071320,168.896103
131.565582,183.168915,126.466698,165.874390
132.310959,183.594360,125.769241,167.583481
132.433701,184.381851,132.064606,172.523651
128.156342,184.267441,133.665573,171.948517
127.789497,184.199493,133.898666,172.001740
125.786728,184.445877,134.443146,172.338531
123.576920,184.263077,134.617401,171.052277
124.294693,184.067825,135.584091,170.735291
124.573982,184.442047,136.106873,170.803619
127.565025,181.368073,137.429291,172.383469
127.973297,180.786621,137.318909,172.608780
127.468445,180.736679,137.689529,172.828232
127.612457,180.804352,137.934341,172.922760
126.850357,175.953964,137.360443,173.149185
126.935020,172.263947,136.654175,173.348083
126.519135,171.323013,136.582611,172.952728
127.022430,171.351181,136.637619,171.707047
127.363045,171.631699,136.944183,171.608017
127.343315,171.783371,136.931564,171.932663
127.356133,171.732178,136.945892,171.886948
127.132591,171.745819,137.054581,171.739807
127.230988,171.777084,137.479309,171.828964
126.887711,171.781448,137.431610,171.652298
126.911537,171.843613,137.446945,171.799591
126.953346,171.852051,137.416336,171.793610
127.338707,171.909134,137.417664,171.724396
127.548981,171.990402,137.420670,171.748276
127.482727,171.830261,137.346832,171.372910
127.606918,171.832932,137.392609,171.204636
128.020340,172.160477,137.449966,171.371292
127.996338,172.266174,137.443161,171.352554
128.116165,172.459656,137.405319,171.315384
128.170746,172.602982,137.423752,171.370987
128.474350,173.088715,137.536453,171.025452
128.777405,173.514099,137.932129,171.228973
129.145767,175.538712,138.508392,170.654480
129.627487,176.017288,138.972412,170.766800
130.353027,177.207642,138.949371,170.261505
130.703033,178.357101,139.178589,169.850723
131.611374,180.523285,139.948471,168.873337
131.967422,181.153839,139.886826,168.474915
131.530731,183.554977,141.356018,167.620071
131.676102,183.802734,141.424591,167.823273
132.139526,183.939713,141.615662,167.975021
133.052811,184.652527,142.378082,168.018799
135.151718,187.433914,143.221420,169.337250
134.906357,189.085281,143.533966,169.229507
134.905106,189.192383,144.018723,169.100891
135.198471,189.689148,144.618118,169.262009
140.489090,196.866974,145.881973,170.358490
141.224731,190.627731,146.273239,170.863434
145.053940,191.568344,147.391342,170.302689
145.896652,193.595917,147.421127,169.017090
147.630081,191.535507,150.415161,169.628433
147.103195,189.177322,150.473679,170.058395
152.014374,191.111221,151.678680,170.482910
142.596848,187.884872,154.331970,170.731964
145.971741,183.766296,152.704987,170.578125
146.552444,186.126190,152.826691,170.265060
146.123856,186.170212,152.074493,169.121750
145.260208,188.064453,152.812759,166.904129
149.173279,189.658524,155.255890,165.584045
149.572235,189.389603,157.245438,164.721817
148.165497,190.320618,157.214691,163.268539
143.603348,188.593124,155.639832,161.083298
142.449814,191.060120,155.027298,160.138382
143.696426,191.655365,155.681137,159.215591
148.854050,194.028564,157.043076,157.746384
150.229721,201.490707,160.829697,159.107010
148.935806,203.769165,160.940903,157.091629
157.418503,210.407822,158.694153,161.305008
150.409561,204.066940,159.181076,160.533356
147.006653,195.662231,158.603287,162.053604
143.973801,189.498672,157.429108,161.414093
148.764404,192.632172,159.362228,159.123825
143.958969,189.205444,159.679092,154.282410
146.699753,190.673096,158.923340,150.892670
141.921921,193.331955,163.547958,149.449280
136.661560,190.364685,163.600510,147.426392
136.524841,190.074280,167.018219,146.251740
138.977997,191.357712,168.829254,146.441193
147.113663,191.219086,172.759995,150.599472
133.050354,182.370377,174.042358,152.658615
135.596848,180.881714,176.339447,150.752792
140.717438,178.240036,174.452835,154.846207
139.620026,160.455490,173.971130,166.829056
135.827835,152.130142,169.858521,166.231812
128.323059,151.186600,170.697540,165.121170
114.382088,153.012085,172.101273,163.659317
107.154823,155.818878,174.376343,161.596832
101.851250,156.147202,174.671738,160.814499
99.210808,157.024445,175.227737,160.474426
97.275688,158.591446,176.185516,159.875381
95.731590,159.073486,176.678635,159.483353
93.934143,159.617889,177.193939,158.447479
92.985809,159.868164,177.995667,157.867554
91.652092,160.032669,178.131607,157.275330
91.307892,160.075104,178.410141,157.354324
89.673615,160.203018,177.717392,156.503830
88.523697,160.685257,177.678040,156.257812
88.004654,160.797119,177.792511,155.416870
85.902275,161.340454,179.317505,154.682785
84.455025,161.769760,180.709732,154.631714
82.806160,161.790588,181.164368,152.739761
78.496155,162.590744,185.388565,152.138351
75.421516,163.091278,191.056076,153.765808
75.777649,166.721878,201.276428,159.522949
75.321449,168.109512,203.110397,160.332794
75.418083,168.171356,203.411407,160.420334
75.225273,169.129059,203.963242,160.281860
74.045830,170.322449,208.502090,161.417892
75.643089,173.617676,211.446609,159.675064
75.313934,173.281631,210.803818,158.419083
69.880524,177.370148,222.196701,156.957657
68.425911,183.048248,224.399048,156.035645
63.909336,190.879944,226.869141,157.349670
64.702217,192.728882,231.710938,159.558807
66.205971,192.129684,242.599335,166.599854
69.161896,192.247574,241.682343,169.307220
76.325661,197.594650,243.510834,174.895447
89.382492,205.289474,245.041824,176.149017
90.025078,205.378052,245.205383,176.616821
90.094231,205.496658,245.480515,176.922607
92.213104,203.608887,241.771622,176.601883
92.271500,203.724960,241.884567,176.922424
85.175339,194.880814,242.815384,176.329712
84.344940,194.873169,243.599655,176.437927
79.133224,200.431183,238.514908,168.562897
81.898163,188.307022,235.722824,172.357819
77.527611,171.163162,226.963974,169.146500
65.599503,172.835373,214.185410,165.987625
62.587040,174.038147,214.691788,165.327774
60.895016,170.954208,210.720367,174.840668
58.322250,155.279007,207.459686,187.325500
60.846416,153.074600,206.964828,192.544037
60.863773,153.302353,206.896927,192.920105
51.223133,150.408768,205.298279,193.105042
49.130386,146.035294,206.255219,191.028946
48.073429,129.566971,203.116714,193.789459
43.051300,118.875824,199.349304,190.891602
39.079643,117.416443,208.420212,191.097031
41.266075,108.145447,205.065765,201.547256
41.185841,106.873665,205.590363,200.278259
37.914612,105.299690,204.582230,197.107880
37.837292,107.267815,203.325058,192.933502
37.483364,108.102150,202.725052,190.749664
34.646297,110.408150,203.218491,189.194244
32.136093,109.270134,193.677002,183.128082
32.088203,99.183212,182.971100,181.050766
31.681181,96.478813,181.952789,180.751282
35.489788,93.488129,170.604584,178.184082
36.115490,94.270844,170.054138,177.046097
37.306320,95.173737,167.078659,175.602295
36.987152,98.172806,168.305115,172.467865
37.226185,100.723602,168.557846,168.792831
41.327774,111.737877,167.919189,159.009277
44.711761,111.040291,165.471558,160.328140
49.479221,112.159920,157.416809,157.305740
50.779869,113.020966,156.353394,156.066177
52.686001,115.137474,155.372330,153.564636
53.237152,124.300972,155.054459,145.946426
53.408752,126.179901,157.558685,143.236633
53.949100,126.472252,157.783890,141.348526
54.053940,126.683540,157.927734,141.314255
54.381069,126.970055,157.721619,141.236908
54.508007,127.202797,157.836365,141.166351
54.078365,126.361885,157.916672,140.764236
54.589634,126.726967,157.009918,139.135559
56.011208,128.454742,156.464462,137.354218
58.866875,128.717957,155.872345,136.665390
61.034340,129.142426,155.129761,136.544128
62.845654,129.325668,155.282303,136.577957
67.399033,128.214691,153.392746,137.079269
69.447411,127.977150,153.250626,137.203354
70.010208,127.456787,153.758606,137.128159
72.757599,126.837708,155.002808,136.758423
75.345070,126.589653,154.837601,136.099869
79.084717,124.555008,154.313416,135.291473
80.662056,123.998070,154.285797,135.344772
80.996658,123.854118,154.383453,135.373489
81.097153,123.870857,154.406586,135.468536
81.140244,123.886963,154.423706,135.441620
81.173149,123.910744,154.427094,135.444565
81.210648,123.931892,154.428391,135.435394
81.242836,123.964569,154.423706,135.441620
81.306946,124.123734,154.510727,135.453781
82.597229,125.162224,156.395599,136.270355
87.980011,132.147400,154.590363,134.923782
86.335564,140.322311,153.586227,130.247192
83.139107,144.716629,153.059769,127.580383
78.820435,147.320450,149.190826,126.933403
78.781807,148.054001,149.190079,127.015167
86.391098,152.650375,147.677444,127.257515
88.585449,154.004898,146.981598,127.105453
97.559418,162.853867,147.998428,124.269836
107.433395,164.336975,146.621964,125.235405
113.682106,156.643692,145.782654,133.662476
120.668251,153.049561,142.337463,144.781296
133.941299,143.480499,133.599335,149.669586
145.841110,140.159317,127.215775,150.240753
150.117416,140.676743,126.677223,150.994598
151.015625,143.808563,129.177917,155.146988
137.611465,133.716461,132.845444,164.827240
129.553375,136.598465,135.687210,159.530655
126.059357,130.388885,136.141846,159.439621
122.221588,118.829826,142.836227,165.540298
120.522423,119.172714,143.802811,165.347397
115.415337,119.120544,150.946808,166.068787
106.562325,118.881767,157.090866,165.176300
105.849907,119.536781,158.777985,164.517166
105.644051,119.669807,159.355789,164.937454
105.712425,119.701538,159.421234,164.928909
105.740471,119.738411,159.423569,164.920486
105.755844,119.771378,159.424591,164.908676
105.811722,119.781609,159.351700,164.736771
105.882141,119.913681,159.421234,164.928909
106.005135,118.656189,156.830109,164.410049
105.385330,117.808525,156.364166,164.754227
105.460800,117.931831,156.395416,164.917435
105.488548,117.974350,156.417160,164.936493
105.526306,118.006561,156.422714,164.928909
105.653824,118.011650,156.397095,164.970825
106.676598,118.473030,156.991013,165.403687
116.026085,121.111549,155.237823,164.853180
126.353065,133.605255,160.419128,162.790970
130.164413,138.758209,163.559387,161.247055
130.435638,142.161819,165.254974,160.599518
130.712845,142.426758,165.485718,160.801331
131.085236,142.889435,174.160080,159.607376
131.266754,143.024902,174.529861,159.829056
134.933304,145.175034,181.073532,170.087204
136.942902,142.220276,189.772751,175.525772
152.779907,147.056580,194.121902,170.642487
169.205444,156.820023,194.642120,165.370117
200.558441,169.300323,193.152557,162.476105
225.792465,163.141998,182.945908,171.452728
242.780396,168.605835,182.357864,169.111618
