1
137.652649,120.632980,97.240837,207.799072
137.691208,120.692650,97.301842,207.843811
136.798065,121.098633,97.507324,207.101318
134.151260,118.591621,97.871223,203.854828
132.591690,115.285362,97.873589,203.933701
132.111893,114.835670,97.917572,203.783707
131.601151,112.938324,97.531509,204.254883
130.493347,109.376015,96.111748,207.665466
129.782852,98.042366,92.667900,211.544159
125.077858,97.403877,90.490501,212.952194
116.785446,97.971649,88.833511,214.336456
115.664070,101.630081,87.706871,215.399673
115.745895,102.198425,87.912254,215.309036
112.992210,105.974892,87.507149,213.950333
112.979897,106.057076,87.729263,214.231888
110.573898,107.663979,86.927773,215.037155
109.389069,108.500092,86.689018,215.499039
108.934044,108.734627,86.638985,215.815292
108.523132,109.230492,86.810577,216.080673
107.978218,109.761719,86.870262,216.718933
107.819511,109.876297,86.854263,217.198654
106.822868,109.732697,86.466049,217.849197
106.645981,110.412704,86.018501,218.298828
106.305878,111.857063,85.859322,218.980835
105.105804,111.998596,85.634453,219.576584
105.053314,112.458847,85.822662,220.223694
104.658195,113.082169,85.842033,220.366791
104.717506,113.156441,85.949219,220.425125
104.620293,113.274483,85.936317,220.410339
104.612144,113.412483,85.955498,220.459366
104.454147,113.467163,85.978615,220.446548
103.926529,113.335167,85.964806,220.523636
103.803940,113.458763,85.989311,221.474304
103.708344,113.626015,86.008331,221.382690
103.826065,114.133667,86.483635,221.257050
103.509254,114.666702,86.659973,221.179764
102.588165,115.801895,88.101547,220.992981
101.607704,116.987244,89.697243,220.420685
100.961090,118.251724,91.619583,220.065292
100.489082,119.576805,93.117035,219.783081
99.891762,121.267357,94.737862,219.429123
99.526848,124.574089,95.940430,217.228287
98.901665,128.418365,98.302368,214.451904
98.660149,129.892303,98.781441,212.519989
98.008751,133.516388,102.297729,210.059387
97.817238,135.399643,107.377716,207.530685
99.077621,142.222595,109.878059,195.370163
103.144653,141.036407,111.826096,188.237579
107.241302,141.821609,121.506531,187.819489
113.636612,144.602417,122.141220,183.523895
121.722733,144.859070,122.055183,183.215271
132.336670,147.239914,121.121712,180.641068
136.742111,155.776581,124.282364,177.403030
135.961838,164.461823,124.616394,175.420898
136.653763,177.632477,129.486847,169.534195
137.493591,179.196289,128.937027,171.836365
138.059341,184.507584,134.567444,173.877151
127.434723,184.750626,138.135223,172.085312
126.764992,184.866272,138.332947,172.639771
125.308571,185.051392,139.072815,172.828949
125.006523,185.362946,140.014862,171.630096
120.941879,182.380219,142.809357,171.746338
119.165443,180.842834,143.001907,171.914948
123.677383,179.324387,144.271088,174.251144
125.060532,178.557419,144.989990,175.276077
125.080338,178.176987,144.858322,175.386368
125.136955,178.029495,144.887527,175.430298
124.394554,167.888214,143.208694,176.254105
125.175072,166.032074,142.735321,176.366180
125.328743,165.507675,142.759628,175.982285
125.589516,165.327652,142.594315,175.174744
125.859955,165.511353,143.037109,175.345047
126.101372,165.545761,143.440872,175.398956
126.118332,165.366455,143.436951,175.289505
126.096573,165.384491,143.442520,175.412338
126.114166,165.407013,143.432144,175.412811
126.282883,165.450089,143.572510,175.304489
126.525673,165.677948,144.074203,175.334076
126.383301,166.417694,145.134125,174.960632
126.711441,168.167908,146.285660,174.562912
128.423920,168.408722,147.585831,174.520981
129.864212,169.086487,148.015686,174.739151
132.520844,169.782745,148.384399,174.920273
132.523041,169.647110,149.103180,175.176941
132.191879,170.398132,149.876526,175.249146
131.718811,171.674011,150.325394,174.858047
131.750427,174.915802,151.743362,174.391220
133.026779,178.740646,154.598129,174.253815
133.838211,178.604385,153.594177,173.540649
133.147552,179.541458,154.045944,173.503830
132.017990,181.803421,154.887314,173.293915
130.212753,179.800644,153.994080,172.413055
129.372070,182.936127,154.820282,171.167603
135.336746,190.287338,157.685120,173.085968
130.850235,187.349091,156.729874,171.995300
132.660202,187.475586,159.410889,171.605621
134.410034,188.063354,161.427551,171.317581
134.893646,190.939606,166.930862,172.970139
138.615662,192.029282,168.469315,174.918869
140.883606,191.711395,172.144379,180.656631
136.743896,188.341797,174.396423,181.798737
137.537292,183.183105,176.485336,183.829514
138.810333,185.300858,180.145462,185.663406
148.290070,191.631104,185.175095,194.521042
148.635941,185.426514,185.424545,196.206467
151.614639,182.984100,188.699387,198.983398
148.623154,178.415512,188.362213,198.097046
148.277359,174.099838,192.697998,204.029755
149.780441,173.070129,197.560043,208.610840
150.823990,172.853119,198.656952,211.157394
150.386917,172.928879,199.920303,211.419876
151.078186,172.609497,200.443527,211.865067
152.618820,172.380325,202.319092,213.586472
154.998047,173.151840,205.238144,215.691956
154.875412,172.753372,205.551041,216.175064
156.923019,173.967072,206.694138,217.667984
159.648270,174.507080,206.536789,220.478882
159.470840,173.784729,206.873886,221.207764
157.686737,172.860550,204.931076,221.801987
156.911667,172.638062,205.165283,222.377747
157.365646,172.720352,205.766602,222.787552
156.843323,172.760468,206.871674,222.383850
155.961243,172.377472,206.845581,222.902863
155.162994,172.318604,206.965042,223.108139
154.710129,171.125259,206.889542,224.304504
153.833435,169.492340,207.336227,224.492096
151.227463,166.989655,206.278000,223.622421
154.850937,167.010666,208.002808,225.477829
157.860733,165.091599,208.272507,226.772446
160.261780,163.851440,208.181412,227.874603
159.798843,163.723785,207.568726,227.597198
159.322083,162.948837,208.412064,228.857864
157.195053,162.069595,208.031052,228.967331
156.609100,161.712326,208.343201,229.013153
154.908478,160.140396,208.908615,230.494568
150.906433,156.956390,211.435867,232.243698
148.025452,155.107559,213.089600,233.102371
148.439621,154.676804,213.684799,233.414185
151.381226,153.590439,214.550690,234.266937
162.325790,152.181152,216.497681,237.668915
165.889969,152.205887,215.292267,238.406998
166.589584,152.230789,215.216095,239.093460
166.717712,151.695740,213.929993,239.252777
165.147278,151.558304,213.746155,239.380676
164.759918,151.669586,214.095413,239.642441
160.559341,152.111267,215.247101,239.565231
160.031631,152.255951,215.602875,240.017715
160.467926,152.281204,215.913605,240.719254
160.544571,152.163055,215.939133,241.221558
158.961411,150.998245,218.141403,242.072739
156.826431,148.964264,219.091644,243.352417
160.180405,147.290604,218.855225,245.225159
161.515610,147.213730,218.755249,245.400574
162.363663,146.873077,218.678406,245.325241
166.414368,147.382828,217.940887,243.835114
177.500015,147.429352,215.855896,243.616699
179.349976,146.804443,215.101898,244.058060
180.604218,146.889603,214.780716,244.002792
182.653534,147.665527,213.277298,242.915009
185.273788,147.968140,210.554871,240.718979
186.792221,148.956070,208.685059,240.083786
193.733994,153.167511,200.565826,237.490921
194.310745,153.541870,200.487534,237.252533
194.819153,155.390488,200.196030,236.165649
192.888901,156.712891,199.906342,231.210266
193.686691,157.161636,198.930542,230.466278
194.305145,160.629608,194.703568,226.604889
193.798370,170.246094,190.343857,229.018311
189.833893,179.011505,188.163239,225.604523
189.674179,190.138321,182.530655,218.677002
2
0
0
0
0
1
74.968994,158.434937,89.429024,175.227448
64.911858,163.755447,100.716454,170.500397
65.066071,164.053360,100.986572,170.926727
64.171936,160.257111,101.290543,170.776855
59.777153,144.642685,100.429726,168.106918
57.456673,143.738251,100.191238,168.889572
50.760120,147.846863,115.074677,167.749222
49.186794,147.413025,122.826393,169.182953
48.803322,140.795303,122.689934,168.592896
50.232151,138.615189,130.414124,168.310455
51.072258,125.679611,129.071701,179.676407
46.909851,123.623848,129.145035,182.034988
48.527271,124.083542,134.066772,194.842575
48.472561,124.099167,135.735123,194.888016
47.564018,121.198624,137.410004,194.979797
47.975597,120.213966,138.573502,194.683395
47.994026,119.695435,138.908997,194.800613
48.049946,119.616974,138.862808,194.392731
39.062752,115.305923,155.721924,192.681854
41.433567,93.077118,151.704147,210.917999
42.787674,78.030052,139.231888,209.685181
42.836025,78.490562,139.553192,209.182816
45.159420,82.893265,141.017700,204.266983
45.548203,83.173622,140.902664,204.127396
45.503826,83.735901,141.134979,203.703491
45.889114,84.561134,140.763748,202.657104
46.067379,85.316559,141.583740,194.469528
46.787148,86.292679,141.681335,192.160187
47.441086,86.653900,140.929459,191.561218
49.350109,89.132759,140.967819,188.517990
49.314518,90.439888,141.040207,186.382187
48.546410,96.731178,143.633682,178.609116
47.349709,98.750153,144.620377,175.660629
52.965351,109.790947,145.507675,162.806244
57.190208,110.414261,144.057617,161.899460
60.582642,114.103493,139.918518,155.599777
61.968014,115.134956,138.949524,154.360809
63.274979,115.665840,138.541489,153.284882
64.537659,121.464600,138.185837,147.742676
64.431313,122.798050,139.547211,144.592041
65.036064,123.317116,140.441910,143.558319
65.061829,123.538353,140.430618,143.937958
65.178658,123.782234,140.510117,143.709824
65.402840,123.928528,140.908127,143.898758
65.386894,123.828346,140.993118,143.739105
65.510117,124.641289,140.677780,141.250381
66.015816,127.433807,140.997864,137.963348
66.386459,127.464943,140.899033,137.414993
67.866638,127.898026,140.541611,136.746872
69.373894,127.878334,140.958603,136.268829
73.021957,125.638512,139.272369,136.714188
75.519661,124.180298,139.516495,136.109650
74.527359,123.108437,140.229492,135.619354
78.983170,124.838478,145.637146,132.549332
79.951767,124.955391,145.546661,132.468384
84.388870,123.642593,146.149338,130.918243
85.543312,123.243492,146.388657,131.105026
86.206444,123.052658,146.348267,131.645355
86.373642,123.137604,146.381805,131.998627
86.429314,123.138657,146.427658,131.943130
86.334435,123.119652,146.445236,131.864212
86.372635,123.065865,146.561859,131.992310
87.032097,123.218857,146.658234,131.901917
87.420036,123.438354,146.750366,133.171997
89.435265,124.728760,147.656616,134.717697
92.172241,130.613785,146.844406,133.708588
93.486496,141.167480,144.683334,129.988525
92.270958,148.294601,143.176910,126.729256
89.548798,149.944672,141.133133,126.064903
89.016022,151.089279,141.062637,126.462440
90.489662,151.691086,141.205505,127.384933
92.568459,156.406372,141.665482,125.781296
100.314583,163.646912,143.814880,123.300110
111.338501,164.663864,143.304840,125.352409
114.069687,157.966370,143.042542,131.666260
120.352539,153.434891,140.543930,144.125900
133.587662,143.268066,131.507248,149.895737
145.878754,140.182785,127.227585,148.687790
152.239151,141.614670,126.948524,148.678497
153.813507,145.007278,129.886673,156.181808
142.666443,141.357697,131.951340,159.094223
134.407333,143.922592,135.039246,154.690781
130.706696,135.100983,133.394180,153.584045
127.262108,128.748550,139.091721,154.795654
122.398727,127.279160,142.683624,155.253708
110.797890,125.734055,156.569458,158.241257
106.803719,125.777397,161.404633,157.815399
106.456276,126.059784,162.137650,157.653259
106.633659,126.233597,162.419754,157.931915
106.669884,126.267914,162.419846,157.931610
106.702560,126.296883,162.422714,157.920853
106.334946,125.601044,162.177689,158.153900
106.517830,125.770958,162.367706,158.346588
106.660675,125.757690,162.296661,158.137070
107.227722,124.813347,158.731003,157.980148
106.945938,124.158348,158.014511,158.319550
107.184982,124.249016,158.421738,158.431702
107.220413,124.283600,158.421738,158.431702
106.837685,124.081734,158.062775,158.299484
107.139427,124.185310,158.406235,158.474915
110.542343,124.229622,158.302658,158.847946
120.004990,129.086624,159.721542,158.441040
130.602051,135.987625,160.494888,161.554535
139.347855,140.229401,161.628891,161.589447
143.288696,141.127808,161.270386,161.380600
141.124268,145.655075,177.887207,160.331207
141.616516,147.066467,181.444763,157.484863
143.296387,147.043808,181.594589,157.293396
143.233047,147.640762,182.975052,157.798920
143.867111,147.052704,196.159515,165.064697
163.250641,153.264587,201.146393,162.476501
172.750687,159.590561,204.073868,158.787445
205.996475,169.038666,200.478699,156.027649
233.170120,165.228439,193.643616,160.804260
258.403595,174.063080,192.447693,158.175766
