1
110.590790,104.461754,28.572636,99.285088
110.157570,105.082954,28.956083,99.239441
110.046143,105.970421,28.928528,99.587723
107.562241,104.982605,28.677483,101.418159
107.445244,105.202385,29.122114,101.335976
105.033257,108.376633,29.640793,101.050278
101.752151,111.235115,32.466064,100.609985
99.068039,112.324615,32.212467,99.574821
97.584152,114.357086,32.591488,99.577629
92.328209,118.299255,33.989159,100.154610
91.376755,117.150238,32.440750,101.329796
89.182602,114.827324,32.420650,98.229149
86.372673,109.976135,32.182377,103.347992
84.806374,107.923553,31.395073,99.482849
85.393478,108.219353,31.971916,95.459854
85.384216,107.758415,31.581776,98.113579
85.576309,107.913315,32.010914,98.429596
86.978714,109.096504,32.361790,97.191475
88.525764,109.152618,32.923161,98.996368
89.682938,110.299896,32.420681,99.471382
91.829453,108.144028,32.017441,101.756828
95.319313,110.315063,32.116142,99.132416
95.509323,110.499992,32.485989,99.470932
95.825233,110.279381,32.787125,98.636162
96.949722,110.857597,32.904877,99.210190
97.352982,111.490891,32.874409,99.041557
99.449104,112.517380,33.404896,99.612137
102.155357,110.270714,32.569473,101.664627
102.859116,105.493614,32.196831,101.293167
103.500107,100.635551,31.258650,99.206841
102.133934,97.950439,31.624096,100.233658
101.202950,97.447739,31.683783,100.186951
101.186073,97.020386,32.021500,99.258965
101.440926,97.390991,32.476032,99.630440
101.474022,97.509003,32.521347,99.956566
101.645210,97.476830,32.879246,100.372261
101.809189,96.946083,33.256683,100.917274
100.278519,96.005867,32.547031,102.920944
100.529373,95.955070,32.881687,102.485855
98.188423,95.517746,33.510128,103.994659
97.581886,94.330032,33.992474,104.181297
96.473015,93.568375,34.130508,104.491043
94.769951,96.412758,34.861534,100.006325
91.736626,97.354095,35.331032,99.727432
88.410553,99.955475,35.893974,97.612663
84.295204,103.354820,36.260357,95.351807
81.171051,98.060341,36.352970,95.960327
78.876656,92.273132,35.029564,95.316978
77.733932,89.835121,35.442684,102.399956
76.797081,92.878998,33.002666,99.748550
76.433907,95.901978,34.030880,98.290764
77.317146,97.948875,33.274849,97.521805
78.131721,101.129158,33.343956,97.796265
78.172974,99.282654,32.679211,104.817169
81.122963,99.258850,33.712681,103.786743
82.541832,100.209320,33.608719,104.993340
89.790138,99.409309,32.775925,105.608322
91.393196,98.430450,32.882931,104.075249
94.388069,102.125114,37.174053,101.045784
95.819702,98.151802,36.435509,100.691841
96.288689,99.239769,36.814396,99.636887
96.873878,101.939316,36.129883,98.762215
99.078255,100.525925,35.882317,99.489990
103.340912,94.698830,34.342373,105.403534
108.210480,89.622704,33.366730,107.750305
108.254547,89.743744,33.462223,107.935699
108.214874,89.893631,33.466564,108.283554
108.406631,90.735580,31.215231,109.806671
107.391396,91.548027,31.687571,109.002533
106.718048,90.456894,31.796965,111.279793
103.446846,86.527840,32.246212,110.363922
100.399803,83.651993,32.494263,110.555107
98.058594,82.556984,32.521294,110.835831
96.404465,80.324249,33.159370,110.205055
92.875298,78.214348,33.409626,109.618057
88.419617,73.898697,34.057781,108.542252
85.120155,73.626602,39.964329,103.560654
66.245491,74.209602,43.719215,101.248528
2
0
0
0
0
1
101.212318,81.434525,34.997917,113.523720
104.275482,83.582909,34.679382,107.930168
105.612465,84.485168,36.216763,105.515015
109.514900,88.929932,35.024330,105.514488
110.498047,90.496284,35.202042,104.297348
115.480034,93.331314,35.253975,107.275162
120.196533,93.650055,35.240013,104.959717
123.115746,92.554802,32.779919,105.692787
123.622345,92.477013,33.234348,106.972786
123.154991,92.349327,35.084026,107.374802
124.267410,94.156067,36.479836,106.858505
122.062798,97.143105,37.531002,107.802071
120.195404,97.995430,38.281769,107.461311
120.209541,98.131996,38.496872,107.381157
118.730865,100.550377,38.358463,104.486061
120.313202,97.808403,35.718773,104.535057
119.661018,94.709167,35.707985,106.117416
119.031830,90.171104,35.131138,107.300858
118.048988,86.758148,34.759590,109.113937
118.512543,86.171768,34.313908,107.828682
118.355751,86.012184,34.375126,107.948257
119.188911,85.806686,33.601738,107.719742
116.146553,83.212372,35.037064,109.417397
115.861420,78.847794,33.930073,108.993111
115.472221,78.845764,34.098324,109.248787
112.463600,76.933754,34.618149,110.249321
107.094994,74.769012,35.834530,110.792572
103.001221,74.007912,37.106621,107.984390
98.774109,71.994759,38.304039,107.082397
93.728874,75.402046,38.464199,108.926239
92.765282,78.741371,38.660835,109.045097
92.781784,81.682732,37.619373,108.411690
91.019043,83.420448,38.455795,112.726990
89.555801,85.012024,37.146820,110.820160
88.424950,90.195457,35.318504,102.281586
89.560532,90.444809,35.475929,103.373795
94.366219,91.569695,35.387257,101.567520
94.824226,92.422668,35.344719,101.289589
98.169800,92.909149,37.709599,102.600784
102.686821,95.264977,35.979214,100.523743
105.826027,95.435188,36.255222,103.139465
111.968414,95.922417,32.883095,108.942917
112.649895,100.475403,34.042645,109.302406
113.564270,97.864769,35.776608,112.431847
114.782570,97.347229,36.061584,113.043892
115.209290,96.790817,37.451939,115.750969
116.151031,101.045082,38.735874,112.753624
116.266296,101.175270,38.990009,112.947197
116.971024,103.177803,38.924194,112.730827
118.562401,106.124275,38.021435,114.057465
118.896591,107.281479,38.332783,114.749535
123.952835,111.450989,36.660995,108.321289
124.437721,111.459282,36.280758,108.049118
123.759911,110.997162,36.154625,111.383659
123.572113,111.513252,36.492222,110.387299
121.577583,114.207832,36.360554,110.000458
121.605919,114.441063,36.509190,110.444878
122.736015,115.575180,35.397717,111.396851
122.757011,115.200302,35.458248,111.631798
122.806961,115.411697,35.473591,112.002716
122.854637,115.311020,35.568268,112.753471
122.235550,113.827103,36.593105,114.946198
122.191010,112.308662,40.098854,115.043999
122.685684,112.494186,40.346539,114.920883
122.170334,112.405670,41.104725,114.721672
122.357536,112.531059,41.483356,114.954857
122.994514,112.156349,41.574295,113.342422
124.707191,109.426636,39.759468,111.228561
125.823524,105.946205,37.535431,110.480232
127.064262,98.557739,33.918255,107.672829
124.813042,98.445068,35.603516,110.100510
124.180237,95.280029,35.240284,110.955772
123.883789,95.224899,35.418633,104.895218
123.210495,95.325157,35.200809,104.653152
123.280289,95.699028,34.450298,105.357124
124.874168,96.070572,33.872616,110.777016
129.849564,96.370857,34.608284,109.869934
133.260727,97.081306,33.948292,111.582855
133.449478,96.252037,34.188194,113.549332
133.077667,96.033089,36.528461,114.271385
133.309906,96.123833,36.999680,114.450554
133.236221,96.162758,37.047924,114.443581
132.973312,98.906769,37.789722,113.688705
133.077087,99.193077,37.976158,113.974625
133.305725,100.947586,37.830605,113.722176
132.457993,101.623665,37.749069,115.946014
133.461960,102.872078,35.972916,108.088547
133.093658,100.789551,35.596790,112.099747
129.900574,100.014465,36.733204,114.055511
127.740540,103.615234,37.063583,108.147728
125.472916,104.407959,36.726295,108.639740
126.137375,106.063065,36.567760,107.963654
126.208466,106.265800,36.955795,107.689537
125.336540,106.225334,36.907009,107.683197
125.446892,107.030075,36.692730,109.563873
125.576843,107.162346,36.960220,110.579880
125.566010,107.352913,36.999001,110.949852
125.426048,107.284409,37.289936,111.033264
116.671753,106.735069,44.733974,108.563766
108.823570,109.691788,43.310959,107.782402
108.918396,109.962318,43.479420,107.937759
104.656494,108.019096,43.230148,109.431297
104.660675,107.488472,43.018223,108.981857
105.160378,106.491699,40.623344,107.492020
105.147758,104.352798,40.931271,107.698486
104.851654,100.002487,41.441200,114.194855
107.471260,97.097923,41.513153,112.780197
112.767517,97.142944,39.908081,110.540268
112.961212,98.374161,39.801781,111.208412
115.992912,102.428810,39.311386,109.627678
121.404381,105.053268,37.877243,110.367294
125.927513,105.318710,36.764973,110.086555
129.574768,104.202591,36.575302,111.769028
129.703873,103.833710,36.941582,111.911148
127.090729,101.664658,38.906231,109.654922
125.923141,100.981911,39.551327,109.693169
126.029388,100.647644,40.340912,110.594162
130.101700,109.933945,41.162617,108.558876
135.013992,110.030273,41.159458,107.128067
135.109970,110.204300,41.504074,107.472809
135.675095,110.295799,41.527325,107.809296
137.728836,108.474045,39.600857,107.328659
137.577332,108.091789,39.711555,107.387154
137.882889,109.006248,38.804432,111.212746
137.978622,109.201759,38.966473,111.407150
138.117004,111.132088,39.108208,110.923477
141.777054,112.711403,38.305672,112.970734
139.560852,114.535591,38.586494,113.145912
138.692871,115.474670,39.758087,113.871346
137.808533,117.140747,40.334053,115.397453
131.307053,119.556602,42.437874,120.471054
127.570946,124.777992,42.136539,120.626785
123.993851,127.397385,44.829727,119.805000
116.595772,128.876007,45.756302,118.542107
115.816544,133.778610,46.832661,117.785446
114.942070,139.980484,46.928005,115.184975
115.472969,139.447739,46.509007,117.145409
115.684914,135.135681,44.911678,117.643890
116.446892,133.510422,42.723827,118.382751
116.214546,122.398010,39.986927,118.002625
116.174904,122.427147,39.896393,118.820641
114.104385,114.799385,39.768440,119.353027
109.335381,112.988579,39.472900,116.365616
109.289200,113.281517,39.325378,116.445045
109.059273,113.198952,39.263153,116.298424
108.228157,111.342293,39.620956,119.266602
104.880997,110.510803,37.885567,116.958694
105.107582,110.089691,37.764153,119.215401
105.263069,108.753830,37.946762,122.122795
105.271774,108.929466,37.991154,122.447350
100.565262,105.521782,39.942451,121.805443
95.703636,101.131577,39.558777,118.465057
92.597549,96.963921,39.725876,118.209267
92.093338,103.551048,43.592670,112.606483
100.012718,109.094818,42.775227,111.920425
103.382538,108.815010,41.232460,108.406616
110.197937,113.261047,41.457413,105.625137
114.285065,104.752617,39.301250,114.768929
113.943237,104.080795,40.126431,115.130424
113.927635,103.316811,40.333199,115.547249
113.733421,102.396835,39.788673,114.286049
113.799721,102.451012,39.979507,114.438187
114.690514,101.091927,38.859451,120.500732
114.640663,101.432060,38.822224,123.674232
119.074921,108.244919,38.824791,123.550896
119.202896,108.501724,38.955006,123.941956
119.765511,110.401505,40.185970,123.965492
124.249466,110.159630,40.813313,123.301056
124.425621,111.864998,41.857201,124.130920
123.180901,116.425537,44.904442,124.156952
121.649437,115.951241,44.640667,124.937042
122.193306,118.631744,45.047668,125.171074
122.232346,122.839622,45.552425,122.199875
127.057083,121.101906,43.162430,120.511688
130.100220,122.240700,41.002926,119.983200
130.408142,122.297112,41.392067,119.974915
130.423080,123.376808,41.518448,119.344536
130.684021,123.794266,41.968250,119.091682
125.816048,127.127769,43.047188,115.816597
115.113800,131.782913,45.136383,115.277061
114.442017,131.676163,40.224705,123.178444
114.601814,131.817719,40.424862,123.456718
114.512108,131.722839,40.442783,123.768013
114.208160,131.429749,41.643551,123.812256
112.722992,131.610367,43.653263,124.082802
110.278473,130.245544,45.322487,123.530579
109.211723,124.631699,45.928783,127.043526
108.261467,121.301109,45.104931,126.750458
107.822235,123.395454,46.339909,124.632957
103.663338,125.871262,47.051197,123.498421
101.208145,128.185287,44.728706,118.899834
102.455452,127.502098,43.373726,118.492188
102.147125,128.000870,43.406017,118.458603
101.804581,127.249580,43.373970,118.308060
100.968155,125.832222,43.483425,117.522408
98.352150,125.631180,43.248428,118.431038
97.573189,127.673134,44.064758,116.878067
98.611519,130.399475,43.552666,117.347496
100.089432,130.550049,43.811134,118.252525
102.608894,128.364136,41.924973,120.041290
103.353287,127.796455,42.199242,121.034119
106.950233,128.541824,42.109295,122.533813
105.757980,126.527153,48.197495,123.328506
102.191940,120.180595,48.586613,123.547302
101.521255,123.823242,48.750748,122.879219
101.617706,124.209969,48.943745,122.961456
100.958870,130.974258,49.381832,121.384071
101.669800,131.633621,49.070763,121.417442
101.777740,131.638733,49.384941,121.444382
101.819832,132.417160,48.633873,120.684067
98.544395,138.017883,48.926903,118.959808
98.189705,137.727203,49.086769,119.213409
100.054932,138.409424,49.639679,118.742371
100.263283,138.502258,49.970325,118.976593
100.293617,138.692688,49.952076,118.732834
100.262932,138.823608,49.122082,118.878197
100.502563,137.466080,49.200939,119.223717
100.056801,135.602798,49.212791,121.720833
99.904396,135.461487,49.496525,121.927872
92.041901,134.990662,48.804428,122.728767
86.448624,128.176575,53.466469,121.889221
76.494698,126.372398,58.821472,118.680656
