1
10.519423,165.235397,42.368965,27.793922
10.749926,164.721848,42.466545,28.280405
11.895871,165.178802,43.936451,28.523024
11.927187,165.418564,43.978275,28.986567
13.382393,165.587860,46.405342,29.450186
13.432525,165.611801,46.478069,29.497662
13.537456,165.675232,46.478546,29.523359
13.379386,165.934402,47.189930,29.876156
14.320890,166.275787,48.182362,29.807158
14.713522,166.437439,48.509457,29.975693
15.738671,165.520706,49.547329,30.390537
16.107798,165.497726,49.969357,30.553539
16.836319,165.761276,50.094261,31.125114
17.097950,165.915955,50.477886,31.506052
18.310064,166.215576,50.534561,32.109818
20.002001,166.313477,50.215324,32.631268
20.975950,166.838135,51.111355,32.890488
23.341307,166.564194,50.079723,33.166885
24.561998,166.511536,50.455029,33.764275
25.732098,166.521301,50.048447,34.018513
27.630852,166.517014,50.038227,34.655296
30.147038,167.136169,50.501575,34.834175
34.534531,167.082642,48.727367,34.802967
34.865093,166.874329,51.432938,35.306385
35.892700,166.973694,51.078358,35.193302
37.196140,166.891983,51.593536,35.446758
37.622726,166.863846,51.973770,35.381176
37.904758,166.940643,52.008175,35.348728
38.181248,167.012177,52.493561,35.456982
37.423962,166.994064,54.897694,35.509262
39.454895,167.182190,53.804108,36.083321
39.693478,167.404266,54.173023,36.317478
40.441307,167.547867,54.705605,36.376415
40.667908,167.610443,54.994274,36.454620
41.824669,167.848724,54.508663,36.276382
42.096004,167.955292,54.952888,36.486988
43.104435,168.126175,55.069710,36.525188
43.702293,168.268372,55.464901,36.973892
44.634373,168.051559,54.323826,37.114449
45.808571,167.867462,54.579220,37.745327
47.677612,167.836868,54.693172,37.920166
49.243748,167.400055,54.798035,38.307796
50.253513,167.435654,54.830776,38.381733
51.596752,167.058380,55.184532,38.380344
53.274681,167.219757,54.623638,38.545074
56.738026,166.709564,54.530109,39.188492
58.593937,166.760483,53.758083,39.199459
59.477261,166.576721,54.287601,39.152340
61.423531,165.944244,53.433620,39.960350
62.801208,166.198380,53.976540,39.178276
63.329025,165.994156,54.017365,39.610123
64.414940,166.280197,54.106892,39.572910
66.354118,165.289917,53.347214,40.003349
67.162979,165.479599,54.114719,40.089985
67.379036,165.683960,54.455391,40.481785
68.577881,165.364914,53.947357,40.054470
69.701836,165.893738,54.244076,39.157440
72.694412,165.618378,54.599689,39.444023
73.093224,165.790131,55.070671,39.772274
73.726166,166.476746,55.530361,38.516293
74.661949,166.600647,55.599621,39.006809
75.155708,166.280807,56.075138,39.355228
76.231102,165.885178,55.715515,38.922306
76.385345,165.804688,55.995190,39.225498
76.415161,165.870453,55.989136,39.381950
76.434540,165.927505,55.973213,39.455368
76.458984,165.903534,55.987740,39.421028
76.560753,165.853485,55.927559,39.316708
76.629295,166.113983,55.903767,39.468807
76.493225,166.259262,56.238533,39.018375
76.637474,166.499161,56.476177,39.475269
76.650406,166.516449,56.470184,39.480156
76.773567,167.180954,57.065941,39.016735
76.980057,167.436066,57.468903,39.473534
77.143044,167.454117,57.080536,39.447319
77.304184,167.950470,57.672432,38.751308
77.811821,167.991714,57.724777,39.058228
77.934944,168.224335,58.004944,39.490921
77.638268,169.019485,59.035347,38.252148
77.868149,169.144638,59.470604,38.483803
77.461609,169.572403,59.730095,38.654537
77.598564,169.728409,60.017372,38.471310
78.052437,170.560455,60.395603,37.016529
78.036728,170.777893,60.477566,37.489964
78.080833,170.844543,60.529434,37.482292
79.517441,170.835175,59.202652,37.466499
79.198311,170.788147,59.948307,37.332203
79.137276,170.910965,60.021099,37.512726
79.611481,171.096329,59.188408,37.979633
79.746368,171.126114,59.503815,37.976284
79.749344,171.207626,59.961349,37.925991
79.701553,171.238937,59.944084,38.009083
79.724892,171.489227,59.971157,38.484425
79.691566,171.502777,59.923618,38.501747
79.718834,171.747559,59.978024,38.981434
79.619576,171.724869,60.161049,38.978241
79.787018,171.733749,60.472466,38.981544
79.799370,171.743088,60.470123,38.983196
79.812889,171.751587,60.470123,38.983196
79.825005,171.753815,60.457829,38.987228
79.844673,171.760315,60.470123,38.983196
79.858200,171.768814,60.470123,38.983196
79.871101,171.762558,60.484493,38.970100
79.881790,171.777145,60.471577,38.978378
79.809563,171.771561,60.542191,38.908054
80.037041,171.817642,60.969879,38.983196
80.054466,171.767563,60.997875,38.928986
80.351456,171.655853,61.212337,39.153072
80.514679,171.827423,61.460251,39.482868
79.842743,171.088837,62.418255,39.741734
80.054131,171.159210,62.463646,40.079689
80.559532,171.247665,62.920345,40.336617
80.152397,171.107788,64.267014,40.724709
80.278519,171.286499,64.502419,40.975342
80.575760,171.253830,64.944374,40.988838
80.560707,170.857529,65.335381,41.347645
81.391777,170.756226,66.494843,40.355484
81.806633,170.756668,66.145233,40.292507
81.946449,170.519577,67.043465,40.685299
82.171455,170.663849,67.471077,41.003342
84.447311,170.493225,66.013863,41.697479
84.580444,170.518784,66.849159,41.977547
84.690659,170.292847,67.021584,42.085732
85.813469,170.142548,67.571533,42.664795
88.288086,169.626068,67.495407,43.391811
88.236931,169.114380,68.653725,43.991390
88.436958,169.072159,68.969933,43.988770
88.819077,168.886932,69.165115,44.099560
88.984894,169.087280,69.465683,44.480827
90.350395,169.079437,69.393707,44.364906
92.393143,169.425308,70.319580,44.228329
92.811188,169.408997,70.432343,44.557446
92.981956,169.563080,70.495811,44.899040
93.982338,169.122131,71.584946,44.823418
94.188179,169.210556,71.964447,44.980610
94.642204,169.112976,72.049194,45.026184
96.037529,168.720200,72.913857,45.215225
96.567383,168.770966,72.955711,45.531597
96.647720,168.808487,73.008446,45.801167
98.240341,168.244781,74.721237,46.437401
98.748924,168.173965,75.374077,46.376900
99.567757,167.961456,75.191513,46.359612
99.724785,167.731949,75.759346,47.236916
101.569618,166.557144,76.394264,47.480125
101.657074,166.362030,76.776443,47.249771
102.497299,165.959396,76.933708,47.781399
103.098824,165.802536,76.863411,48.285320
104.904022,165.776321,77.114441,48.886326
105.864929,165.070068,78.269783,50.406288
106.085640,164.999878,78.282959,49.758617
108.149300,165.241257,79.462891,49.754337
109.316856,164.466095,83.053810,51.491962
109.596077,164.265244,83.649170,50.906075
110.095154,164.277954,84.026794,51.003151
110.535072,164.212433,84.287804,52.110096
110.897995,164.265259,84.282188,52.531456
111.142372,164.423874,84.268143,52.951931
111.865097,164.529510,82.490059,53.264725
111.871513,164.646927,82.464081,53.481342
113.213844,164.441849,80.173546,53.656841
113.419525,164.820145,80.355980,53.956547
118.706688,164.514557,81.503799,53.703491
118.943733,160.576675,90.051956,54.386806
124.268021,160.405273,94.679932,54.231224
122.944099,158.524261,93.500298,54.041569
128.784882,159.692017,92.518143,54.045238
128.101410,158.246948,94.391663,52.920517
128.879349,157.176071,94.376671,52.667244
127.418434,159.788803,96.017029,54.913738
127.292641,156.868225,97.114899,54.446899
127.666954,158.196030,99.425232,54.461819
130.603714,160.736237,99.983948,53.842384
138.523193,160.890640,105.264488,52.601963
136.573898,159.584976,107.073982,53.006248
133.124756,159.796951,113.327606,55.056683
126.848518,158.169067,115.632744,56.147861
121.455734,156.820450,125.939415,56.834373
121.559311,156.801300,126.104729,56.958439
120.574310,157.290039,130.129578,57.917328
120.417000,156.561691,130.884018,58.904705
120.443352,155.622971,130.995285,60.197704
121.040634,155.633682,131.444778,60.599831
115.597740,152.475327,144.534393,65.171883
115.879105,152.638687,144.929779,65.462593
115.491768,152.282211,145.723190,65.917320
115.656334,152.328995,145.934692,65.966759
116.078621,151.831528,147.025513,66.771507
119.581856,151.969162,147.269485,66.965553
122.400696,151.681244,149.037750,67.602364
124.957390,151.737457,150.352982,67.867920
129.899475,151.319046,157.282257,70.144440
133.863068,150.537354,158.958832,70.888771
136.066849,149.212723,160.342590,72.728424
137.350311,149.196716,160.483505,73.061874
137.404602,148.785919,163.767700,74.557228
137.475433,148.875122,164.007156,75.128098
138.182877,148.927094,166.086121,75.843292
133.092087,147.750580,173.974854,77.433136
129.969711,147.142258,178.883606,77.878677
126.531700,145.792191,180.874680,77.444389
113.574478,144.890472,196.100037,77.256721
110.676506,144.591690,200.557480,77.387466
98.624168,142.485764,207.834015,77.934792
98.321938,142.298920,208.029907,77.811050
91.687737,140.327484,211.986740,78.086884
82.788948,138.585266,211.729523,77.930908
81.200813,137.811600,212.488632,77.973648
79.082321,137.505005,214.950562,77.997299
72.297852,134.840271,223.737854,77.907669
71.542984,132.026337,231.761871,78.450569
72.006920,131.564560,233.889984,78.270584
70.361916,130.178299,236.377106,74.225471
68.344879,127.692490,241.775482,75.367462
72.322189,124.234100,249.187485,79.647736
79.332047,124.068176,251.400421,80.351418
88.506981,124.702660,259.938721,81.681839
80.720329,117.649048,267.794769,83.626518
82.846527,118.063835,266.989655,85.266945
87.024841,119.117088,272.270020,86.704796
88.424461,117.268906,278.185242,93.626030
89.007317,117.515228,278.869781,94.186699
89.134239,117.032166,280.790588,94.816177
93.088585,112.784668,284.175842,98.536987
97.970100,112.321518,284.923340,99.793007
102.583992,111.687210,282.617859,100.464790
105.714455,110.863747,280.709686,101.030968
107.415039,110.882881,281.208252,101.503082
111.164299,110.334312,282.824738,102.400513
114.405243,110.207939,282.210663,102.150101
121.359276,110.568306,282.747009,102.321114
123.384575,110.590714,282.823700,102.082596
129.918320,110.496727,282.560791,102.951424
135.687805,110.275833,281.350708,102.720222
136.893158,110.289726,281.155029,103.012764
140.835358,110.617691,281.584961,103.060799
154.510773,109.826660,276.357208,104.555138
155.228058,110.067017,276.228790,104.890656
160.891724,108.293602,278.081390,105.114426
167.615509,109.122910,278.180756,103.788887
172.086929,107.541397,278.734406,103.971390
174.198990,107.218483,279.134247,103.240067
175.214249,107.303162,279.499786,103.439751
178.760345,106.031334,281.244751,103.154968
192.083801,105.349152,284.944702,103.461754
196.406876,105.335518,284.387054,102.936478
206.309647,105.018593,286.839752,103.150887
238.513535,105.991966,275.305817,101.646965
249.835571,105.631989,290.902283,101.622040
266.480011,105.862549,283.715759,101.297035
283.850159,104.097687,283.144226,101.089912
314.650726,103.589340,267.884094,100.605171
