1
8.543194,162.594437,43.965649,32.426563
8.749866,162.564377,44.080532,32.432816
9.870234,162.385925,44.843426,32.192860
10.051129,162.764709,44.851398,32.122837
11.912257,162.611420,47.094582,33.071072
12.128456,162.816559,47.482090,33.522064
12.172415,163.082184,47.536694,33.953926
12.601189,162.981491,48.134266,33.976097
12.583081,162.787109,49.646397,33.926338
12.999760,162.876648,49.817951,33.946388
13.603265,162.688568,49.720543,33.911194
14.036988,162.634094,49.980118,34.153141
15.349863,163.267868,50.137161,34.578739
16.959753,163.166809,50.132885,35.250591
18.616669,163.343399,50.782124,35.563160
20.124989,163.144791,50.050888,36.357002
21.241449,163.551208,50.797062,36.156109
22.355898,163.559494,50.623726,36.692734
23.101717,163.663330,50.948055,37.036274
25.377787,164.085953,51.558750,37.301926
27.737848,163.548508,50.797264,37.718452
31.232849,165.588013,51.058598,37.164532
34.873478,165.506348,49.661320,36.992371
35.214840,165.587814,50.117191,36.826000
35.872272,165.781387,50.467239,36.665707
36.892872,165.806152,50.283928,37.012600
37.337261,166.024155,50.476719,37.406670
37.725742,165.957184,50.850956,37.387173
38.120930,166.044037,50.964642,37.349541
38.366051,165.989044,52.524471,37.210506
38.984554,166.121185,52.769814,37.493584
39.700100,166.208435,54.230434,37.326130
40.761147,166.469772,54.955864,37.364986
41.107243,166.780426,55.231644,37.197815
42.214680,167.167175,55.198982,37.194183
42.374538,167.318253,55.464340,37.484730
43.312210,167.335800,55.281429,37.428139
45.005909,167.090927,55.367634,37.361759
45.127827,167.158066,55.406918,37.485069
46.205414,167.047073,55.696793,37.598083
48.370197,167.001801,55.159397,38.034672
49.634583,167.218719,55.106430,38.522770
52.443707,167.569794,54.266937,38.737011
53.805191,166.743393,54.237030,38.473484
55.540596,167.047363,53.048409,38.440514
57.648319,166.561935,52.658810,38.511749
58.997375,166.845322,52.600040,38.580257
60.065132,166.851822,53.339649,38.696274
61.557613,166.516571,52.843758,39.274029
63.302979,167.012726,53.405125,38.066460
63.740265,166.992203,53.418915,38.499828
64.703888,167.207886,53.386013,38.256721
66.401398,165.892670,53.391560,38.522778
66.771294,166.233398,53.566353,38.827137
67.128304,166.396561,53.900642,38.912323
68.979927,166.252197,52.740993,38.670956
70.258316,166.832047,53.451233,37.823036
72.553528,166.991425,54.008759,37.975422
73.125259,166.586258,54.948563,38.499218
73.496872,166.739380,54.927525,37.844475
74.073334,166.771500,54.564854,37.971123
74.376595,166.366043,55.184517,38.193512
74.866531,166.400391,55.228092,38.384113
75.041237,166.405777,55.439308,38.547047
75.329529,166.357101,55.438732,38.719097
75.499474,166.591568,55.388039,38.818535
75.698914,166.597122,55.420780,38.818138
75.966629,166.574600,55.490761,38.789234
76.068100,166.714691,55.332649,39.035088
75.985229,166.660965,56.004147,38.996506
76.447105,166.654633,56.457470,38.926994
76.484383,166.696396,56.442139,38.986286
76.700378,167.262177,57.083534,38.281479
76.899254,167.375763,57.463516,38.479958
76.942535,167.385208,57.325523,38.467636
77.042427,167.616287,57.541954,38.130936
77.756950,167.662064,57.640713,38.626423
77.889786,167.953842,58.038494,38.920586
77.472595,168.207108,59.413925,38.535225
77.502876,168.460983,59.466801,38.968063
77.103096,168.900452,59.856445,39.350822
77.180351,168.943008,59.968384,39.184845
77.859367,170.326691,59.732853,37.397366
77.709167,170.307571,60.544209,37.465828
77.925209,170.375885,60.985706,37.469311
78.540237,170.392075,59.973709,37.545834
78.399689,170.585938,60.146294,37.984371
78.544647,170.661789,60.490658,37.974407
79.043861,170.655945,59.000278,38.099186
79.260391,170.870728,59.495556,38.484764
79.153603,170.901184,59.414032,38.457111
79.176384,170.924561,59.475281,38.495171
79.162590,170.994797,59.507858,38.507557
79.369217,171.253830,59.947865,38.985588
79.332367,171.242966,60.021477,38.975769
79.543343,171.252823,60.517082,38.991131
79.771568,171.264938,60.970543,38.985111
79.757133,171.273636,60.952755,38.980610
79.778198,171.286926,60.971462,38.980659
79.791153,171.296921,60.969032,38.983341
79.803139,171.301575,60.971973,38.982044
79.816132,171.356979,60.979122,38.933346
79.826469,171.388062,60.972919,38.979374
79.839935,171.398331,60.970329,38.981709
79.851685,171.411728,60.972229,38.979805
79.864143,171.421936,60.969879,38.983196
79.910492,171.359085,61.015755,38.928585
80.162819,171.366531,61.545246,39.005135
80.388512,171.613052,61.969818,39.484825
79.454338,170.974014,63.222382,39.701298
79.709877,171.088882,63.487022,40.032547
80.345741,171.217270,63.891853,40.257359
80.217842,171.116501,64.582947,40.644932
80.463882,171.386780,65.093987,40.964069
80.762932,171.364944,65.387634,41.005486
80.963211,171.346695,65.605110,41.622154
81.337517,171.204712,66.124565,41.701904
81.781143,171.321213,66.306259,41.832996
82.160934,171.216888,66.629837,41.933472
82.349586,171.249725,66.968620,41.976376
83.853958,170.634995,66.332817,42.274551
84.199043,170.674133,66.460350,42.449043
84.578918,170.362869,67.162155,42.492844
86.177086,169.901672,67.340317,42.739346
88.575188,169.397308,66.898834,43.392670
88.357819,168.676147,68.287201,44.112804
88.482651,168.806122,68.446518,44.508663
88.803482,168.969421,68.743011,44.953266
88.967171,168.982498,68.991104,44.987511
90.355949,168.939743,68.811501,44.739628
92.745735,169.208710,69.945847,44.696335
92.937004,169.344757,69.985489,44.980736
93.236519,169.288071,69.882942,44.965294
94.546631,169.045044,71.082420,44.833088
94.753029,169.125549,71.466026,44.986217
95.080421,168.962784,71.654289,45.062809
96.413231,168.728867,72.231270,45.220116
97.693794,168.405304,72.471016,45.721424
97.708908,168.540909,72.462639,45.981365
98.958862,167.840759,74.839508,46.381115
99.176025,167.756180,75.663544,46.393288
99.814896,167.602814,75.791222,46.369987
99.885513,167.481644,76.552216,47.210865
101.240952,166.328140,77.386795,48.132324
101.356438,166.080719,77.995155,48.357712
101.843147,165.888794,77.735893,48.556759
103.634766,165.835373,78.177040,49.091183
105.829437,165.540512,78.594193,49.995724
107.172195,164.903885,80.491188,50.996029
107.188141,164.653549,80.532661,50.950253
109.230881,164.688507,81.010941,50.936096
110.173828,163.873856,83.741104,52.020550
110.204720,163.906433,84.114746,52.191650
110.416885,163.995041,84.607742,52.535187
110.649323,164.034149,84.906517,53.428116
110.700691,164.060226,84.954865,53.468868
111.901360,163.674103,83.927269,53.682896
112.418396,164.009460,82.485733,54.244381
112.480431,164.185425,82.515526,54.502857
113.399361,163.988297,79.417694,55.117992
113.555672,164.715881,78.748116,55.471024
117.686378,164.279907,79.663284,55.154785
119.757835,162.821106,87.691956,55.571980
120.613472,162.680344,93.197784,55.590736
115.120407,162.476547,92.102554,55.291553
127.247528,163.039429,91.884651,54.801865
125.960083,159.143600,92.840836,54.591171
126.364082,158.987183,92.733177,54.752716
125.892433,160.002853,93.127541,55.051853
127.892776,156.439804,96.585556,56.277985
127.397133,157.102295,98.312225,56.822266
129.520660,159.380783,98.467194,55.940365
139.596405,160.333618,105.547707,54.868362
138.487778,158.976181,106.257286,55.249752
133.713364,159.240295,113.474403,57.344994
130.225037,158.034836,114.365341,57.738995
125.489212,156.639755,121.832680,58.576027
125.295967,156.694641,122.487839,58.970314
124.554863,157.040710,125.341873,59.300518
124.533607,157.095078,125.651512,59.536686
124.305519,156.906296,126.252792,60.544994
124.430344,156.637497,127.239967,61.372200
116.780334,152.573135,141.783386,65.785500
116.914963,152.679779,141.942703,65.957230
116.175049,152.303406,143.305237,66.516541
116.251968,152.543182,143.465286,66.984962
116.458107,152.255905,144.040863,67.396965
121.701126,152.522690,145.625305,67.144707
124.590767,152.045471,146.627884,68.124748
127.833580,151.735413,148.281845,68.532310
131.907700,150.087616,157.923050,73.583969
134.288208,149.522171,159.461823,73.870880
134.178497,148.333405,163.055511,75.230484
135.063416,148.388657,163.480484,75.414070
135.728500,148.006851,165.426331,76.336578
135.793152,148.078735,165.489120,76.486801
135.012085,147.034775,167.647873,77.932159
129.704483,145.552094,174.740646,79.966438
125.259483,143.970749,182.068192,82.084396
122.777618,142.999710,183.571274,82.237114
113.510551,141.095139,189.817734,83.170288
111.270218,140.873978,192.178314,82.809273
101.816162,138.562820,199.536728,84.504402
99.175453,137.331070,202.094254,85.441788
85.968559,134.122894,212.593231,86.640709
76.584114,133.023605,212.729187,84.219345
71.058403,130.409546,214.856461,83.251686
68.122627,130.248520,217.212463,83.535469
65.028412,127.951965,218.881439,83.718697
67.233063,127.378952,224.537033,83.578369
67.213310,127.233444,226.863724,82.915703
65.118599,125.409325,237.309311,79.363457
62.211445,124.048714,247.838425,78.951836
62.705467,123.249863,250.304474,81.083817
67.604889,123.796234,249.932526,81.018333
71.516403,123.378769,253.284653,82.509743
66.993042,120.004616,274.511047,82.177567
71.544281,120.703323,271.989685,84.807640
77.430237,120.875023,273.332062,86.668297
79.139336,116.823509,274.571533,92.163185
82.562248,116.512962,274.685089,93.418289
85.060066,116.096283,277.512329,94.311836
91.126892,115.565338,282.290222,94.887459
101.908508,113.877602,281.990906,97.324303
106.410286,112.043846,280.499054,98.863976
107.963135,111.327461,280.322845,99.319908
109.989510,111.029259,280.557281,99.689972
113.309196,110.528923,281.446350,100.495743
117.628265,110.136993,278.833313,100.208199
120.765831,109.901161,280.133362,100.601883
122.694649,110.148308,280.715393,100.691338
126.355858,110.191612,280.871185,101.229782
133.260803,110.108681,278.603729,101.224365
141.361588,110.308105,275.636292,101.911430
145.445526,110.668221,276.510620,101.582306
156.964462,110.124367,274.096527,103.189232
157.777847,110.273827,274.277618,103.430656
163.267517,109.105705,275.263275,103.204147
168.103622,109.097633,275.520691,102.661964
174.375732,107.948669,276.415009,101.907585
176.359299,107.618584,276.791565,101.453125
177.973709,107.629295,276.998260,101.446053
180.493530,106.486809,280.041199,100.709457
191.582047,105.532600,284.087952,101.370819
200.921921,105.868683,284.500916,100.282997
208.108749,105.606026,285.963654,101.482574
238.777496,106.570068,276.558075,99.481949
248.337662,104.396271,288.599579,101.145874
256.092499,104.302261,285.158844,101.117523
287.872070,101.810547,266.682800,103.744759
315.480530,100.374535,258.735229,103.829758
