1
2.010895,165.686630,48.109245,28.938847
2.235690,165.695084,48.457203,29.006947
2.671067,165.951279,48.413860,29.388809
2.713739,166.006729,48.473679,29.484735
5.910920,165.813995,50.536625,29.698257
6.878661,165.568832,51.240788,30.381542
7.189281,165.659729,51.639240,30.481565
7.275719,165.551147,52.447895,30.493828
7.469718,165.532013,52.558941,30.440378
8.024130,165.557999,52.883640,30.465544
8.355039,165.477966,53.227207,30.569273
9.571803,165.204254,53.442173,31.110722
10.951145,165.489700,53.931126,31.492682
12.167370,165.156357,54.587677,31.606661
14.469060,165.517502,55.112682,31.937206
16.179779,165.551300,54.189209,32.074486
16.629696,165.797562,54.483250,32.468632
19.115681,165.152390,53.832146,33.283451
20.676874,165.355148,53.433964,33.743095
22.869320,165.916260,53.862907,33.454304
25.748287,165.367126,53.007042,33.682297
29.947706,166.953842,51.733509,33.523174
33.358757,166.876022,49.758583,34.129879
33.768097,166.856369,50.930756,34.789196
35.065994,167.024826,50.536530,34.839787
36.723492,166.905960,50.807842,35.200367
37.421326,167.043579,50.814304,35.192364
37.911152,167.152344,50.930706,35.416183
38.070179,167.218552,51.071331,35.426750
37.723721,167.156326,53.856754,35.601883
40.380165,167.334396,52.891838,36.101780
40.671871,167.500168,53.072021,36.397709
41.544258,167.510162,53.805634,36.391483
41.776333,167.564896,54.002464,36.452961
42.846867,167.731674,54.256546,36.306980
43.074066,167.811111,54.398224,36.489845
44.343609,168.030945,54.566654,36.443867
44.681789,168.073410,54.972885,36.397541
44.914604,168.094894,54.794125,36.490856
45.646698,167.947784,56.038437,36.569351
48.790485,167.954941,55.085926,37.077171
49.858479,167.849472,55.267544,37.415718
52.033047,167.846695,54.395096,37.218391
53.284447,167.640091,54.093632,37.467613
55.272419,167.854248,52.908665,37.555565
56.889992,167.597427,52.839027,37.914692
58.641411,167.677277,52.502453,37.445541
60.105099,167.280487,53.160713,37.415352
61.502560,166.827301,53.019138,37.699635
63.088989,167.203186,54.169830,37.324131
64.008858,166.961975,53.478752,37.581169
64.551773,167.288391,53.526924,37.694798
66.493492,166.012711,53.387238,38.353130
66.787346,166.295135,53.527153,38.267128
67.075089,166.404846,53.944626,38.473518
69.145538,165.993439,52.987576,38.044540
70.742256,167.214874,53.697891,36.843945
72.597496,167.655609,54.246117,36.468971
72.853424,167.247391,54.504063,37.137959
73.690132,167.544250,54.706234,36.767826
74.237549,167.507095,54.691910,37.061302
74.429626,167.597977,55.079521,37.501213
75.283546,167.599670,55.019875,37.782749
75.616768,167.402756,55.431702,38.374844
75.885208,167.189407,55.273037,38.261032
76.139938,167.298889,55.440895,38.219540
76.211372,167.422394,55.463909,38.450802
76.309975,167.378082,55.482292,38.398396
76.373444,167.452499,55.401550,38.507553
76.328857,167.337341,56.070210,38.767872
76.581421,167.447052,56.462959,38.974152
76.615959,167.465240,56.442139,38.986286
76.831955,168.031006,57.083534,38.281479
77.030830,168.144592,57.463516,38.479958
77.074112,168.154037,57.325523,38.467636
77.174004,168.385117,57.541954,38.130936
77.554230,168.531616,57.916416,38.485302
77.587547,168.537720,57.981209,38.487934
76.835068,169.184555,58.654381,37.118729
77.003883,169.374054,58.967045,37.484680
76.412651,169.977112,60.057640,37.830635
76.628258,169.961075,60.553703,37.786423
77.342430,170.942398,60.970409,36.549187
77.237076,171.078827,61.183857,36.965336
77.385574,171.154007,61.485359,36.973114
78.232399,171.206802,60.308525,36.919308
78.113609,171.266785,60.588058,36.986248
78.330544,171.290573,60.978069,36.976437
79.083298,171.298721,58.916103,37.208252
79.043785,171.484543,59.064255,37.471367
79.130760,171.532959,59.422424,37.443691
79.133064,171.553391,59.490719,37.551399
79.136307,171.777786,59.470619,37.983627
79.057022,171.785934,59.312984,37.989185
79.088631,171.787308,59.541801,38.008324
79.301888,172.028778,60.008259,38.482807
79.546341,172.037476,60.470123,38.483410
79.559868,172.045883,60.470123,38.483410
79.573044,172.057892,60.472103,38.479771
79.586861,172.067932,60.468964,38.483475
79.600487,172.074707,60.471909,38.482162
79.613121,172.083725,60.470123,38.483410
79.558052,172.041077,60.598480,38.464344
79.757393,172.059021,60.969879,38.483410
79.771858,172.063278,60.977047,38.475616
79.781914,172.075577,60.969879,38.483410
79.828003,172.030304,61.012691,38.433372
80.131874,171.954529,61.634850,38.580154
80.313004,172.164551,61.969383,38.983196
79.181824,171.460495,63.284203,39.196754
79.573586,171.593216,63.434628,39.533684
80.150955,171.761429,63.938625,39.860077
79.277115,171.541763,66.819183,40.506371
79.371956,171.788971,66.967865,40.982265
79.956184,171.548920,66.552330,41.159496
80.420502,171.335983,66.974739,41.711090
80.749550,171.153046,67.177750,41.608337
81.144531,171.348328,67.288994,41.814381
81.494774,171.228287,67.547974,42.009987
81.728119,171.469589,67.970940,42.470989
83.485786,170.847977,66.885307,42.859386
83.642921,170.690445,67.472092,42.828873
83.805504,170.507355,67.760590,43.002815
85.220695,170.478577,68.143341,43.508728
86.798630,170.187943,68.472214,43.943142
87.780411,169.678116,69.529427,44.426014
88.600525,169.102509,69.380814,44.531113
88.944519,169.239288,69.800362,44.975845
89.032433,169.230484,70.004616,44.983368
90.092972,169.138550,70.355202,44.827682
92.622292,169.561478,71.969933,44.868137
92.816109,169.461365,71.822189,44.996124
93.148926,169.392975,71.959961,44.940758
93.875229,169.324799,72.861649,44.945858
93.942703,169.351990,72.963951,44.980610
94.359993,169.305679,73.073174,44.993763
96.005936,168.713852,73.787834,44.768093
96.389023,168.697220,74.104637,45.139481
96.588593,168.864792,74.468010,45.477913
98.014069,168.323090,75.552109,45.887451
98.501320,168.177200,76.578529,46.026184
99.145370,168.122025,77.027687,46.530167
99.437798,168.305939,77.551537,47.177361
100.902878,167.218216,77.852364,47.799667
101.019325,166.909698,78.517525,47.898224
102.099632,166.545807,78.903305,47.974094
103.091499,166.307098,79.010574,48.163536
105.320549,165.680862,80.161087,49.210224
106.502274,165.552002,80.779625,49.763268
106.614784,165.655548,80.966393,49.972874
108.032181,165.652115,81.255142,49.914925
109.117462,164.433228,83.185432,51.730267
109.266991,164.506668,83.532082,51.836727
109.865791,164.454407,84.195000,51.951447
110.229691,164.360382,84.276932,52.309288
110.598053,164.313614,84.282188,52.531456
110.942734,164.222168,84.195290,53.119400
112.199196,164.804092,82.742310,54.977062
115.140709,165.084824,83.704971,55.862671
117.300110,164.962845,79.471977,56.499695
117.297470,165.010498,79.385918,56.477890
123.252861,165.060776,79.432167,56.231113
131.952820,163.528000,84.732536,56.967670
134.623352,163.751083,86.590141,55.996506
137.915741,162.175659,85.068634,55.974335
142.503113,162.614731,84.515549,53.595829
142.792786,160.361328,84.641838,54.211555
145.238266,159.639618,82.167213,53.655418
131.709167,163.191620,99.810394,55.654102
130.578476,158.367889,101.271652,57.308704
131.434418,159.147049,102.841927,56.914345
131.423706,159.268433,103.083611,56.932968
133.978775,159.666916,110.167381,57.275692
132.745636,158.991119,112.379646,57.779495
129.782959,158.598694,117.196266,59.020763
127.733925,157.915268,117.924782,59.431271
123.992294,156.728226,125.413963,59.905445
124.029732,156.699554,125.693314,59.899647
123.551880,156.868240,127.410858,60.358982
123.507507,156.924835,127.638992,60.528717
123.564362,156.785126,128.297485,61.738804
123.803047,156.846970,128.533203,61.998692
118.027672,154.127304,139.446182,64.378601
118.080109,154.187866,139.444458,64.461113
114.384720,153.035797,145.671112,65.972969
114.545555,153.049515,145.928345,65.972137
115.786942,152.497803,146.708496,66.903008
120.698013,152.085983,146.569687,67.165314
123.423508,151.851059,147.455444,67.945717
125.650574,151.614059,149.749146,68.159561
130.672623,151.149979,155.249008,70.659874
134.157959,150.865036,157.076462,70.905571
137.387848,149.245468,160.139923,73.436722
137.850296,149.257812,160.476379,73.446861
137.908142,148.654541,163.767700,74.557228
137.835175,148.547943,164.300430,75.326836
137.741409,148.276031,165.937424,76.156891
132.218689,147.297089,173.075287,77.369171
128.965591,146.838074,179.176926,77.887398
124.736885,145.839554,182.057388,77.637657
112.429329,144.889648,195.143265,77.809708
106.120544,144.003128,202.421265,77.637108
99.771263,143.705017,209.479645,77.946686
96.420723,142.637711,210.480362,77.824142
86.698845,140.767258,215.783188,78.400330
78.955803,139.389694,215.798553,76.486115
74.877502,137.867981,217.221985,76.644218
71.090858,137.470795,222.922546,77.174919
69.234436,135.480057,225.248093,77.454231
70.853798,134.013138,228.673874,77.188515
72.621536,133.789459,230.005630,76.724625
74.942772,132.598083,230.702057,71.493706
71.592918,131.018005,236.899185,72.502663
71.923790,127.951454,249.430878,76.064514
81.950127,127.570007,252.123199,77.748138
86.901672,127.511452,258.871765,79.864555
79.747185,123.174141,269.035248,81.057678
84.500137,123.306274,267.265747,84.355316
90.157249,123.970482,278.225952,84.063461
91.922020,118.325584,281.152649,92.347435
92.889198,117.926781,282.444275,93.727692
90.841904,116.423767,297.574463,97.014961
94.977814,114.634621,298.716064,99.640182
104.396530,114.006996,294.284912,101.484787
105.080933,113.879440,293.924988,101.558792
106.558319,112.050957,294.336884,103.943649
107.567162,111.853889,294.251801,104.051613
110.237091,111.899002,294.353790,104.404030
114.685928,111.799042,291.521240,104.042358
117.825523,111.745613,292.148468,104.754715
121.660599,112.059578,291.414429,104.172691
124.531319,111.962631,290.662231,104.676888
128.233704,111.784592,290.050812,104.889397
130.582123,111.079193,289.793213,105.423637
133.396057,111.255066,289.963226,105.066826
145.161011,110.177094,285.357788,106.396683
149.127304,110.509666,283.815948,105.887955
158.568954,108.652756,285.455078,106.375969
163.634720,109.271660,283.107483,105.082260
168.546280,107.959702,284.495056,105.526344
173.173569,107.803627,284.134949,105.204140
176.665863,108.024223,283.578705,105.345055
179.700150,107.692551,283.935547,105.154770
193.847290,107.084694,287.320221,104.589806
199.007858,107.267265,285.497833,104.619919
210.980911,107.237350,285.845764,104.175110
238.380676,108.316772,282.072357,100.126236
250.773911,107.193176,285.637848,101.753387
265.620911,107.431465,283.867920,99.739029
286.812714,104.628716,283.227600,101.493675
310.208252,103.427475,275.188049,101.077454
