1
10.220694,163.174057,43.971054,31.247736
10.229844,163.299332,43.977402,31.485716
10.979889,163.325485,44.565845,31.542015
11.266754,163.603271,44.916714,31.880669
12.359197,163.477158,47.183781,32.808208
12.523781,163.568985,47.476997,32.996323
12.610954,163.602554,47.621250,32.934780
13.011645,163.566864,48.512016,33.006672
13.286657,163.844162,49.909538,33.363598
13.477267,164.013962,50.013020,33.410557
14.195125,163.519562,50.571522,33.546249
14.473995,163.742371,50.970776,33.980057
15.235765,163.870163,51.172153,34.124123
16.388443,163.671692,51.207993,34.809517
17.628788,163.780640,51.641846,35.023449
19.864067,164.200974,50.774693,36.077106
21.099251,164.750717,51.604481,35.997665
23.804169,163.714798,50.629871,36.891666
24.810093,163.432175,50.853466,37.220203
26.851133,163.517303,50.427383,37.323933
29.556025,163.439148,49.784946,37.551144
32.574318,164.463058,49.259323,37.421501
36.077927,164.236191,48.223682,37.708397
35.961010,164.485916,49.561237,37.786507
37.241726,165.267960,49.658524,37.053360
37.605934,165.461243,49.959492,37.477451
38.809216,165.616928,49.918324,37.076553
39.972351,165.499039,50.420231,37.150784
40.558254,165.744308,50.312775,37.322697
40.370041,165.602051,51.758411,37.447754
41.679386,165.632645,50.987411,37.483200
42.057793,165.582199,51.097485,37.476013
43.190395,165.618378,51.209797,37.547836
43.437706,165.880569,51.487659,37.917927
45.059906,165.885666,51.441051,38.045853
45.227444,166.062851,51.403206,38.510025
46.105949,166.758530,51.759243,38.548553
46.384094,166.888031,51.960766,38.879139
46.410595,166.947266,51.967770,38.981838
46.556843,166.942352,53.008183,38.869614
48.292561,166.891342,53.150791,38.833744
49.688587,166.538254,53.485657,39.133816
51.321274,166.632965,52.800705,39.488972
52.998615,166.154495,53.299942,39.262341
55.341217,166.794388,52.500381,38.997227
57.641403,166.215057,52.272701,39.062157
60.118004,166.290024,51.543949,39.301201
61.054745,166.189041,52.625134,39.306404
62.516251,166.055389,52.603455,39.510403
62.873371,166.174332,52.945194,39.832222
63.429966,166.109909,53.103771,39.831604
65.747871,166.141357,53.045971,39.788406
67.448936,164.399414,51.655178,40.387180
67.729408,164.914566,52.052544,39.907871
68.238770,165.336517,52.368980,39.444046
69.484947,166.006546,52.276638,37.683453
70.926399,166.786880,53.389332,36.317856
72.358444,166.928131,53.504951,36.233978
72.850945,167.054276,54.197964,36.661777
73.749519,167.587433,54.558746,36.052063
74.401405,167.727539,54.667435,36.509659
74.533707,167.498596,55.397675,37.063301
74.976547,167.596405,55.180073,37.345924
75.331917,167.468201,55.284119,37.722984
75.597977,167.444412,55.478287,37.852573
75.668930,167.497345,55.449455,37.920780
75.796806,167.462051,55.456341,37.850712
75.999641,167.410767,55.413689,37.817524
76.125366,167.549164,55.377426,38.030556
75.864037,167.518402,56.193794,38.253059
76.125671,167.622818,56.458401,38.453987
76.347618,167.670441,56.174591,38.494537
76.741600,167.921936,56.576614,38.133087
76.946342,168.101715,56.910675,38.495998
77.124611,168.149521,56.681149,38.329922
77.312286,168.255798,56.985153,38.434822
77.577576,168.256088,56.959282,38.491215
77.592628,168.256165,56.981354,38.486652
76.868752,169.056915,57.630310,36.963593
77.052811,169.080017,57.970413,36.981430
76.914238,169.289520,58.169075,37.027866
77.084038,169.491455,58.451958,37.422081
77.148094,169.646088,58.506184,37.393665
76.749863,169.532639,61.025585,37.344734
76.953819,169.789948,61.502342,37.431889
78.165291,169.835388,60.435860,37.492180
78.131264,169.837265,60.559990,37.502155
78.358788,170.116959,60.981087,37.976082
79.057129,170.151703,58.766064,38.117233
79.126549,170.368576,59.007893,38.476131
79.263588,170.403351,59.414032,38.457111
79.286369,170.426727,59.475281,38.495171
79.272575,170.496979,59.507858,38.507557
79.479210,170.756012,59.947865,38.985588
79.442360,170.745132,60.021477,38.975769
79.653328,170.754990,60.517082,38.991131
79.881554,170.767105,60.970543,38.985111
79.867126,170.775803,60.952755,38.980610
79.888184,170.789093,60.971462,38.980659
79.901146,170.799088,60.969032,38.983341
79.913124,170.803757,60.971973,38.982044
79.926125,170.859161,60.979122,38.933346
79.936455,170.890228,60.972919,38.979374
79.949928,170.900513,60.970329,38.981709
79.961678,170.913910,60.972229,38.979805
79.974136,170.924103,60.969879,38.983196
80.020477,170.861267,61.015755,38.928585
80.272804,170.868698,61.545246,39.005135
80.498505,171.115234,61.969818,39.484825
79.564331,170.476181,63.222382,39.701298
80.097206,170.656021,63.381813,40.048882
80.386314,170.866623,63.811760,40.376850
79.134209,170.694519,68.598740,40.905544
79.390480,170.820251,69.109055,41.035393
79.775414,170.927399,69.283485,41.516281
79.685600,170.635834,69.801949,42.256924
79.916985,170.538055,70.010025,42.286106
80.868851,170.685562,69.680885,41.337494
81.357773,170.489548,70.084999,41.685608
81.568748,170.627457,70.462120,41.996521
82.765968,169.977646,69.556831,42.168800
82.996117,170.092499,69.991127,42.444298
82.887398,169.864136,70.123741,42.596264
83.851173,169.904236,70.165581,43.096474
85.681503,169.670883,70.263519,43.698246
85.890915,169.677338,70.765869,44.117519
86.755463,169.344589,70.444138,44.799076
87.226845,169.388168,70.557747,44.992985
87.709984,169.296967,71.056938,45.021336
89.795067,169.399414,71.410187,45.141605
92.434052,170.010376,72.612244,44.997078
92.721588,169.930054,72.936684,44.976353
92.951263,169.020081,72.887207,45.073978
93.662979,169.158234,73.852303,45.449627
93.735764,169.183456,73.962852,45.480427
93.807106,169.153610,74.016312,45.479294
95.356674,168.041733,74.452950,45.340473
95.635994,168.034500,74.613937,45.588398
95.921814,168.230988,74.927528,45.963009
97.546074,166.992126,76.324821,47.352245
98.031952,166.949234,77.208092,47.212914
98.881432,166.897461,77.199661,47.422890
99.134155,166.897095,77.437660,47.708988
100.284508,165.836502,77.756554,48.604229
100.544914,165.829575,78.272423,48.928875
102.213737,165.271179,77.885544,49.036850
102.863731,165.384766,77.944138,49.514477
105.858322,165.252548,78.635811,50.578506
107.226471,164.897415,80.400047,51.492222
107.312584,164.862549,80.466408,51.439785
108.216866,164.838760,80.582382,51.546959
110.402000,163.639236,83.086014,53.301357
110.388901,163.417877,83.752441,52.992764
110.751114,163.126724,84.297676,53.442917
110.892944,163.133560,84.413445,53.519966
110.975227,163.357285,84.426956,53.996380
111.024071,163.358887,84.448845,53.970886
112.177406,163.711548,82.420578,54.678181
112.144012,163.848297,82.652382,55.036091
111.880371,163.750351,79.557381,55.477898
112.502434,164.333633,79.073395,55.565765
114.866852,163.796738,79.241371,56.157085
116.701256,161.711838,82.972588,56.828178
126.347122,162.639526,87.490463,54.809338
125.447227,162.373566,86.318268,53.907028
127.589882,162.338104,85.939201,53.830360
128.105469,160.899475,87.331169,52.756393
132.226715,160.457870,85.126053,52.501392
129.730515,161.851440,88.286835,53.428810
129.620621,157.878998,88.521675,53.929008
129.432465,160.077423,91.318771,54.034508
133.162613,164.472977,92.925812,53.809723
135.704620,162.922272,107.193710,52.407616
133.748856,159.723831,109.521980,53.476986
132.743286,159.450912,114.984589,54.498497
130.321274,157.774551,115.227211,54.976208
120.838554,155.775696,126.052673,55.305611
121.113205,155.839188,126.458595,55.472622
119.132584,156.650177,131.506683,56.965836
119.080536,156.262711,132.512024,57.471203
119.294220,156.262634,133.059631,57.555107
119.947662,156.271698,133.766357,58.116318
115.139496,154.651932,144.460068,60.618404
115.228561,154.835312,144.373428,60.976326
115.131699,154.654007,144.794388,61.162251
115.237167,154.801590,144.919662,61.488621
116.238144,153.901123,146.021408,62.792244
118.927208,153.906601,145.983124,63.076160
124.825806,154.265366,147.512390,64.267326
127.724129,153.639542,149.568970,65.025803
132.756058,152.827850,155.547729,68.453217
134.730927,152.071136,157.270218,68.473190
136.669403,150.515915,159.185150,70.475677
137.298370,150.401428,159.297974,70.543068
139.076782,150.021927,165.074493,72.230690
139.238892,150.102829,165.741058,72.565216
138.184143,149.770905,168.449524,73.703018
133.360535,149.317688,174.892822,74.990791
132.552078,149.224701,176.813782,75.049995
126.141899,146.967728,179.275223,75.061653
114.695229,146.883286,192.484818,74.996384
105.599350,145.336105,201.803055,74.628387
101.506287,145.093842,207.282639,75.117142
99.303101,144.080215,206.939499,75.623077
97.336563,143.805893,208.571671,75.849068
83.069977,139.636597,210.476532,75.479988
79.638390,138.252182,211.113647,75.622307
75.448196,137.928391,218.644333,76.214539
70.137177,135.488953,225.942429,76.491257
70.353035,132.644348,230.238586,76.602516
70.126663,132.791046,231.737793,76.916008
72.311371,130.926025,232.958206,71.526535
69.903664,129.138916,236.723480,72.187531
73.698364,127.256050,249.144623,75.501938
84.315536,128.245911,252.845184,75.855339
87.722061,127.937164,255.016312,76.741875
79.989838,123.006271,265.777100,77.752892
85.179382,123.044403,264.458344,82.411842
87.268135,123.236771,266.498108,82.527382
88.365555,119.157784,272.986511,90.491982
91.040291,119.136345,273.755890,91.672737
90.129684,116.024986,282.162567,95.024231
93.335266,113.872223,285.708344,97.827408
98.277946,113.177551,285.489166,99.063728
103.555901,111.588142,282.333435,100.554924
105.579994,110.671806,281.726501,101.777084
107.457954,110.376671,282.374756,102.179886
110.859589,109.898033,282.871185,102.748161
112.877251,110.019669,282.384979,102.718475
119.389732,110.168159,281.968506,102.722069
121.419151,110.352768,282.021942,102.702095
126.584419,109.534149,282.065826,104.079010
135.224976,109.505295,280.185699,104.255165
136.536407,109.542412,280.280243,104.530373
142.452042,110.359772,280.074738,103.913017
156.367691,110.003647,274.083313,104.483894
156.972229,110.011490,274.360901,104.427536
162.539963,108.971687,275.589722,104.070503
167.286789,109.278862,275.872986,103.425011
174.105804,107.365547,276.233643,102.500374
175.883011,107.218170,276.695679,102.404045
177.765244,107.171638,277.041901,102.386864
179.807480,106.040672,279.935547,102.119614
192.561752,105.147659,283.297791,103.482277
199.059647,105.220665,282.632355,102.613289
209.221741,105.265434,283.506256,103.164116
241.155945,106.412849,273.581238,100.575462
250.478012,105.000862,287.949066,100.897011
257.606201,104.914604,284.834259,100.305450
283.778931,102.641899,270.703552,102.173309
312.037750,100.730759,255.625656,103.147652
