1
11.399165,165.764191,41.037247,30.452665
11.701449,165.644730,41.494507,30.439562
12.297462,165.740829,41.979679,30.365948
12.306642,165.807938,41.979259,30.486858
14.401492,166.087402,43.609818,30.439299
14.595212,166.117538,43.984951,30.487387
14.952060,166.120361,44.128643,30.514547
15.054559,166.304504,45.277256,30.914364
15.694894,166.126877,45.875092,31.125969
16.627245,166.989090,46.084923,31.238216
17.625147,166.399719,46.635387,31.810999
17.815617,166.468109,46.977062,31.997845
18.549185,166.323349,47.199608,32.353348
19.957113,166.063599,47.931564,32.754494
21.245779,165.979034,48.683975,32.902554
22.266855,166.049866,49.044670,33.056511
22.732185,166.382263,50.739716,33.335583
23.477238,166.326706,50.712040,33.563389
24.414177,166.368820,50.955963,34.446556
25.139111,166.306778,50.964710,34.474304
26.570858,166.005203,50.469948,34.687279
30.298397,166.508392,49.427937,34.852936
34.279938,166.372696,47.294876,34.881638
35.159454,166.449738,48.198154,35.090405
36.836140,166.902222,48.557117,34.871738
37.771881,166.866882,49.221069,34.967117
38.178917,166.974991,49.728481,34.526230
39.344776,167.118744,49.773739,34.792274
39.881081,167.198441,49.787739,34.889946
39.939724,167.123154,52.328251,35.243198
40.533558,167.227264,52.145351,35.443630
40.758099,167.238251,52.736485,35.279583
41.155327,167.403458,53.164398,35.463020
41.624149,167.454697,53.451633,35.472488
44.685215,167.429367,52.585255,35.488739
44.916737,167.430420,52.966164,35.486572
45.855812,167.532730,52.787987,35.495834
46.214268,167.595871,53.028580,35.354057
47.020699,167.691376,52.928074,35.436581
48.108692,167.891022,53.834736,35.621548
49.516666,168.015198,53.757938,35.947418
49.957401,167.982040,53.945938,36.017189
51.283737,168.358292,53.565765,36.332676
52.306404,168.356567,54.149120,36.363350
54.637398,168.505920,53.016521,36.483665
57.328499,168.223114,53.038731,36.247398
58.476936,168.235214,53.137447,36.297901
60.395882,167.878540,54.198189,36.076653
61.598747,167.909546,53.992466,36.363560
62.655338,167.910080,55.194378,36.193417
63.709827,167.736786,54.385406,36.517841
64.313866,167.972961,54.449726,36.931503
66.106842,166.574234,53.987648,37.221478
66.443886,166.783615,53.834438,37.267281
66.735931,166.895966,53.869183,37.480694
69.675003,166.266083,52.957863,37.031773
70.902565,166.838959,53.544373,36.570679
71.770645,166.864990,53.770191,36.991299
72.632332,166.419617,54.237644,37.518688
73.437515,167.025742,54.421871,37.058331
73.778618,167.209686,54.338951,37.495304
74.094261,167.060867,54.658455,37.477173
74.949684,166.921509,54.592812,37.344761
75.332184,166.882629,54.892334,37.588459
75.678856,166.853699,55.082024,37.838375
75.938286,166.946838,55.441055,37.944828
76.039909,166.885712,55.470558,37.906601
76.147537,166.916855,55.478764,37.600006
76.240723,167.164032,55.377426,38.030556
75.979393,167.133255,56.193794,38.253059
76.241028,167.237671,56.458401,38.453987
76.263634,167.259216,56.453846,38.487541
76.517990,167.514221,56.576614,38.133087
76.722733,167.693985,56.910675,38.495998
76.901009,167.741791,56.681149,38.329922
77.088676,167.848068,56.985153,38.434822
77.513008,167.831223,56.948650,38.630005
77.507057,168.126007,57.054424,38.918304
77.360939,168.515930,58.004307,38.423218
77.608192,168.556046,58.470985,38.481827
77.170998,168.925690,58.911034,38.996391
77.241188,168.901871,58.995705,38.762848
77.247322,169.966202,59.544964,37.718124
77.441490,170.055740,60.013130,37.967976
77.713867,170.106216,60.446976,37.985546
78.693855,170.103180,59.013737,37.866570
78.734940,170.196808,59.664043,37.944096
78.893738,170.344284,60.045937,37.951160
79.615318,170.350067,59.000278,38.099186
79.840576,170.561615,59.491116,38.486259
79.285347,170.633301,59.402676,38.459217
79.313812,170.655640,59.475281,38.495171
79.300018,170.725876,59.507858,38.507557
79.506645,170.984909,59.947865,38.985588
79.469795,170.974045,60.021477,38.975769
79.680763,170.983887,60.517082,38.991131
79.908997,170.996002,60.970543,38.985111
79.894562,171.004700,60.952755,38.980610
79.915619,171.017990,60.971462,38.980659
79.928581,171.027985,60.969032,38.983341
79.940567,171.032654,60.971973,38.982044
79.953560,171.088058,60.979122,38.933346
79.963898,171.119141,60.972919,38.979374
79.977364,171.129410,60.970329,38.981709
79.989113,171.142807,60.972229,38.979805
80.001572,171.153000,60.969879,38.983196
80.047920,171.090164,61.015755,38.928585
80.300247,171.097595,61.545246,39.005135
80.525940,171.344131,61.969818,39.484825
79.591766,170.705078,63.222382,39.701298
80.124641,170.884918,63.381813,40.048882
80.413750,171.095520,63.811760,40.376850
79.161644,170.923416,68.598740,40.905544
79.417915,171.049164,69.109055,41.035393
79.802849,171.156296,69.283485,41.516281
79.713036,170.864746,69.801949,42.256924
79.944420,170.766953,70.010025,42.286106
80.896286,170.914459,69.680885,41.337494
81.385208,170.718445,70.084999,41.685608
81.596184,170.856354,70.462120,41.996521
82.793411,170.206543,69.556831,42.168800
83.094734,170.327026,70.007874,42.403774
83.563072,169.978516,71.097382,42.206573
84.022675,170.087173,71.438934,42.438797
84.944344,169.648590,71.308884,42.818233
85.113327,169.348450,71.943268,43.377464
85.864159,169.017548,71.182724,43.840542
86.562355,168.936829,71.432556,44.120056
86.715332,169.011124,71.612511,44.551365
89.009880,169.075943,71.544189,44.898712
91.308609,169.261200,72.476791,45.061733
91.434479,169.448013,72.386490,45.486732
91.809509,169.394760,72.478531,45.395031
93.002220,168.893387,73.437065,45.627277
93.116913,169.078705,73.444366,45.973637
93.755272,167.743668,73.739151,46.645626
95.584084,167.405136,74.320320,46.683243
96.172997,167.345428,74.744820,47.219425
96.404854,167.479233,74.980461,47.443962
98.376801,166.397400,75.952080,48.780552
98.641708,166.322769,76.435997,48.856014
99.190804,166.238953,76.350502,48.766552
99.352707,166.371277,76.952904,49.350643
101.076614,165.882507,76.911743,49.266727
101.494637,165.723785,77.456161,49.222313
103.233025,165.044586,76.717796,49.318539
103.674553,165.094818,76.944962,49.494534
105.170486,164.477432,77.021545,50.575535
106.082314,164.202621,77.953636,51.461582
106.171806,164.006104,78.027519,51.042492
107.253288,164.288452,78.658638,51.373341
108.433434,162.783844,83.950485,54.301678
108.478889,162.739288,84.187889,54.070728
108.760979,162.940277,84.389481,54.493011
108.846565,162.733322,84.429298,55.029770
108.903481,162.965118,84.452705,55.468292
110.030464,162.591232,83.555046,55.934963
111.209236,163.260132,82.173805,56.425362
110.906502,163.006363,84.110275,56.951267
112.051987,162.611282,79.235680,56.745632
112.572105,163.465088,78.143974,57.133492
119.766502,162.597961,78.738373,57.369633
118.998833,158.756561,82.235565,57.944847
128.059357,158.622253,87.489677,56.371376
126.695793,157.296402,85.012337,56.369995
127.337036,157.554169,85.194283,56.324310
132.963257,157.944351,88.159103,52.839645
137.060181,156.059769,87.309601,52.411629
133.645828,160.001740,94.830345,53.793205
132.669128,157.312744,95.768059,53.421337
132.342651,159.574051,103.595016,53.374424
132.891937,160.321136,105.120018,53.436977
133.952972,160.782532,109.693054,53.090111
130.604446,158.551392,111.388512,53.723232
126.541367,158.503586,118.569496,55.479259
126.253395,157.935669,118.413071,55.420200
120.115829,156.539566,128.321350,56.463352
120.312149,156.361847,128.485596,56.547073
119.117317,157.023193,131.838516,57.726627
118.869286,156.564346,132.399017,58.718273
118.969292,156.098160,132.360901,59.845711
120.020981,155.948441,132.705124,60.181469
114.593552,152.544205,143.596451,64.505180
115.014420,152.768646,143.794083,64.980186
114.707458,152.525162,144.661682,65.296448
114.873497,152.627899,144.976868,65.472496
115.297264,152.502701,145.428329,65.678200
121.191025,152.833527,148.340469,66.338188
123.436852,151.988495,149.667236,67.829720
126.145027,151.750641,149.971619,68.174034
130.364548,150.500458,153.797302,71.365791
133.216537,149.947235,155.819321,71.621536
135.819305,148.971268,158.910660,73.576126
137.281342,148.986786,159.565170,74.039177
138.121796,148.834518,164.103592,75.598679
138.297668,149.006104,164.546631,75.999306
138.116821,148.844193,166.228409,76.085762
133.525848,148.369644,172.798340,77.194786
131.333389,148.108170,176.861832,77.743561
128.199173,147.178482,179.804138,77.689049
117.322357,145.398422,189.577652,78.391708
106.051430,144.508606,204.850388,77.494858
97.483574,143.497803,211.131226,77.407387
96.554977,142.744736,211.418777,77.280319
88.094742,141.707825,216.001129,77.818695
77.709373,139.248886,217.357224,77.273201
73.233543,137.211441,218.891113,77.516609
69.955589,136.636734,222.358368,77.898178
69.404427,135.274628,223.667206,77.932846
70.931625,133.650620,226.647156,77.775421
73.505005,133.849655,229.716003,76.767746
75.163597,132.052948,230.484573,71.275665
72.257042,130.289612,235.503372,73.188843
73.182076,128.510712,246.518250,75.145355
81.749512,127.604843,249.976486,77.032799
89.815010,128.887375,260.131165,78.770653
72.931793,122.471237,279.319946,83.621056
74.695007,122.652252,279.611023,85.616898
83.364929,124.829239,284.583130,85.783607
84.273453,118.521675,287.362335,95.657356
86.165161,118.427284,289.043335,96.956413
87.454414,117.791046,292.566040,98.682076
92.362663,116.510323,292.354065,100.225922
98.036949,116.124191,290.945557,101.011955
100.345749,115.258629,290.311096,101.941254
102.550301,114.850838,290.800354,101.972839
105.762520,114.478394,290.849213,101.818909
112.561325,113.065147,290.714905,103.096710
115.003189,113.139687,289.378174,103.102089
118.420456,112.769501,290.231049,103.817108
120.976410,112.833252,290.440857,103.385300
125.306297,112.141853,289.621002,104.043404
129.451462,112.155167,288.550018,104.159225
131.940323,112.072731,287.795502,104.545242
133.965134,112.282547,287.984741,104.608337
149.581085,110.836288,280.226501,106.950661
150.734146,110.753105,280.581604,106.762238
162.151108,109.947517,281.313385,107.454079
166.011856,110.220459,280.959656,106.477356
172.044006,108.950615,281.076233,105.796875
175.530594,108.585167,281.715210,105.246460
180.295029,108.758804,280.775360,105.416862
182.644470,108.411232,281.415131,105.227203
195.952423,108.105209,284.914978,104.406570
203.160522,108.328667,283.383392,103.904907
210.318008,107.710686,284.548981,103.811386
237.712555,108.470222,281.457489,100.837997
248.430038,107.516159,285.450012,101.293152
267.479614,107.798882,281.398956,100.026176
287.481384,103.880890,281.540955,103.002205
312.494965,102.786736,270.358582,103.016930
