1
82.485382,91.593712,39.062695,51.190933
88.928612,94.875603,38.977646,48.953033
96.255669,96.137283,36.861164,48.508419
101.693596,96.701942,35.974957,48.060371
108.524551,100.799995,36.994301,43.961193
114.418053,102.557465,36.603737,42.593292
121.883842,103.258827,34.537636,42.272778
128.488876,100.425789,33.808342,49.870434
133.310547,99.417488,34.186367,51.396591
138.790588,97.931732,33.528049,51.141438
143.244308,99.477295,33.821415,47.954491
149.532227,102.097946,33.600147,43.767803
156.818893,102.742111,32.360638,44.392822
163.713303,103.246681,31.216087,44.684021
170.052261,101.681351,30.046164,47.572292
175.978104,100.780540,29.770712,47.762230
181.957016,99.001389,29.447750,48.971897
187.668976,97.753174,29.726061,49.002132
192.908051,97.179893,29.178123,50.144585
198.185974,97.622353,29.112942,50.519577
203.033264,100.187752,29.195311,49.846909
205.175827,100.306786,29.612488,50.122917
204.140823,98.149170,29.838366,51.640480
202.753464,97.462181,30.087524,52.050503
200.953278,97.158440,31.141722,51.269924
197.680099,96.484367,32.200916,51.789326
193.512741,95.791679,32.451885,51.797630
186.710266,95.769341,33.558674,51.466290
181.076416,94.290581,33.531166,52.407627
171.964539,92.880173,34.402164,56.231709
164.343307,94.861153,33.796673,55.603745
154.329590,95.040848,33.262798,55.146004
142.531906,96.091255,33.877110,54.205914
131.322342,97.619492,33.728645,53.997829
123.001770,97.609016,33.220718,54.333057
116.719833,96.548187,33.374912,53.723499
110.277367,96.965500,34.036304,52.150093
107.362984,97.671875,34.222408,51.539364
107.086159,97.635193,34.276375,51.429230
108.879898,96.939217,32.889832,51.493820
112.276718,97.276344,32.325329,52.591835
116.984161,98.842972,31.309513,52.342548
122.404312,98.837067,31.041723,51.299450
128.454071,98.645157,31.796391,50.201691
134.632248,98.570404,31.821003,49.008030
140.454086,99.299156,32.779961,47.093765
148.345139,100.835640,31.805199,46.010334
158.793991,102.993500,32.063831,44.994442
168.372040,104.543388,32.014172,43.175861
178.410812,103.773483,32.221008,43.047348
188.762848,102.899788,32.026691,46.197189
196.901550,101.128067,31.708750,48.169090
203.334564,101.449249,31.621861,49.482395
206.743210,101.117447,30.598988,51.283360
205.546692,103.113113,30.848448,51.387783
202.278351,103.682381,30.618011,51.787029
196.471817,105.118057,30.357641,51.471443
188.044159,104.996750,30.488373,51.087498
177.293564,104.474434,30.529026,51.351425
163.285614,104.012817,31.474878,50.439529
149.197281,103.388672,31.467045,50.388996
137.049606,103.476959,31.304396,50.584339
121.303535,106.782158,32.773872,48.176064
112.672119,106.598694,32.287724,48.877018
104.516098,106.535942,32.649387,49.665409
96.844009,108.647423,31.673409,50.833084
92.507042,108.844025,31.609188,52.863239
88.982613,109.963806,32.002991,52.670258
87.091774,109.129082,32.715511,52.955395
84.540543,110.505775,33.474621,52.550838
82.598846,111.274300,33.628132,52.205158
81.431328,111.712700,34.310184,52.017799
81.494484,112.041267,34.485992,52.425953
82.160156,112.717659,34.210201,52.776768
84.279861,113.781746,34.685246,52.052525
87.498535,112.991043,34.447712,51.615540
93.487335,111.302063,34.270370,52.389587
100.838745,109.139214,33.919777,51.745968
111.340721,108.862221,35.065639,49.006458
123.806023,105.356964,34.172371,49.080956
139.617142,96.929985,32.816570,56.398743
154.493774,98.526253,34.345131,54.495541
169.802139,97.946808,35.445278,52.319000
183.721130,100.410080,35.156395,52.498859
195.840668,102.074471,34.453480,54.479130
204.667252,104.791252,33.000023,56.973106
209.459930,108.522003,32.316929,57.259754
210.134109,109.433212,31.744320,56.956799
208.722641,111.100052,31.963261,56.085556
206.356567,112.968468,32.713684,54.806648
204.227219,112.483101,33.190285,54.453629
201.757126,111.817360,32.940586,55.003105
197.854889,112.918037,32.166466,55.422050
193.147751,115.764915,32.561176,54.495842
185.711929,118.036095,33.171379,55.949150
176.050903,119.898811,34.820229,54.766006
164.123260,117.343170,35.708881,53.994072
151.120407,110.452705,35.662388,54.140015
134.884644,104.815445,35.626289,55.626511
118.241203,104.074043,36.239365,55.857674
93.725807,114.284218,38.832767,51.476707
82.562592,114.871758,37.691589,55.978027
71.610550,115.256973,36.675163,58.923157
65.274216,112.907822,35.268101,59.765343
59.624790,115.332466,37.033531,58.581898
52.224201,116.521469,38.516651,57.838474
45.187916,116.975853,38.144375,54.665028
37.356724,117.005585,36.781368,54.617668
27.442585,119.441505,37.066589,54.161324
20.555809,114.882416,37.524319,56.485157
15.372463,108.956230,37.870506,56.188309
3.443614,99.181862,39.633080,53.493172
1.077823,96.562515,37.782745,55.457111
1.376030,100.726677,35.872028,56.252537
2.443208,115.826904,36.747643,54.507267
7.839587,127.608253,37.548183,57.227470
14.584635,134.610382,40.137707,58.373245
22.202440,136.456406,41.524529,58.554249
32.353313,137.385452,41.267052,58.126732
34.563099,136.748352,39.732124,57.976398
41.357403,134.289169,38.766407,57.947193
44.897930,131.017654,38.993362,56.391964
48.930893,130.808319,38.603069,53.156086
52.114285,130.786346,40.001236,52.348412
54.756405,131.297318,39.869415,51.942856
60.712791,131.079727,39.044910,51.497578
67.376648,130.980499,38.525204,50.796242
74.300552,130.148285,38.451942,50.079876
81.934219,124.846626,37.384514,51.357685
89.975136,116.673370,37.702717,52.272148
98.274040,106.961792,37.187904,54.750038
105.309761,101.693436,37.027779,54.078426
107.583572,98.205582,38.439552,52.398159
106.644325,95.903236,37.850662,52.927345
104.262688,97.095711,36.977840,52.548340
99.460594,98.787834,36.474819,53.506145
93.474709,101.291534,35.765285,53.326000
88.409225,102.071289,35.196274,53.370132
83.783325,101.218384,34.767006,54.930538
78.480675,100.355896,34.362011,55.083263
75.806549,100.081429,33.720921,55.295883
74.371788,97.841934,33.506592,54.856689
74.624863,98.399803,33.927010,53.927448
75.030388,100.115326,34.310364,52.656307
76.980133,100.551224,34.715775,51.577621
80.555138,102.028885,34.984154,51.329243
87.114891,103.784996,35.885761,49.500874
94.069534,107.782585,35.525234,48.829666
102.164787,108.019463,35.947750,47.516098
109.894173,104.356850,37.271881,50.000095
118.226746,104.917801,35.598167,49.779530
125.723518,101.792915,36.343010,49.872372
130.099228,101.779053,35.028625,48.695911
134.232605,99.949265,32.853374,50.701187
137.194962,101.715034,34.617840,52.526131
138.966095,102.530167,33.793377,54.104122
134.014786,103.154900,36.148888,52.589722
131.013077,105.296715,36.546955,52.371944
127.328087,104.820480,35.743084,53.219276
123.653915,103.913666,35.232635,53.069668
119.597679,102.808067,35.235043,51.288757
118.479843,98.448242,35.572456,51.392380
118.645958,98.587997,35.753502,51.320236
121.948189,97.561424,34.541634,52.520237
127.424324,98.739220,34.012760,52.236301
133.001266,97.960129,33.729500,53.311855
139.861694,98.837677,33.262592,54.081211
148.344406,95.721077,32.938717,59.324833
155.965668,95.340775,32.767494,59.476070
163.044617,94.908249,31.902733,59.797974
168.308807,97.389565,32.736214,57.472969
