1
80.620506,95.805496,38.288918,47.181534
87.921822,97.479820,37.419544,46.024685
95.877243,98.795921,35.304520,46.582943
100.340805,98.623100,34.791107,45.812611
108.404198,100.329666,35.020275,44.183228
115.056030,101.757515,35.416893,42.811577
122.565880,102.911224,33.621025,42.307148
129.135071,101.845520,32.318699,47.525047
133.735687,100.376114,32.339672,49.279686
139.304993,98.642082,32.049801,50.292751
144.242279,99.817894,32.036118,47.829952
150.400955,101.692429,31.636839,44.281200
157.194275,102.592812,30.332981,45.739540
163.923096,103.199562,29.735741,45.673611
170.183868,101.222755,29.455822,48.462063
176.250885,100.280762,28.938866,48.140678
182.035385,98.317284,28.788940,50.047844
187.995697,97.384315,29.104740,50.256786
193.256943,96.951164,28.500397,50.559933
198.513901,98.082298,28.744972,50.744213
203.140671,99.880409,28.567451,50.440125
205.713379,100.970619,28.786404,49.938927
204.641037,99.286301,28.448854,50.230450
203.857346,97.926346,28.219385,50.949860
201.766113,98.477547,30.001455,49.875439
198.313950,96.789658,31.227947,51.286545
193.895813,96.461166,31.751724,50.900612
187.629166,96.103378,32.374382,50.200871
181.339157,94.867996,32.147495,51.017643
172.626434,94.365692,32.976429,53.243877
164.035645,96.931702,32.881851,51.637112
154.562531,97.196045,32.158035,50.352123
142.935425,98.431152,32.949886,49.822533
132.239273,98.894707,32.552433,50.569893
123.797516,99.268394,32.670513,51.629902
117.093460,97.183716,33.282124,52.218735
110.588188,96.315880,34.152859,51.803181
107.524849,97.023407,34.223454,51.215496
107.094696,96.769852,33.980953,51.295895
108.003487,95.993515,32.830208,51.363712
111.939140,97.068726,31.812574,51.542549
116.602486,98.742462,30.858906,51.058842
122.225517,98.507713,30.605278,50.836647
127.763802,98.038147,30.789488,49.213367
134.963470,97.984398,30.970625,49.041458
141.416306,98.660355,31.172405,48.234383
150.400864,100.481354,31.109406,46.246002
159.660278,103.010262,32.010635,45.113106
168.892944,104.458138,31.753481,44.030357
178.884354,103.339851,31.628260,44.738289
188.468796,103.091599,31.781910,46.921127
196.833878,102.098610,31.602964,47.754688
203.449310,102.222794,31.499302,49.089836
206.859451,102.303619,30.679970,50.506573
205.671371,103.516640,30.904345,50.979053
202.254227,104.156967,30.758709,51.129456
196.233826,105.693581,30.588980,51.005642
188.413055,104.249054,30.435488,52.107498
177.291275,104.505760,30.495626,51.788746
163.566391,104.001976,30.992914,50.778351
148.429199,103.491859,31.093243,50.368614
137.061646,102.919518,31.274967,51.104546
121.055954,106.754509,33.373272,48.215260
111.804283,105.885048,32.628529,49.338356
104.095795,106.112595,33.321445,49.460354
96.875641,107.535049,31.596142,50.649517
92.387718,107.186874,31.231768,53.561024
88.456886,110.272278,32.048923,52.561493
86.543076,109.491936,32.715511,52.955395
83.921272,110.294243,33.667038,52.450867
82.290329,110.972618,34.112511,51.670349
80.752319,111.424377,34.805210,51.690594
80.858093,111.748482,34.911606,51.924850
81.532982,112.443924,34.746681,51.915802
84.091469,113.213654,34.715237,51.230038
87.715958,112.837875,34.186096,50.847076
94.107300,111.778999,34.167526,50.918877
100.367722,109.696281,34.768871,49.587227
111.410835,109.880920,35.561607,47.705177
123.418953,106.360703,34.826843,47.353897
138.902512,97.500595,33.597313,54.255707
154.183487,97.827362,35.476791,53.316982
170.030380,97.245323,36.757877,51.616901
184.259811,98.839699,36.354057,52.269394
196.277710,99.939186,34.939602,55.618576
204.742920,103.160812,33.576603,57.935856
209.321243,107.590279,32.920128,56.933025
210.505951,108.734894,32.062302,56.771873
208.767990,110.836258,32.855782,55.903488
206.080536,113.420418,34.231728,54.312603
203.815765,112.806610,34.638054,54.260006
201.133026,112.154846,34.322750,55.016479
197.451752,113.138748,33.872196,55.629505
192.628540,115.718941,33.549088,54.942001
185.440201,117.270638,33.990089,56.449097
175.986267,117.601555,35.224144,56.815617
164.099838,115.521072,36.090137,55.844315
150.784225,108.356766,36.028107,56.833427
135.054382,103.800377,36.049591,58.058327
117.785408,103.356247,36.779362,58.146938
94.669945,113.704781,39.542419,53.878284
82.835930,114.860695,38.121784,56.343540
72.220901,115.252640,36.583336,58.477005
66.075714,113.182632,35.552460,58.931026
59.680328,115.278542,37.687347,58.410328
52.593472,116.488197,38.563793,55.844456
45.536320,116.122490,37.142979,54.069305
37.780220,115.719673,36.282383,54.700035
28.428514,119.004013,36.572422,54.767220
20.783752,115.182060,37.213448,56.073933
15.825377,109.563278,36.838406,55.241280
3.769554,99.834099,38.612190,53.327751
1.624543,97.488144,35.961830,55.200497
1.541385,102.959778,35.143837,55.484337
2.754869,115.646339,37.125546,54.923737
8.330211,126.377998,38.086246,57.663486
14.064281,132.350800,40.891136,58.672916
21.252247,134.545441,42.818459,59.244484
31.047472,136.685501,42.391365,58.131248
33.710178,137.030869,41.244133,56.595650
39.765316,134.136230,39.463634,57.322533
43.499664,131.271606,39.711075,55.703365
49.148293,130.753723,38.590820,53.139065
52.337807,130.740250,40.001236,52.348412
54.979927,131.251221,39.869415,51.942856
59.797432,131.675476,38.952538,51.291977
66.436195,132.916656,38.203747,48.767708
74.341248,130.141663,37.696068,50.817616
82.425270,125.701088,37.142048,51.220428
91.212929,117.709045,36.163052,52.797398
100.432892,107.643341,35.377331,54.655884
105.756195,101.736862,35.304237,53.975864
107.160324,97.291008,36.359806,53.181931
107.212372,96.982033,36.418568,53.518024
104.459137,97.339584,35.981129,53.583790
100.269135,99.827797,34.289539,53.390232
93.991158,102.270950,34.411728,52.105255
89.300102,103.044128,34.002029,52.155434
84.088997,102.602692,33.602303,54.127846
79.854118,101.294312,33.200054,54.871208
76.662788,100.535385,32.457825,55.177006
74.857849,98.623276,32.250916,54.509861
74.936516,99.033592,32.541557,54.443951
75.327011,100.986481,33.653763,52.297333
77.506920,102.121498,34.648079,50.377357
79.616905,103.040817,35.304077,49.340691
87.340851,104.564438,35.406830,48.601624
94.602036,108.250252,34.939445,47.850426
102.750694,108.315895,34.287003,47.323387
110.995430,106.136734,36.420418,47.459229
119.159897,106.502022,35.649685,46.745358
126.634514,104.198631,35.929863,46.538048
130.759232,104.072746,34.595470,46.329460
134.204300,101.231438,32.073597,49.146736
136.429184,102.537415,33.965160,50.769993
138.899200,102.973663,33.913570,52.363499
134.470200,103.527504,35.549660,51.361935
131.185608,105.563644,35.670815,50.491489
127.201286,105.843086,34.751617,50.928009
124.236290,105.578568,34.413029,50.522289
119.738495,103.414680,34.599747,49.629494
118.698662,99.072624,34.397903,50.173363
118.992607,98.319633,33.895611,51.214497
122.385315,96.858841,32.520142,53.316521
127.357689,97.732544,32.423038,52.765453
133.161728,96.642990,32.189362,54.299572
140.349060,97.666847,32.431450,56.184753
148.414246,95.270416,32.613468,60.620975
155.395035,94.689972,32.740822,61.274220
162.462326,94.242485,32.890778,61.879810
167.618820,96.202034,33.401119,59.495491
