1
196.796463,111.844269,49.380222,45.984291
196.853394,111.851128,49.462799,45.983994
196.870850,111.859261,49.475555,45.980179
196.879776,111.869949,49.472115,45.977711
196.890732,111.891777,49.473728,45.979553
196.898193,111.903503,49.468281,45.974953
196.941177,112.111877,49.170620,45.950104
197.099411,112.137070,49.476646,45.981438
197.005859,112.210960,49.266693,45.974480
196.968155,112.375710,49.460476,46.095871
196.746094,112.854622,49.175442,46.436802
196.664444,113.010368,49.309036,46.513214
196.456070,113.350555,49.470467,46.957184
196.267212,113.511826,49.541836,47.068279
196.217545,114.162155,49.689919,47.371304
195.789810,114.455505,49.627159,47.594128
195.833206,114.791267,49.787888,47.916946
195.579315,115.106247,49.997784,47.915150
194.746338,115.593391,49.795059,47.946609
194.842361,115.687340,49.936852,47.943855
194.588562,115.778542,50.032307,48.041775
194.509750,116.245888,50.313602,48.467228
193.868622,116.362343,50.628139,48.463383
192.882263,116.849350,51.124969,48.249767
192.071365,117.338753,51.375008,48.436459
191.875931,117.375809,51.369106,48.473473
191.689941,117.403549,51.302959,48.429932
191.043854,117.518021,51.579124,48.673996
190.976410,117.571175,51.880013,48.942558
190.579788,117.510803,51.893639,48.983463
190.045822,117.437576,51.894817,48.850632
189.280914,117.098839,51.932354,49.097080
188.839874,117.128860,51.808208,49.564976
188.766602,117.087471,51.814751,50.015167
188.817673,117.296242,51.931969,50.471649
188.747238,117.258057,51.957283,50.460381
188.608307,117.196663,51.751827,50.493675
188.321716,117.253639,51.912766,50.340187
188.307037,117.320366,51.941490,50.466309
188.284637,117.317688,51.900936,50.436817
188.300339,117.336983,51.974457,50.474842
188.256882,117.347641,51.998371,50.453751
188.196594,117.369171,52.042843,50.436623
188.397583,117.388702,52.415649,50.474110
188.075989,117.415894,52.462482,50.394791
187.831238,117.771271,52.289360,50.156834
187.544250,118.078812,52.120037,50.412891
187.694153,118.119263,52.274315,50.449875
187.537659,118.311653,51.539158,50.388409
187.649902,118.321175,51.809975,50.441837
187.514160,118.264046,51.771763,50.503830
187.428680,118.463364,51.890396,50.863632
186.436981,119.308792,50.702858,50.800571
185.932007,119.778305,50.520447,50.759693
185.480148,119.975746,50.333599,50.889263
185.249939,119.882286,50.410954,51.122570
185.163681,119.986031,50.309105,51.484638
185.103348,119.874001,50.656395,51.508369
184.883881,120.038620,50.945927,52.009392
183.240479,120.493256,50.737640,52.250156
180.448227,118.613838,50.910355,53.889423
177.120026,118.444466,51.995739,54.645359
173.180313,118.362564,50.792618,54.576740
168.527557,118.371597,51.136913,55.942253
162.313995,117.637291,52.152756,57.012463
159.646393,122.085953,49.245888,57.448681
155.703827,123.097786,48.859482,57.393196
152.234406,128.477753,47.266521,53.718559
148.289322,134.156326,47.313969,50.190662
145.443710,136.074509,47.419121,50.003994
141.611893,136.515076,48.725132,50.502251
137.138870,139.357254,48.497982,49.748253
133.047775,140.538193,48.490761,50.066891
128.125031,140.006439,48.842190,51.316311
123.626205,141.184280,52.950603,51.772549
122.296249,141.475204,52.862377,51.562683
121.469521,140.934753,52.918812,51.780785
122.769234,138.385239,51.573837,52.313889
122.537880,135.217697,51.231148,53.995716
122.867538,130.168289,51.121750,55.372963
123.618362,125.100838,52.977119,56.212681
126.113091,121.285614,52.970463,56.327690
128.113464,118.268257,52.380371,55.634800
132.236435,115.586388,52.814175,55.628208
133.214630,113.159523,55.020962,56.955345
133.511932,112.982780,55.466518,57.133446
134.717514,111.755440,56.306461,57.506947
135.369705,111.339012,56.753422,58.439259
136.320755,109.946022,57.568020,58.533592
138.167694,109.322830,57.462730,58.854507
138.417557,108.928444,57.432774,58.828236
138.451645,109.005745,57.472004,58.982803
138.448883,108.728340,57.490379,59.000378
139.675247,106.880905,57.677486,60.823086
139.839600,106.971893,57.974331,60.970692
139.851074,106.986710,57.971359,60.973717
139.863235,107.128555,57.975258,60.925159
139.711868,107.144608,58.283157,61.211220
139.756668,107.315704,58.481625,61.498409
139.503586,107.395485,58.590118,61.762383
137.064407,107.730965,61.898785,61.624599
133.382111,108.975815,64.739204,63.106113
133.073898,109.146965,65.201698,63.535492
133.221512,109.379395,65.467659,63.972424
133.007782,109.240585,65.262878,64.155121
133.005081,109.389854,65.448189,64.512505
133.016891,109.625061,65.457550,64.977455
131.034409,107.997101,64.969139,65.505287
130.763916,107.980080,64.798782,66.065475
130.864044,106.670494,65.022850,66.914993
130.136581,106.097771,65.954025,67.213646
130.167877,106.226257,65.992760,67.442963
131.341614,104.922012,66.625984,67.481880
132.875305,102.640060,67.206177,69.145996
134.349457,101.435966,67.802147,70.527107
135.757004,100.339844,67.608360,71.452850
137.258545,99.932098,67.706276,71.786201
140.109039,98.186356,69.015488,72.481087
141.852234,97.515457,71.036888,72.873375
141.909958,97.145271,71.656685,72.838005
142.708771,96.224861,72.222061,73.152122
143.298660,96.180260,72.416420,73.233299
143.338760,96.313812,72.464195,73.468330
143.361847,96.339577,72.465851,73.483063
143.359314,96.416527,72.461090,73.437988
143.381866,96.626137,72.343094,73.390045
143.399841,96.998726,72.511513,73.350418
143.012131,97.666870,73.726410,73.952477
143.126572,97.924271,73.931351,73.805031
143.075760,98.014412,73.893250,73.958138
141.917175,98.185089,75.028221,73.589890
141.294907,99.276642,76.109016,74.225266
139.031677,100.215515,76.191353,73.720024
138.052078,100.552734,77.056808,73.980614
136.305405,100.639694,77.618149,74.439835
135.849152,100.795448,78.223022,74.594627
134.583328,101.003319,78.503647,74.822220
134.134155,100.975517,78.676773,75.272934
134.269409,101.075081,78.918648,75.471207
133.790146,100.021126,78.838631,75.460205
130.909286,97.501602,79.138184,73.779228
126.447044,90.044266,77.472595,72.636963
121.491020,84.020645,78.230812,72.486565
118.621620,80.487267,77.736885,72.272202
115.840614,75.889832,75.276611,73.115143
110.928375,71.407051,74.370728,71.131508
106.400444,70.079300,73.016861,69.855957
104.001930,67.291939,73.549011,70.187820
101.582733,64.302040,74.313606,68.054794
97.763428,63.059380,74.527878,66.942093
93.465080,62.365105,73.636101,66.973923
93.331215,63.177235,73.172119,66.982231
92.895882,63.918419,73.157028,65.734123
92.202209,63.869022,73.445305,65.890526
92.012825,64.255096,72.843147,65.745560
90.010651,65.385719,72.388954,66.664352
89.269699,66.969704,70.513184,67.031738
87.689651,69.449326,69.316788,66.254639
85.996811,70.131470,70.359703,66.246719
85.760529,70.511299,70.465057,66.677094
84.376076,72.812164,71.574066,66.571228
84.351944,74.227020,71.849045,65.541733
84.111610,74.993080,71.757072,65.687790
83.196487,75.454247,71.997147,65.850883
83.207214,76.294090,71.538727,65.430649
82.248009,81.808174,71.580162,61.284710
81.871567,81.886475,71.296623,61.228359
82.076645,82.357872,70.851173,61.187679
81.999229,82.763924,70.562737,61.389328
82.353828,84.213463,69.728928,60.334988
80.919189,85.509666,69.334770,58.379726
80.226051,85.766594,68.975113,58.332767
78.442360,86.751701,68.263405,56.766571
77.776955,87.856110,67.873840,56.175179
75.281654,88.879478,67.265495,56.456165
72.318565,91.114471,67.247887,53.430737
70.460320,90.900398,66.259895,52.871944
68.772842,90.408539,62.521545,53.113701
65.670952,89.878418,61.837269,53.648464
64.017151,89.519485,61.552883,53.424522
67.926369,89.826622,63.478939,52.367935
75.871696,91.753319,63.951424,52.303009
89.719276,93.142052,64.538086,52.238132
103.297806,98.902763,70.026825,50.928921
122.588036,105.569168,69.826759,50.080093
136.565826,106.850555,65.884392,50.657230
166.374435,124.503273,65.291519,51.440342
167.772125,124.891769,64.490707,51.612724
168.396759,124.980919,64.065285,52.467663
168.213196,124.980431,64.377090,52.563297
168.799850,125.400703,63.779079,52.747391
169.540283,125.525047,63.751511,52.967209
169.998901,123.560562,63.804649,57.355473
170.060104,123.741844,64.006615,57.492695
172.696411,124.017487,64.926460,57.268242
173.283386,124.376518,64.388512,57.473221
173.787003,124.791115,64.563629,57.102875
177.594452,125.560646,63.716637,57.191685
179.245789,126.673347,63.041786,56.663658
180.541748,127.922249,63.079353,55.678608
181.095795,128.256119,63.352642,55.824024
181.536072,128.220627,63.300690,56.101871
183.636703,128.470490,63.190311,55.395306
183.919800,128.428467,63.391323,55.556366
184.222565,128.825989,63.178482,54.523060
184.411621,128.721191,63.481800,55.193649
184.445023,128.822235,63.452019,55.443222
184.714813,128.677856,63.408077,55.509380
186.971771,128.107315,62.597111,55.556961
187.729828,127.158020,62.836884,56.140240
188.238525,127.614738,62.742798,54.938152
190.733826,124.593681,62.487175,55.908062
194.335648,122.450966,59.795246,54.596165
195.213074,120.942886,59.920151,55.117683
197.757385,119.429031,58.939354,56.509361
197.478516,119.609100,58.701889,57.011925
192.843918,118.403656,57.499687,57.639957
185.382858,117.690895,60.069126,58.532288
180.432037,115.822456,58.644012,59.104027
174.957764,114.721176,59.029682,59.161282
171.480743,112.246681,54.954704,61.608955
168.091080,111.241478,52.285431,62.273693
165.612183,110.716446,52.125404,63.121517
163.403183,110.573151,51.155571,63.036583
162.249878,109.870735,49.600468,64.096466
161.819031,109.737099,49.787518,64.376480
161.401123,109.317879,49.585796,64.578659
161.216461,109.303787,49.535595,64.964645
161.079224,108.985023,49.859367,65.099480
159.750610,109.345383,50.258545,65.062622
159.659119,109.508484,50.388325,65.556534
159.316666,111.469460,50.763557,62.931488
159.435562,111.629311,50.951374,62.831318
159.062454,113.019073,51.076511,61.146091
159.275955,113.705353,51.400837,60.889870
159.366562,114.832092,51.550175,59.394611
159.640472,115.300255,51.925350,59.004723
159.619385,115.743538,52.006519,59.334820
159.900391,116.137108,52.442719,59.136040
159.984070,116.611908,52.405621,59.159504
158.970856,117.593163,52.557129,58.220066
154.894272,118.747231,53.754761,55.142776
151.641541,119.217804,53.661938,54.954391
146.456573,120.917168,53.384987,54.521046
141.760483,120.088287,54.815315,55.536190
136.951385,123.307037,53.720169,55.321991
133.004669,125.553642,52.761787,54.702324
130.328262,130.639572,50.821434,51.368607
128.327225,132.990387,50.127239,50.448387
123.877159,134.931137,52.099331,51.420212
120.130486,138.074738,52.233128,49.232567
115.818260,140.132828,54.200245,49.927086
115.546471,140.232391,54.497215,50.198784
115.273064,140.769241,54.130333,50.919258
115.406105,140.882858,54.550884,51.021828
115.794456,141.424713,53.982563,51.156437
118.281517,141.175293,53.587803,52.052177
121.813171,139.149033,53.164558,52.979694
124.588722,137.543182,54.182652,52.806393
131.641693,133.434235,54.473709,54.212269
132.134109,132.385147,54.858837,54.424553
134.345490,131.103378,54.398830,54.191605
140.461273,129.184586,54.341618,54.710686
141.772263,128.464966,55.002457,54.740585
145.236877,125.806213,54.907665,55.864449
149.483124,122.466949,56.030758,57.634209
149.010223,120.613846,58.133972,58.761341
149.123077,117.448776,60.076164,58.587166
148.510941,112.342560,61.099777,60.394588
148.397614,109.833275,60.910095,60.584713
147.097641,108.940353,60.407520,61.187935
145.701080,107.559265,60.637257,61.342880
142.320572,104.190147,62.077244,62.374016
140.888245,102.426643,61.395908,62.098118
137.392899,100.702774,61.709080,63.206871
135.490829,100.386108,61.192532,63.376194
132.201569,99.313652,61.366932,63.786495
129.148056,98.682289,60.709274,62.352428
129.144516,98.628448,60.887512,62.528412
125.599228,96.712257,62.356865,63.946136
123.696312,96.439705,62.682568,63.975368
122.279945,96.147736,63.007732,63.869576
121.206139,95.651413,63.654503,63.494469
121.147301,95.419777,63.786461,63.408646
121.152245,95.311531,64.003693,63.511993
121.487839,94.840256,64.127441,64.181435
121.707726,92.894623,64.002777,64.364578
121.689949,91.790070,64.057877,64.477829
121.519485,91.029961,64.721107,64.517883
121.514351,90.468498,65.215096,65.430984
122.068329,89.932083,65.393608,65.417892
124.716736,87.530540,66.375809,65.760544
125.975212,87.107605,66.175835,66.146927
127.673027,85.728233,66.136894,66.255409
129.900101,84.232437,65.822998,66.268494
130.445206,84.190903,65.861938,66.405235
130.568985,83.587379,65.931328,66.879631
130.856873,82.507515,65.674240,67.311821
131.170517,82.256317,65.951805,67.712173
130.879013,81.424492,66.584076,68.229141
130.170792,80.673096,68.198318,69.012436
128.902679,80.262520,68.680946,69.445595
125.254280,79.910965,68.152321,69.100281
123.196770,80.333061,69.747742,68.884972
123.000610,80.332054,69.815285,68.926140
120.702866,80.169083,69.807083,69.349274
116.411858,80.775932,71.024002,69.928185
114.878540,80.713669,71.155304,70.102440
113.881111,80.838181,71.771446,70.517891
113.279823,80.924171,72.237343,70.957230
112.916573,80.931404,72.638870,70.987755
112.906021,80.898849,72.848724,70.969017
112.979958,80.914536,72.963951,70.969406
112.977814,80.924728,72.955727,70.972145
112.855370,80.904968,72.943176,71.005959
112.881332,81.152222,72.965431,71.469604
112.676331,81.217087,73.069450,71.500938
112.121704,81.570869,73.975571,72.123741
110.248222,81.693260,74.698593,72.261826
110.300186,81.787498,74.941460,72.480453
109.342087,81.976364,75.461449,72.169868
109.180672,82.133392,75.388535,72.443977
108.806572,82.090446,75.462257,72.499298
107.221558,81.563316,75.360840,72.370537
106.500961,81.415207,75.086609,72.213661
106.421646,81.356789,75.449150,72.399979
104.683350,81.124634,74.997620,72.294884
101.266685,80.434525,75.523453,71.988106
98.014153,79.816063,75.646591,71.785454
93.400375,79.698555,76.033386,71.906998
90.055756,78.749390,75.396111,72.129478
85.204514,77.665443,74.097580,72.426102
91.790100,75.972191,75.364403,73.349243
104.933525,76.560928,75.247093,74.120071
114.155113,75.760933,75.788284,75.045158
121.944023,76.152275,75.000092,74.090530
122.409042,77.696564,75.895432,73.198570
123.238098,78.449722,76.467079,72.639320
118.665085,77.613571,74.380875,72.152565
111.891228,78.579765,73.138908,71.745399
103.379448,80.044106,73.511650,72.164490
94.286392,83.225372,72.200783,68.848694
82.632561,86.096504,74.247658,68.707329
72.822754,86.832764,74.522049,69.336067
68.347115,89.472618,73.577789,67.591240
64.066650,91.624214,73.664688,67.836861
61.824776,93.056152,72.215805,67.584541
61.733742,95.525986,71.953087,68.155190
62.058407,99.046967,72.337463,67.494316
63.676075,101.250099,71.288658,67.189529
67.102921,103.405113,71.046921,66.145012
70.166748,107.309998,70.576065,62.442467
74.918579,107.731956,69.212852,61.928703
79.842026,108.518967,65.571480,60.252323
84.278854,107.706070,64.954132,60.808750
87.384598,108.075401,65.259987,60.326252
91.560905,109.513885,63.674927,59.042751
95.018288,110.158623,62.491768,59.857559
98.953094,109.835953,61.962776,59.542244
103.098412,110.936821,61.255737,58.666771
104.695503,111.183800,60.646111,59.039532
105.893265,111.568932,60.809246,58.975849
107.165443,111.262238,60.912262,59.537136
110.460091,111.635735,60.140133,58.990433
112.125885,111.477654,59.947800,58.613857
114.841034,111.727890,59.523754,58.719238
115.097969,111.876152,59.990326,58.976162
119.161629,112.872337,58.783504,58.222790
121.829681,113.640854,57.235329,58.040913
122.153320,114.052971,57.545803,58.450874
123.393478,114.263115,57.839138,57.533009
123.734383,114.515366,57.946350,57.974995
124.683182,115.924248,57.432503,55.414391
125.730392,116.242882,57.459354,54.864433
126.507599,116.132561,56.978088,54.944569
128.208664,115.547188,56.617439,54.976120
130.623230,115.284805,56.324955,54.314472
133.924988,114.889633,56.032074,54.489769
134.778015,114.923058,56.363430,54.341492
136.401688,114.898949,55.973755,54.333366
138.929321,114.389954,56.026375,53.146103
143.532196,111.876968,56.075291,53.313183
147.751984,111.875435,56.477222,52.686111
150.426804,111.650124,55.370018,52.785133
153.956726,110.716988,54.679966,52.575436
158.527527,109.857338,54.183903,51.180832
163.212112,108.313965,53.122467,50.967224
168.421509,107.217644,53.072754,50.514172
173.497833,106.474663,52.353306,49.785168
175.713699,105.790390,52.132553,49.407532
180.496689,104.786072,52.619637,48.694786
186.049545,103.126350,51.454903,47.751595
188.979706,102.921799,50.283695,46.895584
192.494980,102.406799,49.963604,45.600437
196.755402,100.556297,49.855286,45.431847
199.638443,99.347633,49.207428,43.862812
201.312698,98.007324,48.312389,43.205402
203.702332,97.951263,48.013756,43.188118
206.917526,96.767868,48.669052,43.521980
212.027313,94.532814,45.714935,43.730869
213.265549,93.958855,45.177071,44.135262
214.612152,91.982864,45.503983,44.803871
211.033981,91.410370,46.128159,44.808903
205.208618,92.535942,46.768280,44.334885
200.624588,93.788071,47.891544,44.046764
196.098999,93.857185,46.348331,45.030781
192.096390,94.395058,46.425335,45.513260
187.108536,95.852776,46.857262,44.512913
182.247833,98.309158,47.897617,44.500729
179.647125,100.825592,48.000706,44.437111
175.929199,101.139313,48.323296,44.648113
170.320129,104.260834,49.908722,44.209663
167.944183,108.027290,49.805843,43.212704
166.562042,109.716110,48.219421,43.129044
167.042831,110.195976,47.784779,43.283848
166.975784,111.691872,46.961044,44.786976
164.399490,112.955368,47.084221,45.432903
161.847656,114.428627,46.466930,44.971142
158.779099,117.750557,47.431938,44.282417
154.497726,119.080681,47.798489,44.811230
153.010178,121.336334,46.432953,45.533417
150.408051,123.451363,48.537926,46.058533
148.476883,125.291313,48.096130,45.294563
148.062302,125.612968,48.104015,45.809639
146.270523,125.335289,48.413517,47.046146
141.078964,126.868652,49.194633,46.486401
139.097916,127.940353,49.246696,47.973976
139.147583,128.018784,49.367279,48.149113
137.949326,128.117401,49.839924,48.722214
135.595673,127.579697,49.896721,49.401459
135.832275,128.407242,50.080215,50.086445
135.310135,128.558716,50.642887,50.404930
135.400116,128.449875,50.925549,50.606056
133.006042,126.754959,53.934872,53.694328
131.114471,127.282211,53.670132,53.613823
126.776649,127.693680,54.139191,53.903767
121.038147,128.982346,58.395164,53.683811
115.977509,129.173264,59.022591,53.828609
112.423813,129.385147,60.021980,53.950619
109.218628,128.819687,59.178932,54.504459
105.788887,130.383102,57.431015,54.545841
102.416206,131.177567,57.892441,54.090385
102.468628,131.382523,57.971359,54.476517
102.589630,131.368530,57.977882,54.480625
103.878464,129.416656,57.548428,54.278313
110.756622,125.568741,56.633484,54.850384
113.249809,121.958565,56.501110,54.996998
114.113670,120.924919,57.465702,54.356579
119.454994,116.158546,57.087269,55.969254
119.707642,116.128357,57.432625,55.945255
119.429131,114.915878,57.542992,56.375893
119.487038,114.999596,58.219524,56.474483
118.253838,114.621025,58.499321,56.683880
117.564034,113.280602,57.006248,56.726742
117.627045,113.380951,57.533913,57.014229
117.300880,113.560669,58.133129,57.506847
116.943092,113.515099,58.365887,58.124607
117.286995,113.629166,58.430157,58.523624
116.885887,113.842911,58.394497,58.979111
117.032242,113.872391,58.579224,59.037350
121.816628,112.970772,58.872154,60.160069
123.497055,113.215637,58.558804,60.194393
125.715652,113.068665,58.635975,59.663593
127.499962,112.964638,59.039371,59.896698
128.064819,113.117393,59.589878,59.932831
133.691696,112.814125,58.636497,60.554214
137.785187,112.983101,59.373177,60.987362
137.872879,113.219658,59.531773,60.664005
138.088120,113.489090,59.997654,60.964027
138.062698,113.517235,60.000954,60.970146
137.678574,113.493828,60.667168,61.023026
137.649246,113.796165,61.180038,61.146881
137.519684,113.803314,61.574684,61.333340
137.144852,113.887878,62.025852,61.129852
136.613449,113.873322,62.064564,61.270977
134.870209,113.382874,61.577946,60.646183
133.836517,113.555817,62.979202,60.870258
131.680756,113.594429,62.878162,60.381107
127.682495,114.215446,62.593994,58.979774
122.857048,114.700005,64.629448,57.626999
116.769844,113.458893,66.632423,57.776672
115.676712,113.518707,66.869469,57.753330
114.246849,113.534416,66.692772,57.952835
112.982613,112.399254,65.876175,57.885376
110.510185,109.753998,65.070442,58.071289
110.579117,109.934616,65.352554,58.492340
109.710281,110.193642,65.703476,58.513283
107.067947,110.226479,65.578499,58.429089
106.200150,110.212646,65.972946,58.297741
105.566429,110.424942,66.188759,58.113865
105.102547,110.552834,66.696739,58.364307
104.713890,110.449715,66.809402,58.357521
103.075470,110.396301,67.161606,58.120186
101.340988,110.227699,66.756828,57.805958
100.433311,109.615799,66.275467,58.253330
100.125420,109.058937,66.290512,58.420532
100.198074,109.001495,66.298653,58.492741
100.195587,108.309769,66.135033,58.417477
99.834648,108.240417,65.999725,58.754707
99.046562,108.351311,65.617668,58.688137
99.206070,108.506714,65.942940,58.962719
96.995560,108.446480,65.081970,59.081993
96.534363,108.600082,65.691612,59.730972
96.655304,108.740944,65.889565,59.991619
94.492119,109.642441,66.794579,59.168697
94.660919,109.872406,66.617653,59.460522
94.368874,109.998253,67.215431,59.442696
94.666855,110.438805,67.315224,59.338242
94.766853,110.543045,67.415276,59.498554
94.852921,110.836761,67.341835,59.257263
99.725800,112.200272,67.359924,58.116165
109.029312,111.169754,78.286003,59.824371
126.313240,112.901619,80.032478,59.138317
146.638916,116.890343,78.242325,59.937553
167.757721,126.445305,76.141846,60.140823
180.252335,129.223984,73.328789,60.310936
186.506622,129.884979,72.184525,59.848892
188.894180,131.357010,71.084259,62.472752
191.356903,138.152771,72.179245,63.003132
192.429413,138.432419,72.861328,63.264057
192.299179,138.575012,72.876854,63.567654
187.470963,144.261414,72.855949,61.680744
187.586746,144.275421,72.915283,62.248276
181.116608,144.792587,74.151695,60.909889
181.628860,145.133621,73.992027,61.169037
181.685333,145.317978,73.906395,61.491428
181.730392,145.322433,73.963455,61.473503
181.746948,145.335861,73.963455,61.473503
181.763489,145.349274,73.963455,61.473503
181.741974,145.384659,73.576523,61.448345
181.107544,145.022476,73.619049,61.529285
178.543274,143.639175,72.615509,61.009491
178.549911,143.757431,72.951881,61.478931
179.387650,142.810654,72.393547,60.536652
174.709152,140.904800,72.398689,60.520359
174.773087,141.092010,72.379990,61.003864
175.250748,140.528671,71.914673,61.402126
171.715164,139.678772,71.914040,60.816936
171.165039,138.339645,70.200668,60.488586
170.692642,138.282654,70.075981,59.302303
167.924271,137.585800,69.968605,59.151760
166.621201,136.884964,64.569870,59.393913
164.514450,136.927689,64.545853,59.149357
161.262726,137.317688,64.967735,58.506878
159.218948,137.265167,64.579712,58.630054
157.077896,137.662888,65.149078,57.885002
154.835968,137.599380,65.341095,55.936626
152.838547,137.459946,65.123413,55.873257
152.536942,137.994843,65.545662,54.248642
154.141937,137.535156,65.334778,53.775688
154.291229,137.428864,64.887146,54.068150
155.461365,137.389084,65.097778,51.256729
156.241455,136.780960,64.932816,51.709099
161.075531,135.231079,60.364635,51.453972
161.377975,134.274231,59.613476,51.624599
161.775162,134.098038,59.799644,51.958729
162.583664,133.404953,59.371964,51.596386
164.370163,132.716644,56.879368,51.364777
164.594940,132.676987,56.827530,51.126335
165.513153,131.064392,55.834114,51.446953
166.326721,130.746643,55.899017,50.221920
167.201981,131.308563,56.286179,49.618729
168.239609,131.375351,56.067142,49.724720
168.683090,131.496170,56.422993,49.858574
169.442230,132.514877,56.817650,47.181248
169.531540,132.634949,56.968296,47.486313
172.801971,131.943649,53.424496,46.818806
173.125092,131.847885,53.548840,46.928158
174.300034,131.570312,53.895466,46.522659
174.438461,132.046677,53.879951,46.583065
174.505493,132.247681,53.944363,46.978825
174.685959,131.804520,53.730625,47.179756
173.934433,133.105057,54.215122,46.184368
171.824554,136.348999,54.036621,44.821690
169.775116,137.822845,53.897152,44.232384
167.494736,138.896774,52.911633,44.239620
164.671738,142.005936,54.568626,42.489555
161.811111,142.482483,54.392845,42.013943
158.857910,143.371460,53.224842,41.752518
157.188995,144.046402,53.152355,41.799408
154.218872,145.689011,53.350739,41.887989
151.753387,147.374741,53.874027,40.819832
149.841904,149.157394,53.973583,40.052032
147.684875,151.896957,51.441059,39.578598
146.313065,152.560974,49.541321,39.750206
145.050797,152.740372,49.265957,39.896278
143.089355,153.606155,46.900551,40.746727
142.327271,154.012344,46.136131,41.331001
139.825760,154.448349,45.617935,41.344273
139.439285,154.739059,45.540569,41.515900
139.578018,155.078262,45.748283,41.974861
137.966782,155.595795,45.639076,41.993805
137.326843,155.793518,45.452110,41.901478
136.894913,156.290329,44.978733,41.988869
136.708130,156.411057,44.972424,41.923923
136.366882,156.680679,44.400295,41.929714
135.297287,157.201843,43.859829,41.821220
135.001816,157.446014,44.002060,41.907509
134.961716,157.540833,43.986065,42.021545
132.633606,158.194992,43.700386,42.112473
131.364456,158.598846,44.059799,42.307796
