1
197.500580,114.054443,53.955982,49.980957
197.342178,113.917053,53.747444,49.962456
197.462524,113.936058,53.969200,49.977432
197.329880,113.792061,53.790375,49.861008
197.389740,113.856651,53.905540,49.963093
197.333344,113.860863,53.893482,49.946571
197.010620,113.826248,53.678059,49.908539
197.138596,113.840378,53.941841,49.995148
196.539032,113.882446,53.549538,49.878651
196.642334,113.924858,53.833744,49.990326
196.198639,113.989311,53.583778,49.916939
196.154312,114.040802,53.762463,49.959454
195.638992,114.102257,53.835526,49.896702
195.475449,114.202766,53.965839,49.936153
195.405380,114.414871,52.835190,49.849110
195.280777,114.513901,52.924103,49.968517
195.081879,114.655914,52.691231,49.931648
194.640274,114.845901,52.871353,50.053188
193.573746,115.700081,52.150486,50.632076
193.734009,115.886414,52.452728,50.964481
193.606506,115.907501,52.486061,50.975544
193.320053,116.040077,52.240578,50.968700
193.156616,116.059143,52.316231,50.981773
192.718353,116.269737,52.420887,50.872089
192.319336,116.550323,52.309933,50.833271
191.749451,116.700989,52.147194,50.923840
191.723755,116.805618,52.314163,50.889091
191.265289,116.947533,52.414528,50.932991
190.656998,116.605774,52.435589,51.191837
190.425934,116.657570,52.395897,51.533115
189.606339,116.802536,52.403423,51.772747
189.435745,116.854851,52.453949,51.924530
189.005585,116.744926,52.086540,51.943192
189.021301,116.632858,52.231625,51.964172
189.086319,116.598717,52.369984,51.976124
188.824860,116.564957,52.501442,51.859016
188.192078,116.458954,52.546764,52.088402
188.165802,116.699135,52.895443,52.228939
188.028992,116.831314,52.987537,52.438213
187.994217,116.851158,52.927338,52.453613
188.000549,116.860344,52.970879,52.471279
187.990097,116.874001,52.981911,52.463371
187.836823,116.934898,53.167011,52.313854
187.992752,117.026398,53.460785,52.473831
187.810287,117.009880,53.431271,52.463348
187.062363,118.062180,52.965874,51.200443
186.894379,118.228333,52.396149,51.461288
186.946884,118.195183,52.012257,51.439724
186.940430,118.218185,52.241909,51.413692
186.965027,118.189041,52.246395,51.458641
186.852661,118.187683,52.168732,51.431683
186.877563,118.160248,52.244232,51.464062
185.874985,119.282455,51.705956,50.877522
185.654999,119.496559,51.232029,50.887722
185.105209,119.601738,51.202435,50.865002
184.965973,119.623322,51.288864,51.039337
184.955658,119.787460,51.332703,51.460526
184.877869,119.675453,51.653122,51.532047
184.490219,119.923538,52.107166,51.966812
182.133469,120.154541,52.521721,51.727818
179.625916,117.954315,52.857311,53.580009
177.081512,117.993462,52.813099,54.415462
173.008621,117.653458,52.462273,54.129250
167.869080,119.384987,53.409763,54.438221
161.811691,120.492142,53.944141,54.216999
159.017807,124.155128,50.304695,54.232994
155.771484,124.604660,50.664757,54.203438
151.532730,128.799835,50.050674,51.208958
147.710388,133.392502,50.252914,49.856831
144.559692,135.227310,49.992550,49.419243
141.403534,135.967285,49.887318,49.719864
137.028564,138.200485,49.639668,49.432713
133.706940,140.676605,49.527988,49.056847
128.554535,139.947647,50.183186,50.357964
124.174904,141.579865,53.156010,50.237465
122.292473,141.958923,53.108753,50.014000
121.451378,141.114197,53.109035,50.324139
122.547745,139.624420,52.603443,50.597477
122.260269,136.549850,51.891232,52.014668
122.486404,131.381607,51.609848,53.516445
123.846687,126.621094,52.384590,54.321266
126.888496,121.679832,52.532288,55.169857
128.829361,119.041870,52.495377,54.410427
131.845383,116.307487,52.634796,53.675346
132.853363,113.613098,55.456528,55.338333
133.012970,113.419983,55.424419,55.689079
134.086319,111.986877,56.863392,55.849247
134.787613,111.649109,57.262264,56.313297
135.849060,109.976112,57.732697,55.864548
138.232544,108.987953,57.460209,56.193512
138.329330,108.950775,57.442730,56.350445
138.403946,108.853256,57.500130,56.646694
138.640915,108.827797,58.008850,56.886837
139.778137,107.783722,58.419449,57.931385
139.817047,107.818192,58.471111,57.975010
139.830124,107.830849,58.471111,57.975010
139.843796,107.911926,58.468899,57.957767
139.028183,107.903023,59.827789,59.107655
138.968826,108.202049,59.860535,59.978657
138.510117,108.385605,60.171860,60.299049
136.859039,108.610596,62.320625,60.402554
133.205551,108.869743,66.591110,62.578758
132.627747,109.092018,67.426216,63.120949
132.663071,109.281723,67.466667,63.472641
132.626953,109.267021,67.422714,63.514511
132.284134,109.518661,67.375893,64.014709
132.157150,109.700775,67.335884,64.502602
130.965042,108.645523,66.891769,65.567650
130.786896,108.584732,66.777382,66.079224
130.511993,105.624557,67.572739,67.349152
128.260956,105.274330,70.298653,67.064011
128.079987,105.291473,71.064247,67.338829
129.881668,104.507301,70.978165,67.448792
130.613022,103.340736,70.896179,68.077469
132.123291,101.880524,71.279907,69.758133
133.004089,101.152527,71.374588,70.395706
135.041931,100.422501,71.098625,71.077080
137.874771,98.956696,72.132088,71.970474
139.173630,98.299126,73.696716,72.416328
139.354004,98.152527,74.192177,72.350235
140.230911,97.319237,74.724625,72.489273
140.994522,97.081802,74.759163,72.274559
141.141159,97.170326,74.942612,72.486069
141.179520,97.193939,74.961983,72.473969
140.967850,97.616417,74.794777,72.534653
141.016037,97.989120,74.848457,72.901840
141.061768,98.336990,74.969276,72.890053
140.267700,98.966408,76.511063,73.366913
140.518173,99.069008,76.915390,73.454124
140.127914,99.172302,76.939178,73.298172
138.259430,99.172409,79.620590,74.055450
138.139969,99.421852,80.010262,74.508919
137.046295,100.201462,80.329979,74.490372
136.555847,100.200066,80.501640,74.544067
133.835312,100.438683,81.524384,75.508606
133.404846,100.915108,81.539879,75.892731
133.046066,100.922623,82.118912,76.069000
131.182755,100.922638,82.438843,76.235832
131.211411,101.054932,82.459259,76.467041
130.924988,100.456856,82.341072,76.366150
129.047531,97.539719,81.233131,74.340553
124.129898,89.648277,80.112045,73.624168
119.293289,83.932800,81.328148,73.039749
116.352356,80.074234,80.777313,73.085678
112.948570,75.690094,79.369453,73.933670
108.913101,71.564835,76.826981,71.216774
104.425415,69.933128,74.491501,70.428429
100.951096,67.577370,75.335999,70.187912
98.512833,65.601913,75.873840,67.768387
95.141914,64.750748,76.693710,66.449921
91.167244,63.562965,75.586395,66.738472
90.675781,64.944801,74.457573,66.893600
90.844994,65.420303,73.161339,66.474426
89.433189,65.151527,73.450699,66.393806
88.603508,65.263596,73.196098,66.337257
87.485046,65.882774,72.468163,66.990738
87.649216,67.075661,69.718414,66.946068
85.873016,69.024399,69.241043,65.443153
84.139488,69.323830,70.761269,65.438423
83.979706,70.578842,70.818871,65.939377
82.970764,73.218918,71.322227,66.015114
82.866539,74.332222,71.423195,65.258987
82.918114,75.169563,71.198883,65.063461
82.908394,75.548714,71.387589,65.431145
83.124268,76.797050,70.257111,64.485527
82.920547,81.326859,70.060806,61.802719
82.582100,81.775543,69.031418,61.373276
82.861664,82.205009,69.185402,61.025707
82.618790,82.724243,69.136856,61.315163
83.107292,84.323952,68.066422,60.083523
82.178795,85.373291,67.689812,58.961613
81.875229,85.428772,67.702469,58.952194
80.924004,85.982765,67.855217,58.455116
80.453232,86.733627,68.061142,57.688133
76.611504,87.970192,68.431305,57.724468
73.541794,89.846672,68.436775,54.595245
69.334297,89.001770,67.438866,54.468357
66.488403,88.752769,64.281166,54.382282
64.588692,88.284569,62.880749,54.617783
62.271873,88.026146,62.280083,54.698650
65.889023,88.950752,63.899609,53.387878
73.807159,91.064621,64.374962,52.427452
87.549408,92.373466,64.435257,52.932549
101.236687,98.396049,69.790970,52.208416
120.252945,104.951920,69.492607,51.400272
135.512909,106.085945,66.076874,51.780880
165.360992,123.779976,65.676819,52.417423
166.439758,124.109451,65.425896,52.473801
167.943634,124.451859,64.377556,53.155163
167.697403,124.612679,64.211617,53.544441
167.916702,124.958450,64.380348,53.839020
169.218582,125.097244,63.788185,53.984474
169.554672,122.961357,63.999523,58.696033
169.569168,123.249001,63.961296,58.884823
172.248245,123.731483,64.569420,58.686165
172.851669,124.036163,64.707451,58.949188
173.947800,124.858635,65.143333,58.366020
176.951019,125.647720,65.053986,58.157509
179.293259,126.574829,64.212761,57.983383
180.637360,127.834145,63.806850,56.758030
181.211838,128.136307,63.758598,56.847458
181.490356,128.139572,63.914295,57.030056
183.111465,128.508118,63.800285,56.255787
183.534973,128.356186,63.779751,56.597954
184.039474,128.288269,63.641975,56.275860
183.988159,127.792068,64.460342,56.920620
184.027710,127.817635,64.460213,56.946510
184.285797,127.679420,64.271004,57.010292
185.959503,127.125298,63.786396,57.132656
186.652100,126.720329,63.773159,57.363377
187.525009,127.089752,63.662399,55.452217
189.865295,124.689415,63.771328,55.964111
193.797806,122.471581,60.686111,54.330345
194.592682,121.066315,60.830379,54.855194
197.194977,119.419884,59.628967,55.944954
196.776123,119.357109,59.890152,56.194073
191.739868,117.717171,58.211040,56.860832
184.737152,116.688339,60.885666,57.946056
179.741379,115.534103,58.646637,57.829842
174.950333,115.151634,57.508080,58.059280
171.908585,113.649895,53.595562,59.377747
168.562943,112.356636,51.578079,60.279465
165.486984,112.194527,52.080845,60.833168
162.928406,112.932457,51.575722,59.717407
161.499817,112.133156,51.354881,60.444702
160.818604,112.043739,51.351425,60.403881
159.954025,112.029198,51.267509,60.429016
159.857590,112.023102,51.360001,60.407051
159.689331,111.669167,51.726967,60.791218
159.279266,111.967522,51.920303,60.767651
159.160980,111.983940,52.017822,61.003651
159.186920,112.411057,52.731899,60.822266
159.310516,112.749275,52.941143,60.718204
159.036926,113.840569,53.035435,59.728161
159.216583,115.285423,53.116329,58.233311
159.197998,115.781868,53.769459,57.888641
159.316650,116.021339,53.969311,57.745968
159.314484,116.149696,53.956764,57.961273
159.326706,116.253616,53.952572,57.916992
159.433624,116.900055,53.805077,57.229561
157.657913,118.006393,54.485291,56.309444
154.101059,117.949905,55.068729,55.965488
151.758240,118.896484,54.906467,54.956593
146.131882,119.847900,54.721264,54.621014
141.392059,118.662590,55.832409,55.216011
136.511475,121.746361,54.321815,55.286160
133.471603,123.168472,52.012600,55.830566
130.758743,129.929047,50.557682,51.612019
128.288010,132.792892,49.734974,51.002655
123.601585,134.537170,51.806358,52.604088
119.884445,138.343094,51.517910,49.933525
116.249695,140.333847,53.111366,49.808090
116.006531,140.473648,53.514828,50.232128
116.026970,141.071686,53.494324,50.722424
115.963348,141.257660,53.553493,51.013256
116.161407,141.616425,53.695835,51.361561
117.996758,141.385834,53.966370,51.599487
121.750832,139.209549,52.679546,52.748947
125.292458,137.492645,54.017471,52.982533
131.564011,133.583130,55.397343,53.774837
131.962433,132.473892,55.746540,53.938168
133.919220,131.394867,55.610275,53.902569
140.028473,130.070633,54.953110,53.591137
142.217056,127.988235,55.005230,54.556442
145.313110,125.832039,55.225834,55.114746
149.396378,122.497131,56.732979,57.270828
148.904922,120.603317,58.310589,58.077728
148.970398,117.598656,59.373047,58.312218
148.803497,112.979340,59.481049,59.364357
148.681259,110.270111,59.009560,59.650505
147.187805,108.999901,59.077999,60.190460
146.402969,108.682632,59.548775,60.083538
142.224731,104.449112,62.718128,61.563400
141.298569,103.571777,62.371723,61.885231
137.728043,100.652328,62.214310,62.912724
135.982727,100.137268,61.660107,62.606506
132.006577,98.630295,62.097176,63.721588
129.734360,98.324768,61.716434,63.342300
129.346817,98.182579,62.195988,63.630085
126.372025,97.002617,62.168468,63.920532
124.354340,96.424728,62.303452,64.085526
122.466400,96.053879,62.391071,64.584511
121.431427,95.906700,62.541733,64.675453
121.199127,95.700447,62.980526,64.913925
121.234283,95.034836,62.925602,65.376167
121.251099,94.976471,62.892780,65.504387
121.558952,94.016380,62.706879,65.876152
121.703880,92.026741,62.807732,65.474213
121.490479,91.243324,63.265907,65.358574
121.642227,91.101074,63.484901,65.599075
122.061607,89.829254,63.616451,65.438950
124.843697,87.322433,64.606308,65.660683
126.090691,86.998528,64.895653,66.054291
127.393860,86.014999,64.590271,66.446289
129.716400,84.714020,64.867416,66.054298
130.433456,84.700790,64.925919,66.359848
130.464447,84.588402,64.975433,66.532150
130.566345,82.378273,64.690063,68.099266
130.792831,82.426285,65.121597,68.521835
130.652573,80.970238,66.262062,69.543213
129.777542,80.305130,67.861755,70.288071
129.278000,80.138611,67.921494,70.446053
125.602959,79.755638,67.291176,69.987762
123.521057,79.966797,68.049019,69.438385
123.650063,79.996666,68.492409,69.458176
121.244743,79.914627,68.125153,69.519493
117.426567,80.292953,69.420929,70.568954
115.163864,80.318604,69.294846,71.121933
114.602791,80.464363,69.570633,71.549782
113.771774,80.497566,70.417542,71.921860
113.465660,80.493645,70.489487,71.994225
113.306122,80.487495,70.504913,71.964951
113.551682,80.505150,70.964821,71.968979
113.562759,80.518517,70.960709,71.969833
113.057686,80.492203,71.036888,72.025955
113.287567,80.729431,71.464691,72.468765
112.697166,80.993156,72.015297,72.652557
112.193207,81.287407,72.912895,73.052826
110.199341,81.130585,73.476875,73.652885
110.082077,81.284897,73.476906,73.983963
109.635529,81.378716,73.650085,73.853729
109.669670,81.457794,73.945908,73.924301
109.225845,81.455048,74.026855,73.919838
108.371124,80.960754,74.144127,73.950020
107.844345,81.383362,73.891075,72.157555
107.720467,81.386101,73.913475,72.443588
105.631355,81.044731,73.496681,72.130783
102.003586,80.387665,73.915977,71.812149
98.585526,79.818390,73.894295,71.915092
94.393730,79.448456,73.988579,71.810524
89.914467,78.750740,73.018997,72.043594
85.994583,78.120972,72.571831,71.856064
92.437309,75.845993,73.637459,72.914398
105.093819,75.966827,74.607506,74.134956
114.230858,76.213890,76.159218,74.846237
122.296623,76.499886,75.142769,73.543083
122.345200,78.102364,76.497276,72.771339
122.891212,78.652092,76.695206,72.491905
118.237389,77.792061,74.961113,71.602180
111.624657,78.807114,73.306351,71.317833
102.708183,79.901634,73.369652,72.013412
93.459587,82.961311,71.744881,68.938408
82.648682,85.448700,74.020897,69.314407
72.988632,86.179230,74.318230,69.643822
68.525185,89.113068,72.614395,68.430954
64.213318,91.384186,72.891678,68.455994
62.408810,92.356827,71.718628,67.956253
62.513977,94.574524,71.395782,68.196884
62.723190,98.085960,71.860268,67.750984
64.183334,100.350685,70.653076,67.473648
67.958847,103.038040,70.318275,66.129578
70.591293,105.819656,69.482201,64.238297
75.914833,107.783310,67.990303,62.218525
81.101540,108.805824,64.641739,60.751324
85.345535,108.039963,63.943726,61.249634
87.696411,108.472374,64.506546,60.708050
91.250107,109.236450,63.182789,60.484592
94.392311,109.861801,62.396069,60.510136
98.187897,109.737251,62.257690,60.565491
101.913185,110.678276,61.842216,59.703079
104.267754,110.982758,60.724174,60.171013
105.768379,111.320969,60.901722,59.846828
106.803391,111.189049,61.058083,60.405281
109.645477,111.550659,60.722099,59.700222
112.031097,111.461479,60.055389,59.744606
114.570122,111.712311,59.985714,59.544205
114.778778,111.999138,59.981209,59.946095
119.344284,112.467300,58.163506,60.013985
122.913559,114.277397,57.034065,58.149525
123.244987,114.618874,58.008568,58.544712
125.128632,114.662903,57.807755,58.266884
125.248970,114.785988,58.011238,58.500874
125.862770,115.921692,57.945850,56.230690
126.561241,116.534943,57.709579,55.673595
127.203148,116.502190,57.723759,56.024578
127.651268,116.494781,57.940704,56.146233
130.329926,115.723259,57.308743,55.416389
132.363907,115.290283,57.523323,55.483879
133.951141,115.625053,57.730114,54.444542
136.420441,115.502647,56.394699,54.231918
139.310532,114.572151,56.494114,52.638454
144.012756,112.269257,55.899799,52.492378
148.360199,112.047386,55.719864,51.782288
151.457230,111.667145,54.531933,51.718517
154.789459,110.542175,54.484890,51.793827
158.713547,109.781837,54.081039,50.867706
163.779877,108.062431,52.811497,50.486485
168.957596,106.733101,52.353100,49.707497
173.950409,106.004364,51.649124,48.926193
176.059280,105.394096,51.581722,48.254433
181.185150,104.357742,51.766685,47.950527
186.642578,102.539444,50.274979,47.153862
188.647827,103.229858,50.003456,45.689545
192.354111,102.826004,49.766136,44.730228
196.672058,100.723320,49.606804,44.487602
199.642273,99.012428,48.864349,43.155952
201.383636,98.199135,47.711395,42.950272
204.917801,97.867645,48.130459,42.786465
206.768311,97.286987,48.612366,42.793972
211.106903,95.093636,46.190002,42.425743
212.120361,94.529594,46.031063,42.715538
213.632782,92.398071,46.412170,43.358471
209.950729,91.640816,46.483425,43.382145
204.186264,93.341652,46.660774,43.226322
199.958817,94.529449,47.980099,43.198940
195.473297,94.680809,46.159229,43.496258
190.887512,95.119850,47.049171,43.782444
186.005066,96.271111,48.046780,43.248894
182.137085,98.590515,48.794991,43.620277
179.259659,102.227165,48.938568,42.311672
176.051590,102.452896,48.318588,42.824383
170.794586,104.196167,49.375427,42.650024
167.254486,108.782738,49.459808,41.801788
166.546600,110.378578,47.222847,42.022484
166.842789,110.881866,47.417507,42.325459
166.718109,112.056915,46.465683,43.980198
164.075821,113.038788,46.920593,44.673046
160.881699,115.364082,46.729336,44.686077
158.095200,117.089226,46.906078,44.549400
154.583099,118.427612,48.013359,45.170441
153.143188,121.435699,46.998909,45.633766
150.903625,123.351471,48.228462,45.916885
149.171890,124.774406,47.838490,45.384083
148.063614,125.141312,47.696198,45.973827
145.915512,124.718437,47.948360,47.283115
140.186493,126.185028,50.495262,46.549107
138.091248,127.777534,50.704502,48.600647
137.666428,127.989120,50.690567,49.504169
137.166367,128.220428,51.038166,49.938736
134.846207,127.662567,51.496544,50.307945
135.142273,128.030807,51.426434,50.861553
134.043762,128.062027,51.909275,50.900127
134.078934,128.084183,51.962044,50.993515
131.093628,125.998604,55.714684,54.256817
130.128418,126.486160,55.636936,54.279621
125.070290,126.799110,56.476974,54.610764
119.172485,127.975281,60.390293,54.794231
115.724014,128.382004,60.178055,54.669083
112.129318,128.761932,60.833321,55.010948
108.804474,128.371002,59.873108,56.184319
104.756889,130.077713,58.259521,55.508591
101.287239,130.825302,58.896088,55.411346
101.337822,130.869781,58.970863,55.476086
101.609375,130.821823,58.942890,55.454536
102.774521,129.077148,58.774891,55.273167
110.217789,125.563210,57.269924,56.193935
113.098289,122.059319,57.402245,56.180130
113.812271,120.488831,58.211220,55.820320
118.964302,115.653877,58.555565,56.904503
119.275406,115.635117,58.911873,56.920006
118.899841,114.585129,59.046478,57.151752
118.785065,114.729950,59.885536,57.420105
117.792786,114.568436,59.609863,57.527798
116.793556,113.652718,58.970818,57.479458
116.736885,113.638306,58.965336,57.497398
116.187645,113.575020,59.087711,57.480896
115.707809,113.446083,59.432301,57.399887
116.095749,113.427177,59.334858,57.557854
115.283195,113.641144,59.631882,58.035725
115.505898,113.887383,59.989689,58.487335
119.988037,113.294037,59.405960,58.625061
122.408188,113.600212,59.085030,58.587341
125.231712,113.881607,59.584003,58.004501
126.806610,113.976715,59.826233,58.443356
127.275139,114.116272,60.088825,58.412567
133.483505,114.222488,58.381824,58.770531
138.116562,113.932587,58.632908,59.358959
138.372665,114.020432,59.033981,59.432285
138.572708,114.364296,59.545551,59.421917
138.798538,114.403503,59.970371,59.474361
138.380630,114.379486,60.061462,59.498737
138.343567,114.426384,60.687393,59.094147
138.034515,114.393860,61.189579,59.195839
137.950302,114.550621,61.438068,59.408726
136.787109,114.317352,60.775730,59.213387
135.006821,114.086098,60.172550,58.912922
134.609650,114.128433,60.709846,58.853870
132.458435,114.192017,61.291775,58.390705
128.764908,114.812164,61.421509,57.836460
124.450958,115.089149,62.437542,57.260941
118.895203,113.814003,63.805561,57.432728
117.256241,113.829987,63.745502,57.073128
114.963402,113.921158,63.453869,57.509853
113.035118,111.965492,62.639523,57.926739
110.687218,109.240318,62.153214,57.985859
110.854889,109.246857,62.466595,57.974724
109.896606,109.518013,62.817181,57.952400
107.669701,109.590027,62.234978,57.696980
106.799690,109.598648,62.310112,57.911102
106.383255,109.663940,62.435104,57.802032
106.018471,109.778236,62.548248,57.922707
105.123032,109.636902,63.084843,57.748741
104.091904,109.601341,63.678177,57.839256
102.748383,109.417419,63.679600,57.546497
101.457321,108.884270,63.542332,57.657658
101.204964,108.314644,63.854816,57.624023
101.131912,108.434990,63.800705,57.996635
101.186432,108.078659,63.887344,57.935360
100.896103,107.972931,63.022793,58.111153
99.913071,108.074944,63.110641,58.270016
99.911697,108.187233,63.503258,58.486626
98.862328,107.880119,62.781792,58.678913
98.426773,108.042679,63.107803,59.181606
98.494301,108.264389,63.212013,59.507145
96.737350,109.499634,64.368790,59.184753
96.801537,109.658035,64.466537,59.475052
95.517563,110.196083,65.111977,59.193176
95.893082,110.935524,65.337364,59.327339
95.976402,111.024895,65.465073,59.477486
96.225510,111.629944,65.122993,59.098988
101.726257,112.951118,64.349556,58.730583
113.287773,112.642365,73.682755,58.855053
128.225586,113.753830,76.885483,58.640949
147.474121,118.329384,75.745300,58.961903
169.199921,126.943245,73.636566,59.504337
181.022934,130.357849,71.230530,59.829285
186.448242,130.319595,69.967270,60.146313
188.947601,131.630676,68.595512,62.349937
191.079895,138.839905,70.882965,61.855598
192.042191,138.873367,71.226433,62.032265
192.115402,139.112442,71.475052,62.506973
187.680099,144.822128,71.032822,60.806000
188.222397,144.600479,71.231834,61.634007
181.795212,145.255493,73.049095,60.394970
182.156937,145.483322,73.311432,60.557217
182.433823,145.734634,73.254868,61.015732
182.556229,145.975220,73.462845,61.474617
182.573090,145.988083,73.463707,61.473503
182.589523,146.001511,73.463707,61.473503
182.729706,146.075638,71.509438,61.217377
182.191437,145.826599,72.111755,61.408157
179.200256,144.267563,71.499474,60.728180
178.912796,144.258942,71.314255,60.938118
179.662521,143.742538,71.043793,60.410603
175.299835,141.456863,71.164650,59.957466
175.484161,141.452011,71.443993,59.985527
175.723618,140.813492,71.199547,59.998951
171.964203,139.988785,71.979797,59.443642
171.171295,138.440765,69.779984,59.036812
170.119156,138.523895,69.070663,58.012981
167.692398,137.824219,68.657906,58.161316
165.757278,137.248413,64.575684,58.031239
164.177048,137.492111,64.030434,58.230347
161.013245,137.823669,64.435425,57.669910
158.733490,137.963669,64.185547,57.161633
157.270981,138.084763,64.158493,56.991512
155.297546,138.361710,64.232651,54.428413
153.113831,137.901764,63.837845,54.641533
152.754135,138.749939,63.779633,52.315933
154.650833,138.492645,63.009590,52.055786
155.373581,138.071777,61.544788,52.669724
156.186340,137.189987,61.972065,51.555016
156.728546,136.668655,61.636425,52.038475
162.114426,135.198776,57.321323,51.195934
162.251770,134.495270,57.047031,51.475548
162.668274,134.149673,57.277958,51.481670
163.488205,133.714645,56.974941,50.971035
164.857819,133.032806,54.562008,50.639950
165.102402,133.033340,54.957272,50.207561
166.201080,131.836884,53.599705,50.763012
167.420029,131.438492,53.915066,49.769226
168.541702,131.727982,54.192772,49.356907
169.206528,131.679993,54.258396,49.302681
169.983566,131.668747,54.402424,49.171902
170.631073,133.010727,55.037842,45.942184
170.840881,132.958511,55.424755,46.004890
173.289658,132.319504,53.018265,46.090515
173.677765,132.457214,53.480732,46.441135
174.545349,131.441925,53.353317,46.292400
174.804504,131.823730,53.167858,45.959824
175.393097,131.803543,52.506409,45.959820
176.189621,131.722275,51.961609,45.909599
175.481018,132.231384,52.236942,45.648380
174.253036,133.946198,52.277031,44.787556
172.620193,134.866959,51.228008,44.367645
169.559097,135.432404,50.028255,44.743038
166.971817,138.141830,51.328209,45.129288
164.404770,138.628418,50.769966,45.177860
161.350143,139.306122,50.226421,45.076248
159.530594,140.576859,49.887650,44.977993
157.075211,141.736176,49.410980,44.689926
153.689728,144.280975,50.262005,43.062214
151.202286,147.414062,50.700947,40.904270
149.369171,149.257721,47.242352,40.353928
147.138580,150.179016,47.337505,39.881615
145.897400,150.568146,46.511925,39.845787
143.651474,151.717209,45.097153,40.216503
142.949600,152.625565,44.024235,40.265022
141.379379,153.172119,43.742340,40.510307
140.983322,153.824585,43.964024,41.056000
140.360779,154.272400,43.671814,41.541840
138.866455,155.343613,43.915253,42.293995
138.158905,155.504868,43.580860,42.445881
137.740051,155.978195,43.716038,42.376583
137.439667,156.327042,43.732422,42.376579
137.406525,156.521103,43.770020,42.416790
136.157181,157.015106,43.416996,42.348896
135.996323,157.173538,43.466476,42.454071
135.704529,157.273636,43.208736,42.441032
132.430481,158.226776,43.074574,42.062996
131.978851,158.499527,43.380295,42.437714
