1
196.593109,110.434128,50.468334,44.988178
196.565781,110.450203,50.381218,45.057545
196.638748,110.711807,50.437126,45.475422
196.665222,110.724998,50.468918,45.476665
196.682678,110.767982,50.464642,45.467846
196.699173,110.784180,50.475063,45.480396
196.732132,111.125381,50.089241,45.379280
196.936157,111.186722,50.474968,45.480839
196.841339,111.298920,50.451157,45.502243
196.746262,111.785439,50.342579,46.150761
196.578751,112.303406,50.367294,46.479038
196.447372,112.404884,50.351753,46.540428
196.151703,112.806549,50.466347,46.898708
195.971649,112.977287,50.539421,47.067047
196.061600,113.469604,50.799023,47.412460
195.592468,114.083427,50.464802,47.574978
195.410522,114.374710,50.299084,47.986900
194.807556,114.871216,50.428535,48.016163
194.281845,115.749763,50.285706,48.229958
194.369766,115.924683,50.431042,48.437939
193.763123,116.125954,50.529305,48.568916
193.404144,116.648254,50.850552,48.790886
193.417892,116.758278,50.951580,48.972382
193.307983,116.795464,50.891277,48.935822
192.855331,116.905968,50.854897,48.939995
191.909149,117.068306,51.029755,49.085972
191.931946,117.304977,51.389820,49.415646
191.338440,117.468948,51.552902,49.566044
191.184372,117.564552,51.936420,49.973675
190.740067,117.497292,51.965866,49.937588
189.976471,117.410957,52.020981,49.760559
189.869431,117.450508,52.452080,49.965561
189.249191,117.081940,52.094612,50.175156
188.632568,116.770752,52.243938,50.656075
188.673065,116.882744,52.363644,50.978519
188.405457,116.853745,52.533588,50.903904
187.938858,116.681290,52.534332,51.134960
188.058701,116.854408,52.811092,51.418915
187.977783,116.892113,52.997906,51.436504
187.914017,116.888756,52.876141,51.454739
187.941467,116.893730,52.967976,51.470367
187.914948,116.909592,52.990936,51.457561
187.835327,116.936729,53.066830,51.413116
188.032562,116.971436,53.435371,51.476063
187.839218,116.988914,53.475250,51.429497
187.076126,117.781418,53.109455,50.633476
186.913376,118.068611,53.017082,50.884926
187.093307,118.110809,52.898888,50.925987
186.727325,118.317299,52.556641,50.807785
186.814804,118.376251,52.800636,50.952869
186.733337,118.382782,52.763069,50.981567
186.689926,118.371780,52.758282,50.903522
185.504578,119.268646,52.078568,50.939198
185.510757,119.244576,51.980679,51.013584
185.370331,119.509842,51.874168,51.404938
184.826950,119.498383,51.636486,51.611229
184.738403,119.587036,51.828865,51.957893
184.755142,119.557640,52.019100,51.969769
184.122559,119.751236,52.340195,51.854687
181.937866,120.221352,52.296276,51.694717
179.143494,118.843895,52.616135,53.114361
176.060684,118.645081,53.668274,54.092464
171.754166,117.950218,53.095020,54.411045
167.071991,119.648056,53.981937,54.371204
161.119675,120.436859,54.121742,54.322590
158.146011,124.298920,50.897514,54.074245
154.917953,125.136337,51.034103,54.109497
151.402267,130.278198,50.017918,50.452206
147.523254,134.594452,50.507103,48.654907
144.276093,136.877731,49.871857,49.073776
140.511871,137.474854,50.683189,49.365711
136.387436,139.283249,50.446842,49.056732
132.914764,140.788666,50.045654,49.802658
128.091522,140.451355,50.704468,50.425152
123.644722,141.643082,53.777637,50.331020
122.232018,141.901917,53.646511,50.012901
121.271416,140.716415,53.346233,50.077381
122.249184,139.350021,52.603443,50.597477
121.893013,135.839111,52.883041,53.360954
122.429085,130.791199,52.249638,54.289909
123.571747,125.334335,52.984238,55.471878
126.288322,121.503586,52.870537,55.502426
128.352859,118.454758,52.224190,55.009914
131.604645,116.092331,52.788948,54.390568
132.804886,113.803520,54.767323,55.492901
133.279694,112.485176,54.992867,56.484932
134.086975,111.187996,57.607536,56.353779
134.313904,111.243973,57.987350,56.486759
135.553970,109.837662,58.078754,56.101486
137.357742,109.140480,57.942398,56.532150
137.727219,109.017456,58.074669,56.794250
137.978210,108.770737,58.455559,57.247787
137.979752,108.700523,58.507591,57.437973
139.607452,106.987129,58.676178,58.843781
139.767990,107.065407,58.970863,58.974579
139.781174,107.078278,58.970863,58.974579
139.787216,107.117004,58.975487,58.956055
139.490051,107.361397,59.144646,59.988770
139.397537,107.674652,59.451427,60.476479
139.051880,107.824287,59.748756,60.876568
136.553955,108.144760,63.179829,60.571259
132.104019,108.742340,67.311958,62.695324
131.719055,108.884109,67.887985,63.090046
131.744904,109.086258,67.970505,63.476757
131.736679,109.079590,67.944649,63.495602
131.163788,109.173920,67.974640,63.410271
131.108902,109.166573,67.689034,63.521832
129.742004,107.761093,67.915474,64.988243
129.501999,107.456741,67.870781,65.046326
129.557892,106.989929,68.042000,65.640930
128.932602,106.493973,68.845070,66.325745
128.987167,106.446976,69.132286,66.325760
130.415054,105.521439,69.715530,66.781731
132.286194,101.930763,69.782455,69.005974
133.146927,101.278488,70.060265,70.192490
134.105072,100.751755,70.485909,70.765518
136.333237,100.188156,70.069771,71.263123
139.442505,98.682426,70.486641,71.740143
140.320419,98.264954,71.517349,72.156906
140.589645,98.195358,72.658356,72.268349
142.429291,96.155540,73.639069,72.146683
143.319336,95.960739,74.028488,72.293808
143.553360,96.064034,74.463211,72.468765
143.265182,96.540794,74.399368,72.833626
143.172012,97.083359,74.374359,72.736916
143.206680,97.333809,74.331184,72.897079
143.253677,97.543198,74.497292,72.927238
142.744934,98.404144,75.219643,73.269913
142.669678,98.768333,75.334442,73.382622
142.515976,98.794128,75.249039,73.445023
139.515839,98.824097,79.182365,73.500587
139.482025,99.205017,79.521690,73.955376
138.461685,100.167618,79.466179,73.141014
137.191757,100.585381,79.824432,73.761887
135.026764,100.693542,80.225449,74.586227
134.521027,100.961609,80.326920,75.097229
133.682770,101.060478,80.666435,75.572617
132.850067,100.998978,80.611565,76.000458
133.036133,101.246262,80.950050,76.466026
132.574585,100.676476,81.058197,76.404457
129.724838,97.093636,80.657539,74.657921
125.306808,89.797348,78.846878,73.396721
121.125481,83.693306,79.179214,72.971939
118.483070,80.459946,78.433754,72.612061
115.281372,75.411926,76.258224,73.994537
110.960327,71.082123,74.552368,71.082870
106.901276,69.642998,72.655029,69.585739
104.729950,68.269753,72.985344,69.616417
101.613327,65.244545,73.512711,67.613800
97.898277,64.107803,73.863655,66.659424
93.579422,63.527363,72.933128,66.974342
92.569229,65.397339,71.874146,66.615196
92.194572,65.964897,71.350433,66.410721
90.314590,65.807953,71.718704,66.198387
89.326385,65.935089,71.737114,66.258270
88.044243,66.323700,71.148674,66.882393
88.299973,67.624130,68.660606,66.921623
87.155327,68.517609,67.932953,66.651115
86.003448,68.873413,68.843170,66.764297
85.750587,69.700485,69.086853,66.880669
84.524773,73.115761,70.197456,66.704468
84.433540,74.841408,70.371925,64.796913
84.402611,75.488976,70.355896,64.722443
84.061684,75.921707,70.378601,64.864876
84.088646,76.318153,70.126373,64.776833
82.815277,81.998917,69.978470,60.315796
82.979675,82.847969,67.157852,59.789650
83.181763,83.304848,66.905800,59.492462
82.923691,83.360855,66.654938,59.583984
82.938934,86.251366,66.403923,57.248581
82.615578,87.361191,65.622612,56.337906
82.370918,87.439262,65.356529,56.507313
80.750938,88.920151,65.208717,54.920681
80.456047,89.372459,65.303421,54.515110
76.318840,90.394043,65.651375,54.793377
73.082726,91.782417,66.533646,53.318031
70.583694,91.386299,65.602707,52.281284
68.925850,91.040207,62.907333,52.617146
65.768921,90.438713,61.657459,53.164616
64.514664,90.025330,61.180950,53.064068
69.001549,90.701950,63.167095,52.512112
76.009781,92.273155,64.098595,52.945732
89.859703,93.607605,65.037735,52.575615
103.346237,99.834244,70.248764,51.437466
121.811966,105.878853,70.497299,50.283981
135.781021,107.062904,66.450638,50.448948
165.929810,125.027725,65.688171,50.834396
167.483032,125.465958,64.534294,51.404148
168.785812,125.327736,64.183815,52.617859
168.582428,125.500908,64.573990,53.013721
169.217651,125.835258,64.423233,53.320938
169.501740,125.882782,64.371658,53.500141
169.632080,124.140465,64.469666,57.535900
169.651001,124.376915,64.479614,57.973930
172.670227,124.642212,64.954376,57.910679
173.143280,124.965775,64.509422,57.935497
174.123825,125.441383,65.147415,57.622715
177.380035,126.542480,64.624580,57.296158
179.258682,127.408890,63.884201,57.040157
180.439728,128.441147,63.488026,56.563873
180.965256,128.738785,63.322350,56.828632
181.391266,128.677185,63.264023,57.086365
183.099991,129.102005,63.275169,55.924767
183.835663,128.659210,63.213158,56.117104
184.391907,129.184937,63.099621,54.296291
184.545105,128.504242,63.616264,54.987476
184.793991,128.364410,63.902466,54.979519
185.037308,128.280151,63.876503,54.991947
186.131485,127.849846,63.658691,54.938755
187.032196,127.188560,63.714386,55.090481
188.383133,127.313057,63.133972,54.033081
190.518326,124.738693,63.140781,55.298973
194.067261,122.942986,60.487255,53.472805
195.055573,121.589592,60.173401,53.842213
198.829086,119.112068,58.933918,55.736095
197.412567,118.679230,58.404884,57.154629
192.512192,116.553185,56.375149,58.553806
185.522247,115.636665,58.758247,59.903080
181.244492,114.712074,56.442020,60.030853
175.713913,114.861160,55.751450,59.507359
172.346588,113.540199,53.115292,60.546871
169.226044,112.283867,51.156853,61.316963
166.486526,111.763390,51.247459,62.165436
164.257462,111.795265,50.664471,61.965519
162.787857,109.955101,50.470722,63.373795
161.775940,109.181854,50.375481,63.547016
160.823837,109.246780,50.069862,64.071899
160.950150,109.173538,50.309536,64.543907
160.730576,108.822525,50.454952,65.340897
159.722580,109.043938,50.689438,65.089180
159.436371,109.292839,50.823750,65.446136
159.148529,109.810036,51.418797,64.370178
159.138779,110.403603,51.360950,63.903542
158.502884,113.663918,51.736111,59.850525
158.655853,114.774162,51.799229,58.710606
158.876236,115.397636,51.897018,58.511745
159.073364,116.341492,51.879787,58.272598
159.117294,116.493721,51.967979,58.423489
159.227066,117.136261,51.909824,57.732544
159.401382,117.808128,51.866459,57.372704
158.714294,118.184326,52.014038,57.069427
155.123306,119.080544,52.911415,55.279617
152.150986,119.665939,52.612827,54.972755
146.827972,121.365715,53.404316,54.246162
141.392197,121.245384,53.906128,54.786411
136.993195,124.226326,52.347622,54.378475
132.797684,126.131622,51.644211,53.457367
130.721466,131.530670,49.334988,50.221889
128.418930,134.084900,48.281990,49.866596
123.791656,134.823929,50.660301,51.503731
119.638832,138.924423,51.098377,48.301876
116.000748,140.366608,52.298859,48.570427
115.749207,140.713440,52.392616,49.280113
115.597450,141.338425,52.059818,49.916019
115.831009,141.427917,52.530926,50.016171
116.226112,141.962082,52.445526,49.814793
118.674835,141.422546,52.211845,50.549015
122.981163,139.270782,51.383041,51.354328
126.345520,137.483444,52.642784,51.283344
131.715866,134.379730,54.033310,51.450771
132.348495,133.390167,54.647606,51.561195
134.515686,131.947540,54.200256,51.918705
140.855484,130.264526,54.186180,51.936436
142.575439,129.127182,54.323002,52.126049
146.175613,125.579788,53.888676,53.758423
149.430130,122.357910,55.658150,55.934086
149.031097,121.028076,57.512894,56.174755
149.532318,117.501511,58.236988,56.908779
149.748901,113.191643,58.241314,57.557278
149.689178,111.350037,58.157784,58.032043
148.083145,109.857803,58.207886,59.050980
146.777939,108.559784,59.183205,59.596260
142.898407,104.308655,61.618919,61.121746
141.404144,103.603180,61.529560,60.900852
138.572479,100.799225,61.718735,62.475269
136.799973,100.410576,60.501297,61.869347
132.911514,98.511185,60.936234,62.655697
130.057724,98.072891,60.261337,62.487679
129.085388,97.592155,60.585785,62.783394
126.485580,96.341377,61.934875,63.749485
125.099113,96.168945,61.955456,63.915874
123.164001,95.469887,61.774139,64.182289
121.300728,94.783432,62.609486,64.318527
121.452957,94.703827,62.867023,64.483116
121.403893,94.590881,63.074894,64.499130
121.595222,94.438416,63.317116,64.531418
121.746178,93.146568,63.317142,64.799751
121.741508,91.905983,63.081779,64.828499
121.492416,90.787163,63.918549,65.048889
121.544449,90.961220,63.988174,65.500221
121.952194,89.737839,64.057892,65.532219
124.827591,88.017708,64.519028,65.995003
127.213425,86.411568,65.055725,66.313179
129.306534,85.088699,64.713371,66.678551
131.438248,83.720955,64.489258,66.765411
131.581924,83.801956,64.484955,66.925568
131.607254,83.571930,64.457466,67.148308
131.810059,83.151672,64.301193,67.515053
131.966309,82.734978,65.125916,68.257362
131.919785,81.777390,65.728806,68.901375
129.456802,79.833565,69.547012,70.025177
128.839233,79.816566,69.826180,70.433640
125.441849,79.667084,69.371857,70.002007
122.906746,80.157005,70.736969,69.874603
122.787849,80.162239,70.797020,69.965027
120.488686,79.847946,70.675613,70.137596
115.673828,80.458405,73.391273,70.934708
114.079048,80.595024,73.154495,71.037331
113.715874,80.778801,73.589027,71.541344
113.088387,80.878601,74.336708,71.799377
112.697403,80.984108,74.612465,71.926872
112.580086,80.895973,74.599472,71.952293
112.770042,80.918892,74.962776,71.969635
112.728691,80.900246,74.879227,71.981750
111.935036,80.827156,75.092804,72.008080
112.085426,81.187637,75.519058,72.522903
110.952461,81.559319,76.533035,73.624504
110.942001,81.776947,77.065819,74.030807
109.335541,81.879852,78.007439,74.351212
109.129402,81.852348,78.493912,74.573006
107.735107,82.188446,78.883476,74.673698
107.415703,82.287880,78.915207,74.958649
106.663246,82.244728,78.926865,74.865082
105.884880,82.032310,78.686661,74.940506
105.439903,81.707031,78.759514,74.726425
105.233498,81.362701,78.607773,74.715973
103.513947,80.255432,78.263321,74.281181
100.734024,79.351990,78.351830,73.901047
98.134109,79.008675,77.905273,73.821098
92.293343,78.866119,78.282463,73.857712
88.708939,77.838066,76.439644,73.961632
85.106133,77.486458,74.917450,73.168198
91.493919,75.612526,76.568260,75.090164
105.386635,75.833977,76.451790,76.442467
114.341270,75.767502,77.210091,76.757187
121.919975,76.199333,76.345627,75.039505
122.126823,77.228722,76.737625,74.776024
122.375961,78.613708,77.839020,73.261604
117.444893,77.827148,76.276817,72.519920
111.087975,78.854797,74.338440,71.846390
102.354317,80.309601,74.021027,72.297768
93.094231,81.894295,73.472015,70.534195
82.495720,84.690468,73.891457,70.802307
73.109299,85.539528,73.326843,71.078827
68.090210,88.956146,72.781357,69.403557
64.018051,90.595436,72.836220,69.403786
62.034321,91.933441,71.959099,68.830353
62.133636,94.205467,71.306900,69.150597
62.202175,97.818489,72.045074,68.483948
63.324955,99.545441,71.521149,68.153038
67.256088,102.181999,71.207184,67.358131
69.851250,105.025497,70.742332,64.829536
75.016769,107.319756,69.877838,62.626678
79.882957,108.980431,66.442360,61.088432
84.240051,108.240135,65.006897,61.679638
87.530289,108.682465,66.017937,61.190990
90.015953,109.303078,65.405426,60.953011
93.156807,109.891449,64.440804,61.241211
97.468231,109.778519,63.583611,60.569889
101.752274,110.825447,63.305721,59.808521
103.185081,110.886139,62.720604,60.125309
105.127525,111.429756,62.363327,59.601475
106.714737,111.579475,62.317219,60.432388
110.082397,111.653358,61.105556,60.037872
112.228653,111.756180,60.853760,59.922859
114.778152,112.034637,60.405762,59.457634
114.940529,112.088783,60.541016,59.420101
118.727158,112.716293,59.774773,59.364861
121.428307,114.244049,59.135681,57.500675
121.823639,114.712570,59.542599,57.936031
123.278633,114.775383,59.397999,57.250019
123.485657,114.915192,59.528484,57.475605
124.301430,116.159721,59.529823,54.799683
124.760201,116.571358,59.876884,54.450966
125.152237,116.487030,59.768341,54.471615
127.856079,115.573975,59.046432,54.251274
129.522247,115.295464,58.862869,54.053661
132.229767,114.890266,58.564137,54.540607
133.686050,115.479927,58.557125,54.063881
136.356750,115.527153,57.378784,54.300610
139.464722,114.393692,57.285027,52.929810
143.773911,112.394165,56.893444,52.762535
147.839508,112.199059,56.502495,52.404438
151.404419,111.938995,55.523376,52.164375
154.449432,110.886528,55.513382,52.204971
159.291473,109.423424,55.206440,51.060326
162.876907,107.976028,54.613953,51.151985
167.674805,106.816574,54.466541,50.976086
172.893982,105.660210,53.003399,50.108681
175.184219,105.317337,53.233353,49.688129
180.244507,104.202431,53.461403,49.510651
186.053925,103.105843,51.685001,47.847431
188.196655,102.896690,50.982555,47.359898
191.760254,102.523300,50.662392,45.759666
196.622269,100.504677,50.844143,45.394657
198.910599,99.070084,50.960754,44.076534
200.650589,98.059639,49.629917,43.894421
203.675339,97.692253,49.739117,43.864265
205.940063,97.019592,49.846901,43.854874
210.731201,94.468330,46.740776,43.797840
212.074463,94.024338,46.029137,44.179249
213.538696,91.924713,46.245148,44.709789
210.118408,91.517380,46.367695,44.661724
204.341949,93.136299,46.576996,44.440266
199.853561,94.335739,47.891544,44.046764
195.524399,95.297272,47.050419,44.096401
191.289719,95.649231,47.537323,44.006287
186.473297,97.355392,47.991131,43.296185
181.709869,99.251480,49.114300,43.840290
178.759613,102.451752,49.844044,42.357689
175.427521,102.771233,49.235302,42.956455
170.011902,104.736084,50.540546,42.383892
167.298264,109.081085,50.560432,41.297173
166.762711,110.674988,47.549747,41.905258
167.132263,110.961906,47.795422,41.844830
167.140427,111.897346,46.868126,42.728889
164.091248,113.379814,47.277775,44.018299
161.088791,114.874626,46.818306,44.256283
158.495270,117.600784,47.516483,44.352077
155.082443,118.947495,47.742039,45.108097
152.584793,121.262009,46.333431,46.138424
150.252075,123.023102,48.237598,46.494030
148.453705,124.845413,47.440063,45.741226
148.314804,125.352928,47.384941,45.907856
145.737289,124.962875,48.059311,47.288349
139.978592,126.243553,50.732506,46.748035
137.710739,127.766289,51.596088,49.036846
137.701202,127.908775,51.849850,49.814342
137.038025,128.018295,52.103802,49.908783
134.361740,127.310204,52.536461,50.507973
134.774429,127.993164,53.069973,51.266010
133.269394,127.860863,53.438732,51.725342
133.283279,127.975159,53.471970,51.998112
131.555817,126.457664,55.508289,54.176620
129.910477,126.748322,55.725044,54.319977
124.808296,127.041092,56.476974,54.610764
118.910492,128.217255,60.390293,54.794231
115.462021,128.623978,60.178055,54.669083
111.867325,129.003906,60.833321,55.010948
108.542480,128.612991,59.873108,56.184319
104.494896,130.319702,58.259521,55.508591
101.025246,131.067291,58.896088,55.411346
101.075821,131.111771,58.970863,55.476086
101.347382,131.063797,58.942890,55.454536
102.658470,129.572372,58.724674,55.344612
110.126854,126.022720,57.269924,56.193935
113.007355,122.518829,57.402245,56.180130
114.096039,120.377060,57.982403,55.568905
118.978119,115.384712,57.754063,57.256294
119.144165,115.440628,57.932152,57.465080
119.077858,115.234756,58.013454,57.462608
118.927597,115.214119,59.043064,57.417416
117.617409,114.985306,59.200283,57.623306
116.442825,112.903328,58.079201,57.683540
116.625145,113.050095,58.474045,57.990452
116.429024,113.012894,58.533306,57.999306
116.111160,112.783676,58.909248,58.084988
116.401062,112.945251,58.942493,58.510132
116.124535,113.187057,59.076962,59.001518
116.508408,113.562561,59.745968,59.501064
120.546211,113.073929,59.592026,60.297432
122.030701,113.266899,59.717781,60.146305
123.904602,113.429901,60.238762,59.283192
125.342842,113.239944,60.989174,59.496445
126.305527,113.876892,60.979965,58.903496
133.622665,114.116974,58.358864,58.996479
138.267197,113.714096,58.632908,59.358959
138.523300,113.801941,59.033981,59.432285
138.724945,114.048676,59.523632,59.473186
138.961731,114.062248,59.970371,59.474361
138.543823,114.038239,60.061462,59.498737
138.506760,114.085129,60.687393,59.094147
137.960495,114.083099,61.340157,59.035698
137.800995,114.319931,61.438068,59.408726
136.637817,114.086662,60.775730,59.213387
134.857513,113.855408,60.172550,58.912922
134.460342,113.897743,60.709846,58.853870
132.309128,113.961327,61.291775,58.390705
128.615601,114.581474,61.421509,57.836460
123.604233,115.036377,63.211323,56.684460
118.598297,113.908577,64.256142,56.638603
116.692482,114.184731,64.511765,56.486397
115.293503,114.112732,64.529312,56.469852
112.897766,111.275902,64.781242,56.592941
110.006973,109.230904,64.532967,57.190094
110.236748,109.385651,64.964806,57.474800
107.471893,110.053665,66.037468,57.432018
104.732719,109.947350,65.759056,57.128944
103.867607,110.040016,65.761337,57.462143
102.588287,110.013557,66.183479,56.962055
102.691490,110.021248,66.492188,57.001045
102.222694,110.233559,66.331497,57.380165
101.480843,110.162186,66.530861,57.411751
100.510803,109.866287,66.648796,57.068470
99.807434,109.437256,66.209167,57.449547
99.571777,109.200989,66.498077,57.306629
99.539734,109.139130,66.174072,57.516926
99.552818,108.709854,66.354523,57.946674
99.557297,108.718933,65.286995,57.964947
99.001900,108.860275,64.481537,57.228096
99.007996,108.996063,64.466026,57.474846
97.131409,109.000610,63.661240,57.487717
96.951851,108.997276,64.029587,57.599529
96.977272,109.291817,64.382118,58.036167
95.709007,109.846146,64.717552,58.285572
95.857246,109.960915,64.914673,58.485416
95.707123,110.045097,64.977478,58.478367
95.792938,110.662476,64.800209,58.178631
95.965981,110.909462,64.930801,58.495800
95.868942,111.013779,64.842636,58.489349
101.480881,112.023987,63.001438,57.621822
113.582024,110.569290,73.001038,59.273655
129.665253,112.284416,75.048134,58.540226
149.623077,116.833252,72.934784,59.468670
170.264282,125.040916,70.576439,59.931393
182.241791,127.521141,69.311493,59.516281
186.839218,127.949951,68.749817,59.861893
189.268616,129.780853,66.646935,60.790924
191.884171,137.325867,67.050522,61.275547
194.306519,137.577850,67.796997,61.119003
193.838852,137.863815,68.279610,61.535831
189.905182,142.901886,67.931801,60.854630
189.946793,142.972778,67.967628,60.982838
185.676788,143.540558,69.074654,60.022976
186.138443,144.183273,69.213837,60.542847
186.279892,144.412018,69.465683,60.973717
186.295425,144.425323,69.465683,60.973717
186.310974,144.438629,69.465683,60.973717
186.321121,144.453079,69.467285,60.972271
185.789078,144.520950,68.880585,60.812759
184.224731,143.809921,68.805183,60.836090
180.600189,143.037857,68.653511,59.400246
180.320786,142.804428,68.817490,59.366539
180.896683,142.551346,68.680138,59.064247
176.394730,140.368057,69.270660,58.878891
176.507889,140.428375,69.465996,58.974121
176.779312,139.789444,68.963242,59.199547
173.249710,138.901672,69.902367,59.024414
171.918854,138.034592,68.516388,59.270828
171.002228,137.963608,67.866989,58.097679
168.156998,137.357895,67.738785,58.387383
166.347717,136.664886,63.753422,58.051418
165.021210,137.423172,61.732517,57.823280
162.039444,137.928909,61.725243,57.157070
159.708237,137.883728,61.955326,56.742966
157.739700,138.244247,61.912350,55.863022
155.897842,138.375656,62.019966,54.462784
154.430054,138.206787,62.046753,54.297173
154.249619,138.171997,62.604542,53.860798
155.615311,137.703400,62.407108,53.399380
156.121536,137.221115,60.836685,53.626698
156.685638,136.508377,61.011414,52.775730
157.365829,136.071289,61.181320,52.936855
161.874023,134.809570,57.451553,51.670349
161.994186,134.331192,57.102112,51.897797
162.321716,134.106262,57.372673,51.970909
163.560516,133.107574,56.674995,51.457554
165.405426,132.493027,54.095467,51.089878
165.660263,132.550858,54.407284,51.230804
166.565308,131.326431,53.267628,51.483627
167.968567,130.986343,53.296909,49.775520
169.180466,131.323502,53.750145,49.295811
170.005997,131.202011,53.652035,49.145615
170.479904,131.373825,53.957291,49.242634
170.974731,133.101654,54.622108,45.857273
171.151291,133.026886,54.918655,46.042122
173.256744,132.557236,53.086796,46.244270
173.610580,132.618088,53.480732,46.441135
174.478165,131.602798,53.353317,46.292400
174.737320,131.984589,53.167858,45.959824
174.948746,132.005219,53.357491,45.970837
175.037399,131.928024,53.416969,46.019802
173.993149,132.842194,53.813381,45.701778
172.629807,134.919128,53.366013,44.607460
170.675049,136.492279,53.603573,43.813034
169.006363,136.764313,52.954468,43.802399
165.682632,139.211243,53.908138,43.194519
163.461105,139.646301,52.219273,43.253433
160.854279,140.407379,50.951805,42.908520
159.473282,140.748795,50.620087,42.714890
157.180252,141.879837,49.784943,42.253712
153.379669,145.106003,50.690033,40.466446
150.934006,147.306671,50.958019,39.270363
148.983704,149.211914,47.704838,38.905571
146.536713,150.311874,47.086849,38.763126
146.177872,150.724396,46.927322,38.810822
144.095230,151.747971,44.595428,39.410938
144.089813,152.414459,43.407505,39.464729
142.079880,153.630859,41.930367,39.875828
141.633286,154.355347,41.601025,40.041004
140.927505,154.664612,41.401371,40.622589
138.881912,155.978256,41.790535,40.874596
138.585846,156.020325,41.653572,40.958679
138.198715,156.431610,41.765320,41.076756
137.889923,156.915039,41.937359,41.355743
137.832428,157.106842,41.902031,41.413731
136.632797,157.589172,41.489807,41.259712
136.341324,157.823685,41.446854,41.399586
136.134293,157.978058,41.131466,41.472767
132.915329,158.624588,41.500500,41.054855
131.242279,159.085449,42.382248,41.360458
